// Start Time: Unknown
// Update Rate: 20.0Hz
// Filter Profile: human (46.1)
// Option Flags: AHS Disabled ICC Disabled
// Firmware Version: 4.0.2
0	sampleTimeFine	Year	Month	Day	Second	UTC_Nano	UTC_Year	UTC_Month	UTC_Day	UTC_Hour	UTC_Minute	UTC_Second	UTC_Valid	Acc_X	Acc_Y	Acc_Z	Mat[1][1]	Mat[2][1]	Mat[3][1]	Mat[1][2]	Mat[2][2]	Mat[3][2]	Mat[1][3]	Mat[2][3]	Mat[3][3]
0	5841297549.000000													9.600009	1.070501	-1.714551	-0.158750	0.427953	-0.889750	0.095496	-0.890297	-0.445255	-0.982690	-0.155651	0.100467
1	5841347560.000000													9.614400	1.032759	-1.609833	-0.158702	0.428077	-0.889699	0.095304	-0.890269	-0.445352	-0.982716	-0.155470	0.100490
2	5841397572.000000													9.613690	0.942816	-1.562562	-0.158392	0.428045	-0.889770	0.094877	-0.890377	-0.445227	-0.982807	-0.154939	0.100417
3	5841447583.000000													9.615753	0.913970	-1.523098	-0.158174	0.428374	-0.889650	0.094562	-0.890279	-0.445490	-0.982873	-0.154592	0.100311
4	5841497595.000000													9.615367	0.940450	-1.526130	-0.158103	0.428557	-0.889574	0.094379	-0.890222	-0.445643	-0.982902	-0.154415	0.100300
5	5841547606.000000													9.594751	0.960309	-1.527720	-0.158170	0.428658	-0.889514	0.094215	-0.890192	-0.445738	-0.982907	-0.154308	0.100415
6	5841597618.000000													9.627102	0.935928	-1.549763	-0.158260	0.428635	-0.889509	0.094030	-0.890225	-0.445710	-0.982910	-0.154178	0.100583
7	5841647629.000000													9.614697	0.930121	-1.542061	-0.158373	0.428886	-0.889368	0.093806	-0.890126	-0.445956	-0.982913	-0.154056	0.100740
8	5841697641.000000													9.610658	0.928173	-1.534272	-0.158482	0.429058	-0.889265	0.093668	-0.890053	-0.446131	-0.982909	-0.153999	0.100868
9	5841747652.000000													9.635234	0.929244	-1.556150	-0.158536	0.429260	-0.889158	0.093511	-0.889971	-0.446326	-0.982915	-0.153905	0.100951
10	5841797663.000000													9.614793	0.961616	-1.572645	-0.158530	0.429466	-0.889060	0.093169	-0.889922	-0.446496	-0.982949	-0.153615	0.101066
11	5841847675.000000													9.621118	0.921835	-1.541925	-0.158529	0.429545	-0.889022	0.092730	-0.889951	-0.446529	-0.982990	-0.153227	0.101251
12	5841897686.000000													9.627741	0.895387	-1.542236	-0.158606	0.429728	-0.888920	0.092438	-0.889898	-0.446695	-0.983005	-0.153018	0.101420
13	5841947698.000000													9.616608	0.920167	-1.559288	-0.158654	0.430320	-0.888624	0.092163	-0.889640	-0.447266	-0.983023	-0.152859	0.101485
14	5841997709.000000													9.602137	0.970302	-1.592102	-0.158518	0.431201	-0.888222	0.091627	-0.889290	-0.448072	-0.983095	-0.152412	0.101459
15	5842047721.000000													9.625496	0.972292	-1.618280	-0.158088	0.432689	-0.887575	0.090484	-0.888748	-0.449377	-0.983271	-0.151352	0.101349
16	5842097732.000000													9.638192	0.953240	-1.599951	-0.157271	0.434655	-0.886759	0.088843	-0.888065	-0.451052	-0.983551	-0.149720	0.101051
17	5842147744.000000													9.631449	0.883058	-1.559891	-0.156321	0.436519	-0.886011	0.087018	-0.887464	-0.452587	-0.983866	-0.147848	0.100744
18	5842197755.000000													9.630902	0.861843	-1.545733	-0.155208	0.438074	-0.885439	0.085220	-0.887021	-0.453796	-0.984199	-0.145890	0.100340
19	5842247767.000000													9.629541	0.817901	-1.512030	-0.153937	0.439102	-0.885151	0.083587	-0.886831	-0.454472	-0.984539	-0.143947	0.099813
20	5842297778.000000													9.634267	0.830008	-1.511281	-0.152610	0.439781	-0.885044	0.082110	-0.886796	-0.454809	-0.984870	-0.142079	0.099224
21	5842347790.000000													9.630458	0.694497	-1.388847	-0.151596	0.440095	-0.885062	0.081181	-0.886842	-0.454885	-0.985103	-0.140809	0.098715
22	5842397801.000000													9.667147	0.763543	-1.464101	-0.151016	0.440577	-0.884922	0.080744	-0.886699	-0.455241	-0.985228	-0.140201	0.098332
23	5842447813.000000													9.639980	0.804092	-1.478501	-0.150419	0.440365	-0.885129	0.080532	-0.886882	-0.454923	-0.985337	-0.139710	0.097940
24	5842497824.000000													9.633526	0.802490	-1.491285	-0.149774	0.440012	-0.885413	0.080298	-0.887143	-0.454455	-0.985454	-0.139163	0.097539
25	5842547836.000000													9.655747	0.768118	-1.437878	-0.149137	0.439240	-0.885905	0.080320	-0.887582	-0.453593	-0.985549	-0.138803	0.097091
26	5842597847.000000													9.647692	0.762367	-1.449426	-0.148690	0.439001	-0.886098	0.080450	-0.887718	-0.453303	-0.985606	-0.138689	0.096677
27	5842647859.000000													9.655524	0.850621	-1.482676	-0.148120	0.438911	-0.886238	0.080442	-0.887806	-0.453132	-0.985692	-0.138409	0.096195
28	5842697870.000000													9.657906	0.838453	-1.450047	-0.147474	0.438787	-0.886407	0.079948	-0.887985	-0.452870	-0.985829	-0.137653	0.095875
29	5842747882.000000													9.648188	0.752825	-1.432087	-0.146792	0.438978	-0.886425	0.079350	-0.888019	-0.452908	-0.985979	-0.136821	0.095522
30	5842797893.000000													9.670493	0.793216	-1.448260	-0.146190	0.439237	-0.886397	0.079134	-0.887960	-0.453062	-0.986086	-0.136377	0.095052
31	5842847905.000000													9.649743	0.849641	-1.487156	-0.145484	0.439486	-0.886389	0.078916	-0.887912	-0.453194	-0.986208	-0.135883	0.094495
32	5842897916.000000													9.655013	0.824838	-1.423469	-0.144589	0.439343	-0.886607	0.078311	-0.888131	-0.452870	-0.986388	-0.134911	0.094009
33	5842947928.000000													9.662657	0.689238	-1.367124	-0.143923	0.439564	-0.886606	0.077999	-0.888107	-0.452970	-0.986510	-0.134347	0.093533
34	5842997939.000000													9.630900	0.780485	-1.425741	-0.143326	0.439645	-0.886662	0.077820	-0.888132	-0.452953	-0.986611	-0.133920	0.093079
35	5843047951.000000													9.663190	0.818438	-1.373812	-0.142738	0.440026	-0.886568	0.077373	-0.888038	-0.453213	-0.986732	-0.133288	0.092711
36	5843097962.000000													9.668571	0.772571	-1.445819	-0.142187	0.440561	-0.886391	0.076749	-0.887886	-0.453616	-0.986860	-0.132528	0.092434
37	5843147974.000000													9.645015	0.782568	-1.417686	-0.141499	0.440891	-0.886337	0.076003	-0.887865	-0.453784	-0.987016	-0.131575	0.092123
38	5843197985.000000													9.676767	0.727506	-1.324440	-0.140804	0.441003	-0.886392	0.075289	-0.887949	-0.453737	-0.987171	-0.130623	0.091824
39	5843247997.000000													9.675188	0.647268	-1.268606	-0.140542	0.441555	-0.886158	0.075023	-0.887719	-0.454231	-0.987228	-0.130321	0.091635
40	5843298008.000000													9.652270	0.707546	-1.293400	-0.140853	0.441514	-0.886130	0.075263	-0.887687	-0.454254	-0.987165	-0.130676	0.091804
41	5843348020.000000													9.654016	0.844470	-1.436276	-0.141268	0.441384	-0.886129	0.075503	-0.887694	-0.454200	-0.987088	-0.131069	0.092077
42	5843398031.000000													9.682631	0.859261	-1.488502	-0.141084	0.441524	-0.886088	0.074909	-0.887713	-0.454262	-0.987159	-0.130465	0.092168
43	5843448043.000000													9.669165	0.671621	-1.316883	-0.140843	0.441764	-0.886007	0.074164	-0.887705	-0.454400	-0.987250	-0.129708	0.092264
44	5843498054.000000													9.683686	0.663702	-1.308041	-0.141098	0.442228	-0.885734	0.073896	-0.887485	-0.454874	-0.987234	-0.129634	0.092544
45	5843548066.000000													9.667849	0.767164	-1.398162	-0.141557	0.442494	-0.885529	0.073676	-0.887346	-0.455179	-0.987185	-0.129677	0.093009
46	5843598077.000000													9.659565	0.757564	-1.409939	-0.141958	0.442525	-0.885449	0.073285	-0.887354	-0.455227	-0.987156	-0.129513	0.093537
47	5843648088.000000													9.668089	0.706192	-1.365849	-0.142317	0.442428	-0.885440	0.072889	-0.887432	-0.455139	-0.987134	-0.129312	0.094048
48	5843698100.000000													9.692614	0.688348	-1.371619	-0.142919	0.443029	-0.885042	0.072436	-0.887141	-0.455777	-0.987080	-0.129248	0.094698
49	5843748111.000000													9.663911	0.773407	-1.440092	-0.143468	0.443882	-0.884526	0.071746	-0.886755	-0.456638	-0.987051	-0.128974	0.095374
50	5843798123.000000													9.669680	0.717243	-1.393946	-0.143942	0.444285	-0.884247	0.071004	-0.886612	-0.457031	-0.987036	-0.128571	0.096075
51	5843848134.000000													9.634316	0.679608	-1.378834	-0.144647	0.444621	-0.883963	0.070377	-0.886472	-0.457399	-0.986977	-0.128372	0.096934
52	5843898146.000000													9.666357	0.606986	-1.351514	-0.145697	0.444424	-0.883889	0.070322	-0.886510	-0.457334	-0.986827	-0.128789	0.097909
53	5843948157.000000													9.662317	0.694827	-1.447854	-0.146885	0.444317	-0.883746	0.070531	-0.886458	-0.457403	-0.986636	-0.129517	0.098869
54	5843998169.000000													9.637818	0.731563	-1.488448	-0.148033	0.443790	-0.883819	0.070817	-0.886615	-0.457055	-0.986444	-0.130249	0.099820
55	5844048180.000000													9.657124	0.733844	-1.519564	-0.148850	0.443750	-0.883702	0.070771	-0.886585	-0.457119	-0.986324	-0.130583	0.100563
56	5844098192.000000													9.651188	0.641672	-1.436318	-0.149480	0.443395	-0.883774	0.071016	-0.886693	-0.456872	-0.986211	-0.131055	0.101054
57	5844148203.000000													9.679993	0.685907	-1.471708	-0.150310	0.443379	-0.883641	0.071278	-0.886610	-0.456993	-0.986066	-0.131675	0.101663
58	5844198215.000000													9.645707	0.717390	-1.480659	-0.151009	0.443237	-0.883593	0.071507	-0.886604	-0.456968	-0.985943	-0.132190	0.102191
59	5844248226.000000													9.651125	0.720235	-1.523922	-0.151542	0.443083	-0.883580	0.071642	-0.886629	-0.456899	-0.985851	-0.132541	0.102618
60	5844298238.000000													9.642304	0.707342	-1.497652	-0.151922	0.442995	-0.883558	0.071692	-0.886641	-0.456868	-0.985789	-0.132752	0.102941
61	5844348249.000000													9.661151	0.670666	-1.495607	-0.152406	0.443284	-0.883330	0.071781	-0.886446	-0.457232	-0.985708	-0.133091	0.103281
62	5844398261.000000													9.639771	0.739362	-1.504608	-0.152792	0.443232	-0.883289	0.071909	-0.886428	-0.457246	-0.985639	-0.133380	0.103566
63	5844448272.000000													9.640618	0.710590	-1.514978	-0.153076	0.443105	-0.883304	0.072080	-0.886451	-0.457175	-0.985582	-0.133651	0.103756
64	5844498284.000000													9.644480	0.723633	-1.521797	-0.153271	0.443007	-0.883319	0.072104	-0.886485	-0.457106	-0.985550	-0.133752	0.103930
65	5844548295.000000													9.658082	0.732498	-1.522335	-0.153319	0.443071	-0.883279	0.072034	-0.886458	-0.457169	-0.985548	-0.133719	0.103994
66	5844598307.000000													9.640205	0.703159	-1.497824	-0.153337	0.442984	-0.883320	0.071956	-0.886512	-0.457076	-0.985551	-0.133647	0.104060
67	5844648318.000000													9.663487	0.731685	-1.519547	-0.153392	0.443134	-0.883234	0.071781	-0.886454	-0.457216	-0.985555	-0.133533	0.104167
68	5844698330.000000													9.636761	0.728016	-1.530887	-0.153265	0.443485	-0.883080	0.071459	-0.886325	-0.457517	-0.985598	-0.133225	0.104152
69	5844748341.000000													9.644510	0.706024	-1.496977	-0.153020	0.444019	-0.882854	0.071067	-0.886118	-0.457978	-0.985664	-0.132821	0.104039
70	5844798353.000000													9.642877	0.690424	-1.494887	-0.152883	0.444107	-0.882834	0.070804	-0.886118	-0.458020	-0.985705	-0.132531	0.104028
71	5844848364.000000													9.648868	0.665352	-1.459568	-0.152835	0.444005	-0.882894	0.070781	-0.886177	-0.457908	-0.985714	-0.132477	0.104012
72	5844898376.000000													9.653111	0.687608	-1.510342	-0.152893	0.443997	-0.882888	0.070866	-0.886166	-0.457917	-0.985699	-0.132579	0.104025
73	5844948387.000000													9.647533	0.706006	-1.493240	-0.152918	0.444028	-0.882868	0.071050	-0.886123	-0.457971	-0.985682	-0.132760	0.103956
74	5844998399.000000													9.648196	0.721392	-1.517587	-0.152896	0.444105	-0.882833	0.071159	-0.886070	-0.458057	-0.985677	-0.132857	0.103874
75	5845048410.000000													9.663590	0.687916	-1.478234	-0.152833	0.443952	-0.882920	0.071321	-0.886132	-0.457913	-0.985675	-0.132955	0.103767
76	5845098422.000000													9.643763	0.691009	-1.491715	-0.152804	0.443706	-0.883049	0.071583	-0.886226	-0.457689	-0.985661	-0.133148	0.103657
77	5845148433.000000													9.660076	0.719880	-1.524681	-0.152802	0.443473	-0.883167	0.071838	-0.886312	-0.457482	-0.985642	-0.133349	0.103572
78	5845198445.000000													9.651670	0.727056	-1.502314	-0.152720	0.443243	-0.883296	0.072021	-0.886412	-0.457260	-0.985642	-0.133449	0.103450
79	5845248456.000000													9.651285	0.717552	-1.509835	-0.152593	0.443050	-0.883415	0.072111	-0.886509	-0.457058	-0.985655	-0.133448	0.103327
80	5845298468.000000													9.645392	0.665280	-1.460834	-0.152571	0.442873	-0.883508	0.072299	-0.886577	-0.456896	-0.985644	-0.133585	0.103247
81	5845348479.000000													9.673648	0.710683	-1.489085	-0.152679	0.442652	-0.883600	0.072705	-0.886629	-0.456732	-0.985598	-0.133975	0.103187
82	5845398490.000000													9.646015	0.766225	-1.536147	-0.152697	0.442614	-0.883615	0.073045	-0.886600	-0.456732	-0.985570	-0.134285	0.103050
83	5845448502.000000													9.639553	0.736663	-1.492035	-0.152652	0.442458	-0.883701	0.073244	-0.886657	-0.456590	-0.985562	-0.134425	0.102943
84	5845498513.000000													9.657410	0.731826	-1.487986	-0.152560	0.442457	-0.883718	0.073314	-0.886655	-0.456584	-0.985571	-0.134446	0.102830
85	5845548525.000000													9.646416	0.736587	-1.497198	-0.152460	0.442460	-0.883734	0.073369	-0.886652	-0.456579	-0.985583	-0.134448	0.102716
86	5845598536.000000													9.661716	0.734649	-1.516791	-0.152359	0.442492	-0.883735	0.073369	-0.886643	-0.456598	-0.985598	-0.134405	0.102623
87	5845648548.000000													9.626870	0.723500	-1.500313	-0.152170	0.442168	-0.883930	0.073399	-0.886820	-0.456249	-0.985625	-0.134306	0.102493
88	5845698559.000000													9.649075	0.725066	-1.479668	-0.151964	0.441820	-0.884139	0.073385	-0.887016	-0.455871	-0.985658	-0.134159	0.102372
89	5845748571.000000													9.691704	0.668920	-1.507878	-0.151726	0.442001	-0.884089	0.073085	-0.886980	-0.455989	-0.985717	-0.133799	0.102274
90	5845798582.000000													9.561083	0.668151	-1.354248	-0.151978	0.442066	-0.884014	0.074098	-0.886790	-0.456193	-0.985603	-0.134835	0.102016
91	5845848594.000000													9.466866	0.514027	-1.167405	-0.154298	0.438869	-0.885204	0.077772	-0.887759	-0.453692	-0.984959	-0.138848	0.102848
92	5845898605.000000													9.964308	1.002457	-2.135962	-0.154818	0.440576	-0.884265	0.079540	-0.886592	-0.455661	-0.984736	-0.140879	0.102217
93	5845948617.000000													9.559169	0.844233	-1.709934	-0.152809	0.439116	-0.885340	0.080428	-0.887364	-0.454002	-0.984978	-0.140581	0.100280
94	5845998628.000000													9.616680	0.724767	-1.539001	-0.149936	0.438732	-0.886021	0.081493	-0.887618	-0.453313	-0.985332	-0.140172	0.097332
95	5846048640.000000													9.634652	0.585257	-1.388504	-0.146858	0.437052	-0.887366	0.083811	-0.888369	-0.451417	-0.985600	-0.140666	0.093834
96	5846098651.000000													9.662110	0.820147	-1.436692	-0.144043	0.435473	-0.888603	0.087106	-0.888902	-0.449739	-0.985730	-0.142184	0.090108
97	5846148663.000000													9.603859	0.884526	-1.680601	-0.140267	0.434351	-0.889755	0.090606	-0.889238	-0.448382	-0.985959	-0.143511	0.085376
98	5846198674.000000													9.676850	1.003866	-1.518787	-0.135222	0.430961	-0.892181	0.093964	-0.890816	-0.444543	-0.986350	-0.143945	0.079963
99	5846248686.000000													9.600294	0.944834	-1.314614	-0.129399	0.424882	-0.895953	0.097592	-0.893706	-0.437911	-0.986778	-0.144103	0.074179
100	5846298697.000000													9.560122	0.702953	-1.129956	-0.124002	0.417168	-0.900330	0.102475	-0.897098	-0.429784	-0.986976	-0.145555	0.068492
101	5846348709.000000													9.662589	0.801799	-1.232985	-0.118756	0.408176	-0.905146	0.108900	-0.900744	-0.420478	-0.986934	-0.148504	0.062518
102	5846398720.000000													9.499785	0.988823	-1.287115	-0.112809	0.397226	-0.910761	0.116543	-0.904995	-0.409147	-0.986758	-0.152299	0.055798
103	5846448732.000000													9.559603	1.309259	-0.783596	-0.107232	0.385119	-0.916616	0.124921	-0.909406	-0.396705	-0.986355	-0.157044	0.049408
104	5846498743.000000													9.834102	1.225102	-0.127240	-0.104602	0.369579	-0.923293	0.134113	-0.914664	-0.381319	-0.985430	-0.163713	0.046110
105	5846548755.000000													9.845581	1.328278	-0.735978	-0.107529	0.372049	-0.921964	0.141391	-0.912192	-0.384596	-0.984097	-0.171713	0.045482
106	5846598766.000000													9.639308	1.610520	-0.674649	-0.113250	0.374834	-0.920149	0.147237	-0.909550	-0.388638	-0.982596	-0.179494	0.047817
107	5846648778.000000													9.567869	1.530406	-0.761650	-0.120999	0.377793	-0.917950	0.152354	-0.906719	-0.393254	-0.980891	-0.187437	0.052154
108	5846698789.000000													9.555417	1.439199	-0.902217	-0.130513	0.379367	-0.915995	0.157867	-0.904158	-0.396958	-0.978797	-0.196414	0.058114
109	5846748801.000000													9.650861	1.190046	-1.127447	-0.141399	0.378909	-0.914568	0.164862	-0.901936	-0.399164	-0.976128	-0.207219	0.065066
110	5846798812.000000													9.596292	1.328548	-0.671362	-0.154935	0.374875	-0.914037	0.174033	-0.900384	-0.398775	-0.972475	-0.220857	0.074261
111	5846848824.000000													9.581227	1.095393	-0.553100	-0.173899	0.367770	-0.913512	0.186887	-0.898463	-0.397287	-0.966867	-0.239811	0.087511
112	5846898835.000000													9.665806	0.874168	-0.345899	-0.201707	0.365232	-0.908802	0.204395	-0.891748	-0.403743	-0.957881	-0.267193	0.105220
113	5846948847.000000													10.071545	1.192377	-1.198671	-0.238848	0.370177	-0.897731	0.224808	-0.878294	-0.421974	-0.944676	-0.302604	0.126560
114	5846998858.000000													11.158695	0.369380	-1.353006	-0.281856	0.358145	-0.890106	0.251796	-0.867591	-0.428818	-0.925827	-0.344990	0.154356
115	5847048870.000000													11.007000	-1.720152	0.156928	-0.337996	0.338312	-0.878239	0.291496	-0.849640	-0.439479	-0.894868	-0.404545	0.188559
116	5847098881.000000													11.846843	-1.852165	-0.387421	-0.409508	0.322708	-0.853324	0.345362	-0.810901	-0.472403	-0.844410	-0.488158	0.220620
117	5847148893.000000													11.609097	0.681088	-1.060801	-0.498864	0.321128	-0.804992	0.381345	-0.752745	-0.536610	-0.778274	-0.574675	0.253057
118	5847198904.000000													8.779744	6.808056	-6.591265	-0.554945	0.314875	-0.769994	0.401442	-0.709330	-0.579392	-0.728616	-0.630638	0.267235
119	5847248915.000000													5.799026	4.945023	-5.333095	-0.554622	0.268874	-0.787465	0.438907	-0.709472	-0.551371	-0.706934	-0.651427	0.275478
120	5847298927.000000													6.203051	5.267114	-4.085712	-0.521453	0.312149	-0.794134	0.400566	-0.732209	-0.550833	-0.753415	-0.605336	0.256777
121	5847348938.000000													6.531059	4.311568	-4.802032	-0.439719	0.350497	-0.826921	0.344732	-0.784320	-0.515753	-0.829341	-0.511853	0.224053
122	5847398950.000000													7.045629	3.179830	-4.897968	-0.316041	0.382230	-0.868342	0.256478	-0.846755	-0.466075	-0.913420	-0.370010	0.169576
123	5847448961.000000													8.615600	2.412876	-4.006958	-0.174615	0.411020	-0.894747	0.134359	-0.890262	-0.435180	-0.975427	-0.196206	0.100229
124	5847498973.000000													9.331253	0.899903	-2.373785	-0.037467	0.436210	-0.899065	-0.001172	-0.899715	-0.436476	-0.999297	-0.015300	0.034221
125	5847548984.000000													9.745060	-0.060546	-2.257860	0.094663	0.503530	-0.858776	-0.122182	-0.850251	-0.512000	-0.987983	0.153394	-0.018965
126	5847598996.000000													7.737151	-1.254147	1.706929	0.168385	0.519800	-0.837529	-0.179936	-0.819176	-0.544586	-0.969159	0.242402	-0.044406
127	5847649007.000000													7.855912	1.992490	0.299487	0.140969	0.497022	-0.856211	-0.154865	-0.843130	-0.514926	-0.977826	0.205186	-0.041884
128	5847699019.000000													13.483217	-1.907262	-1.772455	0.082485	0.421156	-0.903230	-0.120325	-0.895479	-0.428531	-0.989302	0.144028	-0.023188
129	5847749030.000000													9.479712	0.188081	-3.076849	0.039950	0.379827	-0.924194	-0.073079	-0.921345	-0.381815	-0.996526	0.082793	-0.009051
130	5847799042.000000													10.012014	2.767992	-2.286173	0.014658	0.391874	-0.919902	-0.026997	-0.919510	-0.392137	-0.999528	0.030583	-0.002899
131	5847849053.000000													10.060417	1.179666	-1.307135	-0.004512	0.380219	-0.924885	0.002422	-0.924888	-0.380232	-0.999987	-0.003955	0.003253
132	5847899065.000000													9.867494	0.748811	0.607537	-0.021252	0.380065	-0.924716	0.026804	-0.924376	-0.380541	-0.999415	-0.032873	0.009457
133	5847949076.000000													9.841295	-0.439317	0.541382	-0.042371	0.386621	-0.921265	0.052089	-0.919984	-0.388479	-0.997743	-0.064448	0.018842
134	5847999088.000000													9.682363	0.267215	0.328109	-0.069209	0.399117	-0.914284	0.080825	-0.911226	-0.403900	-0.994323	-0.101851	0.030806
135	5848049099.000000													9.483570	1.431692	-0.370728	-0.099318	0.405706	-0.908592	0.109250	-0.903140	-0.415214	-0.989040	-0.140502	0.045375
136	5848099111.000000													9.496594	1.533991	-0.641390	-0.129064	0.396041	-0.909117	0.136355	-0.900989	-0.411857	-0.982217	-0.177118	0.062283
137	5848149122.000000													9.733489	-0.106226	-0.425194	-0.162742	0.380623	-0.910297	0.166641	-0.898740	-0.405582	-0.972495	-0.217698	0.082836
138	5848199134.000000													9.825377	0.448425	-0.694202	-0.206201	0.383657	-0.900160	0.202503	-0.883283	-0.422852	-0.957326	-0.269478	0.104442
139	5848249145.000000													10.596464	-0.049445	-0.911699	-0.256833	0.381577	-0.887939	0.244057	-0.863374	-0.441613	-0.935133	-0.330129	0.128616
140	5848299157.000000													11.021672	-0.914144	0.746389	-0.323446	0.369325	-0.871196	0.294874	-0.835500	-0.463669	-0.899128	-0.406865	0.161335
141	5848349168.000000													14.147276	-3.294595	0.781666	-0.408931	0.349319	-0.843061	0.357863	-0.788453	-0.500276	-0.839470	-0.506278	0.197414
142	5848399180.000000													13.544881	-2.161108	1.446322	-0.509324	0.330215	-0.794699	0.421937	-0.709018	-0.565033	-0.750039	-0.623098	0.221790
143	5848449191.000000													11.114204	9.588215	-3.668416	-0.587577	0.303402	-0.750133	0.451370	-0.646515	-0.615048	-0.671579	-0.699976	0.242931
144	5848499203.000000													6.527153	6.371368	-6.307223	-0.578745	0.233356	-0.781408	0.506235	-0.648416	-0.568579	-0.639359	-0.724639	0.257135
145	5848549214.000000													4.986082	4.292880	-5.821858	-0.552903	0.238956	-0.798247	0.485013	-0.686685	-0.541503	-0.677540	-0.686559	0.263774
146	5848599226.000000													3.973114	5.317711	-6.403518	-0.482327	0.311211	-0.818846	0.405112	-0.749554	-0.523500	-0.776689	-0.584223	0.235454
147	5848649237.000000													4.315858	4.689881	-6.740154	-0.349145	0.354882	-0.867270	0.299014	-0.834937	-0.462029	-0.888081	-0.420641	0.185399
148	5848699249.000000													5.866504	3.632240	-5.119280	-0.174329	0.367136	-0.913685	0.137851	-0.909657	-0.391819	-0.974990	-0.194258	0.107970
149	5848749260.000000													8.913444	2.411718	-3.505655	-0.007519	0.392298	-0.919807	-0.053783	-0.918661	-0.391369	-0.998524	0.046528	0.028006
150	5848799272.000000													10.173401	0.678290	-1.722800	0.162511	0.482619	-0.860621	-0.197458	-0.838666	-0.507593	-0.966747	0.252426	-0.040995
151	5848849283.000000													7.540267	-3.874285	5.384560	0.223413	0.553632	-0.802233	-0.187724	-0.783189	-0.592768	-0.956476	0.283031	-0.071044
152	5848899295.000000													6.892268	5.908131	-3.464497	0.166694	0.532830	-0.829642	-0.129846	-0.822224	-0.554155	-0.977422	0.200100	-0.067874
153	5848949306.000000													15.739098	-3.698511	-2.981020	0.117244	0.438167	-0.891215	-0.129547	-0.882988	-0.451165	-0.984617	0.168350	-0.046762
154	5848999318.000000													11.049335	0.099544	-0.573242	0.066361	0.398535	-0.914749	-0.072558	-0.912416	-0.402782	-0.995154	0.093102	-0.031632
155	5849049329.000000													9.082959	4.822612	-3.244464	0.035398	0.402225	-0.914856	-0.026714	-0.914722	-0.403200	-0.999016	0.038712	-0.021634
156	5849099340.000000													10.079031	-0.431314	-0.846572	0.014681	0.395874	-0.918187	0.003643	-0.918301	-0.395865	-0.999886	0.002466	-0.014924
157	5849149352.000000													9.911445	2.408808	0.242741	-0.002603	0.390726	-0.920503	0.023538	-0.920228	-0.390675	-0.999720	-0.022684	-0.006801
158	5849199363.000000													9.860748	-0.427096	0.164232	-0.021530	0.398376	-0.916970	0.042543	-0.915986	-0.398948	-0.998863	-0.047600	0.002774
159	5849249375.000000													9.631968	-0.505804	0.935174	-0.045828	0.403940	-0.913637	0.065226	-0.911436	-0.406238	-0.996818	-0.078210	0.015422
160	5849299386.000000													9.498350	0.572083	0.060080	-0.076267	0.409475	-0.909128	0.093949	-0.904776	-0.415396	-0.992651	-0.117093	0.030535
161	5849349398.000000													9.545111	0.995991	-1.057955	-0.106918	0.403929	-0.908521	0.123288	-0.901321	-0.415236	-0.986594	-0.156406	0.046568
162	5849399409.000000													9.623171	0.190003	0.354806	-0.140837	0.393531	-0.908460	0.156397	-0.897240	-0.412916	-0.977602	-0.200235	0.064817
163	5849449421.000000													10.146207	0.029499	0.329165	-0.185765	0.398276	-0.898258	0.195523	-0.880905	-0.431018	-0.962945	-0.255698	0.085769
164	5849499432.000000													10.401133	-0.038258	-0.171756	-0.243983	0.404896	-0.881210	0.239035	-0.855527	-0.459278	-0.939859	-0.322696	0.111949
165	5849549444.000000													11.218187	-2.322645	-1.229906	-0.320972	0.404956	-0.856147	0.291611	-0.817804	-0.496145	-0.901077	-0.408911	0.144402
166	5849599455.000000													13.422902	-3.934242	-1.687831	-0.413904	0.398849	-0.818293	0.353077	-0.758200	-0.548150	-0.839059	-0.515802	0.172997
167	5849649467.000000													10.669456	4.587315	-0.555697	-0.523590	0.403062	-0.750596	0.375604	-0.681567	-0.628003	-0.764706	-0.610743	0.205470
168	5849699478.000000													8.244807	9.188549	-5.079776	-0.574304	0.342367	-0.743613	0.413397	-0.662739	-0.624404	-0.706596	-0.666005	0.239080
169	5849749490.000000													6.010194	5.117692	-4.928080	-0.579466	0.268136	-0.769625	0.450200	-0.681864	-0.576525	-0.679367	-0.680562	0.274402
170	5849799501.000000													4.454923	5.827739	-5.212192	-0.568626	0.291706	-0.769137	0.401448	-0.717698	-0.568989	-0.717986	-0.632311	0.290997
171	5849849513.000000													3.778002	7.765111	-5.146060	-0.493724	0.260131	-0.829800	0.367562	-0.802363	-0.470226	-0.788121	-0.537165	0.300531
172	5849899524.000000													5.821753	4.591395	-4.423898	-0.384069	0.203716	-0.900550	0.277243	-0.904901	-0.322939	-0.880697	-0.373702	0.291066
173	5849949536.000000													8.076623	5.401630	-4.603258	-0.287508	0.093085	-0.953244	0.147835	-0.979026	-0.140191	-0.946300	-0.181229	0.267716
174	5849999547.000000													7.533040	3.394467	-5.197828	-0.214414	-0.090004	-0.972587	0.014373	-0.995928	0.088996	-0.976637	0.005103	0.214834
175	5850049559.000000													8.502544	0.257557	-3.596517	-0.175825	-0.249536	-0.952270	-0.118908	-0.954873	0.272173	-0.977214	0.161087	0.138219
176	5850099570.000000													9.661962	-1.991459	-1.098444	-0.170231	-0.390480	-0.904736	-0.192087	-0.887374	0.419129	-0.966501	0.245137	0.076053
177	5850149582.000000													9.276734	1.766889	0.630283	-0.176732	-0.449937	-0.875398	-0.178392	-0.860026	0.478051	-0.967958	0.240650	0.071729
178	5850199593.000000													9.773952	6.437189	-3.462138	-0.198906	-0.552936	-0.809134	-0.126903	-0.804148	0.580725	-0.971768	0.218191	0.089780
179	5850249605.000000													11.665996	-1.722708	-5.231169	-0.189677	-0.628885	-0.754007	-0.088960	-0.753781	0.651076	-0.977808	0.190571	0.087029
180	5850299616.000000													9.760724	-0.432027	-2.477163	-0.166603	-0.657478	-0.734824	-0.062970	-0.736623	0.673365	-0.984011	0.158456	0.081322
181	5850349628.000000													9.551658	-1.005105	-0.046769	-0.146494	-0.690475	-0.708367	-0.037089	-0.711755	0.701448	-0.988516	0.129031	0.078659
182	5850399639.000000													9.789464	-0.595573	-0.264517	-0.133573	-0.715761	-0.685452	-0.008363	-0.690811	0.722987	-0.991004	0.102304	0.086288
183	5850449651.000000													9.580630	0.558636	0.311066	-0.126652	-0.743393	-0.656754	0.021972	-0.664026	0.747387	-0.991704	0.080228	0.100434
184	5850499662.000000													9.741171	0.602111	-0.779623	-0.122111	-0.771872	-0.623942	0.050291	-0.632650	0.772803	-0.991242	0.062989	0.116072
185	5850549674.000000													9.714043	2.485805	-0.458401	-0.116167	-0.807949	-0.577689	0.075123	-0.587108	0.806016	-0.990385	0.050235	0.128898
186	5850599685.000000													9.792621	0.731142	-0.517755	-0.111564	-0.835073	-0.538709	0.093731	-0.548519	0.830868	-0.989327	0.042201	0.139467
187	5850649697.000000													9.542712	1.444058	-1.439286	-0.108520	-0.851255	-0.513408	0.109188	-0.523540	0.844975	-0.988080	0.035638	0.149762
188	5850699708.000000													9.734708	1.867854	-0.569203	-0.100115	-0.871474	-0.480115	0.119571	-0.489581	0.863721	-0.987765	0.029064	0.153218
189	5850749720.000000													9.833200	1.462386	-0.053150	-0.094172	-0.884873	-0.456214	0.126932	-0.465182	0.876067	-0.987431	0.024593	0.156126
190	5850799731.000000													9.858093	1.256627	0.236969	-0.091702	-0.893374	-0.439856	0.133946	-0.448769	0.883553	-0.986737	0.022107	0.160817
191	5850849742.000000													9.794381	1.706874	-0.789739	-0.087645	-0.907854	-0.410024	0.140166	-0.418752	0.897218	-0.986241	0.021165	0.163952
192	5850899754.000000													10.287584	0.190081	0.188986	-0.085502	-0.916075	-0.391787	0.148709	-0.400555	0.904124	-0.985178	0.019042	0.170477
193	5850949765.000000													10.713227	-0.203594	-0.104834	-0.093449	-0.920262	-0.379980	0.163573	-0.390655	0.905888	-0.982095	0.022499	0.187036
194	5850999777.000000													9.690514	2.966095	0.135013	-0.111176	-0.935627	-0.335027	0.180809	-0.350533	0.918931	-0.977214	0.041587	0.208141
195	5851049788.000000													8.500099	9.405863	-1.570226	-0.126305	-0.981549	-0.143555	0.178146	-0.164804	0.970105	-0.975864	0.096955	0.195675
196	5851099800.000000													7.572300	3.443283	-2.738654	-0.152648	-0.976353	0.153082	0.166596	0.127259	0.977779	-0.974138	0.174759	0.143230
197	5851149811.000000													8.384974	2.849481	-2.496060	-0.194900	-0.902215	0.384736	0.148046	0.360703	0.920856	-0.969586	0.236433	0.063268
198	5851199823.000000													8.578677	2.046446	-2.283176	-0.224337	-0.782217	0.581213	0.142924	0.563556	0.813620	-0.963974	0.265594	-0.014629
199	5851249834.000000													9.555582	0.082484	-1.910693	-0.239120	-0.647181	0.723864	0.150527	0.711771	0.686093	-0.959251	0.273020	-0.072781
200	5851299846.000000													9.969518	-0.971766	-2.305200	-0.238596	-0.542527	0.805442	0.160692	0.795906	0.583705	-0.957732	0.268697	-0.102720
201	5851349857.000000													9.627266	0.196171	-2.167966	-0.228219	-0.489445	0.841641	0.160848	0.833621	0.528397	-0.960231	0.255967	-0.111522
202	5851399869.000000													9.370562	0.251824	-2.975636	-0.205401	-0.457269	0.865283	0.146125	0.859895	0.489109	-0.967708	0.226903	-0.109804
203	5851449880.000000													9.446139	0.057466	-3.334132	-0.191445	-0.435339	0.879675	0.128714	0.877377	0.462214	-0.973027	0.201715	-0.111936
204	5851499892.000000													9.987711	-1.185887	-3.291776	-0.183552	-0.401937	0.897082	0.128674	0.894910	0.427292	-0.974552	0.193861	-0.112544
205	5851549903.000000													10.086543	1.267657	-0.767162	-0.173798	-0.415111	0.893016	0.124154	0.890345	0.438032	-0.976924	0.187001	-0.103203
206	5851599915.000000													9.837959	-0.170973	-1.407041	-0.161055	-0.394209	0.904798	0.127810	0.900716	0.415181	-0.978635	0.182509	-0.094681
207	5851649926.000000													9.605489	0.026870	-0.798923	-0.153401	-0.392493	0.906872	0.134617	0.900878	0.412670	-0.978952	0.185385	-0.085359
208	5851699938.000000													9.594616	0.508684	0.688974	-0.149166	-0.376195	0.914454	0.146894	0.906109	0.396723	-0.977840	0.193506	-0.079900
209	5851749949.000000													9.772153	0.813865	0.647877	-0.151427	-0.359694	0.920701	0.163366	0.909526	0.382197	-0.974875	0.208286	-0.078965
210	5851799961.000000													9.689919	1.050563	0.047746	-0.160410	-0.342341	0.925782	0.182580	0.911451	0.368677	-0.970017	0.228168	-0.083701
211	5851849972.000000													9.523896	2.157318	-0.891018	-0.170382	-0.327486	0.929367	0.199930	0.912051	0.358038	-0.964882	0.246812	-0.089923
212	5851899984.000000													9.649946	1.759629	-2.328560	-0.181087	-0.331650	0.925859	0.210861	0.906438	0.365935	-0.960596	0.261493	-0.094213
213	5851949995.000000													9.606710	1.631858	-1.158056	-0.189197	-0.332266	0.924015	0.219843	0.902790	0.369648	-0.957013	0.273074	-0.097759
214	5852000007.000000													9.655680	1.474996	-0.776476	-0.202473	-0.341691	0.917743	0.228250	0.894876	0.383534	-0.952316	0.287130	-0.103198
215	5852050018.000000													9.717854	1.567698	-0.918455	-0.216319	-0.338075	0.915921	0.239663	0.891042	0.385495	-0.946450	0.302902	-0.111726
216	5852100030.000000													9.764003	0.923978	-0.001452	-0.235864	-0.328201	0.914687	0.255472	0.887195	0.384213	-0.937604	0.324299	-0.125411
217	5852150041.000000													9.845216	0.483490	-1.026993	-0.267329	-0.323279	0.907759	0.277777	0.876200	0.393844	-0.922700	0.357441	-0.144434
218	5852200053.000000													10.571771	1.474678	-1.482198	-0.306403	-0.327298	0.893864	0.302655	0.856805	0.417474	-0.902506	0.398448	-0.163470
219	5852250064.000000													11.005102	0.302620	-0.227479	-0.352874	-0.317125	0.880291	0.334338	0.835965	0.435179	-0.873898	0.447878	-0.188963
220	5852300076.000000													12.699132	-3.317269	0.196968	-0.411719	-0.294925	0.862268	0.380741	0.803979	0.456786	-0.827963	0.516369	-0.218724
221	5852350087.000000													12.306558	-3.413047	-0.300890	-0.489535	-0.290148	0.822295	0.429232	0.740672	0.516881	-0.759023	0.605986	-0.238044
222	5852400099.000000													10.408160	5.306302	-2.409501	-0.580243	-0.292215	0.760216	0.446361	0.666652	0.596940	-0.681234	0.685701	-0.256387
223	5852450110.000000													7.798620	7.302689	-5.391198	-0.593578	-0.229562	0.771341	0.496039	0.650380	0.575284	-0.633728	0.724091	-0.272179
224	5852500122.000000													7.233335	3.637289	-3.433388	-0.573040	-0.221864	0.788924	0.488418	0.680560	0.546155	-0.658083	0.698294	-0.281626
225	5852550133.000000													6.699836	4.961807	-4.909473	-0.524045	-0.291533	0.800241	0.417348	0.731150	0.539667	-0.742427	0.616789	-0.261485
226	5852600145.000000													6.443549	4.798366	-5.451357	-0.413108	-0.332237	0.847915	0.337641	0.808842	0.481428	-0.845778	0.485173	-0.221963
227	5852650156.000000													7.872757	2.864198	-4.322418	-0.268734	-0.371207	0.888812	0.213495	0.876849	0.430761	-0.939256	0.305518	-0.156389
228	5852700167.000000													8.827695	3.308988	-3.239584	-0.121677	-0.400209	0.908310	0.067553	0.909649	0.409849	-0.990268	0.111228	-0.083648
229	5852750179.000000													8.865908	0.595603	-2.989935	0.017894	-0.481199	0.876429	-0.072672	0.873625	0.481143	-0.997195	-0.072301	-0.019337
230	5852800190.000000													8.228819	2.363546	-0.561556	0.123831	-0.509393	0.851578	-0.157851	0.837143	0.523712	-0.979668	-0.199274	0.023256
231	5852850202.000000													7.202610	-1.566102	1.268468	0.127606	-0.513670	0.848446	-0.146990	0.836198	0.528362	-0.980872	-0.192135	0.031200
232	5852900213.000000													11.547626	0.006271	-2.942698	0.062390	-0.430990	0.900197	-0.110418	0.893437	0.435406	-0.991925	-0.126563	0.008153
233	5852950225.000000													12.087564	-2.752894	-1.851621	0.020252	-0.364143	0.931123	-0.068105	0.928648	0.364657	-0.997473	-0.070799	-0.005992
234	5853000236.000000													10.025352	4.391515	-0.943158	-0.012334	-0.388875	0.921208	-0.002897	0.921288	0.388870	-0.999920	0.002127	-0.012490
235	5853050248.000000													10.417159	2.488532	-3.582005	-0.037408	-0.353383	0.934731	0.035295	0.934334	0.354645	-0.998677	0.046258	-0.022479
236	5853100259.000000													9.711592	1.318805	0.038160	-0.054891	-0.370036	0.927394	0.061693	0.925763	0.373037	-0.996585	0.077690	-0.027987
237	5853150271.000000													9.824341	-0.189303	0.472345	-0.073081	-0.367630	0.927096	0.083573	0.924055	0.373012	-0.993818	0.104740	-0.036807
238	5853200282.000000													9.479172	-0.470078	1.504627	-0.099140	-0.378941	0.920095	0.111388	0.914613	0.388685	-0.988819	0.141022	-0.048466
239	5853250294.000000													9.474892	0.686097	-0.006674	-0.131813	-0.384405	0.913706	0.144509	0.904450	0.401358	-0.980685	0.184943	-0.063668
240	5853300305.000000													9.627329	1.238962	-1.345950	-0.164292	-0.375877	0.911989	0.177863	0.898110	0.402198	-0.970244	0.228287	-0.080698
241	5853350317.000000													9.642032	0.079593	0.233622	-0.199598	-0.363976	0.909770	0.214973	0.889568	0.403057	-0.956006	0.276025	-0.099311
242	5853400328.000000													10.132036	0.220544	-0.289310	-0.246860	-0.366819	0.896941	0.255782	0.868097	0.425421	-0.934685	0.334441	-0.120473
243	5853450340.000000													10.518601	0.203969	-0.374071	-0.302988	-0.356988	0.883605	0.302998	0.842990	0.444477	-0.903543	0.402402	-0.147249
244	5853500351.000000													11.880060	-2.081040	1.262773	-0.381251	-0.349736	0.855764	0.354762	0.799461	0.484775	-0.853693	0.488414	-0.180723
245	5853550363.000000													15.191515	-4.664062	0.883260	-0.477811	-0.322490	0.817127	0.416495	0.735822	0.533945	-0.773453	0.595454	-0.217268
246	5853600374.000000													13.035401	0.943548	-0.177836	-0.583122	-0.296572	0.756316	0.458896	0.647976	0.607899	-0.670361	0.701550	-0.241753
247	5853650386.000000													10.490718	10.403526	-5.360976	-0.624189	-0.245167	0.741809	0.490435	0.616148	0.616308	-0.608163	0.748502	-0.264355
248	5853700397.000000													6.396624	4.507135	-5.619640	-0.597939	-0.187133	0.779391	0.534082	0.632043	0.561496	-0.597683	0.751999	-0.277979
249	5853750409.000000													4.630730	4.711762	-5.156281	-0.579252	-0.262630	0.771682	0.461677	0.674503	0.576108	-0.671805	0.689979	-0.269456
250	5853800420.000000													3.959963	6.423654	-6.302377	-0.483115	-0.340078	0.806813	0.382528	0.746904	0.543881	-0.787574	0.571385	-0.230751
251	5853850432.000000													4.268948	4.084810	-5.790094	-0.316515	-0.361616	0.876956	0.279975	0.847688	0.450598	-0.906329	0.388147	-0.167063
252	5853900443.000000													7.800429	3.667424	-3.974829	-0.142887	-0.408342	0.901576	0.102604	0.899904	0.423846	-0.984406	0.153067	-0.086687
253	5853950455.000000													9.305594	2.517924	-3.217401	0.018967	-0.436314	0.899594	-0.082499	0.896005	0.436313	-0.996411	-0.082492	-0.019001
254	5854000466.000000													8.962079	-2.574511	0.613071	0.150150	-0.491580	0.857790	-0.188764	0.837411	0.512943	-0.970476	-0.238938	0.032945
255	5854050478.000000													6.767966	1.965686	2.215600	0.154578	-0.535778	0.830089	-0.142078	0.819400	0.555336	-0.977711	-0.203780	0.050539
256	5854100489.000000													14.340733	-0.961260	-5.365647	0.074740	-0.424529	0.902324	-0.109731	0.895859	0.430576	-0.991147	-0.131195	0.020372
257	5854150501.000000													10.612556	0.672840	-1.851113	0.017569	-0.354015	0.935075	-0.047874	0.933848	0.354451	-0.998699	-0.050993	-0.000542
258	5854200512.000000													9.025176	5.149341	-2.487333	-0.013545	-0.401232	0.915876	0.015084	0.915774	0.401411	-0.999794	0.019252	-0.006352
259	5854250524.000000													11.047093	1.122249	-3.331423	-0.041010	-0.355534	0.933763	0.054486	0.932363	0.357394	-0.997672	0.065533	-0.018865
260	5854300535.000000													9.463501	2.280423	0.598368	-0.064496	-0.390570	0.918311	0.081299	0.915112	0.394919	-0.994601	0.100128	-0.027268
261	5854350547.000000													9.873549	0.355666	-0.648657	-0.084414	-0.386807	0.918289	0.104127	0.913108	0.394197	-0.990975	0.128895	-0.036802
262	5854400558.000000													9.536763	0.063424	1.203143	-0.109019	-0.397477	0.911113	0.128991	0.903170	0.409446	-0.985635	0.162163	-0.047192
263	5854450570.000000													9.315573	-0.235602	1.102955	-0.141886	-0.388696	0.910376	0.165562	0.897407	0.408963	-0.975939	0.208750	-0.062976
264	5854500581.000000													9.726152	0.898576	-0.915237	-0.178544	-0.379674	0.907728	0.205661	0.887773	0.411780	-0.962198	0.260205	-0.080423
265	5854550592.000000													9.713854	0.305263	0.100618	-0.224021	-0.373625	0.900122	0.251258	0.870233	0.423751	-0.941639	0.321091	-0.101074
266	5854600604.000000													11.053981	-0.407005	-0.562736	-0.283697	-0.374988	0.882553	0.300146	0.839395	0.453132	-0.910730	0.393447	-0.125582
