[2025-02-12 12:48:33.483] [info] Done.
[2025-02-12 12:49:39.768] [info] Done.
[2025-05-29 17:28:31.962] [info] Updating Model file from 40000 to latest format...
[2025-05-29 17:28:31.977] [info] Loaded model Rajagopal_2015 from file Rajagopal_2015.osim
[2025-05-29 17:28:32.570] [info] Heading correction computed to be 113.307 degs about ground Y.
[2025-05-29 17:28:32.574] [info] Processing torso_imu
[2025-05-29 17:28:32.574] [info] Computed offset for torso_imu
[2025-05-29 17:28:32.574] [info] Offset is 
[0.315294,-0.0237375,0.948697]
[0.94644,0.0811645,-0.312513]
[-0.0695822,0.996418,0.0480568]

[2025-05-29 17:28:32.575] [info] Creating offset frame for torso_imu
[2025-05-29 17:28:32.576] [info] Added offset frame for torso_imu.
[2025-05-29 17:28:32.576] [info] torso_imu offset computed from torso_imu data from file.
[2025-05-29 17:28:32.576] [info] Processing pelvis_imu
[2025-05-29 17:28:32.576] [info] Computed offset for pelvis_imu
[2025-05-29 17:28:32.576] [info] Offset is 
[0.280953,0.00157552,0.95972]
[0.957527,0.0671338,-0.280421]
[-0.0648715,0.997743,0.0173528]

[2025-05-29 17:28:32.576] [info] Creating offset frame for pelvis_imu
[2025-05-29 17:28:32.577] [info] Added offset frame for pelvis_imu.
[2025-05-29 17:28:32.577] [info] pelvis_imu offset computed from pelvis_imu data from file.
[2025-05-29 17:28:32.577] [info] Processing tibia_r_imu
[2025-05-29 17:28:32.577] [info] Computed offset for tibia_r_imu
[2025-05-29 17:28:32.577] [info] Offset is 
[0.0965278,0.977377,-0.188191]
[0.989909,-0.113978,-0.0842017]
[-0.103746,-0.178164,-0.978516]

[2025-05-29 17:28:32.577] [info] Creating offset frame for tibia_r_imu
[2025-05-29 17:28:32.578] [info] Added offset frame for tibia_r_imu.
[2025-05-29 17:28:32.578] [info] tibia_r_imu offset computed from tibia_r_imu data from file.
[2025-05-29 17:28:32.578] [info] Processing femur_r_imu
[2025-05-29 17:28:32.578] [info] Computed offset for femur_r_imu
[2025-05-29 17:28:32.578] [info] Offset is 
[-0.0408079,0.969041,-0.243505]
[0.996553,0.0570898,0.0601841]
[0.0722225,-0.24021,-0.968031]

[2025-05-29 17:28:32.578] [info] Creating offset frame for femur_r_imu
[2025-05-29 17:28:32.579] [info] Added offset frame for femur_r_imu.
[2025-05-29 17:28:32.579] [info] femur_r_imu offset computed from femur_r_imu data from file.
[2025-05-29 17:28:32.579] [info] Processing tibia_l_imu
[2025-05-29 17:28:32.579] [info] Computed offset for tibia_l_imu
[2025-05-29 17:28:32.579] [info] Offset is 
[0.0950796,-0.941402,0.323607]
[0.992984,0.0667322,-0.0976203]
[0.070305,0.330618,0.941142]

[2025-05-29 17:28:32.579] [info] Creating offset frame for tibia_l_imu
[2025-05-29 17:28:32.580] [info] Added offset frame for tibia_l_imu.
[2025-05-29 17:28:32.580] [info] tibia_l_imu offset computed from tibia_l_imu data from file.
[2025-05-29 17:28:32.580] [info] Processing femur_l_imu
[2025-05-29 17:28:32.580] [info] Computed offset for femur_l_imu
[2025-05-29 17:28:32.580] [info] Offset is 
[0.15939,-0.980766,0.112659]
[0.985443,0.164899,0.0413474]
[-0.0591295,0.104428,0.992773]

[2025-05-29 17:28:32.581] [info] Creating offset frame for femur_l_imu
[2025-05-29 17:28:32.581] [info] Added offset frame for femur_l_imu.
[2025-05-29 17:28:32.581] [info] femur_l_imu offset computed from femur_l_imu data from file.
[2025-05-29 17:28:32.581] [info] Processing calcn_r_imu
[2025-05-29 17:28:32.581] [info] Computed offset for calcn_r_imu
[2025-05-29 17:28:32.581] [info] Offset is 
[0.132853,0.838951,-0.527742]
[0.052645,-0.537683,-0.841502]
[-0.989737,0.0840129,-0.115599]

[2025-05-29 17:28:32.581] [info] Creating offset frame for calcn_r_imu
[2025-05-29 17:28:32.582] [info] Added offset frame for calcn_r_imu.
[2025-05-29 17:28:32.582] [info] calcn_r_imu offset computed from calcn_r_imu data from file.
[2025-05-29 17:28:32.582] [info] Processing calcn_l_imu
[2025-05-29 17:28:32.582] [info] Computed offset for calcn_l_imu
[2025-05-29 17:28:32.582] [info] Offset is 
[0.055168,-0.866604,-0.495938]
[0.00919381,0.497114,-0.867636]
[0.998435,0.0433062,0.0353922]

[2025-05-29 17:28:32.582] [info] Creating offset frame for calcn_l_imu
[2025-05-29 17:28:32.583] [info] Added offset frame for calcn_l_imu.
[2025-05-29 17:28:32.583] [info] calcn_l_imu offset computed from calcn_l_imu data from file.
[2025-05-29 17:28:33.541] [info] InverseKinematicsSolver found 8 model frames to track.
[2025-05-29 17:36:23.992] [info] Updating Model file from 40000 to latest format...
[2025-05-29 17:36:24.001] [info] Loaded model Rajagopal_2015 from file Rajagopal_2015.osim
[2025-05-29 17:36:24.056] [info] Heading correction computed to be 113.307 degs about ground Y.
[2025-05-29 17:36:24.059] [info] Processing torso_imu
[2025-05-29 17:36:24.059] [info] Computed offset for torso_imu
[2025-05-29 17:36:24.059] [info] Offset is 
[0.315294,-0.0237375,0.948697]
[0.94644,0.0811645,-0.312513]
[-0.0695822,0.996418,0.0480568]

[2025-05-29 17:36:24.059] [info] Creating offset frame for torso_imu
[2025-05-29 17:36:24.060] [info] Added offset frame for torso_imu.
[2025-05-29 17:36:24.060] [info] torso_imu offset computed from torso_imu data from file.
[2025-05-29 17:36:24.060] [info] Processing pelvis_imu
[2025-05-29 17:36:24.060] [info] Computed offset for pelvis_imu
[2025-05-29 17:36:24.060] [info] Offset is 
[0.280953,0.00157552,0.95972]
[0.957527,0.0671338,-0.280421]
[-0.0648715,0.997743,0.0173528]

[2025-05-29 17:36:24.060] [info] Creating offset frame for pelvis_imu
[2025-05-29 17:36:24.061] [info] Added offset frame for pelvis_imu.
[2025-05-29 17:36:24.061] [info] pelvis_imu offset computed from pelvis_imu data from file.
[2025-05-29 17:36:24.061] [info] Processing tibia_r_imu
[2025-05-29 17:36:24.061] [info] Computed offset for tibia_r_imu
[2025-05-29 17:36:24.061] [info] Offset is 
[0.0965278,0.977377,-0.188191]
[0.989909,-0.113978,-0.0842017]
[-0.103746,-0.178164,-0.978516]

[2025-05-29 17:36:24.061] [info] Creating offset frame for tibia_r_imu
[2025-05-29 17:36:24.061] [info] Added offset frame for tibia_r_imu.
[2025-05-29 17:36:24.061] [info] tibia_r_imu offset computed from tibia_r_imu data from file.
[2025-05-29 17:36:24.061] [info] Processing femur_r_imu
[2025-05-29 17:36:24.061] [info] Computed offset for femur_r_imu
[2025-05-29 17:36:24.061] [info] Offset is 
[-0.0408079,0.969041,-0.243505]
[0.996553,0.0570898,0.0601841]
[0.0722225,-0.24021,-0.968031]

[2025-05-29 17:36:24.061] [info] Creating offset frame for femur_r_imu
[2025-05-29 17:36:24.062] [info] Added offset frame for femur_r_imu.
[2025-05-29 17:36:24.062] [info] femur_r_imu offset computed from femur_r_imu data from file.
[2025-05-29 17:36:24.062] [info] Processing tibia_l_imu
[2025-05-29 17:36:24.062] [info] Computed offset for tibia_l_imu
[2025-05-29 17:36:24.062] [info] Offset is 
[0.0950796,-0.941402,0.323607]
[0.992984,0.0667322,-0.0976203]
[0.070305,0.330618,0.941142]

[2025-05-29 17:36:24.062] [info] Creating offset frame for tibia_l_imu
[2025-05-29 17:36:24.062] [info] Added offset frame for tibia_l_imu.
[2025-05-29 17:36:24.062] [info] tibia_l_imu offset computed from tibia_l_imu data from file.
[2025-05-29 17:36:24.062] [info] Processing femur_l_imu
[2025-05-29 17:36:24.062] [info] Computed offset for femur_l_imu
[2025-05-29 17:36:24.063] [info] Offset is 
[0.15939,-0.980766,0.112659]
[0.985443,0.164899,0.0413474]
[-0.0591295,0.104428,0.992773]

[2025-05-29 17:36:24.063] [info] Creating offset frame for femur_l_imu
[2025-05-29 17:36:24.063] [info] Added offset frame for femur_l_imu.
[2025-05-29 17:36:24.063] [info] femur_l_imu offset computed from femur_l_imu data from file.
[2025-05-29 17:36:24.063] [info] Processing calcn_r_imu
[2025-05-29 17:36:24.063] [info] Computed offset for calcn_r_imu
[2025-05-29 17:36:24.063] [info] Offset is 
[0.132853,0.838951,-0.527742]
[0.052645,-0.537683,-0.841502]
[-0.989737,0.0840129,-0.115599]

[2025-05-29 17:36:24.063] [info] Creating offset frame for calcn_r_imu
[2025-05-29 17:36:24.064] [info] Added offset frame for calcn_r_imu.
[2025-05-29 17:36:24.064] [info] calcn_r_imu offset computed from calcn_r_imu data from file.
[2025-05-29 17:36:24.064] [info] Processing calcn_l_imu
[2025-05-29 17:36:24.064] [info] Computed offset for calcn_l_imu
[2025-05-29 17:36:24.064] [info] Offset is 
[0.055168,-0.866604,-0.495938]
[0.00919381,0.497114,-0.867636]
[0.998435,0.0433062,0.0353922]

[2025-05-29 17:36:24.064] [info] Creating offset frame for calcn_l_imu
[2025-05-29 17:36:24.064] [info] Added offset frame for calcn_l_imu.
[2025-05-29 17:36:24.064] [info] calcn_l_imu offset computed from calcn_l_imu data from file.
[2025-05-29 17:36:24.810] [info] InverseKinematicsSolver found 8 model frames to track.
[2025-05-29 17:36:45.267] [info] Loaded model Rajagopal_2015 from file Rajagopal_2015_calibrated.osim
[2025-05-29 17:36:45.331] [info] Loading orientations as quaternions from 'MT_012005D6_009-001_orientations.sto'...
[2025-05-29 17:36:46.078] [info] InverseKinematicsSolver found 8 model frames to track.
[2025-05-29 17:37:11.985] [info] Wrote IK with IMU tracking results to: 'ik_MT_012005D6_009-001_orientations.mot'.
[2025-06-02 11:30:09.466] [info] Loaded model Rajagopal_2015 from file Rajagopal_2015_calibrated.osim
[2025-06-02 11:30:10.194] [info] Loading orientations as quaternions from 'MT_012005D6_009-001_orientations.sto'...
[2025-06-02 11:30:11.437] [info] InverseKinematicsSolver found 8 model frames to track.
[2025-06-02 11:30:38.450] [info] Wrote IK with IMU tracking results to: 'ik_MT_012005D6_009-001_orientations.mot'.
[2025-06-02 11:32:06.846] [info] Loaded model Rajagopal_2015 from file Rajagopal_2015_calibrated.osim
[2025-06-02 11:32:06.908] [info] Loading orientations as quaternions from 'MT_012005D6_009-001_orientations.sto'...
[2025-06-02 11:32:07.909] [info] InverseKinematicsSolver found 8 model frames to track.
[2025-06-02 11:32:35.478] [info] Wrote IK with IMU tracking results to: 'ik_MT_012005D6_009-001_orientations.mot'.
[2025-07-17 20:15:02.614] [info] Updating Model file from 40000 to latest format...
[2025-07-17 20:15:02.632] [info] Loaded model Rajagopal_2015 from file Rajagopal_2015.osim
[2025-07-17 20:15:03.369] [info] Heading correction computed to be 113.307 degs about ground Y.
[2025-07-17 20:15:03.372] [info] Processing torso_imu
[2025-07-17 20:15:03.372] [info] Computed offset for torso_imu
[2025-07-17 20:15:03.372] [info] Offset is 
[0.315294,-0.0237375,0.948697]
[0.94644,0.0811645,-0.312513]
[-0.0695822,0.996418,0.0480568]

[2025-07-17 20:15:03.372] [info] Creating offset frame for torso_imu
[2025-07-17 20:15:03.373] [info] Added offset frame for torso_imu.
[2025-07-17 20:15:03.373] [info] torso_imu offset computed from torso_imu data from file.
[2025-07-17 20:15:03.373] [info] Processing pelvis_imu
[2025-07-17 20:15:03.373] [info] Computed offset for pelvis_imu
[2025-07-17 20:15:03.373] [info] Offset is 
[0.280953,0.00157552,0.95972]
[0.957527,0.0671338,-0.280421]
[-0.0648715,0.997743,0.0173528]

[2025-07-17 20:15:03.373] [info] Creating offset frame for pelvis_imu
[2025-07-17 20:15:03.374] [info] Added offset frame for pelvis_imu.
[2025-07-17 20:15:03.374] [info] pelvis_imu offset computed from pelvis_imu data from file.
[2025-07-17 20:15:03.374] [info] Processing tibia_r_imu
[2025-07-17 20:15:03.374] [info] Computed offset for tibia_r_imu
[2025-07-17 20:15:03.374] [info] Offset is 
[0.0965278,0.977377,-0.188191]
[0.989909,-0.113978,-0.0842017]
[-0.103746,-0.178164,-0.978516]

[2025-07-17 20:15:03.374] [info] Creating offset frame for tibia_r_imu
[2025-07-17 20:15:03.374] [info] Added offset frame for tibia_r_imu.
[2025-07-17 20:15:03.374] [info] tibia_r_imu offset computed from tibia_r_imu data from file.
[2025-07-17 20:15:03.374] [info] Processing femur_r_imu
[2025-07-17 20:15:03.375] [info] Computed offset for femur_r_imu
[2025-07-17 20:15:03.375] [info] Offset is 
[-0.0408079,0.969041,-0.243505]
[0.996553,0.0570898,0.0601841]
[0.0722225,-0.24021,-0.968031]

[2025-07-17 20:15:03.375] [info] Creating offset frame for femur_r_imu
[2025-07-17 20:15:03.375] [info] Added offset frame for femur_r_imu.
[2025-07-17 20:15:03.375] [info] femur_r_imu offset computed from femur_r_imu data from file.
[2025-07-17 20:15:03.375] [info] Processing tibia_l_imu
[2025-07-17 20:15:03.376] [info] Computed offset for tibia_l_imu
[2025-07-17 20:15:03.376] [info] Offset is 
[0.0950796,-0.941402,0.323607]
[0.992984,0.0667322,-0.0976203]
[0.070305,0.330618,0.941142]

[2025-07-17 20:15:03.376] [info] Creating offset frame for tibia_l_imu
[2025-07-17 20:15:03.376] [info] Added offset frame for tibia_l_imu.
[2025-07-17 20:15:03.376] [info] tibia_l_imu offset computed from tibia_l_imu data from file.
[2025-07-17 20:15:03.376] [info] Processing femur_l_imu
[2025-07-17 20:15:03.376] [info] Computed offset for femur_l_imu
[2025-07-17 20:15:03.376] [info] Offset is 
[0.15939,-0.980766,0.112659]
[0.985443,0.164899,0.0413474]
[-0.0591295,0.104428,0.992773]

[2025-07-17 20:15:03.376] [info] Creating offset frame for femur_l_imu
[2025-07-17 20:15:03.377] [info] Added offset frame for femur_l_imu.
[2025-07-17 20:15:03.377] [info] femur_l_imu offset computed from femur_l_imu data from file.
[2025-07-17 20:15:03.377] [info] Processing calcn_r_imu
[2025-07-17 20:15:03.377] [info] Computed offset for calcn_r_imu
[2025-07-17 20:15:03.377] [info] Offset is 
[0.132853,0.838951,-0.527742]
[0.052645,-0.537683,-0.841502]
[-0.989737,0.0840129,-0.115599]

[2025-07-17 20:15:03.377] [info] Creating offset frame for calcn_r_imu
[2025-07-17 20:15:03.378] [info] Added offset frame for calcn_r_imu.
[2025-07-17 20:15:03.378] [info] calcn_r_imu offset computed from calcn_r_imu data from file.
[2025-07-17 20:15:03.378] [info] Processing calcn_l_imu
[2025-07-17 20:15:03.378] [info] Computed offset for calcn_l_imu
[2025-07-17 20:15:03.378] [info] Offset is 
[0.055168,-0.866604,-0.495938]
[0.00919381,0.497114,-0.867636]
[0.998435,0.0433062,0.0353922]

[2025-07-17 20:15:03.378] [info] Creating offset frame for calcn_l_imu
[2025-07-17 20:15:03.378] [info] Added offset frame for calcn_l_imu.
[2025-07-17 20:15:03.378] [info] calcn_l_imu offset computed from calcn_l_imu data from file.
[2025-07-17 20:15:04.314] [info] InverseKinematicsSolver found 8 model frames to track.
[2025-07-17 20:23:56.853] [info] Loaded model Rajagopal_2015 from file Rajagopal_2015_calibrated.osim
[2025-07-17 20:23:56.904] [info] Loading orientations as quaternions from 'MT_012005D6_009-001_orientations.sto'...
[2025-07-17 20:23:57.540] [info] InverseKinematicsSolver found 8 model frames to track.
[2025-07-18 12:50:28.647] [info] Loaded model Rajagopal_2015 from file Rajagopal_2015_calibrated.osim
[2025-07-18 12:50:29.272] [info] Loading orientations as quaternions from 'MT_012005D6_009-001_orientations.sto'...
[2025-07-23 17:54:24.871] [info] Loaded model Rajagopal_2015 from file Rajagopal_2015_calibrated.osim
[2025-07-23 18:08:58.114] [info] Loaded model Rajagopal_2015 from file Rajagopal_2015_calibrated.osim
[2025-07-23 18:08:58.128] [info] Loading orientations as quaternions from 'MT_012005D6_009-001_orientations.sto'...
[2025-07-24 19:46:40.116] [info] Loaded model Rajagopal_2015 from file Rajagopal_2015_calibrated.osim
[2025-07-24 19:46:40.761] [info] Loading orientations as quaternions from 'MT_012005D6_009-001_orientations.sto'...
[2025-07-24 19:46:41.665] [info] InverseKinematicsSolver found 8 model frames to track.
[2025-07-24 20:00:58.366] [info] Loaded model Rajagopal_2015 from file Rajagopal_2015_calibrated.osim
[2025-07-26 17:44:23.830] [info] Loaded model Rajagopal_2015 from file Rajagopal_2015_calibrated.osim
[2025-07-26 17:44:24.641] [info] Loading orientations as quaternions from 'MT_012005D6_009-001_orientations.sto'...
[2025-07-26 17:44:25.664] [info] InverseKinematicsSolver found 8 model frames to track.
[2025-07-26 17:44:52.052] [info] Wrote IK with IMU tracking results to: 'ik_MT_012005D6_009-001_orientations.mot'.
[2025-07-26 17:47:08.359] [info] Loaded model Rajagopal_2015 from file Rajagopal_2015_calibrated.osim
[2025-07-26 17:47:08.420] [info] Loading orientations as quaternions from 'MT_012005D6_009-001_orientations.sto'...
[2025-07-26 17:47:09.285] [info] InverseKinematicsSolver found 8 model frames to track.
[2025-07-26 17:47:36.097] [info] Wrote IK with IMU tracking results to: 'ik_MT_012005D6_009-001_orientations.mot'.
[2025-07-26 17:47:42.620] [info] Loaded model Rajagopal_2015 from file Rajagopal_2015_calibrated.osim
[2025-07-26 17:47:42.686] [info] Loading orientations as quaternions from 'MT_012005D6_009-001_orientations.sto'...
[2025-07-26 17:47:43.474] [info] InverseKinematicsSolver found 8 model frames to track.
[2025-07-26 17:48:34.030] [info] Loaded model Rajagopal_2015 from file Rajagopal_2015_calibrated.osim
[2025-07-26 17:48:34.091] [info] Loading orientations as quaternions from 'MT_012005D6_009-001_orientations.sto'...
[2025-07-26 17:48:34.923] [info] InverseKinematicsSolver found 8 model frames to track.
[2025-07-26 17:49:16.987] [info] Loaded model Rajagopal_2015 from file Rajagopal_2015_calibrated.osim
[2025-07-26 17:49:17.054] [info] Loading orientations as quaternions from 'MT_012005D6_009-001_orientations.sto'...
[2025-07-26 17:49:17.820] [info] InverseKinematicsSolver found 8 model frames to track.
[2025-07-26 17:49:45.242] [info] Wrote IK with IMU tracking results to: 'ik_MT_012005D6_009-001_orientations.mot'.
[2025-07-26 22:16:29.750] [info] Updating Model file from 40000 to latest format...
[2025-07-26 22:16:29.763] [info] Loaded model Rajagopal_2015 from file Rajagopal_2015.osim
[2025-07-26 22:16:30.482] [info] Heading correction computed to be 113.307 degs about ground Y.
[2025-07-26 22:16:30.485] [info] Processing torso_imu
[2025-07-26 22:16:30.485] [info] Computed offset for torso_imu
[2025-07-26 22:16:30.485] [info] Offset is 
[0.315294,-0.0237375,0.948697]
[0.94644,0.0811645,-0.312513]
[-0.0695822,0.996418,0.0480568]

[2025-07-26 22:16:30.485] [info] Creating offset frame for torso_imu
[2025-07-26 22:16:30.486] [info] Added offset frame for torso_imu.
[2025-07-26 22:16:30.486] [info] torso_imu offset computed from torso_imu data from file.
[2025-07-26 22:16:30.486] [info] Processing pelvis_imu
[2025-07-26 22:16:30.486] [info] Computed offset for pelvis_imu
[2025-07-26 22:16:30.486] [info] Offset is 
[0.280953,0.00157552,0.95972]
[0.957527,0.0671338,-0.280421]
[-0.0648715,0.997743,0.0173528]

[2025-07-26 22:16:30.486] [info] Creating offset frame for pelvis_imu
[2025-07-26 22:16:30.487] [info] Added offset frame for pelvis_imu.
[2025-07-26 22:16:30.487] [info] pelvis_imu offset computed from pelvis_imu data from file.
[2025-07-26 22:16:30.487] [info] Processing tibia_r_imu
[2025-07-26 22:16:30.487] [info] Computed offset for tibia_r_imu
[2025-07-26 22:16:30.487] [info] Offset is 
[0.0965278,0.977377,-0.188191]
[0.989909,-0.113978,-0.0842017]
[-0.103746,-0.178164,-0.978516]

[2025-07-26 22:16:30.487] [info] Creating offset frame for tibia_r_imu
[2025-07-26 22:16:30.488] [info] Added offset frame for tibia_r_imu.
[2025-07-26 22:16:30.488] [info] tibia_r_imu offset computed from tibia_r_imu data from file.
[2025-07-26 22:16:30.488] [info] Processing femur_r_imu
[2025-07-26 22:16:30.488] [info] Computed offset for femur_r_imu
[2025-07-26 22:16:30.488] [info] Offset is 
[-0.0408079,0.969041,-0.243505]
[0.996553,0.0570898,0.0601841]
[0.0722225,-0.24021,-0.968031]

[2025-07-26 22:16:30.488] [info] Creating offset frame for femur_r_imu
[2025-07-26 22:16:30.488] [info] Added offset frame for femur_r_imu.
[2025-07-26 22:16:30.488] [info] femur_r_imu offset computed from femur_r_imu data from file.
[2025-07-26 22:16:30.488] [info] Processing tibia_l_imu
[2025-07-26 22:16:30.488] [info] Computed offset for tibia_l_imu
[2025-07-26 22:16:30.488] [info] Offset is 
[0.0950796,-0.941402,0.323607]
[0.992984,0.0667322,-0.0976203]
[0.070305,0.330618,0.941142]

[2025-07-26 22:16:30.488] [info] Creating offset frame for tibia_l_imu
[2025-07-26 22:16:30.489] [info] Added offset frame for tibia_l_imu.
[2025-07-26 22:16:30.489] [info] tibia_l_imu offset computed from tibia_l_imu data from file.
[2025-07-26 22:16:30.489] [info] Processing femur_l_imu
[2025-07-26 22:16:30.489] [info] Computed offset for femur_l_imu
[2025-07-26 22:16:30.489] [info] Offset is 
[0.15939,-0.980766,0.112659]
[0.985443,0.164899,0.0413474]
[-0.0591295,0.104428,0.992773]

[2025-07-26 22:16:30.489] [info] Creating offset frame for femur_l_imu
[2025-07-26 22:16:30.489] [info] Added offset frame for femur_l_imu.
[2025-07-26 22:16:30.489] [info] femur_l_imu offset computed from femur_l_imu data from file.
[2025-07-26 22:16:30.489] [info] Processing calcn_r_imu
[2025-07-26 22:16:30.489] [info] Computed offset for calcn_r_imu
[2025-07-26 22:16:30.490] [info] Offset is 
[0.132853,0.838951,-0.527742]
[0.052645,-0.537683,-0.841502]
[-0.989737,0.0840129,-0.115599]

[2025-07-26 22:16:30.490] [info] Creating offset frame for calcn_r_imu
[2025-07-26 22:16:30.490] [info] Added offset frame for calcn_r_imu.
[2025-07-26 22:16:30.490] [info] calcn_r_imu offset computed from calcn_r_imu data from file.
[2025-07-26 22:16:30.490] [info] Processing calcn_l_imu
[2025-07-26 22:16:30.490] [info] Computed offset for calcn_l_imu
[2025-07-26 22:16:30.490] [info] Offset is 
[0.055168,-0.866604,-0.495938]
[0.00919381,0.497114,-0.867636]
[0.998435,0.0433062,0.0353922]

[2025-07-26 22:16:30.490] [info] Creating offset frame for calcn_l_imu
[2025-07-26 22:16:30.491] [info] Added offset frame for calcn_l_imu.
[2025-07-26 22:16:30.491] [info] calcn_l_imu offset computed from calcn_l_imu data from file.
[2025-07-26 22:16:31.429] [info] InverseKinematicsSolver found 8 model frames to track.
[2025-07-26 22:17:53.204] [info] Loaded model Rajagopal_2015 from file Rajagopal_2015_calibrated.osim
[2025-07-26 22:17:53.269] [info] Loading orientations as quaternions from 'MT_012005D6_009-001_orientations.sto'...
[2025-07-26 22:17:53.980] [info] InverseKinematicsSolver found 8 model frames to track.
[2025-11-04 19:36:12.806] [info] Updating Model file from 40000 to latest format...
[2025-11-04 19:36:12.817] [info] Loaded model Rajagopal_2015 from file Rajagopal_2015.osim
[2025-11-04 19:36:13.481] [info] Heading correction computed to be 113.307 degs about ground Y.
[2025-11-04 19:36:13.484] [info] Processing torso_imu
[2025-11-04 19:36:13.484] [info] Computed offset for torso_imu
[2025-11-04 19:36:13.484] [info] Offset is 
[0.315294,-0.0237375,0.948697]
[0.94644,0.0811645,-0.312513]
[-0.0695822,0.996418,0.0480568]

[2025-11-04 19:36:13.484] [info] Creating offset frame for torso_imu
[2025-11-04 19:36:13.485] [info] Added offset frame for torso_imu.
[2025-11-04 19:36:13.485] [info] torso_imu offset computed from torso_imu data from file.
[2025-11-04 19:36:13.485] [info] Processing pelvis_imu
[2025-11-04 19:36:13.485] [info] Computed offset for pelvis_imu
[2025-11-04 19:36:13.485] [info] Offset is 
[0.280953,0.00157552,0.95972]
[0.957527,0.0671338,-0.280421]
[-0.0648715,0.997743,0.0173528]

[2025-11-04 19:36:13.485] [info] Creating offset frame for pelvis_imu
[2025-11-04 19:36:13.485] [info] Added offset frame for pelvis_imu.
[2025-11-04 19:36:13.485] [info] pelvis_imu offset computed from pelvis_imu data from file.
[2025-11-04 19:36:13.485] [info] Processing tibia_r_imu
[2025-11-04 19:36:13.485] [info] Computed offset for tibia_r_imu
[2025-11-04 19:36:13.485] [info] Offset is 
[0.0965278,0.977377,-0.188191]
[0.989909,-0.113978,-0.0842017]
[-0.103746,-0.178164,-0.978516]

[2025-11-04 19:36:13.485] [info] Creating offset frame for tibia_r_imu
[2025-11-04 19:36:13.486] [info] Added offset frame for tibia_r_imu.
[2025-11-04 19:36:13.486] [info] tibia_r_imu offset computed from tibia_r_imu data from file.
[2025-11-04 19:36:13.486] [info] Processing femur_r_imu
[2025-11-04 19:36:13.486] [info] Computed offset for femur_r_imu
[2025-11-04 19:36:13.486] [info] Offset is 
[-0.0408079,0.969041,-0.243505]
[0.996553,0.0570898,0.0601841]
[0.0722225,-0.24021,-0.968031]

[2025-11-04 19:36:13.486] [info] Creating offset frame for femur_r_imu
[2025-11-04 19:36:13.486] [info] Added offset frame for femur_r_imu.
[2025-11-04 19:36:13.486] [info] femur_r_imu offset computed from femur_r_imu data from file.
[2025-11-04 19:36:13.486] [info] Processing tibia_l_imu
[2025-11-04 19:36:13.486] [info] Computed offset for tibia_l_imu
[2025-11-04 19:36:13.486] [info] Offset is 
[0.0950796,-0.941402,0.323607]
[0.992984,0.0667322,-0.0976203]
[0.070305,0.330618,0.941142]

[2025-11-04 19:36:13.487] [info] Creating offset frame for tibia_l_imu
[2025-11-04 19:36:13.487] [info] Added offset frame for tibia_l_imu.
[2025-11-04 19:36:13.487] [info] tibia_l_imu offset computed from tibia_l_imu data from file.
[2025-11-04 19:36:13.487] [info] Processing femur_l_imu
[2025-11-04 19:36:13.487] [info] Computed offset for femur_l_imu
[2025-11-04 19:36:13.487] [info] Offset is 
[0.15939,-0.980766,0.112659]
[0.985443,0.164899,0.0413474]
[-0.0591295,0.104428,0.992773]

[2025-11-04 19:36:13.487] [info] Creating offset frame for femur_l_imu
[2025-11-04 19:36:13.488] [info] Added offset frame for femur_l_imu.
[2025-11-04 19:36:13.488] [info] femur_l_imu offset computed from femur_l_imu data from file.
[2025-11-04 19:36:13.488] [info] Processing calcn_r_imu
[2025-11-04 19:36:13.488] [info] Computed offset for calcn_r_imu
[2025-11-04 19:36:13.488] [info] Offset is 
[0.132853,0.838951,-0.527742]
[0.052645,-0.537683,-0.841502]
[-0.989737,0.0840129,-0.115599]

[2025-11-04 19:36:13.488] [info] Creating offset frame for calcn_r_imu
[2025-11-04 19:36:13.488] [info] Added offset frame for calcn_r_imu.
[2025-11-04 19:36:13.488] [info] calcn_r_imu offset computed from calcn_r_imu data from file.
[2025-11-04 19:36:13.488] [info] Processing calcn_l_imu
[2025-11-04 19:36:13.488] [info] Computed offset for calcn_l_imu
[2025-11-04 19:36:13.488] [info] Offset is 
[0.055168,-0.866604,-0.495938]
[0.00919381,0.497114,-0.867636]
[0.998435,0.0433062,0.0353922]

[2025-11-04 19:36:13.488] [info] Creating offset frame for calcn_l_imu
[2025-11-04 19:36:13.489] [info] Added offset frame for calcn_l_imu.
[2025-11-04 19:36:13.489] [info] calcn_l_imu offset computed from calcn_l_imu data from file.
[2025-11-04 19:36:14.314] [info] InverseKinematicsSolver found 8 model frames to track.
[2025-11-04 19:37:29.714] [info] Loaded model Rajagopal_2015 from file Rajagopal_2015_calibrated.osim
[2025-11-04 19:37:29.760] [info] Loading orientations as quaternions from 'MT_012005D6_009-001_orientations.sto'...
[2025-11-04 19:37:30.539] [info] InverseKinematicsSolver found 8 model frames to track.
[2025-11-04 19:37:56.427] [info] Wrote IK with IMU tracking results to: 'ik_MT_012005D6_009-001_orientations.mot'.
[2025-11-04 19:38:10.755] [info] Loaded model Rajagopal_2015 from file Rajagopal_2015_calibrated.osim
[2025-11-04 19:38:10.868] [info] Loading orientations as quaternions from 'MT_012005D6_009-001_orientations.sto'...
[2025-11-04 19:38:11.645] [info] InverseKinematicsSolver found 8 model frames to track.
[2025-11-04 19:38:58.597] [info] Wrote IK with IMU tracking results to: 'ik_MT_012005D6_009-001_orientations.mot'.
[2025-11-04 19:39:13.270] [info] Loaded model Rajagopal_2015 from file Rajagopal_2015_calibrated.osim
[2025-11-04 19:39:13.311] [info] Loading orientations as quaternions from 'MT_012005D6_009-001_orientations.sto'...
[2025-11-04 19:39:13.939] [info] InverseKinematicsSolver found 8 model frames to track.
[2025-11-04 19:48:01.029] [info] Updating Model file from 40000 to latest format...
[2025-11-04 19:48:01.048] [info] Loaded model Rajagopal_2015 from file Rajagopal_2015.osim
[2025-12-03 19:45:38.674] [info] Updating Model file from 40000 to latest format...
[2025-12-03 19:45:38.682] [info] Loaded model Rajagopal_2015 from file C:\Users\ASUS\Documents\OpenSim\4.5\Code\Matlab\OpenSenseExample\Rajagopal_2015.osim
[2025-12-04 18:05:04.570] [info] Updating Model file from 40000 to latest format...
[2025-12-04 18:05:04.717] [info] Loaded model Rajagopal_2015 from file C:\Users\ASUS\Documents\OpenSim\4.5\Code\Matlab\OpenSenseExample\Rajagopal_2015.osim
[2025-12-04 18:07:13.696] [info] No heading correction is applied.
[2025-12-04 18:07:13.701] [info] Processing torso_imu
[2025-12-04 18:07:13.701] [info] Computed offset for torso_imu
[2025-12-04 18:07:13.701] [info] Offset is 
[-0.0608432,-0.905718,-0.419492]
[-0.317096,0.416038,-0.852269]
[0.94644,0.0811645,-0.312513]

[2025-12-04 18:07:13.701] [info] Creating offset frame for torso_imu
[2025-12-04 18:07:13.703] [info] Added offset frame for torso_imu.
[2025-12-04 18:07:13.703] [info] torso_imu offset computed from torso_imu data from file.
[2025-12-04 18:07:13.703] [info] Processing pelvis_imu
[2025-12-04 18:07:13.703] [info] Computed offset for pelvis_imu
[2025-12-04 18:07:13.703] [info] Offset is 
[-0.0515822,-0.91695,-0.395654]
[-0.283693,0.393314,-0.874541]
[0.957527,0.0671338,-0.280421]

[2025-12-04 18:07:13.703] [info] Creating offset frame for pelvis_imu
[2025-12-04 18:07:13.704] [info] Added offset frame for pelvis_imu.
[2025-12-04 18:07:13.704] [info] pelvis_imu offset computed from pelvis_imu data from file.
[2025-12-04 18:07:13.704] [info] Processing tibia_r_imu
[2025-12-04 18:07:13.705] [info] Computed offset for tibia_r_imu
[2025-12-04 18:07:13.705] [info] Offset is 
[0.0570891,-0.223078,0.973127]
[-0.129699,-0.968114,-0.21432]
[0.989909,-0.113978,-0.0842017]

[2025-12-04 18:07:13.705] [info] Creating offset frame for tibia_r_imu
[2025-12-04 18:07:13.706] [info] Added offset frame for tibia_r_imu.
[2025-12-04 18:07:13.706] [info] tibia_r_imu offset computed from tibia_r_imu data from file.
[2025-12-04 18:07:13.706] [info] Processing femur_r_imu
[2025-12-04 18:07:13.706] [info] Computed offset for femur_r_imu
[2025-12-04 18:07:13.706] [info] Offset is 
[-0.0501833,-0.162797,0.985383]
[0.0660531,-0.985007,-0.159371]
[0.996553,0.0570898,0.0601841]

[2025-12-04 18:07:13.706] [info] Creating offset frame for femur_r_imu
[2025-12-04 18:07:13.707] [info] Added offset frame for femur_r_imu.
[2025-12-04 18:07:13.707] [info] femur_r_imu offset computed from femur_r_imu data from file.
[2025-12-04 18:07:13.707] [info] Processing tibia_l_imu
[2025-12-04 18:07:13.707] [info] Computed offset for tibia_l_imu
[2025-12-04 18:07:13.707] [info] Offset is 
[-0.102187,0.0688305,-0.992381]
[-0.0595045,0.995394,0.0751668]
[0.992984,0.0667322,-0.0976203]

[2025-12-04 18:07:13.707] [info] Creating offset frame for tibia_l_imu
[2025-12-04 18:07:13.708] [info] Added offset frame for tibia_l_imu.
[2025-12-04 18:07:13.708] [info] tibia_l_imu offset computed from tibia_l_imu data from file.
[2025-12-04 18:07:13.708] [info] Processing femur_l_imu
[2025-12-04 18:07:13.708] [info] Computed offset for femur_l_imu
[2025-12-04 18:07:13.708] [info] Offset is 
[-0.00875883,0.292138,-0.956336]
[-0.169778,0.942053,0.289329]
[0.985443,0.164899,0.0413474]

[2025-12-04 18:07:13.708] [info] Creating offset frame for femur_l_imu
[2025-12-04 18:07:13.709] [info] Added offset frame for femur_l_imu.
[2025-12-04 18:07:13.709] [info] femur_l_imu offset computed from femur_l_imu data from file.
[2025-12-04 18:07:13.709] [info] Processing calcn_r_imu
[2025-12-04 18:07:13.709] [info] Computed offset for calcn_r_imu
[2025-12-04 18:07:13.709] [info] Offset is 
[0.85641,-0.409092,0.31497]
[-0.513606,-0.737252,0.438941]
[0.052645,-0.537683,-0.841502]

[2025-12-04 18:07:13.709] [info] Creating offset frame for calcn_r_imu
[2025-12-04 18:07:13.710] [info] Added offset frame for calcn_r_imu.
[2025-12-04 18:07:13.710] [info] calcn_r_imu offset computed from calcn_r_imu data from file.
[2025-12-04 18:07:13.710] [info] Processing calcn_l_imu
[2025-12-04 18:07:13.710] [info] Computed offset for calcn_l_imu
[2025-12-04 18:07:13.710] [info] Offset is 
[-0.938789,0.303103,0.163716]
[0.344369,0.813023,0.469472]
[0.00919381,0.497114,-0.867636]

[2025-12-04 18:07:13.710] [info] Creating offset frame for calcn_l_imu
[2025-12-04 18:07:13.711] [info] Added offset frame for calcn_l_imu.
[2025-12-04 18:07:13.711] [info] calcn_l_imu offset computed from calcn_l_imu data from file.
[2025-12-04 18:08:02.027] [info] Loading orientations as quaternions from 'C:\Users\ASUS\Documents\OpenSim\4.5\Code\Matlab\OpenSenseExample\MT_012005D6_009-001_orientations.sto'...
[2025-12-04 18:08:02.046] [info] InverseKinematicsSolver found 8 model frames to track.
[2025-12-04 18:08:02.050] [info] Solved at time: 0.0 s
[2025-12-04 18:08:02.113] [info] Solved at time: 0.01 s
[2025-12-04 18:08:02.127] [info] Solved at time: 0.02 s
[2025-12-04 18:08:02.141] [info] Solved at time: 0.03 s
[2025-12-04 18:08:02.156] [info] Solved at time: 0.04 s
[2025-12-04 18:08:02.176] [info] Solved at time: 0.05 s
[2025-12-04 18:08:02.192] [info] Solved at time: 0.06 s
[2025-12-04 18:08:02.212] [info] Solved at time: 0.07 s
[2025-12-04 18:08:02.228] [info] Solved at time: 0.08 s
[2025-12-04 18:08:02.244] [info] Solved at time: 0.09 s
[2025-12-04 18:08:02.260] [info] Solved at time: 0.1 s
[2025-12-04 18:08:02.276] [info] Solved at time: 0.11 s
[2025-12-04 18:08:02.289] [info] Solved at time: 0.12 s
[2025-12-04 18:08:02.306] [info] Solved at time: 0.13 s
[2025-12-04 18:08:02.322] [info] Solved at time: 0.14 s
[2025-12-04 18:08:02.339] [info] Solved at time: 0.15 s
[2025-12-04 18:08:02.354] [info] Solved at time: 0.16 s
[2025-12-04 18:08:02.371] [info] Solved at time: 0.17 s
[2025-12-04 18:08:02.391] [info] Solved at time: 0.18 s
[2025-12-04 18:08:02.409] [info] Solved at time: 0.19 s
[2025-12-04 18:08:02.424] [info] Solved at time: 0.2 s
[2025-12-04 18:08:02.440] [info] Solved at time: 0.21 s
[2025-12-04 18:08:02.445] [info] Solved at time: 0.22 s
[2025-12-04 18:08:02.451] [info] Solved at time: 0.23 s
[2025-12-04 18:08:02.454] [info] Solved at time: 0.24 s
[2025-12-04 18:08:02.458] [info] Solved at time: 0.25 s
[2025-12-04 18:08:02.461] [info] Solved at time: 0.26 s
[2025-12-04 18:08:02.464] [info] Solved at time: 0.27 s
[2025-12-04 18:08:02.468] [info] Solved at time: 0.28 s
[2025-12-04 18:08:02.471] [info] Solved at time: 0.29 s
[2025-12-04 18:08:02.475] [info] Solved at time: 0.3 s
[2025-12-04 18:08:02.479] [info] Solved at time: 0.31 s
[2025-12-04 18:08:02.482] [info] Solved at time: 0.32 s
[2025-12-04 18:08:02.486] [info] Solved at time: 0.33 s
[2025-12-04 18:08:02.489] [info] Solved at time: 0.34 s
[2025-12-04 18:08:02.495] [info] Solved at time: 0.35 s
[2025-12-04 18:08:02.499] [info] Solved at time: 0.36 s
[2025-12-04 18:08:02.503] [info] Solved at time: 0.37 s
[2025-12-04 18:08:02.508] [info] Solved at time: 0.38 s
[2025-12-04 18:08:02.512] [info] Solved at time: 0.39 s
[2025-12-04 18:08:02.516] [info] Solved at time: 0.4 s
[2025-12-04 18:08:02.522] [info] Solved at time: 0.41 s
[2025-12-04 18:08:02.526] [info] Solved at time: 0.42 s
[2025-12-04 18:08:02.531] [info] Solved at time: 0.43 s
[2025-12-04 18:08:02.535] [info] Solved at time: 0.44 s
[2025-12-04 18:08:02.540] [info] Solved at time: 0.45 s
[2025-12-04 18:08:02.543] [info] Solved at time: 0.46 s
[2025-12-04 18:08:02.550] [info] Solved at time: 0.47 s
[2025-12-04 18:08:02.560] [info] Solved at time: 0.48 s
[2025-12-04 18:08:02.565] [info] Solved at time: 0.49 s
[2025-12-04 18:08:02.569] [info] Solved at time: 0.5 s
[2025-12-04 18:08:02.575] [info] Solved at time: 0.51 s
[2025-12-04 18:08:02.579] [info] Solved at time: 0.52 s
[2025-12-04 18:08:02.582] [info] Solved at time: 0.53 s
[2025-12-04 18:08:02.587] [info] Solved at time: 0.54 s
[2025-12-04 18:08:02.591] [info] Solved at time: 0.55 s
[2025-12-04 18:08:02.594] [info] Solved at time: 0.56 s
[2025-12-04 18:08:02.600] [info] Solved at time: 0.57 s
[2025-12-04 18:08:02.603] [info] Solved at time: 0.58 s
[2025-12-04 18:08:02.607] [info] Solved at time: 0.59 s
[2025-12-04 18:08:02.610] [info] Solved at time: 0.6 s
[2025-12-04 18:08:02.614] [info] Solved at time: 0.61 s
[2025-12-04 18:08:02.618] [info] Solved at time: 0.62 s
[2025-12-04 18:08:02.621] [info] Solved at time: 0.63 s
[2025-12-04 18:08:02.625] [info] Solved at time: 0.64 s
[2025-12-04 18:08:02.628] [info] Solved at time: 0.65 s
[2025-12-04 18:08:02.632] [info] Solved at time: 0.66 s
[2025-12-04 18:08:02.636] [info] Solved at time: 0.67 s
[2025-12-04 18:08:02.640] [info] Solved at time: 0.68 s
[2025-12-04 18:08:02.647] [info] Solved at time: 0.69 s
[2025-12-04 18:08:02.652] [info] Solved at time: 0.7 s
[2025-12-04 18:08:02.656] [info] Solved at time: 0.71 s
[2025-12-04 18:08:02.663] [info] Solved at time: 0.72 s
[2025-12-04 18:08:02.674] [info] Solved at time: 0.73 s
[2025-12-04 18:08:02.685] [info] Solved at time: 0.74 s
[2025-12-04 18:08:02.696] [info] Solved at time: 0.75 s
[2025-12-04 18:08:02.702] [info] Solved at time: 0.76 s
[2025-12-04 18:08:02.713] [info] Solved at time: 0.77 s
[2025-12-04 18:08:02.719] [info] Solved at time: 0.78 s
[2025-12-04 18:08:02.725] [info] Solved at time: 0.79 s
[2025-12-04 18:08:02.731] [info] Solved at time: 0.8 s
[2025-12-04 18:08:02.737] [info] Solved at time: 0.81 s
[2025-12-04 18:08:02.748] [info] Solved at time: 0.82 s
[2025-12-04 18:08:02.754] [info] Solved at time: 0.83 s
[2025-12-04 18:08:02.757] [info] Solved at time: 0.84 s
[2025-12-04 18:08:02.763] [info] Solved at time: 0.85 s
[2025-12-04 18:08:02.767] [info] Solved at time: 0.86 s
[2025-12-04 18:08:02.773] [info] Solved at time: 0.87 s
[2025-12-04 18:08:02.778] [info] Solved at time: 0.88 s
[2025-12-04 18:08:02.782] [info] Solved at time: 0.89 s
[2025-12-04 18:08:02.786] [info] Solved at time: 0.9 s
[2025-12-04 18:08:02.791] [info] Solved at time: 0.91 s
[2025-12-04 18:08:02.795] [info] Solved at time: 0.92 s
[2025-12-04 18:08:02.798] [info] Solved at time: 0.93 s
[2025-12-04 18:08:02.808] [info] Solved at time: 0.94 s
[2025-12-04 18:08:02.820] [info] Solved at time: 0.95 s
[2025-12-04 18:08:02.834] [info] Solved at time: 0.96 s
[2025-12-04 18:08:02.855] [info] Solved at time: 0.97 s
[2025-12-04 18:08:02.873] [info] Solved at time: 0.98 s
[2025-12-04 18:08:02.889] [info] Solved at time: 0.99 s
[2025-12-04 18:08:02.907] [info] Solved at time: 1.0 s
[2025-12-04 18:08:02.924] [info] Solved at time: 1.01 s
[2025-12-04 18:08:02.942] [info] Solved at time: 1.02 s
[2025-12-04 18:08:02.962] [info] Solved at time: 1.03 s
[2025-12-04 18:08:02.985] [info] Solved at time: 1.04 s
[2025-12-04 18:08:03.003] [info] Solved at time: 1.05 s
[2025-12-04 18:08:03.021] [info] Solved at time: 1.06 s
[2025-12-04 18:08:03.038] [info] Solved at time: 1.07 s
[2025-12-04 18:08:03.052] [info] Solved at time: 1.08 s
[2025-12-04 18:08:03.072] [info] Solved at time: 1.09 s
[2025-12-04 18:08:03.086] [info] Solved at time: 1.1 s
[2025-12-04 18:08:03.107] [info] Solved at time: 1.11 s
[2025-12-04 18:08:03.129] [info] Solved at time: 1.12 s
[2025-12-04 18:08:03.144] [info] Solved at time: 1.13 s
[2025-12-04 18:08:03.161] [info] Solved at time: 1.14 s
[2025-12-04 18:08:03.180] [info] Solved at time: 1.15 s
[2025-12-04 18:08:03.196] [info] Solved at time: 1.16 s
[2025-12-04 18:08:03.211] [info] Solved at time: 1.17 s
[2025-12-04 18:08:03.227] [info] Solved at time: 1.18 s
[2025-12-04 18:08:03.244] [info] Solved at time: 1.19 s
[2025-12-04 18:08:03.260] [info] Solved at time: 1.2 s
[2025-12-04 18:08:03.281] [info] Solved at time: 1.21 s
[2025-12-04 18:08:03.300] [info] Solved at time: 1.22 s
[2025-12-04 18:08:03.317] [info] Solved at time: 1.23 s
[2025-12-04 18:08:03.332] [info] Solved at time: 1.24 s
[2025-12-04 18:08:03.348] [info] Solved at time: 1.25 s
[2025-12-04 18:08:03.366] [info] Solved at time: 1.26 s
[2025-12-04 18:08:03.381] [info] Solved at time: 1.27 s
[2025-12-04 18:08:03.397] [info] Solved at time: 1.28 s
[2025-12-04 18:08:03.413] [info] Solved at time: 1.29 s
[2025-12-04 18:08:03.435] [info] Solved at time: 1.3 s
[2025-12-04 18:08:03.451] [info] Solved at time: 1.31 s
[2025-12-04 18:08:03.470] [info] Solved at time: 1.32 s
[2025-12-04 18:08:03.487] [info] Solved at time: 1.33 s
[2025-12-04 18:08:03.506] [info] Solved at time: 1.34 s
[2025-12-04 18:08:03.520] [info] Solved at time: 1.35 s
[2025-12-04 18:08:03.536] [info] Solved at time: 1.36 s
[2025-12-04 18:08:03.555] [info] Solved at time: 1.37 s
