[2025-02-12 12:48:33.483] [info] Done.
[2025-02-12 12:49:39.768] [info] Done.
[2025-05-29 17:28:31.962] [info] Updating Model file from 40000 to latest format...
[2025-05-29 17:28:31.977] [info] Loaded model Rajagopal_2015 from file Rajagopal_2015.osim
[2025-05-29 17:28:32.570] [info] Heading correction computed to be 113.307 degs about ground Y.
[2025-05-29 17:28:32.574] [info] Processing torso_imu
[2025-05-29 17:28:32.574] [info] Computed offset for torso_imu
[2025-05-29 17:28:32.574] [info] Offset is 
[0.315294,-0.0237375,0.948697]
[0.94644,0.0811645,-0.312513]
[-0.0695822,0.996418,0.0480568]

[2025-05-29 17:28:32.575] [info] Creating offset frame for torso_imu
[2025-05-29 17:28:32.576] [info] Added offset frame for torso_imu.
[2025-05-29 17:28:32.576] [info] torso_imu offset computed from torso_imu data from file.
[2025-05-29 17:28:32.576] [info] Processing pelvis_imu
[2025-05-29 17:28:32.576] [info] Computed offset for pelvis_imu
[2025-05-29 17:28:32.576] [info] Offset is 
[0.280953,0.00157552,0.95972]
[0.957527,0.0671338,-0.280421]
[-0.0648715,0.997743,0.0173528]

[2025-05-29 17:28:32.576] [info] Creating offset frame for pelvis_imu
[2025-05-29 17:28:32.577] [info] Added offset frame for pelvis_imu.
[2025-05-29 17:28:32.577] [info] pelvis_imu offset computed from pelvis_imu data from file.
[2025-05-29 17:28:32.577] [info] Processing tibia_r_imu
[2025-05-29 17:28:32.577] [info] Computed offset for tibia_r_imu
[2025-05-29 17:28:32.577] [info] Offset is 
[0.0965278,0.977377,-0.188191]
[0.989909,-0.113978,-0.0842017]
[-0.103746,-0.178164,-0.978516]

[2025-05-29 17:28:32.577] [info] Creating offset frame for tibia_r_imu
[2025-05-29 17:28:32.578] [info] Added offset frame for tibia_r_imu.
[2025-05-29 17:28:32.578] [info] tibia_r_imu offset computed from tibia_r_imu data from file.
[2025-05-29 17:28:32.578] [info] Processing femur_r_imu
[2025-05-29 17:28:32.578] [info] Computed offset for femur_r_imu
[2025-05-29 17:28:32.578] [info] Offset is 
[-0.0408079,0.969041,-0.243505]
[0.996553,0.0570898,0.0601841]
[0.0722225,-0.24021,-0.968031]

[2025-05-29 17:28:32.578] [info] Creating offset frame for femur_r_imu
[2025-05-29 17:28:32.579] [info] Added offset frame for femur_r_imu.
[2025-05-29 17:28:32.579] [info] femur_r_imu offset computed from femur_r_imu data from file.
[2025-05-29 17:28:32.579] [info] Processing tibia_l_imu
[2025-05-29 17:28:32.579] [info] Computed offset for tibia_l_imu
[2025-05-29 17:28:32.579] [info] Offset is 
[0.0950796,-0.941402,0.323607]
[0.992984,0.0667322,-0.0976203]
[0.070305,0.330618,0.941142]

[2025-05-29 17:28:32.579] [info] Creating offset frame for tibia_l_imu
[2025-05-29 17:28:32.580] [info] Added offset frame for tibia_l_imu.
[2025-05-29 17:28:32.580] [info] tibia_l_imu offset computed from tibia_l_imu data from file.
[2025-05-29 17:28:32.580] [info] Processing femur_l_imu
[2025-05-29 17:28:32.580] [info] Computed offset for femur_l_imu
[2025-05-29 17:28:32.580] [info] Offset is 
[0.15939,-0.980766,0.112659]
[0.985443,0.164899,0.0413474]
[-0.0591295,0.104428,0.992773]

[2025-05-29 17:28:32.581] [info] Creating offset frame for femur_l_imu
[2025-05-29 17:28:32.581] [info] Added offset frame for femur_l_imu.
[2025-05-29 17:28:32.581] [info] femur_l_imu offset computed from femur_l_imu data from file.
[2025-05-29 17:28:32.581] [info] Processing calcn_r_imu
[2025-05-29 17:28:32.581] [info] Computed offset for calcn_r_imu
[2025-05-29 17:28:32.581] [info] Offset is 
[0.132853,0.838951,-0.527742]
[0.052645,-0.537683,-0.841502]
[-0.989737,0.0840129,-0.115599]

[2025-05-29 17:28:32.581] [info] Creating offset frame for calcn_r_imu
[2025-05-29 17:28:32.582] [info] Added offset frame for calcn_r_imu.
[2025-05-29 17:28:32.582] [info] calcn_r_imu offset computed from calcn_r_imu data from file.
[2025-05-29 17:28:32.582] [info] Processing calcn_l_imu
[2025-05-29 17:28:32.582] [info] Computed offset for calcn_l_imu
[2025-05-29 17:28:32.582] [info] Offset is 
[0.055168,-0.866604,-0.495938]
[0.00919381,0.497114,-0.867636]
[0.998435,0.0433062,0.0353922]

[2025-05-29 17:28:32.582] [info] Creating offset frame for calcn_l_imu
[2025-05-29 17:28:32.583] [info] Added offset frame for calcn_l_imu.
[2025-05-29 17:28:32.583] [info] calcn_l_imu offset computed from calcn_l_imu data from file.
[2025-05-29 17:28:33.541] [info] InverseKinematicsSolver found 8 model frames to track.
[2025-05-29 17:36:23.992] [info] Updating Model file from 40000 to latest format...
[2025-05-29 17:36:24.001] [info] Loaded model Rajagopal_2015 from file Rajagopal_2015.osim
[2025-05-29 17:36:24.056] [info] Heading correction computed to be 113.307 degs about ground Y.
[2025-05-29 17:36:24.059] [info] Processing torso_imu
[2025-05-29 17:36:24.059] [info] Computed offset for torso_imu
[2025-05-29 17:36:24.059] [info] Offset is 
[0.315294,-0.0237375,0.948697]
[0.94644,0.0811645,-0.312513]
[-0.0695822,0.996418,0.0480568]

[2025-05-29 17:36:24.059] [info] Creating offset frame for torso_imu
[2025-05-29 17:36:24.060] [info] Added offset frame for torso_imu.
[2025-05-29 17:36:24.060] [info] torso_imu offset computed from torso_imu data from file.
[2025-05-29 17:36:24.060] [info] Processing pelvis_imu
[2025-05-29 17:36:24.060] [info] Computed offset for pelvis_imu
[2025-05-29 17:36:24.060] [info] Offset is 
[0.280953,0.00157552,0.95972]
[0.957527,0.0671338,-0.280421]
[-0.0648715,0.997743,0.0173528]

[2025-05-29 17:36:24.060] [info] Creating offset frame for pelvis_imu
[2025-05-29 17:36:24.061] [info] Added offset frame for pelvis_imu.
[2025-05-29 17:36:24.061] [info] pelvis_imu offset computed from pelvis_imu data from file.
[2025-05-29 17:36:24.061] [info] Processing tibia_r_imu
[2025-05-29 17:36:24.061] [info] Computed offset for tibia_r_imu
[2025-05-29 17:36:24.061] [info] Offset is 
[0.0965278,0.977377,-0.188191]
[0.989909,-0.113978,-0.0842017]
[-0.103746,-0.178164,-0.978516]

[2025-05-29 17:36:24.061] [info] Creating offset frame for tibia_r_imu
[2025-05-29 17:36:24.061] [info] Added offset frame for tibia_r_imu.
[2025-05-29 17:36:24.061] [info] tibia_r_imu offset computed from tibia_r_imu data from file.
[2025-05-29 17:36:24.061] [info] Processing femur_r_imu
[2025-05-29 17:36:24.061] [info] Computed offset for femur_r_imu
[2025-05-29 17:36:24.061] [info] Offset is 
[-0.0408079,0.969041,-0.243505]
[0.996553,0.0570898,0.0601841]
[0.0722225,-0.24021,-0.968031]

[2025-05-29 17:36:24.061] [info] Creating offset frame for femur_r_imu
[2025-05-29 17:36:24.062] [info] Added offset frame for femur_r_imu.
[2025-05-29 17:36:24.062] [info] femur_r_imu offset computed from femur_r_imu data from file.
[2025-05-29 17:36:24.062] [info] Processing tibia_l_imu
[2025-05-29 17:36:24.062] [info] Computed offset for tibia_l_imu
[2025-05-29 17:36:24.062] [info] Offset is 
[0.0950796,-0.941402,0.323607]
[0.992984,0.0667322,-0.0976203]
[0.070305,0.330618,0.941142]

[2025-05-29 17:36:24.062] [info] Creating offset frame for tibia_l_imu
[2025-05-29 17:36:24.062] [info] Added offset frame for tibia_l_imu.
[2025-05-29 17:36:24.062] [info] tibia_l_imu offset computed from tibia_l_imu data from file.
[2025-05-29 17:36:24.062] [info] Processing femur_l_imu
[2025-05-29 17:36:24.062] [info] Computed offset for femur_l_imu
[2025-05-29 17:36:24.063] [info] Offset is 
[0.15939,-0.980766,0.112659]
[0.985443,0.164899,0.0413474]
[-0.0591295,0.104428,0.992773]

[2025-05-29 17:36:24.063] [info] Creating offset frame for femur_l_imu
[2025-05-29 17:36:24.063] [info] Added offset frame for femur_l_imu.
[2025-05-29 17:36:24.063] [info] femur_l_imu offset computed from femur_l_imu data from file.
[2025-05-29 17:36:24.063] [info] Processing calcn_r_imu
[2025-05-29 17:36:24.063] [info] Computed offset for calcn_r_imu
[2025-05-29 17:36:24.063] [info] Offset is 
[0.132853,0.838951,-0.527742]
[0.052645,-0.537683,-0.841502]
[-0.989737,0.0840129,-0.115599]

[2025-05-29 17:36:24.063] [info] Creating offset frame for calcn_r_imu
[2025-05-29 17:36:24.064] [info] Added offset frame for calcn_r_imu.
[2025-05-29 17:36:24.064] [info] calcn_r_imu offset computed from calcn_r_imu data from file.
[2025-05-29 17:36:24.064] [info] Processing calcn_l_imu
[2025-05-29 17:36:24.064] [info] Computed offset for calcn_l_imu
[2025-05-29 17:36:24.064] [info] Offset is 
[0.055168,-0.866604,-0.495938]
[0.00919381,0.497114,-0.867636]
[0.998435,0.0433062,0.0353922]

[2025-05-29 17:36:24.064] [info] Creating offset frame for calcn_l_imu
[2025-05-29 17:36:24.064] [info] Added offset frame for calcn_l_imu.
[2025-05-29 17:36:24.064] [info] calcn_l_imu offset computed from calcn_l_imu data from file.
[2025-05-29 17:36:24.810] [info] InverseKinematicsSolver found 8 model frames to track.
[2025-05-29 17:36:45.267] [info] Loaded model Rajagopal_2015 from file Rajagopal_2015_calibrated.osim
[2025-05-29 17:36:45.331] [info] Loading orientations as quaternions from 'MT_012005D6_009-001_orientations.sto'...
[2025-05-29 17:36:46.078] [info] InverseKinematicsSolver found 8 model frames to track.
[2025-05-29 17:37:11.985] [info] Wrote IK with IMU tracking results to: 'ik_MT_012005D6_009-001_orientations.mot'.
[2025-06-02 11:30:09.466] [info] Loaded model Rajagopal_2015 from file Rajagopal_2015_calibrated.osim
[2025-06-02 11:30:10.194] [info] Loading orientations as quaternions from 'MT_012005D6_009-001_orientations.sto'...
[2025-06-02 11:30:11.437] [info] InverseKinematicsSolver found 8 model frames to track.
[2025-06-02 11:30:38.450] [info] Wrote IK with IMU tracking results to: 'ik_MT_012005D6_009-001_orientations.mot'.
[2025-06-02 11:32:06.846] [info] Loaded model Rajagopal_2015 from file Rajagopal_2015_calibrated.osim
[2025-06-02 11:32:06.908] [info] Loading orientations as quaternions from 'MT_012005D6_009-001_orientations.sto'...
[2025-06-02 11:32:07.909] [info] InverseKinematicsSolver found 8 model frames to track.
[2025-06-02 11:32:35.478] [info] Wrote IK with IMU tracking results to: 'ik_MT_012005D6_009-001_orientations.mot'.
[2025-07-17 20:15:02.614] [info] Updating Model file from 40000 to latest format...
[2025-07-17 20:15:02.632] [info] Loaded model Rajagopal_2015 from file Rajagopal_2015.osim
[2025-07-17 20:15:03.369] [info] Heading correction computed to be 113.307 degs about ground Y.
[2025-07-17 20:15:03.372] [info] Processing torso_imu
[2025-07-17 20:15:03.372] [info] Computed offset for torso_imu
[2025-07-17 20:15:03.372] [info] Offset is 
[0.315294,-0.0237375,0.948697]
[0.94644,0.0811645,-0.312513]
[-0.0695822,0.996418,0.0480568]

[2025-07-17 20:15:03.372] [info] Creating offset frame for torso_imu
[2025-07-17 20:15:03.373] [info] Added offset frame for torso_imu.
[2025-07-17 20:15:03.373] [info] torso_imu offset computed from torso_imu data from file.
[2025-07-17 20:15:03.373] [info] Processing pelvis_imu
[2025-07-17 20:15:03.373] [info] Computed offset for pelvis_imu
[2025-07-17 20:15:03.373] [info] Offset is 
[0.280953,0.00157552,0.95972]
[0.957527,0.0671338,-0.280421]
[-0.0648715,0.997743,0.0173528]

[2025-07-17 20:15:03.373] [info] Creating offset frame for pelvis_imu
[2025-07-17 20:15:03.374] [info] Added offset frame for pelvis_imu.
[2025-07-17 20:15:03.374] [info] pelvis_imu offset computed from pelvis_imu data from file.
[2025-07-17 20:15:03.374] [info] Processing tibia_r_imu
[2025-07-17 20:15:03.374] [info] Computed offset for tibia_r_imu
[2025-07-17 20:15:03.374] [info] Offset is 
[0.0965278,0.977377,-0.188191]
[0.989909,-0.113978,-0.0842017]
[-0.103746,-0.178164,-0.978516]

[2025-07-17 20:15:03.374] [info] Creating offset frame for tibia_r_imu
[2025-07-17 20:15:03.374] [info] Added offset frame for tibia_r_imu.
[2025-07-17 20:15:03.374] [info] tibia_r_imu offset computed from tibia_r_imu data from file.
[2025-07-17 20:15:03.374] [info] Processing femur_r_imu
[2025-07-17 20:15:03.375] [info] Computed offset for femur_r_imu
[2025-07-17 20:15:03.375] [info] Offset is 
[-0.0408079,0.969041,-0.243505]
[0.996553,0.0570898,0.0601841]
[0.0722225,-0.24021,-0.968031]

[2025-07-17 20:15:03.375] [info] Creating offset frame for femur_r_imu
[2025-07-17 20:15:03.375] [info] Added offset frame for femur_r_imu.
[2025-07-17 20:15:03.375] [info] femur_r_imu offset computed from femur_r_imu data from file.
[2025-07-17 20:15:03.375] [info] Processing tibia_l_imu
[2025-07-17 20:15:03.376] [info] Computed offset for tibia_l_imu
[2025-07-17 20:15:03.376] [info] Offset is 
[0.0950796,-0.941402,0.323607]
[0.992984,0.0667322,-0.0976203]
[0.070305,0.330618,0.941142]

[2025-07-17 20:15:03.376] [info] Creating offset frame for tibia_l_imu
[2025-07-17 20:15:03.376] [info] Added offset frame for tibia_l_imu.
[2025-07-17 20:15:03.376] [info] tibia_l_imu offset computed from tibia_l_imu data from file.
[2025-07-17 20:15:03.376] [info] Processing femur_l_imu
[2025-07-17 20:15:03.376] [info] Computed offset for femur_l_imu
[2025-07-17 20:15:03.376] [info] Offset is 
[0.15939,-0.980766,0.112659]
[0.985443,0.164899,0.0413474]
[-0.0591295,0.104428,0.992773]

[2025-07-17 20:15:03.376] [info] Creating offset frame for femur_l_imu
[2025-07-17 20:15:03.377] [info] Added offset frame for femur_l_imu.
[2025-07-17 20:15:03.377] [info] femur_l_imu offset computed from femur_l_imu data from file.
[2025-07-17 20:15:03.377] [info] Processing calcn_r_imu
[2025-07-17 20:15:03.377] [info] Computed offset for calcn_r_imu
[2025-07-17 20:15:03.377] [info] Offset is 
[0.132853,0.838951,-0.527742]
[0.052645,-0.537683,-0.841502]
[-0.989737,0.0840129,-0.115599]

[2025-07-17 20:15:03.377] [info] Creating offset frame for calcn_r_imu
[2025-07-17 20:15:03.378] [info] Added offset frame for calcn_r_imu.
[2025-07-17 20:15:03.378] [info] calcn_r_imu offset computed from calcn_r_imu data from file.
[2025-07-17 20:15:03.378] [info] Processing calcn_l_imu
[2025-07-17 20:15:03.378] [info] Computed offset for calcn_l_imu
[2025-07-17 20:15:03.378] [info] Offset is 
[0.055168,-0.866604,-0.495938]
[0.00919381,0.497114,-0.867636]
[0.998435,0.0433062,0.0353922]

[2025-07-17 20:15:03.378] [info] Creating offset frame for calcn_l_imu
[2025-07-17 20:15:03.378] [info] Added offset frame for calcn_l_imu.
[2025-07-17 20:15:03.378] [info] calcn_l_imu offset computed from calcn_l_imu data from file.
[2025-07-17 20:15:04.314] [info] InverseKinematicsSolver found 8 model frames to track.
[2025-07-17 20:23:56.853] [info] Loaded model Rajagopal_2015 from file Rajagopal_2015_calibrated.osim
[2025-07-17 20:23:56.904] [info] Loading orientations as quaternions from 'MT_012005D6_009-001_orientations.sto'...
[2025-07-17 20:23:57.540] [info] InverseKinematicsSolver found 8 model frames to track.
[2025-07-18 12:50:28.647] [info] Loaded model Rajagopal_2015 from file Rajagopal_2015_calibrated.osim
[2025-07-18 12:50:29.272] [info] Loading orientations as quaternions from 'MT_012005D6_009-001_orientations.sto'...
[2025-07-23 17:54:24.871] [info] Loaded model Rajagopal_2015 from file Rajagopal_2015_calibrated.osim
[2025-07-23 18:08:58.114] [info] Loaded model Rajagopal_2015 from file Rajagopal_2015_calibrated.osim
[2025-07-23 18:08:58.128] [info] Loading orientations as quaternions from 'MT_012005D6_009-001_orientations.sto'...
[2025-07-24 19:46:40.116] [info] Loaded model Rajagopal_2015 from file Rajagopal_2015_calibrated.osim
[2025-07-24 19:46:40.761] [info] Loading orientations as quaternions from 'MT_012005D6_009-001_orientations.sto'...
[2025-07-24 19:46:41.665] [info] InverseKinematicsSolver found 8 model frames to track.
[2025-07-24 20:00:58.366] [info] Loaded model Rajagopal_2015 from file Rajagopal_2015_calibrated.osim
[2025-07-26 17:44:23.830] [info] Loaded model Rajagopal_2015 from file Rajagopal_2015_calibrated.osim
[2025-07-26 17:44:24.641] [info] Loading orientations as quaternions from 'MT_012005D6_009-001_orientations.sto'...
[2025-07-26 17:44:25.664] [info] InverseKinematicsSolver found 8 model frames to track.
[2025-07-26 17:44:52.052] [info] Wrote IK with IMU tracking results to: 'ik_MT_012005D6_009-001_orientations.mot'.
[2025-07-26 17:47:08.359] [info] Loaded model Rajagopal_2015 from file Rajagopal_2015_calibrated.osim
[2025-07-26 17:47:08.420] [info] Loading orientations as quaternions from 'MT_012005D6_009-001_orientations.sto'...
[2025-07-26 17:47:09.285] [info] InverseKinematicsSolver found 8 model frames to track.
[2025-07-26 17:47:36.097] [info] Wrote IK with IMU tracking results to: 'ik_MT_012005D6_009-001_orientations.mot'.
[2025-07-26 17:47:42.620] [info] Loaded model Rajagopal_2015 from file Rajagopal_2015_calibrated.osim
[2025-07-26 17:47:42.686] [info] Loading orientations as quaternions from 'MT_012005D6_009-001_orientations.sto'...
[2025-07-26 17:47:43.474] [info] InverseKinematicsSolver found 8 model frames to track.
[2025-07-26 17:48:34.030] [info] Loaded model Rajagopal_2015 from file Rajagopal_2015_calibrated.osim
[2025-07-26 17:48:34.091] [info] Loading orientations as quaternions from 'MT_012005D6_009-001_orientations.sto'...
[2025-07-26 17:48:34.923] [info] InverseKinematicsSolver found 8 model frames to track.
[2025-07-26 17:49:16.987] [info] Loaded model Rajagopal_2015 from file Rajagopal_2015_calibrated.osim
[2025-07-26 17:49:17.054] [info] Loading orientations as quaternions from 'MT_012005D6_009-001_orientations.sto'...
[2025-07-26 17:49:17.820] [info] InverseKinematicsSolver found 8 model frames to track.
[2025-07-26 17:49:45.242] [info] Wrote IK with IMU tracking results to: 'ik_MT_012005D6_009-001_orientations.mot'.
[2025-07-26 22:16:29.750] [info] Updating Model file from 40000 to latest format...
[2025-07-26 22:16:29.763] [info] Loaded model Rajagopal_2015 from file Rajagopal_2015.osim
[2025-07-26 22:16:30.482] [info] Heading correction computed to be 113.307 degs about ground Y.
[2025-07-26 22:16:30.485] [info] Processing torso_imu
[2025-07-26 22:16:30.485] [info] Computed offset for torso_imu
[2025-07-26 22:16:30.485] [info] Offset is 
[0.315294,-0.0237375,0.948697]
[0.94644,0.0811645,-0.312513]
[-0.0695822,0.996418,0.0480568]

[2025-07-26 22:16:30.485] [info] Creating offset frame for torso_imu
[2025-07-26 22:16:30.486] [info] Added offset frame for torso_imu.
[2025-07-26 22:16:30.486] [info] torso_imu offset computed from torso_imu data from file.
[2025-07-26 22:16:30.486] [info] Processing pelvis_imu
[2025-07-26 22:16:30.486] [info] Computed offset for pelvis_imu
[2025-07-26 22:16:30.486] [info] Offset is 
[0.280953,0.00157552,0.95972]
[0.957527,0.0671338,-0.280421]
[-0.0648715,0.997743,0.0173528]

[2025-07-26 22:16:30.486] [info] Creating offset frame for pelvis_imu
[2025-07-26 22:16:30.487] [info] Added offset frame for pelvis_imu.
[2025-07-26 22:16:30.487] [info] pelvis_imu offset computed from pelvis_imu data from file.
[2025-07-26 22:16:30.487] [info] Processing tibia_r_imu
[2025-07-26 22:16:30.487] [info] Computed offset for tibia_r_imu
[2025-07-26 22:16:30.487] [info] Offset is 
[0.0965278,0.977377,-0.188191]
[0.989909,-0.113978,-0.0842017]
[-0.103746,-0.178164,-0.978516]

[2025-07-26 22:16:30.487] [info] Creating offset frame for tibia_r_imu
[2025-07-26 22:16:30.488] [info] Added offset frame for tibia_r_imu.
[2025-07-26 22:16:30.488] [info] tibia_r_imu offset computed from tibia_r_imu data from file.
[2025-07-26 22:16:30.488] [info] Processing femur_r_imu
[2025-07-26 22:16:30.488] [info] Computed offset for femur_r_imu
[2025-07-26 22:16:30.488] [info] Offset is 
[-0.0408079,0.969041,-0.243505]
[0.996553,0.0570898,0.0601841]
[0.0722225,-0.24021,-0.968031]

[2025-07-26 22:16:30.488] [info] Creating offset frame for femur_r_imu
[2025-07-26 22:16:30.488] [info] Added offset frame for femur_r_imu.
[2025-07-26 22:16:30.488] [info] femur_r_imu offset computed from femur_r_imu data from file.
[2025-07-26 22:16:30.488] [info] Processing tibia_l_imu
[2025-07-26 22:16:30.488] [info] Computed offset for tibia_l_imu
[2025-07-26 22:16:30.488] [info] Offset is 
[0.0950796,-0.941402,0.323607]
[0.992984,0.0667322,-0.0976203]
[0.070305,0.330618,0.941142]

[2025-07-26 22:16:30.488] [info] Creating offset frame for tibia_l_imu
[2025-07-26 22:16:30.489] [info] Added offset frame for tibia_l_imu.
[2025-07-26 22:16:30.489] [info] tibia_l_imu offset computed from tibia_l_imu data from file.
[2025-07-26 22:16:30.489] [info] Processing femur_l_imu
[2025-07-26 22:16:30.489] [info] Computed offset for femur_l_imu
[2025-07-26 22:16:30.489] [info] Offset is 
[0.15939,-0.980766,0.112659]
[0.985443,0.164899,0.0413474]
[-0.0591295,0.104428,0.992773]

[2025-07-26 22:16:30.489] [info] Creating offset frame for femur_l_imu
[2025-07-26 22:16:30.489] [info] Added offset frame for femur_l_imu.
[2025-07-26 22:16:30.489] [info] femur_l_imu offset computed from femur_l_imu data from file.
[2025-07-26 22:16:30.489] [info] Processing calcn_r_imu
[2025-07-26 22:16:30.489] [info] Computed offset for calcn_r_imu
[2025-07-26 22:16:30.490] [info] Offset is 
[0.132853,0.838951,-0.527742]
[0.052645,-0.537683,-0.841502]
[-0.989737,0.0840129,-0.115599]

[2025-07-26 22:16:30.490] [info] Creating offset frame for calcn_r_imu
[2025-07-26 22:16:30.490] [info] Added offset frame for calcn_r_imu.
[2025-07-26 22:16:30.490] [info] calcn_r_imu offset computed from calcn_r_imu data from file.
[2025-07-26 22:16:30.490] [info] Processing calcn_l_imu
[2025-07-26 22:16:30.490] [info] Computed offset for calcn_l_imu
[2025-07-26 22:16:30.490] [info] Offset is 
[0.055168,-0.866604,-0.495938]
[0.00919381,0.497114,-0.867636]
[0.998435,0.0433062,0.0353922]

[2025-07-26 22:16:30.490] [info] Creating offset frame for calcn_l_imu
[2025-07-26 22:16:30.491] [info] Added offset frame for calcn_l_imu.
[2025-07-26 22:16:30.491] [info] calcn_l_imu offset computed from calcn_l_imu data from file.
[2025-07-26 22:16:31.429] [info] InverseKinematicsSolver found 8 model frames to track.
[2025-07-26 22:17:53.204] [info] Loaded model Rajagopal_2015 from file Rajagopal_2015_calibrated.osim
[2025-07-26 22:17:53.269] [info] Loading orientations as quaternions from 'MT_012005D6_009-001_orientations.sto'...
[2025-07-26 22:17:53.980] [info] InverseKinematicsSolver found 8 model frames to track.
[2025-07-26 23:55:26.290] [info] Updating Model file from 40000 to latest format...
[2025-07-26 23:55:26.304] [info] Loaded model Rajagopal_2015 from file Rajagopal_2015.osim
[2025-07-26 23:55:26.920] [info] Heading correction computed to be -120.418 degs about ground Y.
[2025-07-26 23:55:26.922] [info] Processing pelvis_imu
[2025-07-26 23:55:26.922] [info] Computed offset for pelvis_imu
[2025-07-26 23:55:26.922] [info] Offset is 
[-0.426747,0.0891475,0.899966]
[0.900467,-0.0504787,0.431985]
[0.0839395,0.994738,-0.0587328]

[2025-07-26 23:55:26.922] [info] Creating offset frame for pelvis_imu
[2025-07-26 23:55:26.923] [info] Added offset frame for pelvis_imu.
[2025-07-26 23:55:26.923] [info] pelvis_imu offset computed from pelvis_imu data from file.
[2025-07-26 23:55:26.923] [info] Processing tibia_r_imu
[2025-07-26 23:55:26.923] [info] Computed offset for tibia_r_imu
[2025-07-26 23:55:26.923] [info] Offset is 
[-0.041983,0.965806,0.255844]
[0.98728,0.0794047,-0.137742]
[-0.153348,0.246807,-0.956855]

[2025-07-26 23:55:26.923] [info] Creating offset frame for tibia_r_imu
[2025-07-26 23:55:26.924] [info] Added offset frame for tibia_r_imu.
[2025-07-26 23:55:26.924] [info] tibia_r_imu offset computed from tibia_r_imu data from file.
[2025-07-26 23:55:26.924] [info] Processing femur_r_imu
[2025-07-26 23:55:26.924] [info] Computed offset for femur_r_imu
[2025-07-26 23:55:26.924] [info] Offset is 
[-0.0327562,0.999437,0.00721849]
[0.988811,0.0334579,-0.145376]
[-0.145536,0.00237576,-0.98935]

[2025-07-26 23:55:26.924] [info] Creating offset frame for femur_r_imu
[2025-07-26 23:55:26.925] [info] Added offset frame for femur_r_imu.
[2025-07-26 23:55:26.925] [info] femur_r_imu offset computed from femur_r_imu data from file.
[2025-07-26 23:55:26.925] [info] Processing tibia_l_imu
[2025-07-26 23:55:26.925] [info] Computed offset for tibia_l_imu
[2025-07-26 23:55:26.925] [info] Offset is 
[-0.0179824,-0.942709,0.333131]
[0.985756,-0.0724389,-0.15178]
[0.167216,0.325656,0.930584]

[2025-07-26 23:55:26.925] [info] Creating offset frame for tibia_l_imu
[2025-07-26 23:55:26.925] [info] Added offset frame for tibia_l_imu.
[2025-07-26 23:55:26.925] [info] tibia_l_imu offset computed from tibia_l_imu data from file.
[2025-07-26 23:55:26.925] [info] Processing femur_l_imu
[2025-07-26 23:55:26.925] [info] Computed offset for femur_l_imu
[2025-07-26 23:55:26.925] [info] Offset is 
[-0.0916627,-0.994473,-0.0511979]
[0.970774,-0.0777896,-0.22704]
[0.221803,-0.0705127,0.972539]

[2025-07-26 23:55:26.926] [info] Creating offset frame for femur_l_imu
[2025-07-26 23:55:26.926] [info] Added offset frame for femur_l_imu.
[2025-07-26 23:55:26.926] [info] femur_l_imu offset computed from femur_l_imu data from file.
[2025-07-26 23:55:26.926] [info] Processing calcn_r_imu
[2025-07-26 23:55:26.926] [info] Computed offset for calcn_r_imu
[2025-07-26 23:55:26.926] [info] Offset is 
[0.869927,0.180956,-0.458782]
[0.492975,-0.345894,0.798332]
[-0.0142269,-0.920659,-0.390109]

[2025-07-26 23:55:26.926] [info] Creating offset frame for calcn_r_imu
[2025-07-26 23:55:26.927] [info] Added offset frame for calcn_r_imu.
[2025-07-26 23:55:26.927] [info] calcn_r_imu offset computed from calcn_r_imu data from file.
[2025-07-26 23:55:26.927] [info] Processing calcn_l_imu
[2025-07-26 23:55:26.927] [info] Computed offset for calcn_l_imu
[2025-07-26 23:55:26.927] [info] Offset is 
[0.881891,-0.376126,-0.284249]
[0.434257,0.413333,0.80036]
[-0.183546,-0.829268,0.52785]

[2025-07-26 23:55:26.927] [info] Creating offset frame for calcn_l_imu
[2025-07-26 23:55:26.927] [info] Added offset frame for calcn_l_imu.
[2025-07-26 23:55:26.927] [info] calcn_l_imu offset computed from calcn_l_imu data from file.
[2025-07-26 23:55:27.682] [info] InverseKinematicsSolver found 7 model frames to track.
[2025-07-26 23:56:37.898] [info] Loaded model Rajagopal_2015 from file Rajagopal_2015_calibrated.osim
[2025-07-26 23:56:37.919] [info] Loading orientations as quaternions from 'l_comf_01-000_00_orientations.sto'...
[2025-07-26 23:56:38.556] [info] InverseKinematicsSolver found 7 model frames to track.
[2025-07-26 23:56:49.637] [info] Wrote IK with IMU tracking results to: 'ik_l_comf_01-000_00_orientations.mot'.
[2025-07-26 23:57:27.439] [info] Loaded model Rajagopal_2015 from file Rajagopal_2015_calibrated.osim
[2025-07-26 23:57:27.457] [info] Loading orientations as quaternions from 'l_comf_01-000_00_orientations.sto'...
[2025-07-26 23:57:28.069] [info] InverseKinematicsSolver found 7 model frames to track.
[2025-07-26 23:57:57.207] [info] Wrote IK with IMU tracking results to: 'ik_l_comf_01-000_00_orientations.mot'.
[2025-07-27 00:04:06.455] [info] Loaded model Rajagopal_2015 from file Rajagopal_2015_calibrated.osim
[2025-07-27 00:04:06.477] [info] Loading orientations as quaternions from 'l_comf_01-000_00_orientations.sto'...
[2025-07-27 00:04:07.271] [info] InverseKinematicsSolver found 7 model frames to track.
[2025-07-27 00:04:33.851] [info] Wrote IK with IMU tracking results to: 'ik_l_comf_01-000_00_orientations.mot'.
[2025-07-27 17:05:52.043] [info] Updating Model file from 40000 to latest format...
[2025-07-27 17:05:52.058] [info] Loaded model Rajagopal_2015 from file Rajagopal_2015.osim
[2025-07-27 17:05:52.782] [info] Heading correction computed to be -120.418 degs about ground Y.
[2025-07-27 17:05:52.784] [info] Processing pelvis_imu
[2025-07-27 17:05:52.784] [info] Computed offset for pelvis_imu
[2025-07-27 17:05:52.784] [info] Offset is 
[-0.426747,0.0891475,0.899966]
[0.900467,-0.0504787,0.431985]
[0.0839395,0.994738,-0.0587328]

[2025-07-27 17:05:52.784] [info] Creating offset frame for pelvis_imu
[2025-07-27 17:05:52.785] [info] Added offset frame for pelvis_imu.
[2025-07-27 17:05:52.785] [info] pelvis_imu offset computed from pelvis_imu data from file.
[2025-07-27 17:05:52.785] [info] Processing tibia_r_imu
[2025-07-27 17:05:52.785] [info] Computed offset for tibia_r_imu
[2025-07-27 17:05:52.785] [info] Offset is 
[-0.041983,0.965806,0.255844]
[0.98728,0.0794047,-0.137742]
[-0.153348,0.246807,-0.956855]

[2025-07-27 17:05:52.785] [info] Creating offset frame for tibia_r_imu
[2025-07-27 17:05:52.786] [info] Added offset frame for tibia_r_imu.
[2025-07-27 17:05:52.786] [info] tibia_r_imu offset computed from tibia_r_imu data from file.
[2025-07-27 17:05:52.786] [info] Processing femur_r_imu
[2025-07-27 17:05:52.786] [info] Computed offset for femur_r_imu
[2025-07-27 17:05:52.786] [info] Offset is 
[-0.0327562,0.999437,0.00721849]
[0.988811,0.0334579,-0.145376]
[-0.145536,0.00237576,-0.98935]

[2025-07-27 17:05:52.786] [info] Creating offset frame for femur_r_imu
[2025-07-27 17:05:52.787] [info] Added offset frame for femur_r_imu.
[2025-07-27 17:05:52.787] [info] femur_r_imu offset computed from femur_r_imu data from file.
[2025-07-27 17:05:52.787] [info] Processing tibia_l_imu
[2025-07-27 17:05:52.787] [info] Computed offset for tibia_l_imu
[2025-07-27 17:05:52.787] [info] Offset is 
[-0.0179824,-0.942709,0.333131]
[0.985756,-0.0724389,-0.15178]
[0.167216,0.325656,0.930584]

[2025-07-27 17:05:52.787] [info] Creating offset frame for tibia_l_imu
[2025-07-27 17:05:52.787] [info] Added offset frame for tibia_l_imu.
[2025-07-27 17:05:52.787] [info] tibia_l_imu offset computed from tibia_l_imu data from file.
[2025-07-27 17:05:52.787] [info] Processing femur_l_imu
[2025-07-27 17:05:52.787] [info] Computed offset for femur_l_imu
[2025-07-27 17:05:52.787] [info] Offset is 
[-0.0916627,-0.994473,-0.0511979]
[0.970774,-0.0777896,-0.22704]
[0.221803,-0.0705127,0.972539]

[2025-07-27 17:05:52.788] [info] Creating offset frame for femur_l_imu
[2025-07-27 17:05:52.788] [info] Added offset frame for femur_l_imu.
[2025-07-27 17:05:52.788] [info] femur_l_imu offset computed from femur_l_imu data from file.
[2025-07-27 17:05:52.788] [info] Processing calcn_r_imu
[2025-07-27 17:05:52.788] [info] Computed offset for calcn_r_imu
[2025-07-27 17:05:52.788] [info] Offset is 
[0.869927,0.180956,-0.458782]
[0.492975,-0.345894,0.798332]
[-0.0142269,-0.920659,-0.390109]

[2025-07-27 17:05:52.788] [info] Creating offset frame for calcn_r_imu
[2025-07-27 17:05:52.789] [info] Added offset frame for calcn_r_imu.
[2025-07-27 17:05:52.789] [info] calcn_r_imu offset computed from calcn_r_imu data from file.
[2025-07-27 17:05:52.789] [info] Processing calcn_l_imu
[2025-07-27 17:05:52.789] [info] Computed offset for calcn_l_imu
[2025-07-27 17:05:52.789] [info] Offset is 
[0.881891,-0.376126,-0.284249]
[0.434257,0.413333,0.80036]
[-0.183546,-0.829268,0.52785]

[2025-07-27 17:05:52.789] [info] Creating offset frame for calcn_l_imu
[2025-07-27 17:05:52.790] [info] Added offset frame for calcn_l_imu.
[2025-07-27 17:05:52.790] [info] calcn_l_imu offset computed from calcn_l_imu data from file.
[2025-07-27 17:05:53.830] [info] InverseKinematicsSolver found 7 model frames to track.
[2025-07-27 17:07:45.598] [info] Updating Model file from 40000 to latest format...
[2025-07-27 17:07:45.608] [info] Loaded model Rajagopal_2015 from file Rajagopal_2015.osim
[2025-07-27 17:07:45.639] [info] Heading correction computed to be -120.418 degs about ground Y.
[2025-07-27 17:07:45.640] [info] Processing pelvis_imu
[2025-07-27 17:07:45.640] [info] Computed offset for pelvis_imu
[2025-07-27 17:07:45.641] [info] Offset is 
[-0.426747,0.0891475,0.899966]
[0.900467,-0.0504787,0.431985]
[0.0839395,0.994738,-0.0587328]

[2025-07-27 17:07:45.641] [info] Creating offset frame for pelvis_imu
[2025-07-27 17:07:45.642] [info] Added offset frame for pelvis_imu.
[2025-07-27 17:07:45.642] [info] pelvis_imu offset computed from pelvis_imu data from file.
[2025-07-27 17:07:45.642] [info] Processing tibia_r_imu
[2025-07-27 17:07:45.642] [info] Computed offset for tibia_r_imu
[2025-07-27 17:07:45.642] [info] Offset is 
[-0.041983,0.965806,0.255844]
[0.98728,0.0794047,-0.137742]
[-0.153348,0.246807,-0.956855]

[2025-07-27 17:07:45.642] [info] Creating offset frame for tibia_r_imu
[2025-07-27 17:07:45.643] [info] Added offset frame for tibia_r_imu.
[2025-07-27 17:07:45.643] [info] tibia_r_imu offset computed from tibia_r_imu data from file.
[2025-07-27 17:07:45.643] [info] Processing femur_r_imu
[2025-07-27 17:07:45.643] [info] Computed offset for femur_r_imu
[2025-07-27 17:07:45.643] [info] Offset is 
[-0.0327562,0.999437,0.00721849]
[0.988811,0.0334579,-0.145376]
[-0.145536,0.00237576,-0.98935]

[2025-07-27 17:07:45.643] [info] Creating offset frame for femur_r_imu
[2025-07-27 17:07:45.644] [info] Added offset frame for femur_r_imu.
[2025-07-27 17:07:45.644] [info] femur_r_imu offset computed from femur_r_imu data from file.
[2025-07-27 17:07:45.644] [info] Processing tibia_l_imu
[2025-07-27 17:07:45.644] [info] Computed offset for tibia_l_imu
[2025-07-27 17:07:45.644] [info] Offset is 
[-0.0179824,-0.942709,0.333131]
[0.985756,-0.0724389,-0.15178]
[0.167216,0.325656,0.930584]

[2025-07-27 17:07:45.644] [info] Creating offset frame for tibia_l_imu
[2025-07-27 17:07:45.645] [info] Added offset frame for tibia_l_imu.
[2025-07-27 17:07:45.645] [info] tibia_l_imu offset computed from tibia_l_imu data from file.
[2025-07-27 17:07:45.645] [info] Processing femur_l_imu
[2025-07-27 17:07:45.645] [info] Computed offset for femur_l_imu
[2025-07-27 17:07:45.645] [info] Offset is 
[-0.0916627,-0.994473,-0.0511979]
[0.970774,-0.0777896,-0.22704]
[0.221803,-0.0705127,0.972539]

[2025-07-27 17:07:45.645] [info] Creating offset frame for femur_l_imu
[2025-07-27 17:07:45.646] [info] Added offset frame for femur_l_imu.
[2025-07-27 17:07:45.646] [info] femur_l_imu offset computed from femur_l_imu data from file.
[2025-07-27 17:07:45.646] [info] Processing calcn_r_imu
[2025-07-27 17:07:45.646] [info] Computed offset for calcn_r_imu
[2025-07-27 17:07:45.646] [info] Offset is 
[0.869927,0.180956,-0.458782]
[0.492975,-0.345894,0.798332]
[-0.0142269,-0.920659,-0.390109]

[2025-07-27 17:07:45.646] [info] Creating offset frame for calcn_r_imu
[2025-07-27 17:07:45.646] [info] Added offset frame for calcn_r_imu.
[2025-07-27 17:07:45.647] [info] calcn_r_imu offset computed from calcn_r_imu data from file.
[2025-07-27 17:07:45.647] [info] Processing calcn_l_imu
[2025-07-27 17:07:45.647] [info] Computed offset for calcn_l_imu
[2025-07-27 17:07:45.647] [info] Offset is 
[0.881891,-0.376126,-0.284249]
[0.434257,0.413333,0.80036]
[-0.183546,-0.829268,0.52785]

[2025-07-27 17:07:45.647] [info] Creating offset frame for calcn_l_imu
[2025-07-27 17:07:45.647] [info] Added offset frame for calcn_l_imu.
[2025-07-27 17:07:45.647] [info] calcn_l_imu offset computed from calcn_l_imu data from file.
[2025-07-27 17:07:46.416] [info] InverseKinematicsSolver found 7 model frames to track.
[2025-07-27 17:08:00.782] [info] Loaded model Rajagopal_2015 from file Rajagopal_2015_calibrated.osim
[2025-07-27 17:08:00.808] [info] Loading orientations as quaternions from 'l_comf_01-000_00_orientations.sto'...
[2025-07-27 17:08:01.584] [info] InverseKinematicsSolver found 7 model frames to track.
[2025-07-27 17:54:02.081] [info] Updating Model file from 40000 to latest format...
[2025-07-27 17:54:02.091] [info] Loaded model Rajagopal_2015 from file Rajagopal_2015.osim
[2025-07-27 17:54:02.123] [info] Heading correction computed to be -120.418 degs about ground Y.
[2025-07-27 17:54:02.125] [info] Processing pelvis_imu
[2025-07-27 17:54:02.125] [info] Computed offset for pelvis_imu
[2025-07-27 17:54:02.125] [info] Offset is 
[-0.426747,0.0891475,0.899966]
[0.900467,-0.0504787,0.431985]
[0.0839395,0.994738,-0.0587328]

[2025-07-27 17:54:02.125] [info] Creating offset frame for pelvis_imu
[2025-07-27 17:54:02.126] [info] Added offset frame for pelvis_imu.
[2025-07-27 17:54:02.126] [info] pelvis_imu offset computed from pelvis_imu data from file.
[2025-07-27 17:54:02.127] [info] Processing tibia_r_imu
[2025-07-27 17:54:02.127] [info] Computed offset for tibia_r_imu
[2025-07-27 17:54:02.127] [info] Offset is 
[-0.041983,0.965806,0.255844]
[0.98728,0.0794047,-0.137742]
[-0.153348,0.246807,-0.956855]

[2025-07-27 17:54:02.127] [info] Creating offset frame for tibia_r_imu
[2025-07-27 17:54:02.128] [info] Added offset frame for tibia_r_imu.
[2025-07-27 17:54:02.128] [info] tibia_r_imu offset computed from tibia_r_imu data from file.
[2025-07-27 17:54:02.128] [info] Processing femur_r_imu
[2025-07-27 17:54:02.128] [info] Computed offset for femur_r_imu
[2025-07-27 17:54:02.128] [info] Offset is 
[-0.0327562,0.999437,0.00721849]
[0.988811,0.0334579,-0.145376]
[-0.145536,0.00237576,-0.98935]

[2025-07-27 17:54:02.128] [info] Creating offset frame for femur_r_imu
[2025-07-27 17:54:02.129] [info] Added offset frame for femur_r_imu.
[2025-07-27 17:54:02.129] [info] femur_r_imu offset computed from femur_r_imu data from file.
[2025-07-27 17:54:02.129] [info] Processing tibia_l_imu
[2025-07-27 17:54:02.129] [info] Computed offset for tibia_l_imu
[2025-07-27 17:54:02.129] [info] Offset is 
[-0.0179824,-0.942709,0.333131]
[0.985756,-0.0724389,-0.15178]
[0.167216,0.325656,0.930584]

[2025-07-27 17:54:02.129] [info] Creating offset frame for tibia_l_imu
[2025-07-27 17:54:02.130] [info] Added offset frame for tibia_l_imu.
[2025-07-27 17:54:02.130] [info] tibia_l_imu offset computed from tibia_l_imu data from file.
[2025-07-27 17:54:02.130] [info] Processing femur_l_imu
[2025-07-27 17:54:02.130] [info] Computed offset for femur_l_imu
[2025-07-27 17:54:02.130] [info] Offset is 
[-0.506227,0.8624,-4.55297e-05]
[-0.000727018,-0.000373964,1]
[0.8624,0.506227,0.000816292]

[2025-07-27 17:54:02.130] [info] Creating offset frame for femur_l_imu
[2025-07-27 17:54:02.131] [info] Added offset frame for femur_l_imu.
[2025-07-27 17:54:02.131] [info] femur_l_imu offset computed from femur_l_imu data from file.
[2025-07-27 17:54:02.131] [info] Processing calcn_r_imu
[2025-07-27 17:54:02.131] [info] Computed offset for calcn_r_imu
[2025-07-27 17:54:02.131] [info] Offset is 
[0.869927,0.180956,-0.458782]
[0.492975,-0.345894,0.798332]
[-0.0142269,-0.920659,-0.390109]

[2025-07-27 17:54:02.131] [info] Creating offset frame for calcn_r_imu
[2025-07-27 17:54:02.131] [info] Added offset frame for calcn_r_imu.
[2025-07-27 17:54:02.131] [info] calcn_r_imu offset computed from calcn_r_imu data from file.
[2025-07-27 17:54:02.131] [info] Processing calcn_l_imu
[2025-07-27 17:54:02.131] [info] Computed offset for calcn_l_imu
[2025-07-27 17:54:02.131] [info] Offset is 
[0.881891,-0.376126,-0.284249]
[0.434257,0.413333,0.80036]
[-0.183546,-0.829268,0.52785]

[2025-07-27 17:54:02.132] [info] Creating offset frame for calcn_l_imu
[2025-07-27 17:54:02.132] [info] Added offset frame for calcn_l_imu.
[2025-07-27 17:54:02.132] [info] calcn_l_imu offset computed from calcn_l_imu data from file.
[2025-07-27 17:54:02.921] [info] InverseKinematicsSolver found 7 model frames to track.
[2025-07-27 17:54:58.702] [info] Loaded model Rajagopal_2015 from file Rajagopal_2015_calibrated.osim
[2025-07-27 17:54:58.728] [info] Loading orientations as quaternions from 'l_comf_01-000_00_orientations.sto'...
[2025-07-27 17:54:59.717] [info] InverseKinematicsSolver found 7 model frames to track.
[2025-07-27 17:55:26.018] [info] Wrote IK with IMU tracking results to: 'ik_l_comf_01-000_00_orientations.mot'.
[2025-07-30 12:45:37.701] [info] Updating Model file from 40000 to latest format...
[2025-07-30 12:45:37.718] [info] Loaded model Rajagopal_2015 from file Rajagopal_2015.osim
[2025-07-30 12:45:38.496] [info] Heading correction computed to be 90.0 degs about ground Y.
[2025-07-30 12:45:38.497] [info] Processing pelvis_imu
[2025-07-30 12:45:38.497] [info] Computed offset for pelvis_imu
[2025-07-30 12:45:38.497] [info] Offset is 
[2.22045e-16,-1,0]
[0,0,1]
[-1,-2.22045e-16,0]

[2025-07-30 12:45:38.497] [info] Creating offset frame for pelvis_imu
[2025-07-30 12:45:38.498] [info] Added offset frame for pelvis_imu.
[2025-07-30 12:45:38.498] [info] pelvis_imu offset computed from pelvis_imu data from file.
[2025-07-30 12:45:38.499] [info] Processing tibia_r_imu
[2025-07-30 12:45:38.499] [info] Computed offset for tibia_r_imu
[2025-07-30 12:45:38.499] [info] Offset is 
