// Start Time: Unknown
// Update Rate: 60.0Hz
//Filter Profile: human (46.1)
// Option Flags: AHS Disabled ICC Disabled
// Firmware Version: 4.0.2
0	sampleTimeFine	Year	Month	Day	Second	UTC_Nano	UTC_Year	UTC_Month	UTC_Day	UTC_Hour	UTC_Minute	UTC_Second	UTC_Valid	Acc_X	Acc_Y	Acc_Z	Mat[1][1]	Mat[2][1]	Mat[3][1]	Mat[1][2]	Mat[2][2]	Mat[3][2]	Mat[1][3]	Mat[2][3]	Mat[3][3]
0	2875313													0.000000	0.000000	0.000000	0.338755	-0.842554	-0.418745	-0.008431	-0.447760	0.894114	-0.940837	-0.299355	-0.158785
1	2875480													9.221051	-0.071621	3.384535	0.339381	-0.842662	-0.418020	-0.008106	-0.446999	0.894498	-0.940614	-0.300187	-0.158533
2	2875647													9.202859	-0.037689	3.328292	0.340336	-0.842710	-0.417147	-0.007726	-0.446121	0.894939	-0.940272	-0.301357	-0.158342
3	2875813													9.204382	-0.041888	3.312644	0.340660	-0.842305	-0.417700	-0.006889	-0.446498	0.894758	-0.940161	-0.301931	-0.157907
4	2875980													9.289148	-0.062834	3.346128	0.340551	-0.842258	-0.417883	-0.006253	-0.446469	0.894777	-0.940205	-0.302105	-0.157312
5	2876147													9.329434	-0.100727	3.328698	0.340429	-0.841902	-0.418700	-0.005991	-0.447230	0.894399	-0.940251	-0.301971	-0.157294
6	2876313													9.204915	-0.107186	3.398152	0.340313	-0.841971	-0.418656	-0.006010	-0.447169	0.894429	-0.940293	-0.301870	-0.157238
7	2876480													9.194401	-0.044277	3.411999	0.340212	-0.841946	-0.418786	-0.006089	-0.447315	0.894356	-0.940329	-0.301721	-0.157308
8	2876647													9.188388	-0.065010	3.394974	0.340240	-0.841947	-0.418764	-0.006181	-0.447326	0.894350	-0.940318	-0.301705	-0.157402
9	2876813													9.217272	-0.095604	3.383499	0.340312	-0.841939	-0.418720	-0.006271	-0.447321	0.894351	-0.940292	-0.301732	-0.157509
10	2876980													9.220188	-0.092938	3.363417	0.340349	-0.841909	-0.418751	-0.006394	-0.447400	0.894311	-0.940278	-0.301700	-0.157655
11	2877147													9.201837	-0.053070	3.377117	0.340392	-0.841958	-0.418616	-0.006521	-0.447306	0.894357	-0.940261	-0.301702	-0.157750
12	2877313													9.206237	-0.064786	3.362026	0.340349	-0.842096	-0.418373	-0.006554	-0.447050	0.894485	-0.940276	-0.301695	-0.157672
13	2877480													9.242988	-0.028215	3.326396	0.340229	-0.842119	-0.418426	-0.006570	-0.447090	0.894465	-0.940320	-0.301573	-0.157646
14	2877647													9.236841	-0.033641	3.343067	0.340093	-0.842026	-0.418724	-0.006524	-0.447367	0.894327	-0.940369	-0.301422	-0.157640
15	2877813													9.268990	-0.051201	3.351593	0.340047	-0.841983	-0.418847	-0.006452	-0.447467	0.894277	-0.940386	-0.301394	-0.157592
16	2877980													9.258267	-0.032447	3.329370	0.340087	-0.841971	-0.418838	-0.006413	-0.447452	0.894285	-0.940372	-0.301449	-0.157573
17	2878147													9.264444	-0.028746	3.367421	0.340109	-0.841950	-0.418862	-0.006396	-0.447476	0.894273	-0.940364	-0.301472	-0.157576
18	2878313													9.207766	-0.049177	3.386429	0.340056	-0.841851	-0.419104	-0.006371	-0.447716	0.894153	-0.940384	-0.301392	-0.157612
19	2878480													9.205747	-0.025466	3.339046	0.339862	-0.841957	-0.419049	-0.006364	-0.447620	0.894201	-0.940454	-0.301238	-0.157487
20	2878647													9.213799	-0.066263	3.329849	0.339606	-0.842008	-0.419153	-0.006432	-0.447707	0.894157	-0.940546	-0.300965	-0.157460
21	2878813													9.258407	-0.056300	3.321578	0.339377	-0.842057	-0.419240	-0.006610	-0.447816	0.894101	-0.940627	-0.300666	-0.157545
22	2878980													9.247735	-0.066558	3.316945	0.339277	-0.842067	-0.419302	-0.006742	-0.447905	0.894056	-0.940662	-0.300506	-0.157641
23	2879147													9.274084	-0.039490	3.315784	0.339134	-0.842084	-0.419384	-0.006857	-0.448004	0.894005	-0.940713	-0.300312	-0.157708
24	2879313													9.241632	-0.060873	3.325627	0.338994	-0.842106	-0.419453	-0.007022	-0.448105	0.893953	-0.940762	-0.300100	-0.157818
25	2879480													9.251465	-0.067330	3.327468	0.338907	-0.842147	-0.419441	-0.007190	-0.448130	0.893939	-0.940793	-0.299946	-0.157929
26	2879647													9.246897	-0.069493	3.348861	0.338784	-0.842173	-0.419487	-0.007378	-0.448217	0.893894	-0.940835	-0.299742	-0.158062
27	2879813													9.235351	-0.068232	3.324589	0.338704	-0.842191	-0.419516	-0.007565	-0.448294	0.893854	-0.940863	-0.299578	-0.158210
28	2879980													9.246924	-0.069904	3.348746	0.338702	-0.842281	-0.419338	-0.007713	-0.448150	0.893925	-0.940862	-0.299540	-0.158285
29	2880147													9.248398	-0.069170	3.337547	0.338644	-0.842246	-0.419455	-0.007857	-0.448311	0.893843	-0.940882	-0.299399	-0.158435
30	2880313													9.247252	-0.072939	3.335848	0.338648	-0.842176	-0.419592	-0.007932	-0.448480	0.893758	-0.940880	-0.299341	-0.158557
31	2880480													9.213787	-0.058693	3.348220	0.338689	-0.842133	-0.419644	-0.007999	-0.448564	0.893715	-0.940864	-0.299335	-0.158660
32	2880647													9.226858	-0.084628	3.304520	0.338641	-0.842106	-0.419738	-0.008050	-0.448671	0.893661	-0.940881	-0.299251	-0.158717
33	2880813													9.259972	-0.076647	3.323762	0.338568	-0.842083	-0.419844	-0.008082	-0.448781	0.893605	-0.940907	-0.299153	-0.158749
34	2880980													9.265675	-0.064372	3.314557	0.338423	-0.842010	-0.420107	-0.008158	-0.449058	0.893465	-0.940959	-0.298942	-0.158841
35	2881147													9.245242	-0.062299	3.323415	0.338265	-0.842007	-0.420239	-0.008221	-0.449190	0.893398	-0.941015	-0.298751	-0.158867
36	2881314													9.267795	-0.068470	3.292314	0.338169	-0.842066	-0.420198	-0.008279	-0.449148	0.893419	-0.941049	-0.298648	-0.158860
37	2881480													9.246602	-0.079109	3.333050	0.338099	-0.842119	-0.420149	-0.008341	-0.449103	0.893441	-0.941074	-0.298567	-0.158865
38	2881647													9.239408	-0.090750	3.342330	0.338038	-0.842182	-0.420071	-0.008442	-0.449042	0.893471	-0.941095	-0.298481	-0.158903
39	2881814													9.221972	-0.115225	3.331262	0.337964	-0.842278	-0.419938	-0.008558	-0.448924	0.893529	-0.941120	-0.298387	-0.158928
40	2881980													9.211019	-0.105630	3.335479	0.337824	-0.842336	-0.419935	-0.008682	-0.448935	0.893522	-0.941169	-0.298207	-0.158974
41	2882147													9.236802	-0.099104	3.319243	0.337754	-0.842397	-0.419870	-0.008787	-0.448887	0.893545	-0.941194	-0.298109	-0.159015
42	2882314													9.224169	-0.098743	3.311496	0.337693	-0.842472	-0.419767	-0.008924	-0.448810	0.893582	-0.941214	-0.298011	-0.159079
43	2882480													9.245132	-0.093908	3.312179	0.337637	-0.842513	-0.419731	-0.009055	-0.448803	0.893585	-0.941233	-0.297907	-0.159161
44	2882647													9.226901	-0.081580	3.333955	0.337626	-0.842636	-0.419491	-0.009135	-0.448572	0.893700	-0.941236	-0.297905	-0.159147
45	2882980													9.237565	-0.077032	3.368365	0.337726	-0.842642	-0.419400	-0.009211	-0.448518	0.893726	-0.941199	-0.297971	-0.159238
46	2883147													9.208330	-0.074381	3.376730	0.337685	-0.842738	-0.419239	-0.009304	-0.448369	0.893800	-0.941213	-0.297923	-0.159248
47	2883314													9.208552	-0.087206	3.374255	0.337625	-0.842776	-0.419212	-0.009420	-0.448366	0.893800	-0.941234	-0.297820	-0.159319
48	2883480													9.199243	-0.087478	3.374405	0.337463	-0.842936	-0.419021	-0.009497	-0.448159	0.893904	-0.941291	-0.297680	-0.159242
49	2883647													9.232759	-0.057509	3.342094	0.337352	-0.843118	-0.418743	-0.009552	-0.447861	0.894052	-0.941330	-0.297610	-0.159141
50	2883814													9.232051	-0.098507	3.373844	0.337324	-0.843294	-0.418412	-0.009634	-0.447532	0.894216	-0.941339	-0.297609	-0.159088
51	2883980													9.216683	-0.121999	3.324121	0.337213	-0.843424	-0.418238	-0.009745	-0.447362	0.894300	-0.941378	-0.297494	-0.159075
52	2884147													9.237601	-0.097884	3.300053	0.337095	-0.843581	-0.418017	-0.009723	-0.447100	0.894431	-0.941421	-0.297444	-0.158917
53	2884314													9.260274	-0.092992	3.280544	0.337050	-0.843680	-0.417853	-0.009751	-0.446927	0.894517	-0.941436	-0.297422	-0.158864
54	2884480													9.323780	-0.111388	3.274657	0.337061	-0.843782	-0.417639	-0.009829	-0.446727	0.894617	-0.941431	-0.297435	-0.158868
55	2884647													9.262223	-0.097627	3.360365	0.337203	-0.843897	-0.417292	-0.009917	-0.446412	0.894773	-0.941380	-0.297581	-0.158901
56	2884814													9.177966	-0.042825	3.383045	0.337316	-0.844042	-0.416907	-0.009876	-0.446011	0.894973	-0.941340	-0.297771	-0.158782
57	2884980													9.181426	-0.030351	3.370873	0.337214	-0.844135	-0.416800	-0.009827	-0.445863	0.895047	-0.941377	-0.297727	-0.158646
58	2885147													9.199495	-0.066727	3.346674	0.337024	-0.844313	-0.416594	-0.009897	-0.445634	0.895161	-0.941444	-0.297568	-0.158545
59	2885314													9.228680	-0.100892	3.317924	0.336812	-0.844456	-0.416475	-0.009941	-0.445483	0.895235	-0.941519	-0.297386	-0.158439
60	2885480													9.227117	-0.059816	3.308124	0.336627	-0.844668	-0.416194	-0.010042	-0.445184	0.895383	-0.941585	-0.297231	-0.158343
61	2885647													9.228393	-0.065302	3.302041	0.336514	-0.844828	-0.415961	-0.010142	-0.444948	0.895499	-0.941624	-0.297130	-0.158300
62	2885814													9.243498	-0.071767	3.277254	0.336434	-0.844930	-0.415819	-0.010222	-0.444809	0.895567	-0.941652	-0.297049	-0.158286
63	2885980													9.283259	-0.051204	3.309659	0.336423	-0.845006	-0.415674	-0.010281	-0.444673	0.895634	-0.941655	-0.297038	-0.158286
64	2886147													9.269848	-0.051787	3.304923	0.336446	-0.845107	-0.415449	-0.010344	-0.444457	0.895740	-0.941646	-0.297071	-0.158277
65	2886314													9.263449	-0.070412	3.308368	0.336507	-0.845216	-0.415179	-0.010455	-0.444217	0.895858	-0.941623	-0.297122	-0.158319
66	2886480													9.274937	-0.062151	3.333494	0.336544	-0.845302	-0.414973	-0.010534	-0.444031	0.895950	-0.941609	-0.297155	-0.158340
67	2886647													9.241399	-0.072897	3.368068	0.336534	-0.845366	-0.414850	-0.010596	-0.443918	0.896005	-0.941612	-0.297141	-0.158351
68	2886814													9.209761	-0.059479	3.299812	0.336332	-0.845495	-0.414753	-0.010603	-0.443781	0.896072	-0.941684	-0.296980	-0.158223
69	2886980													9.256397	-0.061893	3.317036	0.336199	-0.845641	-0.414562	-0.010669	-0.443576	0.896173	-0.941730	-0.296870	-0.158152
70	2887147													9.265455	-0.093381	3.317662	0.336069	-0.845784	-0.414374	-0.010866	-0.443417	0.896250	-0.941775	-0.296699	-0.158209
71	2887314													9.238760	-0.091032	3.284203	0.336070	-0.845892	-0.414154	-0.010946	-0.443208	0.896352	-0.941773	-0.296704	-0.158208
72	2887480													9.281767	-0.068309	3.283634	0.336109	-0.845978	-0.413946	-0.011001	-0.443012	0.896448	-0.941759	-0.296750	-0.158207
73	2887647													9.270131	-0.057723	3.299210	0.336275	-0.846044	-0.413678	-0.011085	-0.442784	0.896560	-0.941699	-0.296905	-0.158276
74	2887814													9.241513	-0.083626	3.334942	0.336465	-0.846086	-0.413437	-0.011194	-0.442597	0.896651	-0.941630	-0.297063	-0.158389
75	2887980													9.249290	-0.060621	3.344105	0.336569	-0.846148	-0.413224	-0.011310	-0.442427	0.896733	-0.941591	-0.297139	-0.158477
76	2888147													9.233624	-0.086972	3.361777	0.336606	-0.846279	-0.412926	-0.011463	-0.442166	0.896860	-0.941576	-0.297155	-0.158536
77	2888314													9.236120	-0.080515	3.346364	0.336611	-0.846460	-0.412552	-0.011647	-0.441828	0.897024	-0.941572	-0.297143	-0.158583
78	2888480													9.252833	-0.101007	3.360695	0.336582	-0.846639	-0.412208	-0.011870	-0.441528	0.897169	-0.941579	-0.297078	-0.158660
79	2888647													9.227726	-0.111937	3.332567	0.336546	-0.846799	-0.411908	-0.012096	-0.441275	0.897290	-0.941589	-0.296997	-0.158752
80	2888814													9.219040	-0.082180	3.356361	0.336563	-0.846939	-0.411606	-0.012266	-0.441013	0.897417	-0.941581	-0.296989	-0.158817
81	2888980													9.209517	-0.095925	3.339638	0.336520	-0.847088	-0.411335	-0.012475	-0.440784	0.897527	-0.941594	-0.296904	-0.158900
82	2889147													9.227699	-0.085488	3.307275	0.336461	-0.847232	-0.411085	-0.012634	-0.440558	0.897635	-0.941612	-0.296826	-0.158935
83	2889314													9.243411	-0.087661	3.334522	0.336470	-0.847352	-0.410831	-0.012791	-0.440340	0.897740	-0.941607	-0.296808	-0.158999
84	2889480													9.221330	-0.082979	3.320008	0.336502	-0.847515	-0.410468	-0.012986	-0.440023	0.897893	-0.941593	-0.296813	-0.159074
85	2889647													9.241630	-0.090797	3.344521	0.336597	-0.847671	-0.410069	-0.013140	-0.439665	0.898065	-0.941557	-0.296898	-0.159128
86	2889814													9.237315	-0.087553	3.340063	0.336686	-0.847858	-0.409608	-0.013247	-0.439227	0.898278	-0.941524	-0.297011	-0.159114
87	2889980													9.236152	-0.083315	3.358524	0.336730	-0.848046	-0.409183	-0.013381	-0.438826	0.898472	-0.941506	-0.297067	-0.159114
88	2890147													9.225099	-0.095531	3.340524	0.336736	-0.848048	-0.409174	-0.013434	-0.438835	0.898467	-0.941503	-0.297050	-0.159164
89	2890314													9.229766	-0.094165	3.355713	0.336714	-0.848052	-0.409185	-0.013476	-0.438856	0.898456	-0.941511	-0.297008	-0.159197
90	2890480													9.231650	-0.102645	3.357987	0.336661	-0.848067	-0.409197	-0.013509	-0.438869	0.898449	-0.941529	-0.296945	-0.159206
91	2890647													9.234887	-0.103138	3.347524	0.336653	-0.848074	-0.409188	-0.013529	-0.438865	0.898451	-0.941532	-0.296930	-0.159219
92	2890814													9.220685	-0.099526	3.341977	0.336599	-0.848112	-0.409154	-0.013550	-0.438825	0.898470	-0.941550	-0.296880	-0.159200
93	2890980													9.218737	-0.115673	3.323016	0.336556	-0.848137	-0.409137	-0.013539	-0.438797	0.898484	-0.941566	-0.296851	-0.159162
94	2891147													9.242751	-0.104663	3.323863	0.336463	-0.848131	-0.409227	-0.013498	-0.438862	0.898453	-0.941600	-0.296773	-0.159109
95	2891314													9.247052	-0.106256	3.339716	0.336416	-0.848096	-0.409338	-0.013432	-0.438951	0.898411	-0.941618	-0.296741	-0.159061
96	2891480													9.240244	-0.102355	3.339201	0.336393	-0.848081	-0.409387	-0.013426	-0.438997	0.898388	-0.941626	-0.296715	-0.159062
97	2891647													9.235942	-0.108152	3.363029	0.336357	-0.848094	-0.409390	-0.013417	-0.438991	0.898391	-0.941639	-0.296687	-0.159036
98	2891814													9.229848	-0.088869	3.361964	0.336299	-0.848108	-0.409409	-0.013406	-0.438997	0.898388	-0.941660	-0.296638	-0.159005
99	2891980													9.221040	-0.073673	3.366956	0.336249	-0.848140	-0.409385	-0.013436	-0.438972	0.898400	-0.941677	-0.296585	-0.159000
100	2892147													9.246810	-0.085933	3.346969	0.336180	-0.848161	-0.409396	-0.013482	-0.438986	0.898393	-0.941701	-0.296503	-0.159013
101	2892314													9.201417	-0.084581	3.313585	0.336109	-0.848222	-0.409328	-0.013494	-0.438905	0.898432	-0.941726	-0.296448	-0.158966
102	2892480													9.224723	-0.069836	3.306747	0.336007	-0.848280	-0.409292	-0.013464	-0.438839	0.898465	-0.941763	-0.296380	-0.158874
103	2892647													9.303539	-0.074954	3.265159	0.335990	-0.848343	-0.409176	-0.013552	-0.438740	0.898512	-0.941768	-0.296346	-0.158909
104	2892814													9.312834	-0.113444	3.309859	0.336114	-0.848366	-0.409026	-0.013697	-0.438650	0.898554	-0.941722	-0.296415	-0.159056
105	2892980													9.236052	-0.122450	3.365729	0.336383	-0.848395	-0.408745	-0.013788	-0.438429	0.898660	-0.941624	-0.296658	-0.159177
106	2893147													9.227420	-0.102923	3.360734	0.336534	-0.848446	-0.408514	-0.013795	-0.438214	0.898765	-0.941570	-0.296829	-0.159178
107	2893314													9.229644	-0.088243	3.345767	0.336611	-0.848515	-0.408308	-0.013873	-0.438034	0.898852	-0.941542	-0.296899	-0.159218
108	2893480													9.231418	-0.122292	3.358788	0.336761	-0.848541	-0.408130	-0.013961	-0.437900	0.898915	-0.941487	-0.297021	-0.159314
109	2893647													9.225016	-0.106914	3.345582	0.336849	-0.848475	-0.408194	-0.013994	-0.437993	0.898869	-0.941455	-0.297071	-0.159411
110	2893814													9.218890	-0.086214	3.354128	0.336897	-0.848422	-0.408264	-0.014031	-0.438089	0.898822	-0.941437	-0.297082	-0.159495
111	2893980													9.207765	-0.096164	3.361059	0.336951	-0.848413	-0.408240	-0.014075	-0.438087	0.898823	-0.941417	-0.297113	-0.159555
112	2894147													9.228818	-0.089977	3.318152	0.336900	-0.848401	-0.408306	-0.014020	-0.438129	0.898803	-0.941436	-0.297082	-0.159501
113	2894314													9.265091	-0.092577	3.302820	0.336821	-0.848420	-0.408333	-0.014022	-0.438145	0.898795	-0.941464	-0.297007	-0.159473
114	2894480													9.275534	-0.093142	3.294080	0.336893	-0.848430	-0.408252	-0.014063	-0.438085	0.898824	-0.941438	-0.297067	-0.159519
115	2894647													9.261987	-0.090775	3.333637	0.337025	-0.848384	-0.408239	-0.014069	-0.438097	0.898818	-0.941391	-0.297180	-0.159586
116	2894814													9.257621	-0.087574	3.323327	0.337206	-0.848346	-0.408169	-0.014076	-0.438057	0.898837	-0.941326	-0.297347	-0.159657
117	2894980													9.245196	-0.084652	3.358263	0.337414	-0.848335	-0.408018	-0.014118	-0.437948	0.898889	-0.941250	-0.297537	-0.159747
118	2895147													9.225359	-0.079320	3.300958	0.337521	-0.848342	-0.407916	-0.014130	-0.437862	0.898931	-0.941212	-0.297644	-0.159775
119	2895314													9.238133	-0.066585	3.349890	0.337657	-0.848349	-0.407790	-0.014187	-0.437771	0.898974	-0.941162	-0.297760	-0.159852
120	2895480													9.256336	-0.101718	3.321943	0.337766	-0.848400	-0.407592	-0.014283	-0.437612	0.899050	-0.941122	-0.297847	-0.159928
121	2895647													9.213081	-0.085797	3.336886	0.338043	-0.848374	-0.407418	-0.014262	-0.437471	0.899120	-0.941023	-0.298130	-0.159984
122	2895814													9.245004	-0.064769	3.365283	0.338318	-0.848360	-0.407218	-0.014235	-0.437300	0.899203	-0.940924	-0.298420	-0.160023
123	2895980													9.196992	-0.076856	3.405430	0.338587	-0.848407	-0.406896	-0.014244	-0.437010	0.899344	-0.940827	-0.298710	-0.160050
124	2896147													9.211545	-0.098837	3.445832	0.338783	-0.848505	-0.406529	-0.014215	-0.436647	0.899521	-0.940757	-0.298964	-0.159990
125	2896314													9.186456	-0.069314	3.446258	0.338859	-0.848777	-0.405897	-0.014245	-0.436000	0.899834	-0.940729	-0.299134	-0.159834
126	2896480													9.236742	-0.091395	3.413327	0.338895	-0.849238	-0.404901	-0.014394	-0.434998	0.900316	-0.940714	-0.299285	-0.159643
127	2896647													9.238208	-0.098439	3.356339	0.338975	-0.849776	-0.403704	-0.014601	-0.433809	0.900886	-0.940682	-0.299483	-0.159458
128	2896814													9.277634	-0.094015	3.358515	0.339255	-0.850206	-0.402561	-0.014845	-0.432725	0.901404	-0.940577	-0.299830	-0.159425
129	2896980													9.272101	-0.103238	3.335543	0.339861	-0.850562	-0.401297	-0.015064	-0.431564	0.901957	-0.940355	-0.300495	-0.159484
130	2897147													9.224355	-0.124724	3.383066	0.340524	-0.850606	-0.400640	-0.015088	-0.430995	0.902228	-0.940115	-0.301186	-0.159599
131	2897314													9.187693	-0.100917	3.352209	0.340722	-0.850498	-0.400702	-0.015087	-0.431096	0.902180	-0.940043	-0.301347	-0.159716
132	2897480													9.286479	-0.098483	3.309280	0.341083	-0.850317	-0.400779	-0.015069	-0.431236	0.902113	-0.939912	-0.301656	-0.159901
133	2897647													9.309842	-0.058201	3.275364	0.341671	-0.850021	-0.400905	-0.015125	-0.431495	0.901989	-0.939698	-0.302120	-0.160286
134	2897814													9.292360	-0.061521	3.281430	0.342523	-0.849683	-0.400895	-0.015263	-0.431683	0.901896	-0.939385	-0.302801	-0.160830
135	2897981													9.301388	-0.087838	3.306716	0.343680	-0.849327	-0.400659	-0.015372	-0.431678	0.901897	-0.938961	-0.303805	-0.161415
136	2898147													9.300895	-0.090590	3.353219	0.345056	-0.849058	-0.400045	-0.015462	-0.431307	0.902072	-0.938455	-0.305080	-0.161954
137	2898314													9.262613	-0.099993	3.405472	0.346600	-0.848859	-0.399132	-0.015474	-0.430624	0.902399	-0.937885	-0.306595	-0.162389
138	2898481													9.239522	-0.106242	3.402429	0.348390	-0.848635	-0.398049	-0.015468	-0.429801	0.902791	-0.937222	-0.308367	-0.162865
139	2898647													9.228951	-0.103420	3.493825	0.350416	-0.848399	-0.396772	-0.015480	-0.428821	0.903257	-0.936466	-0.310373	-0.163399
140	2898814													9.170272	-0.108003	3.492712	0.352332	-0.848146	-0.395613	-0.015468	-0.427940	0.903675	-0.935747	-0.312274	-0.163896
141	2898981													9.186713	-0.124459	3.525447	0.354102	-0.847742	-0.394899	-0.015454	-0.427505	0.903881	-0.935079	-0.313964	-0.164481
142	2899147													9.187388	-0.144046	3.499646	0.355684	-0.847131	-0.394788	-0.015481	-0.427693	0.903791	-0.934478	-0.315352	-0.165238
143	2899314													9.251741	-0.094920	3.458118	0.357739	-0.846376	-0.394551	-0.015462	-0.427823	0.903730	-0.933694	-0.317199	-0.166136
144	2899481													9.210311	-0.107547	3.505400	0.360384	-0.845480	-0.394065	-0.015421	-0.427795	0.903744	-0.932677	-0.319618	-0.167209
145	2899647													9.207821	-0.108237	3.592925	0.363380	-0.844454	-0.393513	-0.015409	-0.427777	0.903753	-0.931513	-0.322342	-0.168458
146	2899814													9.134179	-0.096934	3.648925	0.366425	-0.843491	-0.392753	-0.015551	-0.427604	0.903832	-0.930317	-0.325080	-0.169802
147	2899981													9.156407	-0.095941	3.641316	0.369531	-0.842375	-0.392239	-0.015621	-0.427689	0.903791	-0.929087	-0.327851	-0.171203
148	2900147													9.119284	-0.105939	3.693459	0.372785	-0.841028	-0.392049	-0.015728	-0.428170	0.903561	-0.927784	-0.330668	-0.172843
149	2900314													9.099991	-0.114184	3.751375	0.376308	-0.839565	-0.391820	-0.015799	-0.428660	0.903328	-0.926360	-0.333739	-0.174572
150	2900481													9.132517	-0.085683	3.771660	0.380046	-0.838018	-0.391524	-0.015910	-0.429144	0.903096	-0.924831	-0.336989	-0.176427
151	2900647													9.120400	-0.066646	3.700212	0.384155	-0.836368	-0.391042	-0.016134	-0.429557	0.902896	-0.923128	-0.340543	-0.178510
152	2900814													9.103023	-0.029040	3.667388	0.388636	-0.834359	-0.390906	-0.016308	-0.430419	0.902482	-0.921247	-0.344362	-0.180883
153	2900981													9.180771	-0.087384	3.693291	0.393401	-0.832431	-0.390249	-0.016693	-0.430873	0.902258	-0.919215	-0.348435	-0.183402
154	2901147													9.191261	-0.135605	3.740498	0.397999	-0.830438	-0.389833	-0.017117	-0.431587	0.901909	-0.917226	-0.352286	-0.185986
155	2901314													9.143741	-0.189190	3.865268	0.403009	-0.828308	-0.389217	-0.017482	-0.432172	0.901622	-0.915029	-0.356557	-0.188650
156	2901481													8.979245	-0.135212	3.963657	0.408213	-0.826124	-0.388435	-0.017709	-0.432588	0.901418	-0.912715	-0.361091	-0.191217
157	2901647													8.936386	-0.136597	4.052612	0.413445	-0.823783	-0.387872	-0.017968	-0.433283	0.901079	-0.910352	-0.365577	-0.193941
158	2901814													8.862329	-0.140853	4.154226	0.418592	-0.821536	-0.387117	-0.018034	-0.433693	0.900880	-0.907995	-0.370120	-0.196356
159	2901981													8.953351	-0.104886	4.116515	0.424182	-0.819103	-0.386187	-0.018277	-0.434111	0.900674	-0.905393	-0.374991	-0.199113
160	2902147													8.906289	-0.114994	4.265987	0.430057	-0.816773	-0.384621	-0.018709	-0.434002	0.900718	-0.902608	-0.380164	-0.201927
161	2902314													8.972676	-0.134983	4.237387	0.435685	-0.814911	-0.382227	-0.019237	-0.432984	0.901196	-0.899893	-0.385285	-0.204321
162	2902481													8.948968	-0.211888	4.240360	0.441698	-0.812863	-0.379679	-0.019743	-0.431903	0.901704	-0.896946	-0.390785	-0.206819
163	2902647													8.802980	-0.160477	4.341646	0.447475	-0.810478	-0.378010	-0.020405	-0.431833	0.901723	-0.894064	-0.395785	-0.209772
164	2902814													8.632548	-0.122088	4.492686	0.453426	-0.807667	-0.376933	-0.021156	-0.432540	0.901367	-0.891043	-0.400729	-0.213212
165	2902981													8.689946	-0.130753	4.455871	0.459695	-0.804478	-0.376159	-0.021732	-0.433629	0.900829	-0.887811	-0.405932	-0.216820
166	2903147													8.786283	-0.179690	4.474600	0.466825	-0.800668	-0.375506	-0.022090	-0.435037	0.900141	-0.884074	-0.411913	-0.220773
167	2903314													8.643459	-0.147645	4.542000	0.474015	-0.796958	-0.374391	-0.022517	-0.436027	0.899652	-0.880229	-0.418018	-0.224628
168	2903481													8.522291	-0.078770	4.841497	0.480884	-0.793202	-0.373605	-0.022721	-0.437239	0.899058	-0.876490	-0.423854	-0.228284
169	2903647													8.869770	-0.170672	4.818491	0.488042	-0.789930	-0.371248	-0.023595	-0.437129	0.899089	-0.872501	-0.430033	-0.231976
170	2903814													8.507430	-0.242841	4.805753	0.495121	-0.786589	-0.368961	-0.024347	-0.437062	0.899102	-0.868483	-0.436181	-0.235549
171	2903981													8.483041	-0.160025	4.708284	0.502414	-0.782989	-0.366753	-0.025072	-0.437189	0.899020	-0.864263	-0.442485	-0.239281
172	2904147													8.646127	-0.173776	4.835785	0.509661	-0.779346	-0.364506	-0.025774	-0.437299	0.898947	-0.859989	-0.448764	-0.242961
173	2904314													8.463134	-0.158914	5.065392	0.517214	-0.775627	-0.361791	-0.026460	-0.437014	0.899066	-0.855447	-0.455437	-0.246553
174	2904481													8.242409	-0.239959	5.278670	0.524332	-0.772114	-0.359049	-0.027035	-0.436542	0.899278	-0.851085	-0.461813	-0.249767
175	2904647													8.241109	-0.267835	5.312910	0.531212	-0.768492	-0.356697	-0.027353	-0.436348	0.899362	-0.846797	-0.467995	-0.252814
176	2904814													8.216126	-0.245776	5.338871	0.538023	-0.764790	-0.354440	-0.027566	-0.436225	0.899415	-0.842479	-0.474135	-0.255781
177	2904981													8.167710	-0.226857	5.281638	0.544807	-0.760899	-0.352445	-0.027539	-0.436305	0.899377	-0.838109	-0.480281	-0.258656
178	2905147													8.480804	-0.247545	5.268590	0.551675	-0.756890	-0.350389	-0.027449	-0.436349	0.899359	-0.833607	-0.486536	-0.261499
179	2905314													8.182202	-0.194555	5.569704	0.559250	-0.752524	-0.347775	-0.027449	-0.436090	0.899484	-0.828545	-0.493490	-0.264539
180	2905481													7.816132	-0.229338	5.784620	0.566112	-0.748675	-0.344967	-0.027652	-0.435494	0.899767	-0.823864	-0.499830	-0.267241
181	2905647													7.773376	-0.270848	5.799802	0.572604	-0.744985	-0.342231	-0.027845	-0.434873	0.900061	-0.819359	-0.505849	-0.269754
182	2905814													7.704056	-0.230768	5.822584	0.578676	-0.741421	-0.339748	-0.028050	-0.434431	0.900268	-0.815075	-0.511434	-0.272192
183	2905981													7.680055	-0.250837	5.898812	0.584362	-0.738039	-0.337373	-0.028220	-0.433973	0.900484	-0.811002	-0.516688	-0.274425
184	2906147													7.659470	-0.275616	5.896241	0.589473	-0.734828	-0.335484	-0.028181	-0.433767	0.900584	-0.807296	-0.521416	-0.276402
185	2906314													7.887345	-0.242263	5.862666	0.594146	-0.731732	-0.334002	-0.027976	-0.433789	0.900580	-0.803870	-0.525732	-0.278205
186	2906481													7.832046	-0.244604	5.969175	0.599266	-0.728352	-0.332239	-0.027816	-0.433708	0.900624	-0.800067	-0.530472	-0.280166
187	2906647													7.598176	-0.233662	6.121526	0.604267	-0.725022	-0.330461	-0.027689	-0.433602	0.900679	-0.796300	-0.535101	-0.282087
188	2906814													7.588026	-0.213395	6.102839	0.608905	-0.721925	-0.328722	-0.027734	-0.433524	0.900715	-0.792758	-0.539333	-0.283997
189	2906981													7.575535	-0.196865	6.140553	0.613431	-0.718868	-0.327004	-0.027849	-0.433493	0.900726	-0.789257	-0.543427	-0.285938
190	2907147													7.578562	-0.155471	6.168638	0.617942	-0.715825	-0.325181	-0.028018	-0.433385	0.900773	-0.785725	-0.547515	-0.287862
191	2907314													7.639417	-0.143996	6.180535	0.622055	-0.713122	-0.323272	-0.028334	-0.433110	0.900896	-0.782461	-0.551247	-0.289623
192	2907481													7.692976	-0.188885	6.139184	0.626487	-0.710137	-0.321278	-0.028570	-0.432840	0.901018	-0.778908	-0.555297	-0.291457
193	2907647													7.604564	-0.181201	6.251697	0.631238	-0.706894	-0.319122	-0.028811	-0.432546	0.901151	-0.775054	-0.559647	-0.293406
194	2907814													7.585698	-0.217103	6.279356	0.636020	-0.703532	-0.317051	-0.028922	-0.432307	0.901263	-0.771130	-0.564052	-0.295303
195	2907981													7.520672	-0.184545	6.330295	0.641191	-0.699984	-0.314479	-0.029225	-0.431785	0.901503	-0.766825	-0.568845	-0.297314
196	2908147													7.520114	-0.216598	6.282542	0.646002	-0.696728	-0.311850	-0.029592	-0.431087	0.901825	-0.762762	-0.573353	-0.299101
197	2908314													7.563298	-0.211059	6.319082	0.651030	-0.693210	-0.309225	-0.029878	-0.430471	0.902110	-0.758464	-0.578061	-0.300961
198	2908481													7.383875	-0.236138	6.408893	0.655913	-0.689752	-0.306627	-0.030172	-0.429850	0.902396	-0.754233	-0.582642	-0.302755
199	2908647													7.360402	-0.249891	6.431838	0.660358	-0.686652	-0.304035	-0.030434	-0.429005	0.902789	-0.750334	-0.586911	-0.304194
200	2908814													7.280651	-0.254619	6.452176	0.664563	-0.683628	-0.301678	-0.030651	-0.428327	0.903104	-0.746603	-0.590923	-0.305604
201	2908981													7.214554	-0.242341	6.504755	0.668820	-0.680522	-0.299282	-0.030840	-0.427623	0.903431	-0.742784	-0.595003	-0.306991
202	2909147													7.067076	-0.277838	6.705945	0.672647	-0.677683	-0.297140	-0.031083	-0.427083	0.903678	-0.739311	-0.598620	-0.308341
203	2909314													7.121181	-0.346551	6.685476	0.675707	-0.675491	-0.295181	-0.031306	-0.426358	0.904013	-0.736505	-0.601607	-0.309240
204	2909481													7.043629	-0.310860	6.737091	0.678337	-0.673515	-0.293661	-0.031327	-0.425822	0.904265	-0.734083	-0.604196	-0.309950
205	2909647													7.008521	-0.274052	6.826948	0.680433	-0.671890	-0.292531	-0.031296	-0.425470	0.904431	-0.732142	-0.606250	-0.310532
206	2909814													6.989363	-0.300784	6.827853	0.682090	-0.670695	-0.291412	-0.031256	-0.424878	0.904711	-0.730600	-0.607986	-0.310768
207	2909981													6.987615	-0.302330	6.824141	0.683598	-0.669536	-0.290545	-0.031084	-0.424429	0.904927	-0.729197	-0.609575	-0.310950
208	2910147													6.976622	-0.268235	6.841654	0.685045	-0.668431	-0.289676	-0.030896	-0.423933	0.905166	-0.727845	-0.611130	-0.311065
209	2910314													6.977220	-0.256152	6.836112	0.686469	-0.667285	-0.288946	-0.030663	-0.423574	0.905343	-0.726512	-0.612630	-0.311231
210	2910481													7.010345	-0.223565	6.828545	0.687970	-0.666113	-0.288083	-0.030423	-0.423072	0.905585	-0.725102	-0.614251	-0.311326
211	2910647													6.974185	-0.233960	6.874019	0.689536	-0.664860	-0.287231	-0.030193	-0.422634	0.905798	-0.723622	-0.615908	-0.311495
212	2910814													6.982385	-0.252997	6.820227	0.690948	-0.663742	-0.286420	-0.029939	-0.422142	0.906035	-0.722284	-0.617448	-0.311550
213	2910981													7.016800	-0.234496	6.837588	0.692322	-0.662643	-0.285648	-0.029724	-0.421713	0.906242	-0.720976	-0.618921	-0.311657
214	2911147													6.961209	-0.262596	6.927761	0.693723	-0.661518	-0.284856	-0.029544	-0.421304	0.906438	-0.719636	-0.620401	-0.311812
215	2911314													6.908966	-0.285106	6.968745	0.694859	-0.660623	-0.284163	-0.029358	-0.420868	0.906647	-0.718547	-0.621649	-0.311838
216	2911481													6.936540	-0.254015	6.876304	0.695747	-0.659832	-0.283826	-0.029001	-0.420626	0.906770	-0.717701	-0.622652	-0.311785
217	2911647													6.898079	-0.262356	6.928885	0.696629	-0.659045	-0.283490	-0.028690	-0.420421	0.906875	-0.716857	-0.623623	-0.311786
218	2911814													6.950814	-0.289621	6.878088	0.697010	-0.658681	-0.283401	-0.028421	-0.420292	0.906944	-0.716498	-0.624094	-0.311668
219	2911981													6.965336	-0.242825	6.881916	0.697399	-0.658246	-0.283457	-0.028016	-0.420249	0.906976	-0.716136	-0.624582	-0.311523
220	2912147													6.965325	-0.190569	6.932692	0.697672	-0.657954	-0.283461	-0.027698	-0.420141	0.907036	-0.715882	-0.624962	-0.311344
221	2912314													6.980274	-0.188024	6.930925	0.697923	-0.657662	-0.283521	-0.027415	-0.420128	0.907051	-0.715648	-0.625278	-0.311247
222	2912481													6.960201	-0.177438	6.904904	0.698082	-0.657466	-0.283583	-0.027174	-0.420097	0.907072	-0.715502	-0.625505	-0.311128
223	2912647													7.024065	-0.199488	6.859288	0.698213	-0.657316	-0.283609	-0.026948	-0.420014	0.907117	-0.715382	-0.625719	-0.310973
224	2912814													6.964571	-0.209157	6.881010	0.698350	-0.657153	-0.283650	-0.026647	-0.419890	0.907184	-0.715260	-0.625973	-0.310741
225	2912981													6.975117	-0.213456	6.875455	0.698417	-0.656969	-0.283912	-0.026252	-0.419946	0.907169	-0.715210	-0.626129	-0.310544
226	2913147													6.964507	-0.201223	6.871935	0.698397	-0.656865	-0.284201	-0.025846	-0.419977	0.907167	-0.715244	-0.626217	-0.310288
227	2913314													6.927439	-0.194001	6.884109	0.698310	-0.656740	-0.284702	-0.025407	-0.420233	0.907061	-0.715344	-0.626176	-0.310138
228	2913481													6.944312	-0.196672	6.889009	0.698133	-0.656745	-0.285125	-0.024984	-0.420341	0.907022	-0.715532	-0.626098	-0.309862
229	2913647													6.981916	-0.194083	6.892713	0.697808	-0.656837	-0.285707	-0.024549	-0.420570	0.906928	-0.715864	-0.625848	-0.309602
230	2913814													6.895450	-0.190292	6.974396	0.697426	-0.657032	-0.286193	-0.024194	-0.420703	0.906876	-0.716249	-0.625554	-0.309305
231	2913981													6.890166	-0.170406	6.991104	0.696765	-0.657464	-0.286811	-0.023866	-0.420876	0.906804	-0.716903	-0.624984	-0.308943
232	2914147													6.880206	-0.165616	6.961432	0.695908	-0.658073	-0.287492	-0.023558	-0.421038	0.906737	-0.717745	-0.624233	-0.308506
233	2914314													6.853479	-0.177486	6.968559	0.694753	-0.658935	-0.288312	-0.023253	-0.421220	0.906660	-0.718873	-0.623200	-0.307966
234	2914481													6.905412	-0.186302	6.933202	0.693350	-0.659981	-0.289294	-0.022902	-0.421441	0.906566	-0.720237	-0.621942	-0.307321
235	2914648													6.931285	-0.169848	6.873670	0.691783	-0.661132	-0.290416	-0.022510	-0.421729	0.906443	-0.721755	-0.620524	-0.306627
236	2914814													6.957500	-0.131038	6.839395	0.690007	-0.662530	-0.291450	-0.022245	-0.421887	0.906376	-0.723460	-0.618922	-0.305843
237	2914981													6.911809	-0.132513	6.850941	0.687995	-0.664105	-0.292622	-0.022021	-0.422136	0.906265	-0.725382	-0.617062	-0.305051
238	2915148													6.949549	-0.135708	6.806578	0.685622	-0.665963	-0.293964	-0.021755	-0.422385	0.906155	-0.727633	-0.614885	-0.304084
239	2915314													7.023568	-0.156973	6.833269	0.683092	-0.667899	-0.295459	-0.021452	-0.422729	0.906002	-0.730017	-0.612545	-0.303091
240	2915481													7.013165	-0.152228	6.787858	0.680348	-0.669975	-0.297085	-0.021124	-0.423120	0.905828	-0.732584	-0.610003	-0.302022
241	2915648													7.064845	-0.134763	6.762649	0.677376	-0.672276	-0.298676	-0.020823	-0.423370	0.905717	-0.735342	-0.607292	-0.300780
242	2915814													7.020411	-0.138080	6.766831	0.674112	-0.674819	-0.300320	-0.020554	-0.423572	0.905629	-0.738343	-0.604323	-0.299405
243	2915981													7.037727	-0.138326	6.694923	0.670388	-0.677660	-0.302253	-0.020222	-0.423877	0.905494	-0.741735	-0.600920	-0.297866
244	2916148													7.175288	-0.139081	6.638494	0.666275	-0.680777	-0.304336	-0.019870	-0.424181	0.905359	-0.745441	-0.597171	-0.296149
245	2916314													7.271834	-0.120528	6.602913	0.662040	-0.684003	-0.306337	-0.019525	-0.424342	0.905291	-0.749214	-0.593358	-0.294287
246	2916481													7.342447	-0.122842	6.572550	0.657772	-0.687447	-0.307819	-0.019493	-0.424072	0.905419	-0.752965	-0.589559	-0.292343
247	2916648													7.307524	-0.164983	6.611001	0.653405	-0.691051	-0.309046	-0.019638	-0.423583	0.905645	-0.756753	-0.585684	-0.290342
248	2916814													7.233816	-0.175287	6.534727	0.648490	-0.694962	-0.310627	-0.019748	-0.423285	0.905782	-0.760967	-0.581256	-0.288220
249	2916981													7.385967	-0.172116	6.373616	0.643153	-0.698947	-0.312773	-0.019507	-0.423283	0.905787	-0.765489	-0.576458	-0.285870
250	2917148													7.445063	-0.109897	6.297832	0.637498	-0.703109	-0.315014	-0.019284	-0.423303	0.905783	-0.770211	-0.571360	-0.283413
251	2917314													7.495106	-0.149248	6.281060	0.631585	-0.707527	-0.317028	-0.019217	-0.423067	0.905895	-0.775069	-0.566057	-0.280799
252	2917481													7.573491	-0.149946	6.243166	0.625397	-0.712115	-0.319016	-0.019132	-0.422705	0.906065	-0.780072	-0.560547	-0.277983
253	2917648													7.569039	-0.111046	6.244756	0.618897	-0.716983	-0.320784	-0.019233	-0.422107	0.906342	-0.785237	-0.554762	-0.275031
254	2917814													7.538897	-0.131532	6.136123	0.612017	-0.721938	-0.322863	-0.019251	-0.421730	0.906517	-0.790610	-0.548588	-0.272004
255	2917981													7.650052	-0.164529	6.044560	0.604825	-0.726980	-0.325094	-0.019198	-0.421418	0.906663	-0.796127	-0.542132	-0.268841
256	2918148													7.750267	-0.124750	5.992783	0.597419	-0.732119	-0.327250	-0.019221	-0.421034	0.906841	-0.801699	-0.535474	-0.265606
257	2918314													7.811042	-0.158992	5.894167	0.589859	-0.737305	-0.329313	-0.019249	-0.420538	0.907071	-0.807277	-0.528705	-0.262250
258	2918481													7.836663	-0.124064	5.864052	0.581886	-0.742687	-0.331397	-0.019366	-0.420025	0.907306	-0.813039	-0.521531	-0.258789
259	2918648													7.935053	-0.187530	5.777802	0.573762	-0.748094	-0.333395	-0.019523	-0.419441	0.907573	-0.818789	-0.514222	-0.255264
260	2918814													7.985782	-0.218817	5.677577	0.565355	-0.753622	-0.335303	-0.019683	-0.418712	0.907906	-0.824613	-0.506689	-0.251554
261	2918981													8.018757	-0.153668	5.501053	0.556620	-0.759137	-0.337469	-0.019594	-0.418097	0.908191	-0.830536	-0.498905	-0.247596
262	2919148													8.123056	-0.108157	5.445940	0.547927	-0.764492	-0.339599	-0.019476	-0.417512	0.908463	-0.836299	-0.491158	-0.243655
263	2919314													8.156822	-0.179959	5.412849	0.538948	-0.769944	-0.341644	-0.019440	-0.416851	0.908767	-0.842115	-0.483137	-0.239629
264	2919481													8.175796	-0.150858	5.300765	0.529676	-0.775519	-0.343530	-0.019346	-0.415951	0.909181	-0.847979	-0.474926	-0.235322
265	2919648													8.324582	-0.132255	5.180228	0.520221	-0.781028	-0.345493	-0.019117	-0.415092	0.909579	-0.853818	-0.466577	-0.230870
266	2919814													8.368438	-0.102477	5.075866	0.510869	-0.786255	-0.347586	-0.018887	-0.414498	0.909854	-0.859451	-0.458251	-0.226604
267	2919981													8.404316	-0.114900	5.067499	0.501374	-0.791629	-0.349210	-0.018799	-0.413475	0.910322	-0.865026	-0.449847	-0.222187
268	2920148													8.330750	-0.120885	4.979661	0.491705	-0.796894	-0.350979	-0.018625	-0.412604	0.910720	-0.870563	-0.441268	-0.217722
269	2920314													8.511160	-0.135194	4.806183	0.481939	-0.802156	-0.352533	-0.018478	-0.411556	0.911197	-0.876010	-0.432628	-0.213168
270	2920481													8.598804	-0.113215	4.735998	0.472460	-0.807129	-0.354013	-0.018450	-0.410639	0.911611	-0.881159	-0.424168	-0.208902
271	2920648													8.624733	-0.123907	4.646385	0.463230	-0.811817	-0.355487	-0.018494	-0.409887	0.911949	-0.886045	-0.415867	-0.204886
272	2920814													8.641295	-0.167557	4.570184	0.453998	-0.816232	-0.357284	-0.018273	-0.409436	0.912156	-0.890815	-0.407589	-0.200798
273	2920981													8.718581	-0.157753	4.309461	0.444959	-0.820520	-0.358829	-0.018112	-0.408843	0.912425	-0.895368	-0.399493	-0.196780
274	2921148													8.859204	-0.117945	4.240261	0.436532	-0.824308	-0.360494	-0.017849	-0.408543	0.912564	-0.899511	-0.391929	-0.193056
275	2921314													8.927611	-0.153133	4.144681	0.428333	-0.827885	-0.362128	-0.017549	-0.408298	0.912680	-0.903450	-0.384576	-0.189416
276	2921481													8.894472	-0.072802	4.137787	0.420404	-0.830836	-0.364652	-0.017106	-0.409079	0.912339	-0.907176	-0.377313	-0.186191
277	2921648													8.923407	-0.127059	4.134144	0.412817	-0.834075	-0.365925	-0.016812	-0.408666	0.912529	-0.910659	-0.370555	-0.182726
278	2921814													8.862383	-0.105876	4.027832	0.404649	-0.837785	-0.366572	-0.016783	-0.407592	0.913010	-0.914318	-0.363296	-0.178992
279	2921981													9.247397	-0.105653	3.612773	0.397133	-0.840748	-0.368005	-0.016458	-0.407441	0.913083	-0.917613	-0.356559	-0.175645
280	2922148													9.223208	-0.113095	3.723224	0.391018	-0.842973	-0.369461	-0.016138	-0.407639	0.913001	-0.920241	-0.351038	-0.172998
281	2922314													8.896531	-0.059009	3.884631	0.384355	-0.845400	-0.370905	-0.015932	-0.407780	0.912941	-0.923048	-0.344985	-0.170201
282	2922481													9.062509	-0.092125	3.660340	0.377278	-0.847570	-0.373210	-0.015403	-0.408678	0.912549	-0.925972	-0.338536	-0.167240
