// Start Time: Unknown
// Update Rate: 100.0Hz
// Filter Profile: human (46.1)
// Option Flags: AHS Disabled ICC Disabled
// Firmware Version: 4.0.2
0	sampleTimeFine	Year	Month	Day	Second	UTC_Nano	UTC_Year	UTC_Month	UTC_Day	UTC_Hour	UTC_Minute	UTC_Second	UTC_Valid	Acc_X	Acc_Y	Acc_Z	Mat[1][1]	Mat[2][1]	Mat[3][1]	Mat[1][2]	Mat[2][2]	Mat[3][2]	Mat[1][3]	Mat[2][3]	Mat[3][3]
0	369522													9.088303	0.409718	-3.480305	-0.359552	-0.005039	-0.933112	0.034417	-0.999377	-0.007865	-0.932490	-0.034943	0.359501
1	370022													9.043689	0.396211	-3.490044	-0.359913	-0.004825	-0.932973	0.034450	-0.999373	-0.008122	-0.932349	-0.035064	0.359854
2	370522													9.055360	0.397908	-3.524370	-0.360790	-0.004759	-0.932635	0.034759	-0.999361	-0.008347	-0.931999	-0.035429	0.360725
3	371022													9.088861	0.385621	-3.546610	-0.361012	-0.004381	-0.932551	0.035124	-0.999343	-0.008902	-0.931900	-0.035969	0.360929
4	371522													9.028723	0.410883	-3.547271	-0.361064	-0.003784	-0.932534	0.035482	-0.999323	-0.009683	-0.931866	-0.036584	0.360954
5	372022													9.088162	0.445464	-3.554152	-0.360790	-0.003554	-0.932640	0.035912	-0.999304	-0.010085	-0.931956	-0.037131	0.360666
6	372522													9.082083	0.437976	-3.522704	-0.359707	-0.003799	-0.933058	0.036103	-0.999300	-0.009850	-0.932367	-0.037230	0.359592
7	373022													9.048134	0.376690	-3.484477	-0.358745	-0.003708	-0.933428	0.036005	-0.999303	-0.009869	-0.932741	-0.037149	0.358629
8	373522													9.064149	0.395457	-3.483002	-0.358275	-0.002865	-0.933612	0.035949	-0.999296	-0.010729	-0.932924	-0.037406	0.358126
9	374022													9.086610	0.441950	-3.474592	-0.357992	-0.002517	-0.933721	0.035795	-0.999298	-0.011030	-0.933038	-0.037371	0.357831
10	374522													9.086307	0.422350	-3.464029	-0.357408	-0.002756	-0.933944	0.035607	-0.999309	-0.010678	-0.933269	-0.037071	0.357259
11	375022													9.073166	0.365210	-3.468405	-0.356904	-0.003003	-0.934136	0.035321	-0.999323	-0.010282	-0.933473	-0.036665	0.356769
12	375523													9.067327	0.352163	-3.477562	-0.357017	-0.002441	-0.934095	0.035101	-0.999325	-0.010804	-0.933438	-0.036645	0.356862
13	376023													9.117598	0.410767	-3.477555	-0.357095	-0.001823	-0.934066	0.035228	-0.999313	-0.011517	-0.933404	-0.037018	0.356914
14	376523													9.101882	0.404100	-3.452100	-0.356526	-0.001796	-0.934284	0.034890	-0.999326	-0.011393	-0.933634	-0.036659	0.356348
15	377023													9.037828	0.340846	-3.442936	-0.356405	-0.001702	-0.934330	0.034669	-0.999334	-0.011404	-0.933688	-0.036457	0.356226
16	377523													9.087769	0.391758	-3.476189	-0.357064	-0.001466	-0.934079	0.034884	-0.999322	-0.011767	-0.933428	-0.036786	0.356873
17	378023													9.091850	0.395942	-3.476487	-0.357415	-0.001605	-0.933944	0.035127	-0.999314	-0.011726	-0.933285	-0.036998	0.357226
18	378523													9.054415	0.383588	-3.497912	-0.357749	-0.001505	-0.933817	0.035065	-0.999315	-0.011823	-0.933159	-0.036974	0.357556
19	379023													9.081556	0.388519	-3.516827	-0.358150	-0.001437	-0.933663	0.035321	-0.999304	-0.012011	-0.932996	-0.037279	0.357952
20	379523													9.055664	0.400686	-3.518673	-0.358658	-0.001619	-0.933467	0.035463	-0.999300	-0.011893	-0.932795	-0.037369	0.358465
21	380023													9.057864	0.401601	-3.524678	-0.359060	-0.001789	-0.933313	0.035582	-0.999297	-0.011774	-0.932636	-0.037437	0.358872
22	380523													9.097523	0.417493	-3.518972	-0.358817	-0.002006	-0.933406	0.035596	-0.999300	-0.011536	-0.932729	-0.037365	0.358637
23	381023													9.065504	0.384883	-3.514079	-0.358089	-0.001743	-0.933686	0.035379	-0.999305	-0.011703	-0.933017	-0.037224	0.357902
24	381523													9.059669	0.369768	-3.491494	-0.357633	-0.000902	-0.933862	0.035114	-0.999305	-0.012482	-0.933202	-0.037256	0.357417
25	382023													9.089957	0.416142	-3.482286	-0.357442	-0.000410	-0.933935	0.034904	-0.999307	-0.012920	-0.933283	-0.037216	0.357209
26	382523													9.084322	0.390886	-3.477726	-0.356894	-0.000550	-0.934145	0.034697	-0.999318	-0.012668	-0.933500	-0.036933	0.356670
27	383023													9.062856	0.328276	-3.479792	-0.356549	-0.000337	-0.934277	0.034299	-0.999331	-0.012729	-0.933647	-0.036583	0.356321
28	383523													9.091650	0.345665	-3.503888	-0.356466	0.000482	-0.934308	0.034258	-0.999321	-0.013586	-0.933680	-0.036850	0.356207
29	384023													9.128441	0.408827	-3.473412	-0.355738	0.000600	-0.934586	0.034617	-0.999305	-0.013818	-0.933945	-0.037269	0.355470
30	384523													9.079447	0.368234	-3.422898	-0.354493	0.000112	-0.935059	0.034667	-0.999311	-0.013262	-0.934416	-0.037117	0.354244
31	385023													9.084117	0.327511	-3.402508	-0.353941	0.000151	-0.935268	0.034796	-0.999306	-0.013329	-0.934620	-0.037262	0.353690
32	385523													9.101407	0.371257	-3.428239	-0.354028	0.000658	-0.935235	0.035014	-0.999289	-0.013958	-0.934579	-0.037687	0.353753
33	386023													9.086694	0.398375	-3.422478	-0.354774	0.000731	-0.934952	0.035110	-0.999284	-0.014104	-0.934293	-0.037830	0.354495
34	386523													9.047661	0.379980	-3.462399	-0.356102	0.000522	-0.934447	0.035184	-0.999283	-0.013967	-0.933784	-0.037851	0.355828
35	387023													9.143454	0.376041	-3.501365	-0.356927	0.000080	-0.934132	0.035646	-0.999271	-0.013706	-0.933452	-0.038190	0.356663
36	387523													9.041607	0.396779	-3.485984	-0.357096	-0.000278	-0.934068	0.036392	-0.999245	-0.013616	-0.933359	-0.038855	0.356836
37	388023													9.081041	0.423668	-3.495413	-0.357498	-0.000848	-0.933914	0.037094	-0.999223	-0.013292	-0.933177	-0.039395	0.357252
38	388523													9.105587	0.411591	-3.508205	-0.357123	-0.001426	-0.934056	0.037545	-0.999213	-0.012829	-0.933303	-0.039651	0.356895
39	389023													9.042291	0.380915	-3.482941	-0.356861	-0.001033	-0.934157	0.037408	-0.999213	-0.013185	-0.933408	-0.039650	0.356619
40	389523													9.094701	0.397038	-3.478323	-0.356852	-0.000049	-0.934161	0.036976	-0.999217	-0.014072	-0.933429	-0.039563	0.356574
41	390023													9.103864	0.416834	-3.486063	-0.356552	0.000744	-0.934275	0.036513	-0.999225	-0.014730	-0.933562	-0.039365	0.356249
42	390523													9.083422	0.398630	-3.461117	-0.355630	0.000991	-0.934626	0.036112	-0.999238	-0.014800	-0.933929	-0.039015	0.355323
43	391023													9.032210	0.348907	-3.465960	-0.355234	0.001162	-0.934777	0.035851	-0.999247	-0.014866	-0.934090	-0.038794	0.354925
44	391523													9.139578	0.373924	-3.483242	-0.355316	0.001620	-0.934745	0.035959	-0.999235	-0.015400	-0.934055	-0.039085	0.354985
45	392023													9.096186	0.385182	-3.447278	-0.354479	0.001809	-0.935062	0.035987	-0.999231	-0.015576	-0.934371	-0.039172	0.354141
46	392523													9.061486	0.366882	-3.416613	-0.353614	0.002005	-0.935389	0.036025	-0.999227	-0.015761	-0.934698	-0.039270	0.353268
47	393023													9.101389	0.384326	-3.443344	-0.353240	0.002032	-0.935531	0.036181	-0.999220	-0.015831	-0.934833	-0.039441	0.352891
48	393523													9.121213	0.390466	-3.421241	-0.352992	0.001783	-0.935625	0.036402	-0.999215	-0.015638	-0.934918	-0.039578	0.352650
49	394023													9.021255	0.352918	-3.440879	-0.353603	0.001667	-0.935394	0.036316	-0.999220	-0.015509	-0.934690	-0.039454	0.353266
50	394523													9.118584	0.374777	-3.485291	-0.354530	0.001381	-0.935044	0.036804	-0.999203	-0.015430	-0.934320	-0.039884	0.354196
51	395023													9.099482	0.410831	-3.494393	-0.354588	0.001017	-0.935022	0.037300	-0.999188	-0.015232	-0.934278	-0.040278	0.354263
52	395523													9.072811	0.397243	-3.467373	-0.354357	0.000495	-0.935110	0.037816	-0.999174	-0.014859	-0.934345	-0.040628	0.354046
53	396023													9.131684	0.434645	-3.450960	-0.353389	0.000003	-0.935477	0.038269	-0.999163	-0.014460	-0.934694	-0.040910	0.353093
54	396523													9.070214	0.398527	-3.414516	-0.352413	-0.000121	-0.935844	0.038107	-0.999172	-0.014221	-0.935068	-0.040674	0.352126
55	397023													9.074924	0.350656	-3.416383	-0.352515	0.000679	-0.935806	0.037517	-0.999186	-0.014858	-0.935054	-0.040346	0.352203
56	397523													9.133080	0.422369	-3.439709	-0.352492	0.001503	-0.935814	0.037254	-0.999183	-0.015637	-0.935073	-0.040374	0.352148
57	398023													9.104897	0.434221	-3.403840	-0.352067	0.001190	-0.935974	0.037044	-0.999198	-0.015205	-0.935241	-0.040025	0.351741
58	398523													9.058452	0.353547	-3.420575	-0.352210	0.000263	-0.935921	0.036778	-0.999224	-0.014122	-0.935198	-0.039395	0.351927
59	399023													9.122967	0.364428	-3.470353	-0.352960	-0.000517	-0.935638	0.037134	-0.999220	-0.013457	-0.934901	-0.039494	0.352703
60	399523													9.190570	0.345461	-3.442230	-0.352550	-0.000514	-0.935793	0.037270	-0.999214	-0.013493	-0.935050	-0.039634	0.352293
61	400023													9.103680	0.332665	-3.388782	-0.351048	0.000994	-0.936357	0.037065	-0.999201	-0.014957	-0.935624	-0.039957	0.350730
62	400523													9.060927	0.456053	-3.363626	-0.350293	0.002470	-0.936637	0.036859	-0.999186	-0.016420	-0.935915	-0.040275	0.349917
63	401023													9.071940	0.499403	-3.394980	-0.350949	0.001000	-0.936394	0.036592	-0.999221	-0.014781	-0.935680	-0.039452	0.350639
64	401523													9.157042	0.231304	-3.458195	-0.352043	-0.000253	-0.935984	0.035563	-0.999282	-0.013105	-0.935308	-0.037900	0.351799
65	402023													9.125222	0.223657	-3.465399	-0.352531	0.001751	-0.935798	0.035549	-0.999251	-0.015261	-0.935125	-0.038647	0.352205
66	402523													9.026547	0.467840	-3.434008	-0.352935	0.003524	-0.935641	0.035796	-0.999210	-0.017266	-0.934963	-0.039586	0.352530
67	403023													9.082561	0.530547	-3.483464	-0.353582	0.001103	-0.935403	0.036681	-0.999214	-0.015043	-0.934684	-0.039631	0.353264
68	403523													9.165166	0.253299	-3.492050	-0.353116	-0.001187	-0.935579	0.036978	-0.999236	-0.012689	-0.934849	-0.039076	0.352890
69	404023													9.069087	0.262707	-3.442100	-0.351908	0.000325	-0.936035	0.036786	-0.999223	-0.014177	-0.935311	-0.039422	0.351622
70	404523													9.098789	0.464705	-3.424346	-0.350951	0.001973	-0.936392	0.037116	-0.999183	-0.016016	-0.935658	-0.040376	0.350591
71	405023													9.137561	0.471324	-3.391481	-0.349692	0.001497	-0.936863	0.037537	-0.999173	-0.015608	-0.936112	-0.040625	0.349347
72	405523													9.071677	0.395700	-3.368469	-0.348967	0.000540	-0.937135	0.037467	-0.999192	-0.014528	-0.936386	-0.040181	0.348665
73	406023													9.094836	0.334459	-3.394902	-0.349177	0.000122	-0.937057	0.037117	-0.999213	-0.013961	-0.936321	-0.039656	0.348898
74	406523													9.147355	0.316813	-3.435663	-0.349197	0.001107	-0.937049	0.037125	-0.999198	-0.015016	-0.936313	-0.040032	0.348876
75	407023													9.153120	0.436588	-3.371813	-0.348146	0.002010	-0.937438	0.037628	-0.999162	-0.016116	-0.936685	-0.040885	0.347779
76	407523													9.100690	0.455267	-3.338433	-0.346858	0.001329	-0.937917	0.037746	-0.999169	-0.015375	-0.937158	-0.040735	0.346520
77	408023													9.116072	0.372800	-3.333859	-0.346180	0.000654	-0.938168	0.038074	-0.999166	-0.014746	-0.937395	-0.040825	0.345866
78	408523													9.138927	0.377270	-3.353034	-0.346402	0.000798	-0.938086	0.038064	-0.999164	-0.014905	-0.937314	-0.040870	0.346082
79	409023													9.079403	0.386696	-3.366217	-0.347371	0.001330	-0.937727	0.037310	-0.999188	-0.015238	-0.936985	-0.040280	0.347039
80	409523													9.110457	0.351666	-3.427993	-0.349050	0.001807	-0.937102	0.036973	-0.999193	-0.015698	-0.936374	-0.040127	0.348702
81	410023													9.134835	0.398509	-3.473446	-0.349602	0.002161	-0.936896	0.037128	-0.999180	-0.016159	-0.936162	-0.040434	0.349235
82	410523													9.092004	0.408313	-3.445379	-0.349490	0.001373	-0.936939	0.037510	-0.999177	-0.015456	-0.936189	-0.040546	0.349151
83	411023													9.141221	0.369173	-3.424743	-0.348870	0.000799	-0.937171	0.037736	-0.999177	-0.014899	-0.936411	-0.040563	0.348553
84	411523													9.135012	0.362884	-3.396020	-0.347635	0.001113	-0.937629	0.037640	-0.999177	-0.015142	-0.936874	-0.040556	0.347307
85	412023													9.091120	0.364970	-3.355780	-0.347041	0.002061	-0.937848	0.037220	-0.999180	-0.015969	-0.937111	-0.040448	0.346679
86	412523													9.113311	0.395514	-3.369872	-0.347210	0.002894	-0.937783	0.036982	-0.999175	-0.016776	-0.937058	-0.040506	0.346817
87	413023													9.141418	0.414180	-3.354741	-0.347368	0.002649	-0.937725	0.037044	-0.999177	-0.016545	-0.936997	-0.040484	0.346984
88	413523													9.118848	0.360039	-3.359150	-0.347268	0.001826	-0.937764	0.037089	-0.999189	-0.015680	-0.937032	-0.040226	0.346918
89	414023													9.105122	0.328006	-3.361428	-0.347464	0.001514	-0.937692	0.037224	-0.999188	-0.015407	-0.936954	-0.040258	0.347126
90	414523													9.109317	0.354978	-3.409111	-0.348238	0.002066	-0.937404	0.037483	-0.999167	-0.016127	-0.936657	-0.040753	0.347870
91	415023													9.195751	0.418663	-3.405851	-0.348080	0.002204	-0.937462	0.037840	-0.999149	-0.016399	-0.936701	-0.041182	0.347701
92	415523													9.067444	0.399405	-3.335675	-0.347620	0.002081	-0.937633	0.037718	-0.999157	-0.016201	-0.936876	-0.040997	0.347249
93	416023													9.078933	0.365239	-3.364561	-0.348256	0.002241	-0.937397	0.037766	-0.999152	-0.016419	-0.936638	-0.041120	0.347876
94	416523													9.146106	0.425333	-3.403211	-0.349230	0.002424	-0.937034	0.037964	-0.999139	-0.016734	-0.936268	-0.041418	0.348837
95	417023													9.095743	0.401844	-3.409676	-0.349912	0.002187	-0.936780	0.037683	-0.999155	-0.016408	-0.936024	-0.041042	0.349534
96	417523													9.070698	0.365080	-3.432132	-0.350963	0.002027	-0.936387	0.037545	-0.999163	-0.016235	-0.935636	-0.040855	0.350593
97	418023													9.136878	0.370387	-3.455219	-0.351424	0.002296	-0.936214	0.037641	-0.999154	-0.016580	-0.935459	-0.041067	0.351040
98	418523													9.046703	0.371842	-3.443410	-0.352027	0.002536	-0.935986	0.037878	-0.999139	-0.016953	-0.935223	-0.041421	0.351628
99	419023													9.105547	0.408941	-3.477459	-0.352876	0.002590	-0.935667	0.038109	-0.999127	-0.017138	-0.934894	-0.041704	0.352469
100	419523													9.099335	0.433587	-3.492054	-0.352781	0.001964	-0.935704	0.038067	-0.999140	-0.016449	-0.934931	-0.041423	0.352403
101	420023													9.080475	0.329640	-3.481759	-0.352343	0.001411	-0.935870	0.037597	-0.999170	-0.015661	-0.935115	-0.040704	0.351998
102	420523													9.114585	0.304088	-3.456725	-0.351462	0.002362	-0.936199	0.037263	-0.999169	-0.016510	-0.935460	-0.040689	0.351082
103	421023													9.143535	0.413348	-3.420808	-0.350142	0.003447	-0.936690	0.037204	-0.999153	-0.017584	-0.935957	-0.041006	0.349717
104	421523													9.102551	0.420550	-3.373624	-0.348789	0.003162	-0.937196	0.036726	-0.999180	-0.017039	-0.936481	-0.040363	0.348387
105	422023													9.059158	0.325632	-3.379867	-0.348414	0.002286	-0.937338	0.036484	-0.999206	-0.015998	-0.936630	-0.039772	0.348054
106	422523													9.148381	0.336058	-3.409762	-0.348640	0.002059	-0.937255	0.036827	-0.999195	-0.015894	-0.936533	-0.040058	0.348283
107	423023													9.156407	0.379269	-3.373899	-0.347588	0.002062	-0.937645	0.037458	-0.999169	-0.016083	-0.936899	-0.040712	0.347222
108	423523													9.103748	0.400949	-3.319649	-0.346012	0.001975	-0.938228	0.037824	-0.999155	-0.016053	-0.937467	-0.041042	0.345645
109	424023													9.110542	0.389000	-3.337733	-0.345527	0.001734	-0.938407	0.037930	-0.999155	-0.015813	-0.937642	-0.041057	0.345169
110	424523													9.135587	0.393805	-3.346364	-0.346060	0.001618	-0.938211	0.038094	-0.999150	-0.015774	-0.937439	-0.041199	0.345704
111	425023													9.104075	0.381809	-3.371114	-0.346859	0.001675	-0.937916	0.037840	-0.999159	-0.015778	-0.937154	-0.040963	0.346504
112	425524													9.120705	0.373182	-3.406444	-0.347883	0.001335	-0.937537	0.037968	-0.999159	-0.015511	-0.936769	-0.040992	0.347540
113	426024													9.131907	0.381669	-3.414776	-0.348358	0.001247	-0.937361	0.038059	-0.999156	-0.015473	-0.936589	-0.041066	0.348016
114	426524													9.098734	0.391370	-3.418383	-0.348545	0.001078	-0.937291	0.038323	-0.999147	-0.015400	-0.936508	-0.041287	0.348207
115	427024													9.130461	0.410005	-3.412493	-0.348268	0.000975	-0.937394	0.038515	-0.999140	-0.015349	-0.936603	-0.041449	0.347931
116	427524													9.123238	0.385944	-3.398247	-0.347622	0.000981	-0.937634	0.038240	-0.999153	-0.015222	-0.936855	-0.041147	0.347290
117	428024													9.090057	0.354010	-3.384034	-0.347447	0.001501	-0.937698	0.037950	-0.999157	-0.015661	-0.936931	-0.041027	0.347097
118	428524													9.132539	0.405170	-3.383268	-0.347351	0.002197	-0.937733	0.037837	-0.999150	-0.016356	-0.936971	-0.041162	0.346973
119	429024													9.113763	0.409776	-3.373246	-0.347264	0.002039	-0.937765	0.037782	-0.999155	-0.016164	-0.937006	-0.041044	0.346893
120	429524													9.137696	0.369319	-3.374785	-0.347167	0.001532	-0.937802	0.037850	-0.999161	-0.015644	-0.937039	-0.040927	0.346818
121	430024													9.096755	0.336120	-3.378495	-0.347120	0.001620	-0.937819	0.037762	-0.999163	-0.015703	-0.937060	-0.040864	0.346768
122	430524													9.144852	0.373476	-3.389166	-0.347503	0.002347	-0.937676	0.037726	-0.999152	-0.016482	-0.936919	-0.041103	0.347120
123	431024													9.157454	0.408501	-3.401258	-0.347048	0.002812	-0.937843	0.037793	-0.999141	-0.016981	-0.937086	-0.041337	0.346643
124	431524													9.110896	0.370519	-3.340274	-0.346051	0.002808	-0.938211	0.037753	-0.999144	-0.016915	-0.937456	-0.041274	0.345649
125	432024													9.089278	0.343186	-3.356279	-0.345890	0.003220	-0.938270	0.037843	-0.999133	-0.017380	-0.937512	-0.041519	0.345468
126	432524													9.147399	0.409451	-3.370415	-0.346319	0.003497	-0.938110	0.038125	-0.999114	-0.017799	-0.937342	-0.041930	0.345879
127	433024													9.108014	0.395059	-3.379581	-0.346804	0.003018	-0.937933	0.038198	-0.999120	-0.017339	-0.937159	-0.041840	0.346383
128	433524													9.100728	0.359994	-3.410313	-0.347587	0.002750	-0.937644	0.038285	-0.999120	-0.017123	-0.936866	-0.041849	0.347176
129	434024													9.141804	0.390204	-3.430486	-0.347811	0.002651	-0.937561	0.038548	-0.999110	-0.017125	-0.936772	-0.042097	0.347399
130	434524													9.091856	0.397387	-3.409370	-0.347755	0.002379	-0.937583	0.038872	-0.999100	-0.016953	-0.936779	-0.042342	0.347349
131	435024													9.111308	0.420176	-3.418024	-0.347726	0.001915	-0.937594	0.039230	-0.999092	-0.016590	-0.936775	-0.042551	0.347335
132	435524													9.149943	0.402326	-3.393439	-0.347057	0.001233	-0.937843	0.039408	-0.999097	-0.015897	-0.937016	-0.042476	0.346694
133	436024													9.084530	0.373254	-3.366377	-0.346586	0.001122	-0.938017	0.039315	-0.999103	-0.015721	-0.937194	-0.042327	0.346231
134	436524													9.119088	0.397787	-3.382908	-0.346680	0.001539	-0.937982	0.039343	-0.999095	-0.016180	-0.937158	-0.042512	0.346305
135	437024													9.156734	0.424032	-3.373482	-0.346494	0.001694	-0.938051	0.039361	-0.999091	-0.016344	-0.937226	-0.042586	0.346113
136	437524													9.119914	0.410739	-3.356148	-0.346056	0.001244	-0.938213	0.039304	-0.999102	-0.015822	-0.937390	-0.042351	0.345697
137	438024													9.090512	0.340106	-3.357186	-0.345996	0.001227	-0.938235	0.039128	-0.999110	-0.015736	-0.937420	-0.042156	0.345640
138	438524													9.143332	0.406275	-3.393513	-0.346763	0.001494	-0.937952	0.039377	-0.999094	-0.016150	-0.937126	-0.042534	0.346390
139	439024													9.183776	0.435086	-3.373328	-0.346237	0.001126	-0.938146	0.039638	-0.999089	-0.015828	-0.937309	-0.042667	0.345877
140	439524													9.081172	0.378907	-3.320064	-0.345373	0.000362	-0.938465	0.039673	-0.999100	-0.014986	-0.937626	-0.042408	0.345048
141	440024													9.120341	0.362285	-3.340023	-0.345396	0.000427	-0.938457	0.039911	-0.999088	-0.015143	-0.937608	-0.042686	0.345064
142	440524													9.158027	0.415323	-3.351662	-0.345774	0.000740	-0.938317	0.040166	-0.999071	-0.015590	-0.937458	-0.043079	0.345424
143	441024													9.075312	0.408030	-3.359822	-0.346592	0.000498	-0.938016	0.040000	-0.999082	-0.015311	-0.937163	-0.042827	0.346254
144	441524													9.132669	0.396702	-3.422965	-0.347748	-0.000031	-0.937588	0.040241	-0.999079	-0.014892	-0.936724	-0.042909	0.347429
145	442024													9.131590	0.385595	-3.419847	-0.348154	-0.000272	-0.937437	0.040616	-0.999065	-0.014794	-0.936557	-0.043225	0.347840
146	442524													9.090306	0.419092	-3.422376	-0.348293	-0.000388	-0.937386	0.041077	-0.999046	-0.014849	-0.936485	-0.043677	0.347976
147	443024													9.145550	0.445960	-3.404893	-0.348117	-0.000663	-0.937451	0.041363	-0.999037	-0.014654	-0.936538	-0.043878	0.347809
148	443524													9.099781	0.428070	-3.395541	-0.347565	-0.000912	-0.937656	0.041309	-0.999043	-0.014341	-0.936746	-0.043718	0.347270
149	444024													9.092402	0.384007	-3.381707	-0.347660	-0.000705	-0.937620	0.040911	-0.999059	-0.014418	-0.936728	-0.043372	0.347362
150	444524													9.143339	0.395228	-3.403574	-0.347768	0.000121	-0.937581	0.040593	-0.999060	-0.015186	-0.936702	-0.043341	0.347436
151	445024													9.113461	0.433556	-3.395146	-0.347470	0.000403	-0.937691	0.040388	-0.999065	-0.015396	-0.936821	-0.043221	0.347129
152	445524													9.128631	0.391586	-3.376905	-0.346808	0.000212	-0.937936	0.040103	-0.999082	-0.015054	-0.937078	-0.042834	0.346482
153	446024													9.075646	0.357873	-3.382906	-0.346564	0.000265	-0.938026	0.039935	-0.999089	-0.015036	-0.937176	-0.042671	0.346237
154	446524													9.138199	0.386287	-3.433158	-0.346923	0.000558	-0.937894	0.039946	-0.999084	-0.015371	-0.937043	-0.042798	0.346583
155	447024													9.167992	0.410331	-3.404228	-0.345772	0.000567	-0.938318	0.040096	-0.999077	-0.015380	-0.937461	-0.042941	0.345430
156	447524													9.092557	0.386257	-3.343213	-0.343950	0.000360	-0.938988	0.040226	-0.999076	-0.015118	-0.938126	-0.042972	0.343618
157	448024													9.134798	0.382715	-3.334750	-0.342235	0.000676	-0.939614	0.040448	-0.999062	-0.015451	-0.938743	-0.043293	0.341887
158	448524													9.155623	0.416171	-3.313992	-0.341043	0.001211	-0.940047	0.040705	-0.999042	-0.016055	-0.939166	-0.043741	0.340667
159	449024													9.085569	0.403620	-3.291921	-0.340704	0.001551	-0.940170	0.040564	-0.999043	-0.016348	-0.939295	-0.043706	0.340315
160	449524													9.142805	0.414610	-3.312360	-0.341253	0.001586	-0.939970	0.040714	-0.999035	-0.016467	-0.939089	-0.043890	0.340859
161	450024													9.165910	0.421330	-3.322498	-0.341287	0.001530	-0.939958	0.040807	-0.999032	-0.016443	-0.939073	-0.043968	0.340894
162	450524													9.123248	0.389662	-3.331856	-0.341043	0.001418	-0.940047	0.040874	-0.999031	-0.016336	-0.939159	-0.043995	0.340654
163	451024													9.179248	0.415438	-3.330164	-0.340617	0.001592	-0.940201	0.040946	-0.999025	-0.016526	-0.939310	-0.044127	0.340220
164	451524													9.149530	0.415896	-3.307910	-0.339898	0.001662	-0.940461	0.040768	-0.999032	-0.016500	-0.939578	-0.043949	0.339502
165	452024													9.118420	0.377145	-3.299937	-0.339822	0.001853	-0.940488	0.040424	-0.999045	-0.016574	-0.939621	-0.043651	0.339423
166	452524													9.159138	0.385426	-3.321756	-0.340189	0.002461	-0.940354	0.040165	-0.999046	-0.017145	-0.939499	-0.043602	0.339766
167	453024													9.167405	0.421356	-3.309754	-0.339942	0.002684	-0.940443	0.040187	-0.999041	-0.017378	-0.939587	-0.043701	0.339508
168	453524													9.145738	0.395807	-3.299129	-0.339388	0.002327	-0.940644	0.040102	-0.999052	-0.016941	-0.939791	-0.043471	0.338973
169	454024													9.121896	0.351213	-3.311543	-0.339321	0.002457	-0.940668	0.039944	-0.999057	-0.017018	-0.939822	-0.043348	0.338902
170	454524													9.188229	0.390227	-3.313870	-0.339050	0.002613	-0.940765	0.040371	-0.999035	-0.017324	-0.939902	-0.043854	0.338617
171	455024													9.160631	0.431352	-3.270358	-0.338225	0.002350	-0.941062	0.040482	-0.999035	-0.017044	-0.940194	-0.043861	0.337803
172	455524													9.109449	0.375976	-3.262915	-0.338085	0.001993	-0.941114	0.040569	-0.999037	-0.016690	-0.940241	-0.043822	0.337678
173	456024													9.163177	0.401222	-3.289764	-0.338541	0.001593	-0.940950	0.041007	-0.999024	-0.016445	-0.940058	-0.044152	0.338146
174	456524													9.104774	0.414274	-3.279662	-0.339294	0.000494	-0.940680	0.041340	-0.999026	-0.015435	-0.939771	-0.044125	0.338943
175	457024													9.009734	0.408161	-3.285605	-0.342336	-0.000731	-0.939577	0.041329	-0.999044	-0.014281	-0.938668	-0.043721	0.342038
176	457524													8.963743	0.419975	-3.348205	-0.348924	-0.001593	-0.937150	0.041187	-0.999058	-0.013637	-0.936246	-0.043356	0.348661
177	458024													9.082025	0.420158	-3.377920	-0.359026	-0.002591	-0.933324	0.040567	-0.999094	-0.012832	-0.932446	-0.042469	0.358805
178	458524													9.161897	0.486923	-3.503881	-0.368325	-0.004410	-0.929687	0.040116	-0.999133	-0.011154	-0.928831	-0.041404	0.368182
179	459024													9.149232	0.413749	-3.598393	-0.374676	-0.006965	-0.927130	0.039808	-0.999170	-0.008581	-0.926301	-0.040122	0.374642
180	459524													9.079927	0.324117	-3.674433	-0.378605	-0.008557	-0.925519	0.039612	-0.999191	-0.006966	-0.924711	-0.039299	0.378637
181	460024													9.019333	0.331349	-3.726100	-0.380766	-0.008286	-0.924634	0.039674	-0.999185	-0.007384	-0.923820	-0.039496	0.380784
182	460524													8.895741	0.417724	-3.741667	-0.382913	-0.007680	-0.923752	0.039699	-0.999178	-0.008148	-0.922931	-0.039792	0.382903
183	461024													8.954770	0.383482	-3.794314	-0.386558	-0.007064	-0.922238	0.039317	-0.999188	-0.008826	-0.921427	-0.039671	0.386522
184	461524													8.917649	0.354827	-3.839554	-0.390476	-0.005900	-0.920594	0.038487	-0.999210	-0.009921	-0.919808	-0.039305	0.390395
185	462024													8.979269	0.395694	-3.894706	-0.394293	-0.005653	-0.918967	0.038144	-0.999220	-0.010219	-0.918193	-0.039083	0.394201
186	462524													9.019058	0.383177	-3.876867	-0.395264	-0.005345	-0.918552	0.037806	-0.999230	-0.010454	-0.917789	-0.038859	0.395162
187	463024													8.939794	0.357216	-3.839929	-0.394306	-0.005264	-0.918964	0.037476	-0.999244	-0.010356	-0.918215	-0.038523	0.394205
188	463524													8.991171	0.353450	-3.798041	-0.392690	-0.004936	-0.919658	0.037308	-0.999248	-0.010567	-0.918914	-0.038460	0.392579
189	464024													8.914861	0.360809	-3.767807	-0.391638	-0.004924	-0.920106	0.037423	-0.999243	-0.010581	-0.919358	-0.038578	0.391526
190	464524													8.862981	0.368038	-3.780650	-0.392964	-0.005184	-0.919539	0.037155	-0.999257	-0.010245	-0.918803	-0.038191	0.392865
191	465024													8.944026	0.353274	-3.841121	-0.395550	-0.005500	-0.918428	0.036782	-0.999275	-0.009857	-0.917708	-0.037680	0.395466
192	465524													8.911322	0.352256	-3.878888	-0.397370	-0.005722	-0.917641	0.036823	-0.999275	-0.009714	-0.916920	-0.037650	0.397292
193	466024													8.964519	0.407614	-3.902232	-0.398205	-0.006170	-0.917276	0.037244	-0.999262	-0.009447	-0.916540	-0.037925	0.398141
194	466524													8.961297	0.405541	-3.885765	-0.397597	-0.006907	-0.917534	0.037473	-0.999260	-0.008716	-0.916795	-0.037849	0.397561
195	467024													8.858974	0.340462	-3.865764	-0.397361	-0.006946	-0.917636	0.036985	-0.999280	-0.008452	-0.916917	-0.037297	0.397332
196	467524													8.902633	0.328003	-3.872738	-0.398122	-0.005705	-0.917315	0.036070	-0.999305	-0.009440	-0.916623	-0.036846	0.398051
197	468024													8.916162	0.372514	-3.907513	-0.398621	-0.004723	-0.917104	0.035143	-0.999331	-0.010129	-0.916442	-0.036268	0.398520
198	468524													8.848446	0.326813	-3.907808	-0.398724	-0.004460	-0.917060	0.034513	-0.999353	-0.010146	-0.916421	-0.035696	0.398620
199	469024													8.997777	0.337480	-3.960347	-0.398362	-0.004502	-0.917217	0.034421	-0.999357	-0.010044	-0.916582	-0.035572	0.398260
200	469524													8.930101	0.308420	-3.868863	-0.396333	-0.004521	-0.918096	0.034422	-0.999358	-0.009939	-0.917461	-0.035542	0.396234
201	470024													8.889561	0.309584	-3.824953	-0.394346	-0.004101	-0.918953	0.034431	-0.999354	-0.010315	-0.918317	-0.035708	0.394233
202	470524													8.927797	0.320749	-3.843263	-0.392635	-0.003426	-0.919688	0.034525	-0.999343	-0.011016	-0.919046	-0.036078	0.392496
203	471024													8.949133	0.342143	-3.815731	-0.391441	-0.002919	-0.920198	0.034680	-0.999331	-0.011582	-0.919549	-0.036446	0.391281
204	471524													8.870136	0.331542	-3.802212	-0.391061	-0.002628	-0.920361	0.034667	-0.999328	-0.011876	-0.919712	-0.036551	0.390889
205	472024													8.964252	0.331719	-3.819168	-0.391183	-0.002725	-0.920309	0.035179	-0.999309	-0.011994	-0.919640	-0.037068	0.391008
206	472524													8.961093	0.359007	-3.780614	-0.390632	-0.003185	-0.920541	0.035722	-0.999293	-0.011701	-0.919853	-0.037455	0.390470
207	473024													8.905563	0.339998	-3.781112	-0.390416	-0.003607	-0.920631	0.036460	-0.999268	-0.011547	-0.919916	-0.038074	0.390262
208	473524													8.973775	0.391157	-3.799230	-0.390323	-0.004072	-0.920669	0.037150	-0.999245	-0.011330	-0.919928	-0.038626	0.390180
209	474024													8.926491	0.388651	-3.791269	-0.389901	-0.004585	-0.920845	0.037433	-0.999240	-0.010874	-0.920095	-0.038710	0.389777
210	474524													8.948415	0.356371	-3.789861	-0.389822	-0.005089	-0.920876	0.037311	-0.999251	-0.010272	-0.920134	-0.038363	0.389720
211	475024													8.919199	0.338334	-3.790993	-0.389738	-0.005103	-0.920912	0.037222	-0.999255	-0.010215	-0.920173	-0.038259	0.389637
212	475525													8.936284	0.371973	-3.827681	-0.390168	-0.005084	-0.920730	0.037196	-0.999255	-0.010244	-0.919992	-0.038244	0.390067
213	476025													9.008372	0.392859	-3.806213	-0.389913	-0.005806	-0.920833	0.037428	-0.999254	-0.009548	-0.920091	-0.038188	0.389840
214	476525													8.941772	0.349631	-3.758429	-0.388728	-0.006507	-0.921329	0.037540	-0.999257	-0.008782	-0.920587	-0.038000	0.388684
215	477025													8.957442	0.358570	-3.764289	-0.387691	-0.006614	-0.921766	0.037702	-0.999251	-0.008688	-0.921018	-0.038121	0.387650
216	477525													8.979510	0.391091	-3.769753	-0.386709	-0.006519	-0.922179	0.037693	-0.999251	-0.008742	-0.921431	-0.038140	0.386665
217	478025													8.928002	0.354620	-3.748160	-0.386332	-0.006436	-0.922337	0.037314	-0.999266	-0.008657	-0.921605	-0.037761	0.386288
218	478525													8.908884	0.362453	-3.763342	-0.387260	-0.006218	-0.921950	0.037068	-0.999274	-0.008831	-0.921225	-0.037594	0.387209
219	479025													9.000855	0.371236	-3.789145	-0.388228	-0.006314	-0.921542	0.037201	-0.999269	-0.008825	-0.920812	-0.037708	0.388179
220	479525													8.922438	0.377667	-3.781169	-0.388460	-0.006654	-0.921442	0.037519	-0.999259	-0.008601	-0.920701	-0.037913	0.388422
221	480025													8.970735	0.376142	-3.809671	-0.388579	-0.007125	-0.921388	0.037935	-0.999246	-0.008272	-0.920634	-0.038167	0.388556
222	480525													8.970994	0.362064	-3.805035	-0.387868	-0.007264	-0.921686	0.038080	-0.999241	-0.008149	-0.920928	-0.038259	0.387851
223	481025													8.948574	0.361712	-3.773593	-0.387199	-0.006796	-0.921971	0.037927	-0.999244	-0.008562	-0.921216	-0.038283	0.387164
224	481525													8.972692	0.380499	-3.765667	-0.386582	-0.006255	-0.922234	0.037796	-0.999244	-0.009066	-0.921480	-0.038361	0.386526
225	482025													8.950848	0.382764	-3.752820	-0.385621	-0.006012	-0.922638	0.037715	-0.999246	-0.009252	-0.921886	-0.038365	0.385556
226	482525													8.944716	0.354558	-3.769044	-0.385215	-0.005946	-0.922808	0.037760	-0.999243	-0.009324	-0.922054	-0.038437	0.385148
227	483025													9.027865	0.374953	-3.742378	-0.384200	-0.005768	-0.923232	0.038283	-0.999220	-0.009688	-0.922456	-0.039066	0.384121
228	483525													8.982418	0.391170	-3.688777	-0.382198	-0.005712	-0.924063	0.038644	-0.999205	-0.009808	-0.923272	-0.039458	0.382115
229	484025													8.929482	0.363756	-3.662524	-0.381111	-0.005440	-0.924513	0.038701	-0.999200	-0.010074	-0.923719	-0.039619	0.381017
230	484525													8.997626	0.380477	-3.680969	-0.381204	-0.004944	-0.924478	0.038824	-0.999189	-0.010665	-0.923675	-0.039958	0.381087
231	485025													8.988655	0.393943	-3.684458	-0.381518	-0.004673	-0.924350	0.038755	-0.999189	-0.010944	-0.923549	-0.039999	0.381390
232	485525													8.953712	0.384347	-3.723362	-0.382444	-0.004720	-0.923967	0.038756	-0.999189	-0.010937	-0.923166	-0.039992	0.382317
233	486025													9.006900	0.361619	-3.739172	-0.382914	-0.004646	-0.923772	0.038910	-0.999181	-0.011103	-0.922964	-0.040195	0.382782
234	486525													8.951097	0.385676	-3.731903	-0.383234	-0.004499	-0.923640	0.039118	-0.999170	-0.011364	-0.922823	-0.040486	0.383092
235	487025													8.990290	0.404244	-3.738397	-0.383393	-0.004486	-0.923575	0.039378	-0.999158	-0.011493	-0.922746	-0.040775	0.383246
236	487525													8.978365	0.391772	-3.747432	-0.383143	-0.004451	-0.923678	0.039412	-0.999156	-0.011534	-0.922848	-0.040823	0.382995
237	488025													8.956143	0.369449	-3.731974	-0.383008	-0.004152	-0.923736	0.039328	-0.999157	-0.011815	-0.922907	-0.040854	0.382848
238	488525													8.982248	0.389289	-3.731529	-0.383175	-0.003574	-0.923669	0.039125	-0.999158	-0.012365	-0.922847	-0.040876	0.382992
239	489025													8.990292	0.423349	-3.725053	-0.382828	-0.003464	-0.923813	0.039104	-0.999157	-0.012459	-0.922992	-0.040895	0.382641
240	489525													8.953144	0.376162	-3.712037	-0.382694	-0.003739	-0.923868	0.038845	-0.999173	-0.012047	-0.923058	-0.040498	0.382522
241	490025													8.974420	0.328447	-3.717158	-0.383018	-0.003417	-0.923735	0.038523	-0.999182	-0.012278	-0.922937	-0.040288	0.382836
242	490525													9.026096	0.380633	-3.725550	-0.382924	-0.002888	-0.923775	0.038776	-0.999164	-0.012949	-0.922966	-0.040778	0.382716
243	491025													8.975945	0.421484	-3.680024	-0.382073	-0.002923	-0.924128	0.038669	-0.999170	-0.012827	-0.923323	-0.040636	0.381869
244	491525													8.953081	0.351957	-3.679951	-0.381703	-0.003065	-0.924280	0.038593	-0.999175	-0.012624	-0.923479	-0.040489	0.381506
245	492025													9.022668	0.384317	-3.705817	-0.381746	-0.003005	-0.924262	0.038858	-0.999163	-0.012801	-0.923450	-0.040802	0.381543
246	492525													8.968550	0.399998	-3.677400	-0.381844	-0.003149	-0.924221	0.038950	-0.999161	-0.012688	-0.923406	-0.040843	0.381647
247	493025													8.934151	0.377287	-3.718621	-0.382971	-0.003349	-0.923754	0.038612	-0.999177	-0.012386	-0.922953	-0.040412	0.382785
248	493525													9.008185	0.364513	-3.750639	-0.384294	-0.003486	-0.923204	0.038525	-0.999182	-0.012263	-0.922407	-0.040279	0.384114
249	494025													8.961219	0.379559	-3.757194	-0.384849	-0.003506	-0.922973	0.038550	-0.999181	-0.012278	-0.922174	-0.040306	0.384669
250	494525													8.973354	0.394890	-3.765682	-0.385002	-0.003593	-0.922909	0.038787	-0.999172	-0.012291	-0.922100	-0.040529	0.384823
251	495025													8.987391	0.405621	-3.748706	-0.384456	-0.003828	-0.923135	0.038754	-0.999177	-0.011996	-0.922330	-0.040387	0.384288
252	495525													8.938117	0.350818	-3.743362	-0.384236	-0.003721	-0.923228	0.038287	-0.999196	-0.011907	-0.922441	-0.039923	0.384069
253	496025													8.962242	0.347669	-3.760516	-0.384715	-0.002969	-0.923031	0.037889	-0.999203	-0.012578	-0.922258	-0.039812	0.384521
254	496525													8.982687	0.380182	-3.760164	-0.384877	-0.002372	-0.922965	0.037682	-0.999203	-0.013145	-0.922198	-0.039838	0.384660
255	497025													8.992434	0.389595	-3.744144	-0.384248	-0.002628	-0.923226	0.037405	-0.999219	-0.012724	-0.922472	-0.039423	0.384046
256	497525													8.952826	0.322546	-3.718628	-0.383237	-0.002962	-0.923645	0.037231	-0.999232	-0.012244	-0.922899	-0.039080	0.383053
257	498025													8.953360	0.329789	-3.754055	-0.383088	-0.002382	-0.923709	0.037301	-0.999221	-0.012893	-0.922959	-0.039394	0.382878
258	498525													9.048043	0.397295	-3.725895	-0.382055	-0.002068	-0.924137	0.037592	-0.999205	-0.013305	-0.923375	-0.039824	0.381828
259	499025													8.922528	0.377851	-3.679112	-0.380905	-0.002311	-0.924611	0.037607	-0.999208	-0.012996	-0.923849	-0.039722	0.380691
260	499525													8.962715	0.344472	-3.678672	-0.380786	-0.002246	-0.924660	0.037756	-0.999201	-0.013121	-0.923892	-0.039908	0.380567
261	500025													9.045416	0.394428	-3.714371	-0.380729	-0.002429	-0.924683	0.038057	-0.999190	-0.013045	-0.923903	-0.040157	0.380513
262	500525													8.983334	0.360582	-3.673790	-0.380214	-0.002573	-0.924895	0.038024	-0.999194	-0.012852	-0.924116	-0.040055	0.380006
263	501025													8.955359	0.374227	-3.691846	-0.380457	-0.002465	-0.924795	0.038099	-0.999189	-0.013010	-0.924013	-0.040183	0.380243
264	501525													9.020038	0.388911	-3.703320	-0.380695	-0.002569	-0.924697	0.038327	-0.999181	-0.013003	-0.923906	-0.040391	0.380482
265	502025													8.942966	0.363649	-3.716108	-0.381003	-0.002873	-0.924569	0.038474	-0.999178	-0.012750	-0.923773	-0.040430	0.380801
266	502525													9.001738	0.379470	-3.737142	-0.381063	-0.003000	-0.924544	0.038741	-0.999168	-0.012725	-0.923737	-0.040667	0.380862
267	503025													9.000400	0.424678	-3.716588	-0.380311	-0.003275	-0.924853	0.039004	-0.999161	-0.012501	-0.924036	-0.040828	0.380119
268	503525													8.979202	0.356974	-3.702429	-0.379269	-0.003197	-0.925281	0.038577	-0.999179	-0.012360	-0.924482	-0.040382	0.379081
269	504025													8.987475	0.369044	-3.698667	-0.378766	-0.002530	-0.925489	0.038241	-0.999185	-0.012919	-0.924702	-0.040284	0.378554
270	504525													9.009190	0.430849	-3.669300	-0.378274	-0.002609	-0.925690	0.038274	-0.999185	-0.012825	-0.924902	-0.040281	0.378065
271	505025													8.989537	0.370782	-3.661317	-0.377964	-0.003640	-0.925813	0.038206	-0.999202	-0.011669	-0.925031	-0.039782	0.377802
272	505525													8.986042	0.298453	-3.685612	-0.377957	-0.003952	-0.925815	0.038135	-0.999209	-0.011303	-0.925038	-0.039578	0.377808
273	506025													9.051610	0.376350	-3.675162	-0.377285	-0.003859	-0.926089	0.038731	-0.999182	-0.011615	-0.925287	-0.040250	0.377126
274	506525													9.015236	0.394427	-3.628160	-0.375584	-0.003909	-0.926780	0.038838	-0.999179	-0.011525	-0.925974	-0.040323	0.375427
275	507025													8.965715	0.367252	-3.606267	-0.374825	-0.003901	-0.927087	0.038766	-0.999182	-0.011469	-0.926285	-0.040239	0.374670
276	507525													9.014343	0.392076	-3.633153	-0.375280	-0.003750	-0.926904	0.038874	-0.999176	-0.011697	-0.926096	-0.040423	0.375117
277	508025													9.017866	0.388492	-3.640829	-0.375793	-0.003650	-0.926696	0.038963	-0.999170	-0.011864	-0.925884	-0.040565	0.375623
278	508525													8.978053	0.382278	-3.671394	-0.376609	-0.003643	-0.926365	0.038870	-0.999174	-0.011873	-0.925556	-0.040479	0.376440
279	509025													9.044779	0.380533	-3.692678	-0.376745	-0.003557	-0.926310	0.039062	-0.999164	-0.012050	-0.925493	-0.040724	0.376569
280	509525													8.969539	0.395106	-3.664233	-0.376485	-0.003446	-0.926416	0.039251	-0.999154	-0.012235	-0.925591	-0.040969	0.376302
281	510025													9.019702	0.405975	-3.660195	-0.376422	-0.003412	-0.926442	0.039464	-0.999145	-0.012355	-0.925607	-0.041212	0.376235
282	510525													9.025515	0.393041	-3.662518	-0.375847	-0.003313	-0.926676	0.039394	-0.999147	-0.012405	-0.925844	-0.041168	0.375657
283	511025													8.992277	0.359868	-3.644925	-0.375422	-0.002629	-0.926850	0.039064	-0.999152	-0.012990	-0.926030	-0.041083	0.375206
284	511525													9.017843	0.376032	-3.645830	-0.375176	-0.001726	-0.926952	0.038847	-0.999149	-0.013863	-0.926139	-0.041210	0.374924
285	512025													9.034549	0.409817	-3.649027	-0.374654	-0.001309	-0.927164	0.038764	-0.999147	-0.014253	-0.926354	-0.041281	0.374386
