// Start Time: Unknown
// Update Rate: 60.0Hz
//Filter Profile: human (46.1)
// Option Flags: AHS Disabled ICC Disabled
// Firmware Version: 4.0.2
0	sampleTimeFine	Year	Month	Day	Second	UTC_Nano	UTC_Year	UTC_Month	UTC_Day	UTC_Hour	UTC_Minute	UTC_Second	UTC_Valid	Acc_X	Acc_Y	Acc_Z	Mat[1][1]	Mat[2][1]	Mat[3][1]	Mat[1][2]	Mat[2][2]	Mat[3][2]	Mat[1][3]	Mat[2][3]	Mat[3][3]
0	5034845													0.144146	-0.005879	-0.161953	-0.118278	-0.953890	0.275870	-0.024865	0.280578	0.959509	-0.992669	0.106629	-0.056905
1	5035012													9.728082	-0.212656	-1.130307	-0.118140	-0.953808	0.276212	-0.024973	0.280926	0.959404	-0.992683	0.106446	-0.057008
2	5035178													9.726486	-0.223459	-1.131934	-0.117456	-0.953614	0.277173	-0.024478	0.281800	0.959161	-0.992776	0.105875	-0.056441
3	5035345													9.707268	-0.221306	-1.135106	-0.116831	-0.953543	0.277681	-0.024113	0.282237	0.959042	-0.992859	0.105350	-0.055967
4	5035512													9.718384	-0.241535	-1.120935	-0.116408	-0.953778	0.277048	-0.023936	0.281558	0.959246	-0.992913	0.105033	-0.055606
5	5035678													9.727367	-0.255144	-1.116914	-0.116040	-0.953966	0.276555	-0.024067	0.281055	0.959390	-0.992953	0.104672	-0.055573
6	5035845													9.718766	-0.272643	-1.122802	-0.115683	-0.953953	0.276750	-0.024372	0.281262	0.959321	-0.992987	0.104232	-0.055787
7	5036012													9.722681	-0.286517	-1.123610	-0.115387	-0.954074	0.276457	-0.024778	0.280994	0.959390	-0.993012	0.103851	-0.056063
8	5036178													9.707610	-0.274631	-1.129287	-0.115108	-0.954116	0.276430	-0.025272	0.281002	0.959374	-0.993031	0.103446	-0.056458
9	5036345													9.716022	-0.255082	-1.117835	-0.114893	-0.954254	0.276042	-0.025805	0.280655	0.959462	-0.993043	0.103112	-0.056870
10	5036512													9.710144	-0.253267	-1.131054	-0.114706	-0.954401	0.275611	-0.026292	0.280262	0.959563	-0.993052	0.102821	-0.057241
11	5036678													9.728416	-0.233514	-1.114153	-0.114546	-0.954438	0.275550	-0.026766	0.280240	0.959557	-0.993057	0.102538	-0.057647
12	5036845													9.722191	-0.244547	-1.121904	-0.114389	-0.954417	0.275687	-0.027193	0.280412	0.959494	-0.993064	0.102259	-0.058029
13	5037012													9.714212	-0.239901	-1.117104	-0.114240	-0.954500	0.275462	-0.027613	0.280221	0.959538	-0.993069	0.102011	-0.058369
14	5037178													9.707549	-0.253236	-1.113624	-0.114117	-0.954517	0.275455	-0.027997	0.280246	0.959520	-0.993073	0.101785	-0.058704
15	5037345													9.713084	-0.250332	-1.116088	-0.114002	-0.954618	0.275152	-0.028357	0.279971	0.959590	-0.993076	0.101592	-0.058987
16	5037512													9.684216	-0.279446	-1.107732	-0.113973	-0.954659	0.275019	-0.028666	0.279868	0.959610	-0.993070	0.101486	-0.059264
17	5037679													9.708536	-0.270646	-1.114114	-0.113973	-0.954660	0.275016	-0.028969	0.279896	0.959593	-0.993061	0.101400	-0.059556
18	5037845													9.726399	-0.280206	-1.101049	-0.113991	-0.954665	0.274991	-0.029269	0.279902	0.959582	-0.993051	0.101335	-0.059849
19	5038012													9.724450	-0.275520	-1.082109	-0.113987	-0.954557	0.275370	-0.029552	0.280312	0.959454	-0.993043	0.101227	-0.060161
20	5038179													9.719376	-0.266522	-1.107282	-0.114016	-0.954536	0.275430	-0.029852	0.280404	0.959418	-0.993030	0.101167	-0.060465
21	5038345													9.736947	-0.286137	-1.123478	-0.114058	-0.954552	0.275358	-0.030113	0.280362	0.959422	-0.993018	0.101137	-0.060722
22	5038512													9.717271	-0.278632	-1.111502	-0.114089	-0.954534	0.275405	-0.030404	0.280440	0.959390	-0.993005	0.101082	-0.061017
23	5038679													9.677553	-0.278634	-1.096644	-0.114093	-0.954491	0.275554	-0.030770	0.280627	0.959323	-0.992994	0.100973	-0.061387
24	5038845													9.724659	-0.292587	-1.115007	-0.114162	-0.954521	0.275421	-0.031141	0.280535	0.959338	-0.992974	0.100944	-0.061751
25	5039012													9.710452	-0.284106	-1.114271	-0.114241	-0.954496	0.275475	-0.031455	0.280627	0.959301	-0.992955	0.100926	-0.062083
26	5039179													9.739758	-0.282717	-1.105792	-0.114320	-0.954464	0.275553	-0.031589	0.280724	0.959269	-0.992942	0.100959	-0.062243
27	5039345													9.738499	-0.305337	-1.121638	-0.114381	-0.954476	0.275485	-0.031657	0.280666	0.959283	-0.992932	0.101002	-0.062319
28	5039512													9.732545	-0.303420	-1.102828	-0.114451	-0.954460	0.275511	-0.031794	0.280710	0.959266	-0.992920	0.101029	-0.062474
29	5039679													9.717603	-0.278291	-1.118924	-0.114479	-0.954472	0.275457	-0.032042	0.280684	0.959265	-0.992909	0.100990	-0.062715
30	5039845													9.691107	-0.248974	-1.120518	-0.114509	-0.954502	0.275344	-0.032273	0.280595	0.959283	-0.992898	0.100961	-0.062936
31	5040012													9.687620	-0.243518	-1.114825	-0.114624	-0.954448	0.275483	-0.032429	0.280758	0.959231	-0.992879	0.101018	-0.063133
32	5040179													9.716327	-0.274888	-1.089909	-0.114782	-0.954400	0.275583	-0.032555	0.280881	0.959190	-0.992857	0.101126	-0.063311
33	5040345													9.710773	-0.304678	-1.129054	-0.114952	-0.954370	0.275617	-0.032683	0.280939	0.959169	-0.992833	0.101251	-0.063486
34	5040512													9.725724	-0.298171	-1.146196	-0.115139	-0.954341	0.275638	-0.032893	0.280994	0.959146	-0.992805	0.101368	-0.063745
35	5040679													9.719552	-0.313524	-1.160939	-0.115334	-0.954335	0.275577	-0.033115	0.280968	0.959146	-0.992775	0.101496	-0.064008
36	5040845													9.707277	-0.311581	-1.134431	-0.115575	-0.954373	0.275344	-0.033304	0.280769	0.959197	-0.992740	0.101690	-0.064234
37	5041012													9.708632	-0.299031	-1.142949	-0.115841	-0.954367	0.275254	-0.033474	0.280713	0.959208	-0.992704	0.101902	-0.064464
38	5041179													9.726939	-0.274014	-1.148509	-0.116142	-0.954368	0.275123	-0.033674	0.280622	0.959227	-0.992662	0.102142	-0.064729
39	5041345													9.733130	-0.277981	-1.147412	-0.116419	-0.954348	0.275076	-0.033828	0.280609	0.959226	-0.992624	0.102367	-0.064952
40	5041512													9.715267	-0.274701	-1.154751	-0.116679	-0.954300	0.275133	-0.033980	0.280698	0.959194	-0.992588	0.102569	-0.065178
41	5041679													9.700412	-0.283269	-1.165442	-0.116928	-0.954257	0.275175	-0.034170	0.280777	0.959165	-0.992552	0.102750	-0.065437
42	5041845													9.712205	-0.272150	-1.151138	-0.117184	-0.954183	0.275324	-0.034283	0.280955	0.959108	-0.992518	0.102953	-0.065636
43	5042012													9.722910	-0.294951	-1.162754	-0.117388	-0.954132	0.275411	-0.034289	0.281058	0.959078	-0.992494	0.103141	-0.065709
44	5042179													9.759063	-0.290093	-1.151409	-0.117579	-0.954066	0.275559	-0.034307	0.281221	0.959030	-0.992471	0.103308	-0.065797
45	5042345													9.761287	-0.310186	-1.163673	-0.117645	-0.954053	0.275576	-0.034346	0.281246	0.959021	-0.992462	0.103359	-0.065855
46	5042512													9.733047	-0.298095	-1.168358	-0.117637	-0.954029	0.275662	-0.034421	0.281340	0.958991	-0.992460	0.103324	-0.065935
47	5042679													9.697686	-0.301650	-1.172235	-0.117586	-0.954013	0.275741	-0.034506	0.281425	0.958963	-0.992463	0.103246	-0.066011
48	5042845													9.689909	-0.280479	-1.157508	-0.117546	-0.953967	0.275916	-0.034517	0.281599	0.958911	-0.992467	0.103193	-0.066029
49	5043012													9.716255	-0.297219	-1.156170	-0.117552	-0.953927	0.276051	-0.034466	0.281730	0.958875	-0.992468	0.103203	-0.065996
50	5043179													9.710565	-0.293392	-1.146582	-0.117500	-0.953953	0.275983	-0.034437	0.281655	0.958897	-0.992476	0.103167	-0.065946
51	5043345													9.739710	-0.289276	-1.167263	-0.117454	-0.953910	0.276152	-0.034427	0.281820	0.958849	-0.992481	0.103113	-0.065941
52	5043512													9.709804	-0.288857	-1.166927	-0.117379	-0.953868	0.276331	-0.034451	0.281998	0.958796	-0.992489	0.103023	-0.065962
53	5043679													9.737372	-0.280185	-1.149786	-0.117319	-0.953804	0.276574	-0.034491	0.282243	0.958723	-0.992495	0.102937	-0.066010
54	5043845													9.710754	-0.264035	-1.163973	-0.117280	-0.953794	0.276625	-0.034541	0.282297	0.958705	-0.992498	0.102882	-0.066053
55	5044012													9.705812	-0.273512	-1.166870	-0.117272	-0.953744	0.276802	-0.034603	0.282480	0.958649	-0.992497	0.102844	-0.066130
56	5044179													9.698255	-0.268552	-1.143453	-0.117257	-0.953762	0.276748	-0.034715	0.282436	0.958658	-0.992495	0.102802	-0.066227
57	5044345													9.720295	-0.279613	-1.159095	-0.117238	-0.953748	0.276802	-0.034848	0.282504	0.958633	-0.992492	0.102742	-0.066356
58	5044512													9.707078	-0.282660	-1.149915	-0.117225	-0.953752	0.276794	-0.034977	0.282507	0.958627	-0.992489	0.102693	-0.066476
59	5044679													9.714774	-0.292015	-1.160347	-0.117218	-0.953706	0.276955	-0.035122	0.282684	0.958570	-0.992485	0.102635	-0.066632
60	5044845													9.713963	-0.270812	-1.149533	-0.117241	-0.953721	0.276895	-0.035258	0.282639	0.958578	-0.992477	0.102621	-0.066763
61	5045012													9.716480	-0.281673	-1.146207	-0.117241	-0.953756	0.276775	-0.035428	0.282536	0.958602	-0.992471	0.102582	-0.066915
62	5045179													9.706234	-0.260512	-1.152229	-0.117285	-0.953683	0.277008	-0.035595	0.282791	0.958521	-0.992460	0.102560	-0.067114
63	5045345													9.705285	-0.239230	-1.158827	-0.117329	-0.953652	0.277095	-0.035781	0.282901	0.958482	-0.992448	0.102543	-0.067316
64	5045512													9.709655	-0.255101	-1.145398	-0.117384	-0.953626	0.277163	-0.035971	0.282992	0.958448	-0.992435	0.102537	-0.067521
65	5045679													9.712023	-0.270948	-1.145574	-0.117455	-0.953496	0.277578	-0.036152	0.283433	0.958310	-0.992420	0.102524	-0.067762
66	5045845													9.721919	-0.267360	-1.123972	-0.117482	-0.953480	0.277622	-0.036334	0.283498	0.958284	-0.992410	0.102494	-0.067950
67	5046012													9.706754	-0.256664	-1.160991	-0.117504	-0.953470	0.277645	-0.036481	0.283538	0.958267	-0.992402	0.102471	-0.068100
68	5046179													9.706993	-0.270909	-1.160976	-0.117578	-0.953395	0.277873	-0.036608	0.283785	0.958189	-0.992389	0.102489	-0.068269
69	5046345													9.689704	-0.283021	-1.144683	-0.117676	-0.953368	0.277925	-0.036730	0.283857	0.958163	-0.992373	0.102544	-0.068420
70	5046512													9.703356	-0.294093	-1.145752	-0.117794	-0.953322	0.278031	-0.036868	0.283985	0.958120	-0.992353	0.102610	-0.068599
71	5046679													9.700561	-0.287174	-1.151355	-0.117904	-0.953306	0.278041	-0.037076	0.284025	0.958100	-0.992333	0.102655	-0.068833
72	5046845													9.716105	-0.288114	-1.180868	-0.117979	-0.953322	0.277955	-0.037300	0.283967	0.958108	-0.992315	0.102669	-0.069061
73	5047012													9.732451	-0.272224	-1.151961	-0.118111	-0.953207	0.278291	-0.037440	0.284328	0.957996	-0.992294	0.102731	-0.069270
74	5047179													9.772966	-0.251876	-1.173869	-0.118173	-0.953224	0.278206	-0.037376	0.284241	0.958024	-0.992289	0.102814	-0.069218
75	5047345													9.743349	-0.280382	-1.171258	-0.118163	-0.953157	0.278440	-0.037277	0.284465	0.957962	-0.992294	0.102816	-0.069144
76	5047512													9.743534	-0.289430	-1.154743	-0.118061	-0.953157	0.278485	-0.037298	0.284505	0.957949	-0.992306	0.102710	-0.069140
77	5047679													9.698970	-0.279140	-1.150665	-0.117882	-0.953117	0.278696	-0.037429	0.284718	0.957880	-0.992322	0.102485	-0.069237
78	5047845													9.692254	-0.273553	-1.147179	-0.117673	-0.953135	0.278724	-0.037615	0.284751	0.957863	-0.992340	0.102230	-0.069359
79	5048012													9.685956	-0.262608	-1.152254	-0.117499	-0.953128	0.278819	-0.037765	0.284849	0.957828	-0.992355	0.102014	-0.069464
80	5048179													9.720496	-0.303612	-1.174093	-0.117329	-0.953140	0.278850	-0.037897	0.284882	0.957813	-0.992370	0.101812	-0.069546
81	5048345													9.721455	-0.296547	-1.167019	-0.117175	-0.953073	0.279147	-0.038066	0.285187	0.957716	-0.992382	0.101594	-0.069696
82	5048512													9.729737	-0.309829	-1.155947	-0.117016	-0.953101	0.279118	-0.038268	0.285167	0.957714	-0.992393	0.101386	-0.069842
83	5048679													9.710371	-0.303695	-1.147817	-0.116873	-0.953125	0.279095	-0.038469	0.285154	0.957709	-0.992401	0.101194	-0.069993
84	5048845													9.695455	-0.284761	-1.135101	-0.116767	-0.953139	0.279092	-0.038624	0.285159	0.957702	-0.992408	0.101048	-0.070111
85	5049012													9.701559	-0.289052	-1.146882	-0.116670	-0.953153	0.279083	-0.038763	0.285158	0.957696	-0.992414	0.100916	-0.070217
86	5049179													9.719652	-0.271895	-1.145406	-0.116613	-0.953128	0.279193	-0.038916	0.285281	0.957654	-0.992415	0.100809	-0.070359
87	5049345													9.698953	-0.268856	-1.127693	-0.116525	-0.953056	0.279475	-0.039035	0.285569	0.957563	-0.992420	0.100670	-0.070478
88	5049512													9.734798	-0.299794	-1.146905	-0.116424	-0.953011	0.279671	-0.039235	0.285779	0.957492	-0.992424	0.100502	-0.070663
89	5049679													9.704582	-0.268374	-1.136094	-0.116293	-0.953014	0.279713	-0.039408	0.285830	0.957470	-0.992433	0.100324	-0.070796
90	5049845													9.714449	-0.270958	-1.137041	-0.116123	-0.953010	0.279798	-0.039459	0.285908	0.957444	-0.992451	0.100140	-0.070806
91	5050012													9.711377	-0.298906	-1.122961	-0.116028	-0.953002	0.279866	-0.039493	0.285973	0.957424	-0.992460	0.100035	-0.070818
92	5050179													9.736017	-0.318150	-1.135063	-0.115905	-0.952995	0.279941	-0.039562	0.286046	0.957399	-0.992472	0.099892	-0.070856
93	5050345													9.739099	-0.313592	-1.105749	-0.115709	-0.953011	0.279968	-0.039713	0.286075	0.957384	-0.992489	0.099659	-0.070949
94	5050512													9.713095	-0.294800	-1.129245	-0.115469	-0.953050	0.279935	-0.039900	0.286042	0.957386	-0.992509	0.099379	-0.071056
95	5050679													9.709006	-0.288392	-1.133082	-0.115250	-0.953055	0.280005	-0.040015	0.286109	0.957361	-0.992530	0.099132	-0.071111
96	5050845													9.692492	-0.294783	-1.129901	-0.115047	-0.953113	0.279891	-0.040064	0.285985	0.957396	-0.992552	0.098932	-0.071087
97	5051012													9.711788	-0.281916	-1.109668	-0.114920	-0.953124	0.279909	-0.040070	0.285994	0.957393	-0.992566	0.098808	-0.071058
98	5051179													9.721408	-0.264436	-1.107909	-0.114796	-0.953090	0.280073	-0.040115	0.286155	0.957343	-0.992579	0.098664	-0.071082
99	5051345													9.721150	-0.253900	-1.099129	-0.114647	-0.953072	0.280196	-0.040154	0.286271	0.957307	-0.992594	0.098501	-0.071090
100	5051512													9.729465	-0.245149	-1.110237	-0.114473	-0.953047	0.280352	-0.040143	0.286414	0.957265	-0.992615	0.098327	-0.071045
101	5051679													9.714488	-0.248761	-1.101236	-0.114369	-0.953049	0.280388	-0.040086	0.286438	0.957260	-0.992629	0.098242	-0.070963
102	5051845													9.701124	-0.266856	-1.105960	-0.114297	-0.952949	0.280758	-0.040081	0.286803	0.957151	-0.992638	0.098146	-0.070976
103	5052012													9.695416	-0.295281	-1.093441	-0.114239	-0.952826	0.281198	-0.040125	0.287245	0.957016	-0.992643	0.098046	-0.071046
104	5052179													9.719007	-0.289305	-1.094763	-0.114200	-0.952705	0.281622	-0.040221	0.287678	0.956882	-0.992643	0.097949	-0.071172
105	5052345													9.739228	-0.308488	-1.099429	-0.114176	-0.952628	0.281894	-0.040369	0.287964	0.956790	-0.992640	0.097863	-0.071335
106	5052512													9.736039	-0.318969	-1.103492	-0.114118	-0.952603	0.282001	-0.040468	0.288077	0.956752	-0.992643	0.097771	-0.071425
107	5052679													9.713679	-0.333458	-1.125716	-0.114030	-0.952587	0.282090	-0.040600	0.288173	0.956717	-0.992647	0.097642	-0.071535
108	5052845													9.714692	-0.315498	-1.108901	-0.113953	-0.952667	0.281853	-0.040746	0.287943	0.956780	-0.992650	0.097544	-0.071630
109	5053012													9.716979	-0.281303	-1.126284	-0.113873	-0.952687	0.281817	-0.040904	0.287918	0.956781	-0.992653	0.097424	-0.071754
110	5053179													9.710777	-0.263310	-1.092117	-0.113789	-0.952716	0.281751	-0.041104	0.287865	0.956788	-0.992654	0.097291	-0.071917
111	5053345													9.709082	-0.250022	-1.101189	-0.113762	-0.952714	0.281768	-0.041292	0.287898	0.956770	-0.992650	0.097209	-0.072092
112	5053512													9.716944	-0.244888	-1.092715	-0.113747	-0.952692	0.281850	-0.041489	0.287999	0.956732	-0.992643	0.097132	-0.072285
113	5053679													9.715212	-0.269740	-1.089774	-0.113773	-0.952664	0.281935	-0.041673	0.288103	0.956692	-0.992632	0.097096	-0.072479
114	5053845													9.719851	-0.289316	-1.097739	-0.113803	-0.952633	0.282027	-0.041794	0.288210	0.956655	-0.992624	0.097083	-0.072614
115	5054012													9.733624	-0.280203	-1.105427	-0.113809	-0.952526	0.282386	-0.041888	0.288581	0.956539	-0.992619	0.097034	-0.072743
116	5054179													9.701113	-0.299861	-1.101154	-0.113792	-0.952481	0.282544	-0.041937	0.288742	0.956488	-0.992619	0.096992	-0.072801
117	5054346													9.715783	-0.282338	-1.102083	-0.113831	-0.952434	0.282685	-0.041979	0.288892	0.956441	-0.992613	0.097006	-0.072868
118	5054512													9.719907	-0.303148	-1.116495	-0.113878	-0.952392	0.282809	-0.041972	0.289019	0.956403	-0.992608	0.097043	-0.072887
119	5054679													9.730044	-0.297748	-1.095017	-0.113944	-0.952375	0.282839	-0.042006	0.289057	0.956390	-0.992599	0.097094	-0.072942
120	5054846													9.695985	-0.289101	-1.123165	-0.113932	-0.952344	0.282950	-0.042116	0.289178	0.956348	-0.992595	0.097042	-0.073056
121	5055012													9.740066	-0.289967	-1.116348	-0.113929	-0.952315	0.283047	-0.042268	0.289291	0.956308	-0.992589	0.096987	-0.073211
122	5055179													9.716797	-0.278093	-1.124270	-0.113954	-0.952284	0.283141	-0.042366	0.289396	0.956271	-0.992582	0.096975	-0.073323
123	5055346													9.739150	-0.266470	-1.086391	-0.114011	-0.952252	0.283227	-0.042228	0.289473	0.956254	-0.992582	0.097064	-0.073214
124	5055512													9.718280	-0.307100	-1.101261	-0.114016	-0.952234	0.283286	-0.042037	0.289514	0.956250	-0.992589	0.097120	-0.073038
125	5055679													9.732033	-0.277954	-1.096923	-0.114012	-0.952213	0.283358	-0.041971	0.289580	0.956233	-0.992592	0.097129	-0.072981
126	5055846													9.722034	-0.271620	-1.077497	-0.113954	-0.952187	0.283470	-0.041957	0.289687	0.956202	-0.992600	0.097070	-0.072962
127	5056012													9.691082	-0.248922	-1.126452	-0.113889	-0.952174	0.283539	-0.041989	0.289754	0.956180	-0.992606	0.096992	-0.072981
128	5056179													9.698306	-0.253782	-1.101050	-0.113843	-0.952121	0.283733	-0.041953	0.289942	0.956124	-0.992613	0.096944	-0.072952
129	5056346													9.715579	-0.295692	-1.112040	-0.113811	-0.952022	0.284079	-0.041895	0.290282	0.956024	-0.992619	0.096904	-0.072922
130	5056512													9.727678	-0.315239	-1.100324	-0.113783	-0.951957	0.284310	-0.041926	0.290514	0.955952	-0.992621	0.096851	-0.072967
131	5056679													9.732993	-0.323304	-1.105796	-0.113752	-0.951925	0.284427	-0.042026	0.290639	0.955909	-0.992620	0.096783	-0.073067
132	5056846													9.717330	-0.317556	-1.108123	-0.113717	-0.951918	0.284464	-0.042104	0.290682	0.955893	-0.992621	0.096724	-0.073136
133	5057012													9.700340	-0.311752	-1.127432	-0.113742	-0.951924	0.284435	-0.042162	0.290660	0.955897	-0.992615	0.096733	-0.073196
134	5057179													9.702867	-0.300256	-1.130006	-0.113824	-0.951963	0.284271	-0.042225	0.290508	0.955941	-0.992603	0.096806	-0.073264
135	5057346													9.710800	-0.288185	-1.102772	-0.113917	-0.951959	0.284248	-0.042323	0.290501	0.955938	-0.992588	0.096868	-0.073383
136	5057512													9.742661	-0.286969	-1.114511	-0.113978	-0.951986	0.284134	-0.042372	0.290395	0.955968	-0.992579	0.096920	-0.073436
137	5057679													9.711031	-0.257862	-1.104612	-0.113989	-0.951979	0.284151	-0.042416	0.290418	0.955959	-0.992576	0.096916	-0.073484
138	5057846													9.707369	-0.279133	-1.125613	-0.114004	-0.951979	0.284146	-0.042534	0.290425	0.955952	-0.992569	0.096896	-0.073601
139	5058012													9.700730	-0.252566	-1.141146	-0.114023	-0.951989	0.284105	-0.042586	0.290391	0.955960	-0.992565	0.096903	-0.073652
140	5058179													9.712342	-0.287798	-1.128179	-0.114084	-0.951926	0.284292	-0.042505	0.290575	0.955908	-0.992561	0.096970	-0.073611
141	5058346													9.722795	-0.297383	-1.103478	-0.114209	-0.951865	0.284446	-0.042405	0.290729	0.955865	-0.992551	0.097106	-0.073568
142	5058512													9.739536	-0.305576	-1.112690	-0.114287	-0.951819	0.284569	-0.042335	0.290852	0.955831	-0.992545	0.097191	-0.073536
143	5058679													9.730066	-0.320757	-1.103521	-0.114290	-0.951763	0.284756	-0.042339	0.291040	0.955774	-0.992545	0.097179	-0.073560
144	5058846													9.725939	-0.302483	-1.117293	-0.114263	-0.951719	0.284913	-0.042305	0.291193	0.955728	-0.992549	0.097152	-0.073535
145	5059012													9.720175	-0.293306	-1.135421	-0.114185	-0.951726	0.284920	-0.042232	0.291187	0.955734	-0.992561	0.097098	-0.073442
146	5059179													9.727849	-0.286891	-1.118391	-0.114121	-0.951726	0.284946	-0.042093	0.291194	0.955737	-0.992575	0.097076	-0.073292
147	5059346													9.718512	-0.282088	-1.119936	-0.114035	-0.951737	0.284942	-0.041917	0.291167	0.955754	-0.992592	0.097046	-0.073098
148	5059512													9.712893	-0.283865	-1.142588	-0.113960	-0.951722	0.285022	-0.041789	0.291229	0.955740	-0.992606	0.097006	-0.072960
149	5059679													9.726716	-0.259883	-1.112139	-0.113898	-0.951703	0.285112	-0.041670	0.291304	0.955723	-0.992618	0.096974	-0.072836
150	5059846													9.742189	-0.239917	-1.118273	-0.113841	-0.951653	0.285302	-0.041571	0.291480	0.955673	-0.992629	0.096934	-0.072743
151	5060012													9.732945	-0.238158	-1.092395	-0.113751	-0.951577	0.285590	-0.041492	0.291755	0.955593	-0.992643	0.096850	-0.072670
152	5060179													9.714899	-0.262767	-1.106085	-0.113634	-0.951511	0.285858	-0.041457	0.292012	0.955516	-0.992657	0.096729	-0.072630
153	5060346													9.716578	-0.276754	-1.116820	-0.113551	-0.951467	0.286038	-0.041473	0.292188	0.955461	-0.992666	0.096631	-0.072638
154	5060512													9.721515	-0.283076	-1.123754	-0.113465	-0.951417	0.286237	-0.041451	0.292380	0.955404	-0.992677	0.096540	-0.072612
155	5060679													9.723282	-0.311477	-1.126498	-0.113405	-0.951380	0.286382	-0.041443	0.292520	0.955361	-0.992684	0.096474	-0.072602
156	5060846													9.711670	-0.305551	-1.101733	-0.113324	-0.951364	0.286467	-0.041422	0.292597	0.955338	-0.992694	0.096397	-0.072566
157	5061012													9.700573	-0.293135	-1.085207	-0.113292	-0.951389	0.286400	-0.041429	0.292528	0.955359	-0.992698	0.096369	-0.072556
158	5061179													9.718733	-0.268369	-1.108374	-0.113286	-0.951372	0.286456	-0.041462	0.292587	0.955339	-0.992697	0.096349	-0.072591
159	5061346													9.716872	-0.259346	-1.104195	-0.113329	-0.951396	0.286361	-0.041513	0.292500	0.955364	-0.992690	0.096382	-0.072644
160	5061512													9.716659	-0.244487	-1.107916	-0.113373	-0.951371	0.286426	-0.041524	0.292570	0.955342	-0.992684	0.096416	-0.072675
161	5061679													9.716962	-0.263624	-1.090503	-0.113422	-0.951369	0.286412	-0.041556	0.292562	0.955343	-0.992677	0.096454	-0.072718
162	5061846													9.730170	-0.248872	-1.098128	-0.113476	-0.951346	0.286468	-0.041597	0.292627	0.955321	-0.992670	0.096489	-0.072780
163	5062012													9.710851	-0.260137	-1.113048	-0.113492	-0.951323	0.286539	-0.041588	0.292698	0.955300	-0.992668	0.096502	-0.072783
164	5062179													9.702471	-0.259050	-1.114371	-0.113517	-0.951304	0.286591	-0.041555	0.292749	0.955286	-0.992667	0.096532	-0.072763
165	5062346													9.719681	-0.269217	-1.117175	-0.113555	-0.951267	0.286699	-0.041485	0.292853	0.955257	-0.992665	0.096581	-0.072718
166	5062512													9.722427	-0.274481	-1.079332	-0.113615	-0.951221	0.286829	-0.041365	0.292977	0.955224	-0.992663	0.096664	-0.072634
167	5062679													9.739228	-0.267196	-1.106125	-0.113668	-0.951192	0.286903	-0.041262	0.293045	0.955208	-0.992662	0.096738	-0.072558
168	5062846													9.721616	-0.255009	-1.109940	-0.113701	-0.951139	0.287067	-0.041179	0.293204	0.955163	-0.992661	0.096781	-0.072504
169	5063012													9.703344	-0.259286	-1.119449	-0.113764	-0.951118	0.287110	-0.041108	0.293245	0.955153	-0.992657	0.096859	-0.072459
170	5063179													9.713125	-0.266946	-1.116803	-0.113874	-0.951079	0.287194	-0.041019	0.293329	0.955131	-0.992648	0.096984	-0.072414
171	5063346													9.727456	-0.273197	-1.104662	-0.113949	-0.951046	0.287274	-0.040995	0.293413	0.955107	-0.992640	0.097057	-0.072422
172	5063512													9.715874	-0.278521	-1.119907	-0.113998	-0.951003	0.287397	-0.041050	0.293544	0.955064	-0.992633	0.097078	-0.072502
173	5063679													9.749170	-0.280787	-1.108138	-0.114011	-0.951005	0.287385	-0.041130	0.293542	0.955061	-0.992628	0.097067	-0.072582
174	5063846													9.712485	-0.251661	-1.129073	-0.113991	-0.951019	0.287348	-0.041135	0.293503	0.955073	-0.992630	0.097050	-0.072577
175	5064012													9.727931	-0.250253	-1.107934	-0.113961	-0.951005	0.287407	-0.040921	0.293539	0.955071	-0.992642	0.097080	-0.072368
176	5064179													9.725632	-0.257426	-1.117229	-0.113956	-0.951023	0.287347	-0.040736	0.293461	0.955103	-0.992650	0.097134	-0.072182
177	5064346													9.732059	-0.238293	-1.102956	-0.113894	-0.951069	0.287220	-0.040728	0.293328	0.955144	-0.992658	0.097087	-0.072144
178	5064512													9.728046	-0.229682	-1.108152	-0.113769	-0.951097	0.287179	-0.040785	0.293283	0.955155	-0.992670	0.096954	-0.072157
179	5064679													9.706031	-0.220206	-1.091120	-0.113606	-0.951091	0.287264	-0.040887	0.293366	0.955125	-0.992684	0.096762	-0.072215
180	5064846													9.699711	-0.240099	-1.130185	-0.113441	-0.951100	0.287296	-0.040942	0.293392	0.955115	-0.992701	0.096587	-0.072222
181	5065012													9.725404	-0.293615	-1.116403	-0.113302	-0.951107	0.287331	-0.041000	0.293422	0.955103	-0.992714	0.096435	-0.072240
182	5065179													9.733872	-0.294658	-1.113023	-0.113184	-0.951148	0.287239	-0.041088	0.293330	0.955128	-0.992724	0.096303	-0.072281
183	5065346													9.719823	-0.293968	-1.114163	-0.113029	-0.951165	0.287245	-0.041235	0.293339	0.955119	-0.992736	0.096111	-0.072377
184	5065512													9.716583	-0.279853	-1.119757	-0.112937	-0.951218	0.287104	-0.041375	0.293204	0.955154	-0.992740	0.095994	-0.072471
185	5065679													9.705645	-0.258517	-1.102024	-0.112912	-0.951270	0.286942	-0.041491	0.293051	0.955196	-0.992738	0.095947	-0.072558
186	5065846													9.699523	-0.266788	-1.107744	-0.112931	-0.951296	0.286850	-0.041603	0.292971	0.955216	-0.992731	0.095940	-0.072662
187	5066012													9.716062	-0.272009	-1.097509	-0.112978	-0.951309	0.286789	-0.041711	0.292923	0.955226	-0.992722	0.095958	-0.072774
188	5066179													9.753663	-0.256091	-1.084780	-0.112991	-0.951348	0.286654	-0.041812	0.292799	0.955260	-0.992716	0.095950	-0.072861
189	5066346													9.723387	-0.265552	-1.095772	-0.112950	-0.951363	0.286620	-0.041899	0.292770	0.955265	-0.992717	0.095888	-0.072929
190	5066512													9.703284	-0.279860	-1.105961	-0.112917	-0.951392	0.286535	-0.042041	0.292695	0.955281	-0.992715	0.095822	-0.073048
191	5066679													9.693978	-0.267351	-1.088789	-0.112922	-0.951384	0.286559	-0.042082	0.292725	0.955270	-0.992712	0.095812	-0.073092
192	5066846													9.713453	-0.268126	-1.075759	-0.112928	-0.951354	0.286660	-0.042049	0.292822	0.955242	-0.992713	0.095819	-0.073072
193	5067012													9.740480	-0.282270	-1.076088	-0.112958	-0.951355	0.286643	-0.042001	0.292803	0.955250	-0.992712	0.095864	-0.073032
194	5067179													9.751046	-0.299110	-1.086988	-0.112961	-0.951311	0.286788	-0.041989	0.292948	0.955206	-0.992712	0.095859	-0.073036
195	5067346													9.738800	-0.308731	-1.090352	-0.112909	-0.951300	0.286843	-0.042026	0.293003	0.955187	-0.992716	0.095794	-0.073062
196	5067512													9.711450	-0.292922	-1.083241	-0.112832	-0.951319	0.286813	-0.042050	0.292970	0.955196	-0.992724	0.095716	-0.073060
197	5067679													9.684402	-0.279202	-1.100235	-0.112787	-0.951309	0.286861	-0.041978	0.293008	0.955188	-0.992732	0.095691	-0.072981
198	5068012													9.709400	-0.267540	-1.108245	-0.112787	-0.951333	0.286782	-0.041882	0.292919	0.955220	-0.992736	0.095725	-0.072881
199	5068179													9.716041	-0.284359	-1.083984	-0.112821	-0.951313	0.286836	-0.041763	0.292964	0.955211	-0.992737	0.095789	-0.072782
200	5068346													9.729142	-0.279062	-1.090389	-0.112890	-0.951296	0.286864	-0.041687	0.292990	0.955206	-0.992733	0.095875	-0.072732
201	5068512													9.708949	-0.260155	-1.092996	-0.112986	-0.951267	0.286922	-0.041592	0.293046	0.955193	-0.992726	0.095990	-0.072675
202	5068679													9.716427	-0.239699	-1.079496	-0.113068	-0.951229	0.287016	-0.041489	0.293136	0.955170	-0.992721	0.096091	-0.072610
203	5068846													9.715546	-0.261231	-1.094018	-0.113229	-0.951162	0.287177	-0.041396	0.293301	0.955123	-0.992706	0.096259	-0.072585
204	5069012													9.704711	-0.273293	-1.112954	-0.113404	-0.951055	0.287462	-0.041290	0.293590	0.955039	-0.992691	0.096436	-0.072564
205	5069179													9.717103	-0.276958	-1.112821	-0.113564	-0.951024	0.287502	-0.041239	0.293637	0.955027	-0.992674	0.096601	-0.072566
206	5069346													9.724356	-0.285101	-1.093886	-0.113728	-0.950979	0.287585	-0.041214	0.293729	0.955000	-0.992657	0.096757	-0.072599
207	5069512													9.725156	-0.308883	-1.114346	-0.113881	-0.950917	0.287730	-0.041192	0.293885	0.954953	-0.992640	0.096899	-0.072638
208	5069679													9.718003	-0.306814	-1.109472	-0.114003	-0.950934	0.287625	-0.041169	0.293786	0.954984	-0.992627	0.097030	-0.072641
209	5069846													9.719398	-0.296198	-1.111255	-0.114122	-0.950911	0.287653	-0.041169	0.293823	0.954973	-0.992613	0.097141	-0.072679
210	5070012													9.719494	-0.296534	-1.128214	-0.114245	-0.950943	0.287499	-0.041160	0.293676	0.955018	-0.992600	0.097273	-0.072692
211	5070179													9.725746	-0.274992	-1.130357	-0.114363	-0.950957	0.287406	-0.041136	0.293589	0.955046	-0.992587	0.097399	-0.072695
212	5070346													9.714524	-0.258338	-1.117007	-0.114479	-0.950966	0.287330	-0.041095	0.293517	0.955070	-0.992575	0.097528	-0.072681
213	5070512													9.734229	-0.262143	-1.134351	-0.114570	-0.950987	0.287225	-0.041047	0.293413	0.955104	-0.992567	0.097636	-0.072651
214	5070679													9.742947	-0.258209	-1.127428	-0.114632	-0.950959	0.287290	-0.040992	0.293479	0.955086	-0.992562	0.097707	-0.072623
215	5070846													9.723669	-0.237467	-1.132148	-0.114635	-0.950912	0.287445	-0.040905	0.293626	0.955045	-0.992565	0.097724	-0.072557
216	5071013													9.706481	-0.244044	-1.118191	-0.114683	-0.950872	0.287558	-0.040820	0.293735	0.955015	-0.992563	0.097786	-0.072501
217	5071179													9.707593	-0.268802	-1.127907	-0.114782	-0.950824	0.287679	-0.040719	0.293853	0.954983	-0.992556	0.097901	-0.072446
218	5071346													9.726218	-0.282750	-1.120647	-0.114868	-0.950758	0.287863	-0.040642	0.294036	0.954930	-0.992549	0.097991	-0.072416
219	5071513													9.692992	-0.268820	-1.123297	-0.114951	-0.950706	0.288001	-0.040619	0.294179	0.954887	-0.992540	0.098067	-0.072433
220	5071679													9.721003	-0.297320	-1.152871	-0.115060	-0.950671	0.288072	-0.040616	0.294258	0.954863	-0.992528	0.098166	-0.072470
221	5071846													9.721311	-0.280641	-1.105854	-0.115191	-0.950667	0.288035	-0.040608	0.294229	0.954872	-0.992513	0.098296	-0.072498
222	5072013													9.746706	-0.253217	-1.128923	-0.115333	-0.950641	0.288064	-0.040402	0.294249	0.954875	-0.992505	0.098490	-0.072345
223	5072179													9.760045	-0.285059	-1.136404	-0.115425	-0.950620	0.288094	-0.040139	0.294259	0.954882	-0.992505	0.098653	-0.072121
224	5072346													9.745086	-0.280360	-1.131272	-0.115448	-0.950621	0.288083	-0.039970	0.294233	0.954897	-0.992509	0.098726	-0.071965
225	5072513													9.684332	-0.255195	-1.132738	-0.115408	-0.950607	0.288145	-0.039899	0.294286	0.954884	-0.992517	0.098704	-0.071891
226	5072679													9.691749	-0.258910	-1.131765	-0.115394	-0.950630	0.288073	-0.039951	0.294218	0.954903	-0.992516	0.098681	-0.071929
227	5072846													9.707711	-0.253432	-1.130448	-0.115403	-0.950627	0.288082	-0.039972	0.294229	0.954899	-0.992514	0.098683	-0.071954
228	5073013													9.726365	-0.279080	-1.116188	-0.115420	-0.950608	0.288138	-0.039953	0.294284	0.954882	-0.992513	0.098701	-0.071945
229	5073179													9.738203	-0.280360	-1.137416	-0.115438	-0.950608	0.288130	-0.039919	0.294274	0.954887	-0.992512	0.098728	-0.071918
230	5073346													9.717925	-0.279341	-1.134069	-0.115415	-0.950618	0.288105	-0.039930	0.294249	0.954894	-0.992515	0.098705	-0.071919
231	5073513													9.720529	-0.288085	-1.136966	-0.115400	-0.950638	0.288047	-0.039926	0.294189	0.954913	-0.992516	0.098697	-0.071905
232	5073679													9.705260	-0.269260	-1.123304	-0.115422	-0.950647	0.288007	-0.039925	0.294151	0.954925	-0.992514	0.098721	-0.071906
233	5073846													9.689734	-0.259647	-1.120072	-0.115523	-0.950662	0.287919	-0.039915	0.294068	0.954951	-0.992502	0.098827	-0.071917
234	5074013													9.695257	-0.256557	-1.135442	-0.115669	-0.950675	0.287814	-0.039925	0.293974	0.954979	-0.992485	0.098971	-0.071959
235	5074179													9.711850	-0.255587	-1.126599	-0.115848	-0.950671	0.287758	-0.039937	0.293932	0.954992	-0.992464	0.099141	-0.072019
236	5074346													9.681709	-0.279356	-1.128190	-0.116048	-0.950635	0.287795	-0.039937	0.293984	0.954976	-0.992440	0.099329	-0.072081
237	5074513													9.720800	-0.285351	-1.133742	-0.116271	-0.950620	0.287754	-0.040037	0.293970	0.954976	-0.992410	0.099515	-0.072240
238	5074679													9.695072	-0.258288	-1.158581	-0.116481	-0.950605	0.287720	-0.040016	0.293949	0.954983	-0.992386	0.099724	-0.072279
239	5074846													9.733414	-0.298138	-1.133540	-0.116658	-0.950589	0.287702	-0.039868	0.293928	0.954996	-0.992372	0.099937	-0.072187
240	5075013													9.750182	-0.299958	-1.133339	-0.116820	-0.950553	0.287752	-0.039720	0.293976	0.954987	-0.992358	0.100132	-0.072098
241	5075179													9.741410	-0.303892	-1.148138	-0.116885	-0.950588	0.287611	-0.039656	0.293833	0.955034	-0.992353	0.100223	-0.072041
242	5075346													9.724505	-0.272668	-1.137434	-0.116931	-0.950609	0.287523	-0.039643	0.293746	0.955061	-0.992348	0.100278	-0.072033
243	5075513													9.724660	-0.274420	-1.134348	-0.116944	-0.950633	0.287438	-0.039651	0.293662	0.955086	-0.992347	0.100295	-0.072035
244	5075679													9.703387	-0.256840	-1.172832	-0.116947	-0.950626	0.287461	-0.039552	0.293676	0.955086	-0.992350	0.100324	-0.071944
245	5075846													9.708663	-0.277557	-1.151356	-0.116984	-0.950619	0.287468	-0.039410	0.293671	0.955094	-0.992352	0.100402	-0.071819
246	5076013													9.726773	-0.288282	-1.126209	-0.116996	-0.950638	0.287400	-0.039290	0.293591	0.955123	-0.992355	0.100453	-0.071699
247	5076179													9.737945	-0.277925	-1.159868	-0.116964	-0.950680	0.287274	-0.039189	0.293452	0.955170	-0.992363	0.100462	-0.071580
248	5076346													9.728060	-0.246655	-1.158498	-0.116920	-0.950689	0.287265	-0.039071	0.293428	0.955183	-0.992373	0.100456	-0.071452
249	5076513													9.723526	-0.237431	-1.151038	-0.116891	-0.950672	0.287333	-0.038938	0.293480	0.955172	-0.992381	0.100463	-0.071322
250	5076679													9.697068	-0.229067	-1.153434	-0.116883	-0.950623	0.287497	-0.038811	0.293632	0.955130	-0.992387	0.100480	-0.071215
251	5076846													9.696207	-0.245756	-1.143759	-0.116884	-0.950567	0.287680	-0.038755	0.293810	0.955078	-0.992389	0.100485	-0.071181
252	5077013													9.723974	-0.262331	-1.137111	-0.116956	-0.950514	0.287827	-0.038727	0.293960	0.955033	-0.992382	0.100550	-0.071191
253	5077179													9.730899	-0.288867	-1.155275	-0.117010	-0.950454	0.288005	-0.038730	0.294143	0.954976	-0.992375	0.100587	-0.071229
254	5077346													9.730087	-0.291422	-1.129105	-0.117020	-0.950437	0.288054	-0.038714	0.294192	0.954962	-0.992375	0.100598	-0.071222
255	5077513													9.742205	-0.309328	-1.128783	-0.116996	-0.950467	0.287965	-0.038696	0.294099	0.954991	-0.992378	0.100587	-0.071188
256	5077679													9.728848	-0.284106	-1.134547	-0.116912	-0.950525	0.287807	-0.038689	0.293934	0.955042	-0.992388	0.100521	-0.071139
257	5077846													9.717956	-0.276674	-1.137392	-0.116808	-0.950589	0.287639	-0.038719	0.293760	0.955095	-0.992400	0.100425	-0.071119
258	5078013													9.707438	-0.243566	-1.140076	-0.116697	-0.950653	0.287473	-0.038717	0.293585	0.955148	-0.992413	0.100333	-0.071067
259	5078179													9.720949	-0.257793	-1.140173	-0.116599	-0.950714	0.287310	-0.038738	0.293416	0.955200	-0.992423	0.100246	-0.071041
260	5078346													9.683722	-0.235667	-1.135571	-0.116505	-0.950750	0.287229	-0.038822	0.293337	0.955221	-0.992431	0.100137	-0.071085
261	5078513													9.718511	-0.275314	-1.122837	-0.116412	-0.950768	0.287209	-0.038910	0.293319	0.955223	-0.992439	0.100024	-0.071140
262	5078679													9.699159	-0.277504	-1.123587	-0.116383	-0.950760	0.287247	-0.038964	0.293360	0.955208	-0.992440	0.099977	-0.071188
263	5078846													9.721985	-0.260055	-1.151789	-0.116399	-0.950767	0.287216	-0.038913	0.293325	0.955221	-0.992440	0.100011	-0.071140
264	5079013													9.731958	-0.281408	-1.114936	-0.116404	-0.950745	0.287286	-0.038684	0.293373	0.955215	-0.992448	0.100078	-0.070928
265	5079179													9.726297	-0.297412	-1.127056	-0.116375	-0.950754	0.287269	-0.038503	0.293336	0.955234	-0.992459	0.100105	-0.070744
266	5079346													9.706653	-0.292394	-1.148993	-0.116286	-0.950778	0.287225	-0.038406	0.293275	0.955256	-0.992473	0.100052	-0.070619
267	5079513													9.701645	-0.249648	-1.125926	-0.116175	-0.950800	0.287198	-0.038315	0.293230	0.955274	-0.992489	0.099975	-0.070496
268	5079679													9.702626	-0.254919	-1.116596	-0.116087	-0.950807	0.287210	-0.038210	0.293226	0.955279	-0.992504	0.099922	-0.070370
269	5079846													9.721193	-0.272493	-1.128215	-0.116046	-0.950799	0.287255	-0.038067	0.293254	0.955276	-0.992514	0.099921	-0.070225
270	5080013													9.736414	-0.292555	-1.134462	-0.115964	-0.950816	0.287232	-0.037969	0.293215	0.955292	-0.992527	0.099874	-0.070104
271	5080179													9.735202	-0.290316	-1.136197	-0.115874	-0.950823	0.287244	-0.037934	0.293217	0.955293	-0.992539	0.099797	-0.070045
272	5080346													9.714002	-0.285903	-1.129999	-0.115770	-0.950870	0.287131	-0.037877	0.293091	0.955334	-0.992554	0.099724	-0.069948
273	5080513													9.711637	-0.291389	-1.132917	-0.115671	-0.950913	0.287028	-0.037807	0.292973	0.955373	-0.992568	0.099657	-0.069840
274	5080679													9.701253	-0.286597	-1.120343	-0.115626	-0.950972	0.286849	-0.037714	0.292780	0.955436	-0.992577	0.099656	-0.069718
275	5080846													9.710121	-0.261160	-1.144551	-0.115649	-0.951016	0.286695	-0.037649	0.292621	0.955487	-0.992576	0.099707	-0.069646
276	5081013													9.728386	-0.246401	-1.126027	-0.115643	-0.951070	0.286520	-0.037587	0.292438	0.955545	-0.992579	0.099733	-0.069566
277	5081179													9.734218	-0.268083	-1.120590	-0.115632	-0.951094	0.286442	-0.037558	0.292356	0.955572	-0.992582	0.099737	-0.069527
278	5081346													9.736533	-0.241511	-1.113797	-0.115546	-0.951106	0.286437	-0.037591	0.292349	0.955573	-0.992591	0.099645	-0.069533
279	5081513													9.724684	-0.236387	-1.125876	-0.115444	-0.951110	0.286465	-0.037503	0.292361	0.955572	-0.992606	0.099572	-0.069421
280	5081679													9.711129	-0.257766	-1.146160	-0.115362	-0.951106	0.286513	-0.037341	0.292387	0.955571	-0.992621	0.099538	-0.069246
281	5081846													9.729433	-0.270140	-1.121027	-0.115314	-0.951102	0.286545	-0.037203	0.292402	0.955571	-0.992632	0.099530	-0.069101
282	5082013													9.736547	-0.266406	-1.125071	-0.115192	-0.951092	0.286627	-0.037126	0.292468	0.955554	-0.992649	0.099431	-0.069000
283	5082179													9.731484	-0.275927	-1.116023	-0.115032	-0.951111	0.286627	-0.037120	0.292457	0.955558	-0.992668	0.099280	-0.068947
284	5082346													9.711740	-0.263209	-1.102326	-0.114853	-0.951146	0.286584	-0.037092	0.292398	0.955577	-0.992690	0.099121	-0.068862
