// Start Time: Unknown
// Update Rate: 60.0Hz
//Filter Profile: human (46.1)
// Option Flags: AHS Disabled ICC Disabled
// Firmware Version: 4.0.2
0	sampleTimeFine	Year	Month	Day	Second	UTC_Nano	UTC_Year	UTC_Month	UTC_Day	UTC_Hour	UTC_Minute	UTC_Second	UTC_Valid	Acc_X	Acc_Y	Acc_Z	Mat[1][1]	Mat[2][1]	Mat[3][1]	Mat[1][2]	Mat[2][2]	Mat[3][2]	Mat[1][3]	Mat[2][3]	Mat[3][3]
0	880363													0.000000	0.000000	0.000000	-0.007091	-0.921898	-0.387367	0.030925	-0.387393	0.921396	-0.999497	-0.005446	0.031257
1	880530													9.856597	0.302204	-0.080486	-0.007099	-0.921678	-0.387891	0.031297	-0.387916	0.921163	-0.999485	-0.005600	0.031600
2	880697													9.840871	0.280253	-0.082271	-0.007237	-0.921747	-0.387723	0.031213	-0.387753	0.921235	-0.999487	-0.005435	0.031577
3	880863													9.816925	0.316104	-0.032190	-0.007448	-0.921657	-0.387934	0.030751	-0.387972	0.921158	-0.999499	-0.005069	0.031232
4	881030													9.815824	0.306560	-0.052184	-0.007174	-0.921381	-0.388594	0.030660	-0.388624	0.920886	-0.999504	-0.005308	0.031038
5	881197													9.815319	0.301274	-0.072919	-0.006947	-0.921494	-0.388330	0.030613	-0.388354	0.921002	-0.999507	-0.005490	0.030908
6	881363													9.819167	0.315883	-0.047800	-0.006926	-0.921471	-0.388386	0.030573	-0.388408	0.920980	-0.999509	-0.005495	0.030862
7	881530													9.841958	0.310629	-0.079066	-0.006870	-0.921586	-0.388115	0.030554	-0.388136	0.921095	-0.999509	-0.005530	0.030825
8	881697													9.833322	0.318215	-0.083841	-0.006861	-0.921785	-0.387640	0.030533	-0.387661	0.921296	-0.999510	-0.005515	0.030804
9	881863													9.821646	0.316616	-0.066668	-0.006924	-0.921846	-0.387495	0.030540	-0.387519	0.921356	-0.999510	-0.005454	0.030836
10	882030													9.824914	0.337837	-0.084452	-0.006989	-0.922015	-0.387090	0.030549	-0.387116	0.921525	-0.999509	-0.005385	0.030873
11	882363													9.828404	0.310114	-0.074635	-0.007272	-0.922159	-0.386743	0.030467	-0.386778	0.921670	-0.999509	-0.005080	0.030908
12	882530													9.819582	0.305208	-0.061994	-0.007406	-0.922238	-0.386551	0.030388	-0.386591	0.921751	-0.999511	-0.004920	0.030888
13	882697													9.816139	0.308859	-0.075599	-0.007591	-0.922205	-0.386628	0.030284	-0.386674	0.921719	-0.999513	-0.004712	0.030863
14	882863													9.831941	0.301857	-0.084645	-0.007753	-0.922158	-0.386736	0.030175	-0.386787	0.921675	-0.999515	-0.004525	0.030825
15	883030													9.819997	0.292880	-0.062510	-0.007905	-0.922098	-0.386875	0.030049	-0.386932	0.921619	-0.999517	-0.004339	0.030767
16	883197													9.825562	0.300435	-0.067575	-0.008077	-0.922108	-0.386849	0.029923	-0.386911	0.921631	-0.999520	-0.004132	0.030717
17	883363													9.826313	0.303927	-0.079665	-0.008249	-0.922110	-0.386841	0.029773	-0.386909	0.921637	-0.999523	-0.003914	0.030646
18	883530													9.820951	0.296394	-0.069479	-0.008463	-0.921987	-0.387128	0.029636	-0.387203	0.921518	-0.999525	-0.003675	0.030601
19	883697													9.835144	0.298184	-0.084163	-0.008648	-0.921953	-0.387206	0.029477	-0.387288	0.921488	-0.999528	-0.003445	0.030526
20	883864													9.830257	0.316426	-0.081788	-0.008846	-0.921909	-0.387305	0.029314	-0.387393	0.921449	-0.999531	-0.003202	0.030452
21	884030													9.817056	0.308824	-0.070770	-0.009041	-0.921852	-0.387436	0.029153	-0.387531	0.921396	-0.999534	-0.002965	0.030379
22	884197													9.815207	0.311436	-0.052004	-0.009214	-0.921825	-0.387497	0.028994	-0.387597	0.921373	-0.999537	-0.002745	0.030298
23	884364													9.828456	0.313547	-0.047727	-0.009419	-0.921843	-0.387449	0.028858	-0.387555	0.921395	-0.999539	-0.002502	0.030253
24	884530													9.816029	0.316863	-0.081316	-0.009645	-0.921883	-0.387348	0.028727	-0.387462	0.921438	-0.999541	-0.002240	0.030220
25	884697													9.801533	0.310955	-0.109495	-0.009917	-0.921886	-0.387334	0.028594	-0.387456	0.921444	-0.999542	-0.001938	0.030203
26	884864													9.852039	0.323180	-0.081263	-0.010210	-0.921917	-0.387252	0.028529	-0.387383	0.921477	-0.999541	-0.001640	0.030256
27	885030													9.840538	0.270677	-0.113126	-0.010450	-0.921875	-0.387347	0.028413	-0.387485	0.921438	-0.999542	-0.001377	0.030243
28	885197													9.777990	0.279851	-0.145798	-0.010635	-0.921847	-0.387407	0.028201	-0.387551	0.921417	-0.999546	-0.001126	0.030119
29	885364													9.791585	0.285722	-0.139370	-0.010884	-0.921859	-0.387372	0.028088	-0.387524	0.921432	-0.999546	-0.000852	0.030110
30	885530													9.909515	0.305432	-0.160688	-0.010991	-0.921817	-0.387469	0.028092	-0.387624	0.921389	-0.999545	-0.000758	0.030156
31	885697													9.923383	0.312702	-0.081024	-0.010595	-0.921737	-0.387671	0.028078	-0.387814	0.921310	-0.999550	-0.001124	0.029990
32	885864													9.800602	0.290498	-0.045624	-0.010035	-0.921683	-0.387814	0.027911	-0.387941	0.921262	-0.999560	-0.001580	0.029618
33	886030													9.745947	0.240809	0.001470	-0.010040	-0.921636	-0.387926	0.027711	-0.388053	0.921220	-0.999566	-0.001500	0.029436
34	886197													9.834983	0.285189	-0.069396	-0.010279	-0.921528	-0.388176	0.027663	-0.388310	0.921114	-0.999564	-0.001269	0.029483
35	886364													9.816046	0.309278	-0.111467	-0.010363	-0.921543	-0.388137	0.027600	-0.388274	0.921131	-0.999565	-0.001167	0.029459
36	886530													9.822976	0.305694	-0.076166	-0.010317	-0.921508	-0.388223	0.027481	-0.388358	0.921099	-0.999569	-0.001165	0.029331
37	886697													9.805474	0.287627	-0.084949	-0.010318	-0.921476	-0.388298	0.027335	-0.388433	0.921071	-0.999573	-0.001111	0.029197
38	886864													9.834076	0.289525	-0.106558	-0.010395	-0.921413	-0.388445	0.027177	-0.388583	0.921013	-0.999577	-0.000983	0.029081
39	887030													9.853435	0.297075	-0.090714	-0.010398	-0.921346	-0.388603	0.027071	-0.388741	0.920949	-0.999579	-0.000944	0.028984
40	887197													9.828391	0.301975	-0.104468	-0.010450	-0.921330	-0.388641	0.026964	-0.388780	0.920936	-0.999582	-0.000855	0.028906
41	887364													9.840249	0.302955	-0.117500	-0.010537	-0.921374	-0.388533	0.026872	-0.388675	0.920983	-0.999583	-0.000736	0.028855
42	887530													9.829428	0.285939	-0.108795	-0.010552	-0.921384	-0.388509	0.026763	-0.388652	0.920996	-0.999586	-0.000679	0.028760
43	887697													9.822923	0.309739	-0.101690	-0.010550	-0.921376	-0.388530	0.026689	-0.388672	0.920989	-0.999588	-0.000653	0.028691
44	887864													9.828279	0.308784	-0.047410	-0.010659	-0.921352	-0.388584	0.026621	-0.388730	0.920967	-0.999589	-0.000527	0.028671
45	888030													9.785473	0.283852	-0.094305	-0.010903	-0.921452	-0.388339	0.026516	-0.388492	0.921071	-0.999589	-0.000255	0.028669
46	888197													9.834921	0.283944	-0.133829	-0.011055	-0.921447	-0.388346	0.026412	-0.388503	0.921069	-0.999590	-0.000075	0.028632
47	888364													9.808557	0.319953	-0.064086	-0.011141	-0.921411	-0.388430	0.026433	-0.388589	0.921032	-0.999588	-0.000006	0.028685
48	888530													9.826483	0.344567	-0.105695	-0.011241	-0.921408	-0.388433	0.026387	-0.388596	0.921030	-0.999589	0.000104	0.028681
49	888697													9.854157	0.258090	-0.065126	-0.011364	-0.921546	-0.388102	0.026228	-0.388269	0.921173	-0.999591	0.000289	0.028582
50	888864													9.828383	0.279760	-0.078337	-0.011438	-0.921518	-0.388167	0.026169	-0.388336	0.921146	-0.999592	0.000378	0.028557
51	889030													9.807334	0.289215	-0.054605	-0.011561	-0.921501	-0.388203	0.026132	-0.388375	0.921131	-0.999592	0.000504	0.028571
52	889197													9.812057	0.297544	-0.066507	-0.011707	-0.921558	-0.388063	0.026086	-0.388239	0.921189	-0.999591	0.000661	0.028585
53	889364													9.804034	0.293847	-0.082915	-0.011886	-0.921568	-0.388034	0.026012	-0.388215	0.921202	-0.999591	0.000856	0.028586
54	889530													9.822550	0.310743	-0.078583	-0.012089	-0.921627	-0.387888	0.025964	-0.388075	0.921262	-0.999590	0.001066	0.028621
55	889697													9.827747	0.300849	-0.098360	-0.012253	-0.921613	-0.387917	0.025915	-0.388108	0.921249	-0.999589	0.001235	0.028639
56	889864													9.824276	0.307453	-0.087643	-0.012419	-0.921590	-0.387965	0.025876	-0.388161	0.921228	-0.999588	0.001402	0.028668
57	890030													9.831286	0.323972	-0.104627	-0.012581	-0.921525	-0.388115	0.025825	-0.388316	0.921164	-0.999587	0.001566	0.028683
58	890197													9.843282	0.312055	-0.137882	-0.012753	-0.921530	-0.388097	0.025749	-0.388302	0.921172	-0.999587	0.001755	0.028681
59	890364													9.841898	0.304607	-0.116713	-0.012892	-0.921579	-0.387976	0.025638	-0.388185	0.921225	-0.999588	0.001929	0.028632
60	890530													9.837592	0.302347	-0.112754	-0.013064	-0.921621	-0.387871	0.025501	-0.388085	0.921271	-0.999589	0.002145	0.028572
61	890697													9.845581	0.289344	-0.114099	-0.013181	-0.921728	-0.387612	0.025361	-0.387829	0.921382	-0.999591	0.002315	0.028488
62	890864													9.830241	0.294780	-0.124922	-0.013283	-0.921724	-0.387620	0.025209	-0.387840	0.921382	-0.999594	0.002467	0.028388
63	891030													9.821537	0.283071	-0.072274	-0.013382	-0.921717	-0.387632	0.025050	-0.387854	0.921380	-0.999597	0.002620	0.028279
64	891197													9.832489	0.276850	-0.102454	-0.013480	-0.921716	-0.387631	0.024903	-0.387856	0.921384	-0.999599	0.002767	0.028181
65	891364													9.828208	0.291566	-0.067379	-0.013587	-0.921751	-0.387544	0.024731	-0.387771	0.921424	-0.999602	0.002936	0.028064
66	891530													9.826735	0.290616	-0.110261	-0.013715	-0.921679	-0.387711	0.024558	-0.387941	0.921357	-0.999604	0.003115	0.027956
67	891697													9.830756	0.310415	-0.077631	-0.013869	-0.921664	-0.387740	0.024389	-0.387974	0.921348	-0.999606	0.003321	0.027860
68	891864													9.832006	0.292683	-0.102978	-0.013957	-0.921678	-0.387705	0.024224	-0.387940	0.921366	-0.999609	0.003468	0.027741
69	892030													9.816390	0.305038	-0.114134	-0.014084	-0.921722	-0.387595	0.024040	-0.387834	0.921416	-0.999612	0.003659	0.027621
70	892197													9.816553	0.321017	-0.098468	-0.014221	-0.921807	-0.387388	0.023865	-0.387630	0.921506	-0.999614	0.003860	0.027511
71	892364													9.851199	0.306452	-0.093997	-0.014328	-0.921810	-0.387376	0.023733	-0.387620	0.921514	-0.999616	0.004010	0.027431
72	892530													9.859492	0.265168	-0.116736	-0.014335	-0.921966	-0.387006	0.023521	-0.387249	0.921675	-0.999621	0.004110	0.027237
73	892697													9.798639	0.294426	-0.121040	-0.014248	-0.922112	-0.386660	0.023306	-0.386901	0.921827	-0.999627	0.004122	0.027003
74	892864													9.800568	0.303677	-0.138789	-0.014261	-0.922266	-0.386292	0.023247	-0.386533	0.921983	-0.999628	0.004168	0.026953
75	893030													9.910257	0.299482	-0.161573	-0.014171	-0.922218	-0.386411	0.023257	-0.386649	0.921933	-0.999629	0.004078	0.026927
76	893197													9.915975	0.295056	-0.093373	-0.013564	-0.922171	-0.386544	0.023223	-0.386766	0.921885	-0.999638	0.003528	0.026662
77	893364													9.785688	0.280454	-0.040383	-0.012903	-0.922186	-0.386530	0.023095	-0.386734	0.921902	-0.999650	0.002968	0.026288
78	893530													9.783441	0.242835	-0.014816	-0.012749	-0.922247	-0.386392	0.022970	-0.386591	0.921965	-0.999655	0.002878	0.026113
79	893697													9.837681	0.269854	-0.072923	-0.012679	-0.922188	-0.386534	0.022920	-0.386732	0.921907	-0.999657	0.002830	0.026040
80	893864													9.804599	0.301764	-0.058900	-0.012514	-0.922259	-0.386371	0.022885	-0.386564	0.921979	-0.999660	0.002695	0.025943
81	894030													9.790923	0.263889	-0.089805	-0.012429	-0.922317	-0.386235	0.022817	-0.386426	0.922038	-0.999662	0.002647	0.025847
82	894197													9.821569	0.285441	-0.074351	-0.012390	-0.922321	-0.386226	0.022710	-0.386415	0.922045	-0.999665	0.002653	0.025733
83	894364													9.840403	0.282835	-0.104250	-0.012303	-0.922360	-0.386137	0.022632	-0.386324	0.922086	-0.999668	0.002606	0.025628
84	894530													9.830722	0.285957	-0.085353	-0.012178	-0.922349	-0.386166	0.022575	-0.386350	0.922076	-0.999671	0.002511	0.025527
85	894697													9.837198	0.296106	-0.075927	-0.012107	-0.922400	-0.386047	0.022540	-0.386229	0.922128	-0.999673	0.002462	0.025467
86	894864													9.851293	0.299379	-0.080408	-0.012092	-0.922479	-0.385859	0.022520	-0.386040	0.922207	-0.999673	0.002462	0.025442
87	895030													9.841140	0.284366	-0.078029	-0.012060	-0.922458	-0.385910	0.022478	-0.386090	0.922187	-0.999675	0.002447	0.025391
88	895197													9.820319	0.293335	-0.047453	-0.012032	-0.922517	-0.385768	0.022442	-0.385948	0.922248	-0.999676	0.002439	0.025346
89	895364													9.818899	0.306578	-0.022080	-0.012154	-0.922577	-0.385621	0.022418	-0.385804	0.922308	-0.999675	0.002565	0.025372
90	895530													9.821474	0.261728	-0.152500	-0.012261	-0.922635	-0.385480	0.022325	-0.385666	0.922368	-0.999676	0.002703	0.025326
91	895697													9.842041	0.288450	-0.050453	-0.012273	-0.922699	-0.385326	0.022311	-0.385512	0.922433	-0.999676	0.002724	0.025317
92	895864													9.825948	0.362753	-0.092606	-0.012254	-0.922700	-0.385324	0.022385	-0.385510	0.922432	-0.999674	0.002678	0.025378
93	896030													9.819621	0.317514	-0.056715	-0.012309	-0.922848	-0.384968	0.022333	-0.385155	0.922582	-0.999675	0.002758	0.025351
94	896197													9.851743	0.242660	-0.081269	-0.012327	-0.922918	-0.384799	0.022289	-0.384986	0.922653	-0.999676	0.002797	0.025317
95	896364													9.813978	0.297218	-0.062408	-0.012347	-0.922940	-0.384746	0.022304	-0.384934	0.922675	-0.999675	0.002811	0.025338
96	896530													9.833268	0.300097	-0.056182	-0.012369	-0.923020	-0.384554	0.022329	-0.384742	0.922754	-0.999674	0.002827	0.025369
97	896697													9.814919	0.306309	-0.093021	-0.012392	-0.923050	-0.384480	0.022348	-0.384669	0.922784	-0.999673	0.002843	0.025395
98	896864													9.810610	0.292019	-0.063038	-0.012498	-0.923141	-0.384257	0.022348	-0.384449	0.922876	-0.999672	0.002947	0.025436
99	897030													9.831122	0.312968	-0.058349	-0.012615	-0.923194	-0.384127	0.022326	-0.384322	0.922929	-0.999671	0.003066	0.025460
100	897197													9.844444	0.307633	-0.069633	-0.012711	-0.923203	-0.384104	0.022320	-0.384301	0.922938	-0.999670	0.003158	0.025490
101	897364													9.836552	0.331160	-0.067751	-0.012782	-0.923245	-0.384000	0.022339	-0.384199	0.922980	-0.999669	0.003220	0.025535
102	897530													9.832260	0.338574	-0.072815	-0.012882	-0.923274	-0.383926	0.022341	-0.384128	0.923009	-0.999667	0.003313	0.025576
103	897697													9.824633	0.325245	-0.076824	-0.012990	-0.923349	-0.383742	0.022300	-0.383946	0.923086	-0.999667	0.003434	0.025578
104	897864													9.834242	0.289111	-0.093314	-0.013095	-0.923406	-0.383601	0.022238	-0.383808	0.923145	-0.999667	0.003558	0.025561
105	898030													9.833676	0.293639	-0.084584	-0.013162	-0.923501	-0.383371	0.022165	-0.383579	0.923242	-0.999668	0.003654	0.025518
106	898197													9.832411	0.292138	-0.100727	-0.013258	-0.923622	-0.383076	0.022035	-0.383286	0.923367	-0.999669	0.003801	0.025434
107	898364													9.834578	0.305283	-0.092817	-0.013340	-0.923741	-0.382785	0.021933	-0.382997	0.923489	-0.999670	0.003924	0.025369
108	898530													9.829566	0.289607	-0.087709	-0.013407	-0.923837	-0.382552	0.021783	-0.382766	0.923589	-0.999673	0.004049	0.025256
109	898697													9.829228	0.286908	-0.065178	-0.013517	-0.923873	-0.382461	0.021645	-0.382677	0.923629	-0.999674	0.004206	0.025170
110	898864													9.839602	0.284579	-0.050724	-0.013625	-0.923845	-0.382524	0.021503	-0.382742	0.923605	-0.999676	0.004359	0.025081
111	899030													9.828516	0.303289	-0.084754	-0.013744	-0.923823	-0.382572	0.021373	-0.382792	0.923587	-0.999677	0.004517	0.025006
112	899197													9.819333	0.307227	-0.086092	-0.013854	-0.923822	-0.382571	0.021281	-0.382794	0.923589	-0.999678	0.004654	0.024963
113	899364													9.827440	0.306578	-0.077943	-0.013966	-0.923821	-0.382569	0.021156	-0.382794	0.923592	-0.999679	0.004805	0.024891
114	899530													9.827900	0.306771	-0.096553	-0.014043	-0.923893	-0.382394	0.021021	-0.382620	0.923667	-0.999680	0.004933	0.024795
115	899697													9.822322	0.300174	-0.073290	-0.014130	-0.923925	-0.382313	0.020891	-0.382541	0.923702	-0.999682	0.005065	0.024707
116	899864													9.831697	0.300947	-0.076572	-0.014222	-0.924052	-0.382002	0.020778	-0.382231	0.923833	-0.999683	0.005202	0.024636
117	900030													9.833662	0.299271	-0.084713	-0.014312	-0.924150	-0.381762	0.020680	-0.381993	0.923934	-0.999684	0.005329	0.024579
118	900197													9.831563	0.274610	-0.084381	-0.014389	-0.924265	-0.381480	0.020621	-0.381713	0.924051	-0.999684	0.005430	0.024552
119	900364													9.822923	0.291307	-0.086480	-0.014461	-0.924315	-0.381356	0.020538	-0.381590	0.924104	-0.999684	0.005531	0.024502
120	900531													9.812913	0.288586	-0.080461	-0.014590	-0.924354	-0.381256	0.020479	-0.381493	0.924145	-0.999684	0.005675	0.024495
121	900697													9.825584	0.302237	-0.109560	-0.014754	-0.924382	-0.381183	0.020430	-0.381423	0.924175	-0.999682	0.005848	0.024512
122	900864													9.879389	0.280941	-0.082156	-0.014928	-0.924484	-0.380930	0.020434	-0.381175	0.924277	-0.999680	0.006014	0.024581
123	901031													9.812450	0.244023	-0.103238	-0.014906	-0.924477	-0.380946	0.020304	-0.381190	0.924274	-0.999683	0.006043	0.024452
124	901197													9.780787	0.289297	-0.086862	-0.014907	-0.924528	-0.380822	0.020206	-0.381065	0.924328	-0.999685	0.006084	0.024362
125	901364													9.844040	0.289412	-0.156216	-0.014859	-0.924528	-0.380823	0.020262	-0.381066	0.924326	-0.999684	0.006018	0.024395
126	901531													9.933857	0.321667	-0.102100	-0.014505	-0.924476	-0.380965	0.020359	-0.381199	0.924269	-0.999688	0.005650	0.024350
127	901697													9.848919	0.300359	-0.068677	-0.013824	-0.924447	-0.381060	0.020337	-0.381278	0.924237	-0.999698	0.005027	0.024071
128	901864													9.747285	0.266523	-0.013667	-0.013480	-0.924463	-0.381032	0.020223	-0.381241	0.924254	-0.999705	0.004754	0.023835
129	902031													9.823108	0.273588	-0.037914	-0.013497	-0.924405	-0.381173	0.020249	-0.381382	0.924196	-0.999704	0.004756	0.023866
130	902197													9.833276	0.300219	-0.069439	-0.013425	-0.924434	-0.381106	0.020322	-0.381314	0.924222	-0.999703	0.004663	0.023905
131	902364													9.817508	0.294969	-0.083605	-0.013287	-0.924500	-0.380949	0.020287	-0.381154	0.924289	-0.999706	0.004553	0.023820
132	902531													9.808464	0.284716	-0.062959	-0.013148	-0.924501	-0.380952	0.020225	-0.381153	0.924291	-0.999709	0.004448	0.023709
133	902697													9.815591	0.282828	-0.052853	-0.013070	-0.924569	-0.380791	0.020157	-0.380990	0.924359	-0.999711	0.004406	0.023616
134	902864													9.832529	0.270744	-0.063595	-0.013016	-0.924600	-0.380716	0.020114	-0.380913	0.924392	-0.999713	0.004375	0.023555
135	903031													9.854507	0.282082	-0.058115	-0.012926	-0.924613	-0.380689	0.020112	-0.380884	0.924404	-0.999714	0.004293	0.023519
136	903197													9.844076	0.283739	-0.079358	-0.012906	-0.924595	-0.380734	0.020118	-0.380929	0.924385	-0.999714	0.004271	0.023518
137	903364													9.855448	0.284983	-0.086615	-0.012857	-0.924629	-0.380652	0.020084	-0.380846	0.924420	-0.999716	0.004240	0.023467
138	903531													9.827142	0.299248	-0.067292	-0.012813	-0.924605	-0.380711	0.020068	-0.380904	0.924397	-0.999717	0.004204	0.023435
139	903697													9.830532	0.305204	-0.077192	-0.012805	-0.924603	-0.380718	0.020091	-0.380910	0.924394	-0.999716	0.004188	0.023454
140	903864													9.831091	0.304336	-0.035458	-0.012845	-0.924596	-0.380732	0.020104	-0.380926	0.924387	-0.999715	0.004219	0.023481
141	904031													9.800309	0.290113	-0.101894	-0.012979	-0.924661	-0.380571	0.020051	-0.380767	0.924453	-0.999715	0.004368	0.023482
142	904197													9.839791	0.300473	-0.084398	-0.013010	-0.924670	-0.380547	0.020027	-0.380743	0.924464	-0.999715	0.004406	0.023472
143	904364													9.834844	0.327796	-0.086252	-0.012970	-0.924636	-0.380632	0.020112	-0.380828	0.924427	-0.999714	0.004334	0.023535
144	904531													9.837737	0.333993	-0.045321	-0.012922	-0.924628	-0.380653	0.020103	-0.380848	0.924419	-0.999714	0.004293	0.023509
145	904697													9.867563	0.252101	-0.101511	-0.012868	-0.924678	-0.380533	0.020065	-0.380726	0.924470	-0.999716	0.004260	0.023453
146	904864													9.835671	0.303091	-0.039492	-0.012745	-0.924676	-0.380542	0.020081	-0.380733	0.924467	-0.999717	0.004140	0.023421
147	905031													9.816918	0.298209	-0.057720	-0.012697	-0.924712	-0.380456	0.020100	-0.380646	0.924502	-0.999717	0.004091	0.023420
148	905197													9.835210	0.300706	-0.050883	-0.012655	-0.924721	-0.380434	0.020110	-0.380623	0.924511	-0.999718	0.004049	0.023413
149	905364													9.793272	0.299457	-0.053861	-0.012652	-0.924777	-0.380298	0.020113	-0.380487	0.924567	-0.999718	0.004049	0.023414
150	905531													9.826585	0.317431	-0.054680	-0.012674	-0.924828	-0.380174	0.020114	-0.380364	0.924618	-0.999717	0.004071	0.023422
151	905697													9.836669	0.296503	-0.076066	-0.012656	-0.924806	-0.380228	0.020071	-0.380417	0.924597	-0.999718	0.004070	0.023377
152	905864													9.823277	0.315132	-0.065552	-0.012637	-0.924809	-0.380223	0.020068	-0.380411	0.924600	-0.999719	0.004054	0.023366
153	906031													9.837907	0.300623	-0.092702	-0.012598	-0.924840	-0.380148	0.020104	-0.380335	0.924630	-0.999719	0.004006	0.023384
154	906197													9.819404	0.307801	-0.064733	-0.012590	-0.924848	-0.380128	0.020076	-0.380315	0.924639	-0.999719	0.004009	0.023355
155	906364													9.848478	0.319348	-0.065280	-0.012606	-0.924935	-0.379917	0.020017	-0.380104	0.924727	-0.999720	0.004052	0.023306
156	906531													9.852734	0.282796	-0.063460	-0.012550	-0.925013	-0.379727	0.019946	-0.379913	0.924807	-0.999722	0.004032	0.023218
157	906697													9.820337	0.282946	-0.062154	-0.012523	-0.925049	-0.379642	0.019868	-0.379827	0.924844	-0.999724	0.004039	0.023136
158	906864													9.832024	0.275414	-0.052363	-0.012524	-0.925138	-0.379425	0.019784	-0.379609	0.924935	-0.999726	0.004077	0.023057
159	907031													9.824292	0.269864	-0.052302	-0.012529	-0.925122	-0.379463	0.019717	-0.379648	0.924921	-0.999727	0.004107	0.022997
160	907197													9.826238	0.288295	-0.040572	-0.012572	-0.925135	-0.379429	0.019659	-0.379614	0.924936	-0.999728	0.004169	0.022960
161	907364													9.841239	0.271688	-0.038082	-0.012627	-0.925111	-0.379486	0.019618	-0.379673	0.924913	-0.999728	0.004234	0.022943
162	907531													9.833927	0.292102	-0.067547	-0.012660	-0.925112	-0.379482	0.019569	-0.379669	0.924915	-0.999728	0.004283	0.022910
163	907697													9.826245	0.287142	-0.039861	-0.012691	-0.925062	-0.379604	0.019505	-0.379791	0.924867	-0.999729	0.004333	0.022863
164	907864													9.824763	0.280608	-0.037025	-0.012729	-0.925019	-0.379707	0.019483	-0.379895	0.924824	-0.999729	0.004375	0.022858
165	908031													9.832080	0.299732	-0.049112	-0.012787	-0.925040	-0.379655	0.019436	-0.379844	0.924846	-0.999729	0.004447	0.022836
166	908197													9.826793	0.298753	-0.060002	-0.012826	-0.925101	-0.379505	0.019389	-0.379695	0.924908	-0.999730	0.004504	0.022807
167	908364													9.817544	0.306188	-0.072565	-0.012848	-0.925112	-0.379478	0.019356	-0.379668	0.924920	-0.999730	0.004539	0.022784
168	908531													9.812016	0.301571	-0.064268	-0.012908	-0.925159	-0.379360	0.019352	-0.379552	0.924968	-0.999729	0.004598	0.022803
169	908697													9.827597	0.287777	-0.062058	-0.013002	-0.925185	-0.379294	0.019340	-0.379488	0.924994	-0.999728	0.004691	0.022827
170	908864													9.830758	0.282849	-0.070981	-0.013102	-0.925240	-0.379157	0.019321	-0.379353	0.925050	-0.999727	0.004794	0.022847
171	909031													9.836687	0.307901	-0.076466	-0.013182	-0.925278	-0.379060	0.019377	-0.379258	0.925088	-0.999725	0.004850	0.022928
172	909197													9.839938	0.242288	-0.048300	-0.013255	-0.925350	-0.378883	0.019400	-0.379083	0.925159	-0.999724	0.004912	0.022976
173	909364													9.812468	0.262285	-0.085998	-0.013271	-0.925292	-0.379024	0.019344	-0.379224	0.925103	-0.999725	0.004945	0.022932
174	909531													9.794316	0.278000	-0.089627	-0.013271	-0.925311	-0.378977	0.019396	-0.379177	0.925121	-0.999724	0.004927	0.022979
175	909697													9.872966	0.301605	-0.146611	-0.013157	-0.925300	-0.379008	0.019537	-0.379206	0.925106	-0.999723	0.004767	0.023066
176	909864													9.919996	0.312482	-0.092545	-0.012735	-0.925294	-0.379036	0.019644	-0.379225	0.925096	-0.999726	0.004336	0.023006
177	910031													9.843457	0.303598	-0.029580	-0.012115	-0.925253	-0.379157	0.019630	-0.379332	0.925052	-0.999734	0.003764	0.022758
178	910197													9.750922	0.255990	0.017652	-0.011868	-0.925247	-0.379180	0.019602	-0.379350	0.925046	-0.999737	0.003546	0.022639
179	910364													9.842387	0.281825	-0.037644	-0.011869	-0.925185	-0.379330	0.019717	-0.379499	0.924982	-0.999735	0.003500	0.022746
180	910531													9.821259	0.316727	-0.064719	-0.011768	-0.925189	-0.379324	0.019832	-0.379492	0.924983	-0.999734	0.003362	0.022814
181	910697													9.821063	0.297580	-0.041309	-0.011592	-0.925238	-0.379210	0.019842	-0.379373	0.925031	-0.999736	0.003199	0.022756
182	910864													9.816363	0.303023	-0.039334	-0.011417	-0.925245	-0.379198	0.019836	-0.379357	0.925038	-0.999738	0.003039	0.022685
183	911031													9.837141	0.288253	-0.065570	-0.011255	-0.925304	-0.379060	0.019841	-0.379216	0.925096	-0.999740	0.002891	0.022628
184	911197													9.839352	0.288557	-0.066299	-0.011105	-0.925335	-0.378989	0.019892	-0.379142	0.925125	-0.999740	0.002734	0.022617
185	911364													9.824754	0.283185	-0.030892	-0.010959	-0.925350	-0.378955	0.019935	-0.379104	0.925139	-0.999741	0.002584	0.022601
186	911531													9.841590	0.293946	-0.059558	-0.010858	-0.925316	-0.379041	0.019982	-0.379189	0.925104	-0.999741	0.002470	0.022607
187	911697													9.838336	0.307927	-0.089201	-0.010693	-0.925268	-0.379164	0.020030	-0.379308	0.925054	-0.999742	0.002297	0.022589
188	911864													9.821910	0.286330	-0.040399	-0.010578	-0.925248	-0.379216	0.020087	-0.379357	0.925032	-0.999742	0.002168	0.022598
189	912031													9.827100	0.311209	-0.026725	-0.010510	-0.925236	-0.379247	0.020161	-0.379387	0.925018	-0.999742	0.002076	0.022641
190	912197													9.811113	0.309288	0.007535	-0.010528	-0.925246	-0.379222	0.020183	-0.379363	0.925028	-0.999741	0.002085	0.022668
191	912364													9.817626	0.280636	-0.152743	-0.010560	-0.925254	-0.379201	0.020200	-0.379342	0.925036	-0.999740	0.002108	0.022695
192	912531													9.824413	0.302712	-0.018038	-0.010482	-0.925298	-0.379096	0.020309	-0.379236	0.925077	-0.999739	0.001997	0.022767
193	912697													9.849837	0.334390	-0.057777	-0.010432	-0.925269	-0.379168	0.020427	-0.379307	0.925045	-0.999737	0.001905	0.022857
194	912864													9.851671	0.309878	-0.055846	-0.010398	-0.925306	-0.379079	0.020420	-0.379217	0.925082	-0.999737	0.001878	0.022838
195	913031													9.847451	0.254157	-0.063131	-0.010275	-0.925293	-0.379113	0.020441	-0.379248	0.925069	-0.999738	0.001755	0.022811
196	913197													9.819461	0.314499	-0.009030	-0.010218	-0.925290	-0.379122	0.020490	-0.379256	0.925065	-0.999738	0.001684	0.022834
197	913364													9.821296	0.273888	-0.030437	-0.010209	-0.925312	-0.379068	0.020522	-0.379202	0.925086	-0.999737	0.001665	0.022861
198	913531													9.810184	0.304711	-0.037039	-0.010206	-0.925302	-0.379095	0.020548	-0.379229	0.925075	-0.999737	0.001652	0.022883
199	913697													9.802570	0.315421	-0.037954	-0.010261	-0.925295	-0.379110	0.020600	-0.379245	0.925067	-0.999735	0.001682	0.022952
200	913864													9.839730	0.295935	-0.063492	-0.010296	-0.925301	-0.379094	0.020630	-0.379230	0.925073	-0.999734	0.001704	0.022993
201	914031													9.832344	0.310007	-0.027985	-0.010348	-0.925245	-0.379228	0.020637	-0.379365	0.925017	-0.999733	0.001746	0.023020
202	914197													9.834373	0.298370	-0.047438	-0.010368	-0.925265	-0.379179	0.020677	-0.379316	0.925036	-0.999732	0.001751	0.023064
203	914364													9.820837	0.314119	-0.058360	-0.010377	-0.925299	-0.379097	0.020689	-0.379235	0.925069	-0.999732	0.001757	0.023079
204	914531													9.822926	0.305736	-0.055903	-0.010470	-0.925303	-0.379084	0.020651	-0.379224	0.925075	-0.999732	0.001857	0.023079
205	914697													9.848750	0.285553	-0.055986	-0.010551	-0.925350	-0.378966	0.020594	-0.379108	0.925123	-0.999732	0.001956	0.023056
206	914864													9.834575	0.288234	-0.077222	-0.010607	-0.925390	-0.378868	0.020559	-0.379011	0.925164	-0.999732	0.002024	0.023046
207	915031													9.814301	0.278020	-0.063761	-0.010685	-0.925473	-0.378662	0.020533	-0.378807	0.925248	-0.999732	0.002112	0.023050
208	915197													9.834270	0.278934	-0.040795	-0.010802	-0.925490	-0.378619	0.020523	-0.378766	0.925265	-0.999731	0.002225	0.023085
209	915364													9.821192	0.271042	-0.043501	-0.010932	-0.925500	-0.378589	0.020474	-0.378739	0.925277	-0.999731	0.002364	0.023089
210	915531													9.828432	0.280648	-0.049410	-0.011056	-0.925482	-0.378630	0.020445	-0.378783	0.925260	-0.999730	0.002488	0.023109
211	915697													9.831656	0.272405	-0.047971	-0.011225	-0.925435	-0.378740	0.020415	-0.378897	0.925214	-0.999729	0.002653	0.023146
212	915864													9.832476	0.280791	-0.036795	-0.011361	-0.925390	-0.378846	0.020374	-0.379006	0.925170	-0.999728	0.002793	0.023160
213	916031													9.814201	0.311944	-0.046047	-0.011549	-0.925364	-0.378904	0.020356	-0.379068	0.925145	-0.999726	0.002972	0.023214
214	916197													9.819889	0.304266	-0.046869	-0.011741	-0.925337	-0.378964	0.020325	-0.379132	0.925119	-0.999724	0.003159	0.023258
215	916364													9.825688	0.297289	-0.061778	-0.011896	-0.925336	-0.378962	0.020318	-0.379134	0.925119	-0.999723	0.003306	0.023311
216	916531													9.822888	0.286453	-0.056292	-0.012057	-0.925367	-0.378882	0.020296	-0.379058	0.925151	-0.999721	0.003464	0.023351
217	916697													9.838989	0.297432	-0.041334	-0.012202	-0.925367	-0.378876	0.020298	-0.379055	0.925152	-0.999720	0.003599	0.023408
218	916864													9.810196	0.297615	-0.071967	-0.012413	-0.925436	-0.378701	0.020275	-0.378885	0.925222	-0.999717	0.003807	0.023467
219	917031													9.838651	0.310564	-0.080616	-0.012602	-0.925434	-0.378698	0.020280	-0.378887	0.925221	-0.999715	0.003979	0.023542
220	917198													9.879129	0.272581	-0.043848	-0.012754	-0.925448	-0.378660	0.020294	-0.378852	0.925235	-0.999713	0.004116	0.023613
221	917364													9.794994	0.276635	-0.099745	-0.012810	-0.925418	-0.378732	0.020184	-0.378925	0.925207	-0.999714	0.004208	0.023533
222	917531													9.798511	0.297558	-0.101167	-0.012961	-0.925462	-0.378620	0.020168	-0.378816	0.925252	-0.999713	0.004357	0.023574
223	917698													9.870710	0.283058	-0.153639	-0.013020	-0.925447	-0.378652	0.020302	-0.378851	0.925235	-0.999709	0.004359	0.023722
224	917864													9.946712	0.320398	-0.108007	-0.012604	-0.925388	-0.378812	0.020395	-0.379002	0.925171	-0.999713	0.003935	0.023650
225	918031													9.847210	0.308217	-0.021707	-0.011901	-0.925335	-0.378964	0.020400	-0.379137	0.925116	-0.999721	0.003279	0.023389
226	918198													9.763138	0.250231	-0.011980	-0.011627	-0.925343	-0.378952	0.020314	-0.379118	0.925125	-0.999726	0.003058	0.023205
227	918364													9.814983	0.252038	-0.056166	-0.011655	-0.925310	-0.379033	0.020336	-0.379200	0.925091	-0.999725	0.003074	0.023237
228	918531													9.818623	0.294903	-0.071019	-0.011613	-0.925242	-0.379199	0.020390	-0.379365	0.925022	-0.999725	0.003010	0.023271
229	918698													9.811975	0.295073	-0.079918	-0.011487	-0.925244	-0.379200	0.020402	-0.379363	0.925023	-0.999726	0.002889	0.023235
230	918864													9.808410	0.272291	-0.041332	-0.011392	-0.925209	-0.379288	0.020379	-0.379449	0.924988	-0.999727	0.002808	0.023177
231	919031													9.826602	0.282342	-0.060037	-0.011337	-0.925191	-0.379333	0.020368	-0.379493	0.924971	-0.999728	0.002761	0.023146
232	919198													9.855543	0.280041	-0.088272	-0.011258	-0.925129	-0.379486	0.020362	-0.379644	0.924909	-0.999729	0.002685	0.023111
233	919364													9.835315	0.266397	-0.064103	-0.011129	-0.925122	-0.379507	0.020375	-0.379662	0.924901	-0.999730	0.002561	0.023074
234	919531													9.834787	0.281017	-0.062689	-0.011098	-0.925094	-0.379577	0.020392	-0.379731	0.924872	-0.999730	0.002524	0.023079
235	919698													9.863005	0.270926	-0.081153	-0.011050	-0.925050	-0.379685	0.020382	-0.379838	0.924829	-0.999731	0.002481	0.023051
236	919864													9.838879	0.288866	-0.078711	-0.011008	-0.925012	-0.379777	0.020385	-0.379929	0.924791	-0.999732	0.002438	0.023039
237	920031													9.823785	0.296698	-0.033981	-0.011012	-0.924989	-0.379835	0.020387	-0.379987	0.924767	-0.999732	0.002440	0.023042
238	920198													9.792004	0.279957	-0.039351	-0.011169	-0.925005	-0.379791	0.020384	-0.379946	0.924784	-0.999730	0.002587	0.023099
239	920364													9.845700	0.249070	-0.141556	-0.011319	-0.925017	-0.379758	0.020376	-0.379917	0.924796	-0.999728	0.002730	0.023148
240	920531													9.822451	0.295674	-0.044198	-0.011317	-0.925001	-0.379797	0.020448	-0.379956	0.924779	-0.999727	0.002700	0.023215
241	920698													9.819654	0.321869	-0.086079	-0.011277	-0.925008	-0.379779	0.020515	-0.379937	0.924785	-0.999726	0.002637	0.023261
242	920864													9.842391	0.255524	-0.059864	-0.011329	-0.925136	-0.379468	0.020460	-0.379627	0.924913	-0.999726	0.002715	0.023229
243	921031													9.850200	0.235063	-0.089965	-0.011290	-0.925088	-0.379584	0.020484	-0.379742	0.924865	-0.999726	0.002666	0.023236
244	921198													9.822247	0.285878	-0.026203	-0.011265	-0.925122	-0.379503	0.020540	-0.379661	0.924898	-0.999726	0.002624	0.023279
245	921364													9.818233	0.267357	-0.041552	-0.011288	-0.925126	-0.379492	0.020602	-0.379651	0.924901	-0.999724	0.002622	0.023345
246	921531													9.812429	0.271337	-0.064554	-0.011305	-0.925073	-0.379621	0.020659	-0.379781	0.924846	-0.999723	0.002613	0.023404
247	921698													9.812698	0.297955	-0.063331	-0.011349	-0.925059	-0.379654	0.020741	-0.379814	0.924830	-0.999720	0.002622	0.023497
248	921864													9.827343	0.278991	-0.077178	-0.011387	-0.925024	-0.379739	0.020828	-0.379901	0.924793	-0.999718	0.002622	0.023593
249	922031													9.854600	0.275926	-0.072325	-0.011369	-0.924998	-0.379803	0.020927	-0.379964	0.924764	-0.999716	0.002566	0.023677
250	922198													9.821556	0.307783	-0.052767	-0.011343	-0.925014	-0.379763	0.021026	-0.379924	0.924779	-0.999715	0.002505	0.023759
251	922364													9.833029	0.311956	-0.108277	-0.011349	-0.924992	-0.379817	0.021118	-0.379979	0.924754	-0.999713	0.002474	0.023846
252	922531													9.827782	0.295309	-0.073917	-0.011362	-0.925026	-0.379733	0.021195	-0.379895	0.924787	-0.999711	0.002459	0.023922
253	922698													9.827761	0.275547	-0.079985	-0.011346	-0.925064	-0.379642	0.021236	-0.379803	0.924823	-0.999710	0.002431	0.023954
254	922864													9.835789	0.269060	-0.095975	-0.011385	-0.925113	-0.379521	0.021280	-0.379684	0.924872	-0.999709	0.002453	0.024009
255	923031													9.828909	0.274474	-0.082289	-0.011422	-0.925135	-0.379467	0.021318	-0.379631	0.924893	-0.999708	0.002475	0.024058
256	923198													9.817305	0.253664	-0.091022	-0.011446	-0.925156	-0.379415	0.021365	-0.379580	0.924912	-0.999706	0.002480	0.024111
257	923364													9.830368	0.266245	-0.070791	-0.011474	-0.925138	-0.379456	0.021393	-0.379622	0.924894	-0.999705	0.002494	0.024147
258	923531													9.841941	0.269642	-0.062825	-0.011492	-0.925102	-0.379546	0.021388	-0.379711	0.924858	-0.999705	0.002511	0.024149
259	923698													9.827233	0.279659	-0.064996	-0.011531	-0.925053	-0.379662	0.021399	-0.379829	0.924809	-0.999705	0.002539	0.024175
260	923864													9.826936	0.297061	-0.059915	-0.011599	-0.925025	-0.379730	0.021408	-0.379898	0.924781	-0.999704	0.002597	0.024209
261	924031													9.831658	0.291558	-0.078037	-0.011682	-0.925026	-0.379724	0.021379	-0.379894	0.924783	-0.999703	0.002686	0.024214
262	924198													9.808408	0.285880	-0.078329	-0.011731	-0.925008	-0.379767	0.021374	-0.379938	0.924765	-0.999703	0.002731	0.024228
263	924364													9.852024	0.306748	-0.084003	-0.011838	-0.925016	-0.379744	0.021395	-0.379918	0.924773	-0.999701	0.002823	0.024288
264	924531													9.858838	0.267035	-0.086923	-0.011855	-0.925048	-0.379665	0.021345	-0.379840	0.924806	-0.999702	0.002860	0.024248
265	924698													9.800472	0.286091	-0.086793	-0.011781	-0.925057	-0.379646	0.021233	-0.379818	0.924817	-0.999705	0.002834	0.024116
266	924864													9.787582	0.297515	-0.086015	-0.011733	-0.925132	-0.379465	0.021267	-0.379636	0.924891	-0.999705	0.002782	0.024129
267	925031													9.883264	0.290313	-0.138056	-0.011683	-0.925138	-0.379452	0.021363	-0.379622	0.924895	-0.999704	0.002699	0.024199
268	925198													9.921359	0.292426	-0.079189	-0.011145	-0.925067	-0.379640	0.021443	-0.379798	0.924821	-0.999708	0.002166	0.024069
269	925364													9.792707	0.280531	-0.042359	-0.010441	-0.925038	-0.379732	0.021466	-0.379872	0.924790	-0.999715	0.001504	0.023823
270	925531													9.766195	0.251007	0.004242	-0.010277	-0.925036	-0.379741	0.021408	-0.379877	0.924789	-0.999718	0.001375	0.023707
271	925698													9.850064	0.242657	-0.080226	-0.010233	-0.924972	-0.379898	0.021473	-0.380034	0.924723	-0.999717	0.001305	0.023751
272	925864													9.804886	0.305274	-0.056872	-0.010050	-0.924903	-0.380071	0.021548	-0.380202	0.924652	-0.999717	0.001103	0.023751
273	926031													9.812437	0.261281	-0.069589	-0.009878	-0.924937	-0.379993	0.021567	-0.380120	0.924686	-0.999719	0.000939	0.023703
274	926198													9.811350	0.268591	-0.077815	-0.009698	-0.924924	-0.380028	0.021555	-0.380151	0.924673	-0.999721	0.000775	0.023624
275	926364													9.825623	0.264307	-0.069178	-0.009535	-0.924927	-0.380026	0.021551	-0.380145	0.924676	-0.999722	0.000627	0.023558
276	926531													9.834545	0.254908	-0.059787	-0.009393	-0.924900	-0.380095	0.021584	-0.380211	0.924648	-0.999723	0.000481	0.023535
277	926698													9.814246	0.276809	-0.049731	-0.009274	-0.924875	-0.380158	0.021573	-0.380271	0.924623	-0.999724	0.000374	0.023479
278	926864													9.840271	0.282109	-0.072028	-0.009192	-0.924899	-0.380102	0.021605	-0.380213	0.924647	-0.999724	0.000287	0.023477
279	927031													9.851857	0.263348	-0.064433	-0.009083	-0.924838	-0.380253	0.021628	-0.380361	0.924585	-0.999725	0.000174	0.023457
280	927198													9.820139	0.279514	-0.060828	-0.008969	-0.924793	-0.380366	0.021669	-0.380472	0.924539	-0.999725	0.000050	0.023452
281	927364													9.822680	0.281394	-0.004678	-0.008941	-0.924781	-0.380396	0.021698	-0.380501	0.924526	-0.999725	0.000012	0.023468
282	927531													9.797631	0.258599	-0.076803	-0.009016	-0.924787	-0.380379	0.021684	-0.380486	0.924533	-0.999724	0.000087	0.023484
283	927698													9.843460	0.266950	-0.056994	-0.008932	-0.924822	-0.380294	0.021695	-0.380399	0.924568	-0.999725	0.000007	0.023461
284	927864													9.815484	0.305054	-0.041227	-0.008820	-0.924787	-0.380382	0.021838	-0.380484	0.924530	-0.999723	-0.000153	0.023551
285	928031													9.804759	0.328607	-0.057738	-0.008741	-0.924809	-0.380331	0.021867	-0.380432	0.924550	-0.999723	-0.000235	0.023548
286	928198													9.854221	0.233251	-0.051236	-0.008662	-0.924826	-0.380293	0.021883	-0.380392	0.924567	-0.999723	-0.000314	0.023533
287	928364													9.835886	0.280900	-0.034685	-0.008533	-0.924729	-0.380530	0.021981	-0.380626	0.924468	-0.999722	-0.000476	0.023574
288	928531													9.819085	0.273244	-0.035104	-0.008464	-0.924715	-0.380566	0.022063	-0.380660	0.924452	-0.999721	-0.000572	0.023624
