// Start Time: Unknown
// Update Rate: 60.0Hz
//Filter Profile: human (46.1)
// Option Flags: AHS Disabled ICC Disabled
// Firmware Version: 4.0.2
0	sampleTimeFine	Year	Month	Day	Second	UTC_Nano	UTC_Year	UTC_Month	UTC_Day	UTC_Hour	UTC_Minute	UTC_Second	UTC_Valid	Acc_X	Acc_Y	Acc_Z	Mat[1][1]	Mat[2][1]	Mat[3][1]	Mat[1][2]	Mat[2][2]	Mat[3][2]	Mat[1][3]	Mat[2][3]	Mat[3][3]
0	3826006													-0.375207	-0.428597	-0.267858	0.009882	-0.999852	0.014069	-0.026148	0.013806	0.999563	-0.999609	-0.010245	-0.026008
1	3826173													9.871276	-0.280961	0.132900	0.010958	-0.999845	0.013783	-0.026590	0.013487	0.999555	-0.999586	-0.011320	-0.026438
2	3826339													9.834303	-0.267532	0.125865	0.011824	-0.999821	0.014795	-0.027176	0.014469	0.999526	-0.999561	-0.012220	-0.027000
3	3826506													9.842540	-0.246000	0.113194	0.012378	-0.999818	0.014484	-0.027533	0.014138	0.999521	-0.999544	-0.012770	-0.027353
4	3826673													9.826159	-0.247120	0.140488	0.012534	-0.999814	0.014667	-0.027521	0.014318	0.999519	-0.999543	-0.012932	-0.027337
5	3826839													9.841612	-0.242199	0.157679	0.012759	-0.999811	0.014676	-0.027423	0.014322	0.999521	-0.999542	-0.013155	-0.027235
6	3827006													9.838334	-0.242453	0.139286	0.013036	-0.999811	0.014432	-0.027289	0.014072	0.999529	-0.999543	-0.013423	-0.027100
7	3827173													9.847835	-0.237896	0.124674	0.013218	-0.999810	0.014350	-0.027163	0.013987	0.999533	-0.999544	-0.013601	-0.026973
8	3827339													9.876448	-0.250993	0.140963	0.013330	-0.999808	0.014388	-0.027051	0.014024	0.999536	-0.999545	-0.013713	-0.026859
9	3827506													9.887268	-0.243880	0.149571	0.013494	-0.999807	0.014295	-0.026978	0.013927	0.999539	-0.999545	-0.013874	-0.026784
10	3827673													9.886178	-0.259536	0.171179	0.013730	-0.999803	0.014354	-0.026948	0.013980	0.999539	-0.999543	-0.014110	-0.026751
11	3827839													9.881853	-0.256080	0.165228	0.014039	-0.999794	0.014672	-0.026988	0.014290	0.999534	-0.999537	-0.014428	-0.026782
12	3828006													9.867665	-0.267957	0.145896	0.014388	-0.999786	0.014834	-0.027041	0.014441	0.999530	-0.999531	-0.014782	-0.026828
13	3828173													9.839383	-0.236616	0.166484	0.014660	-0.999785	0.014684	-0.027151	0.014282	0.999529	-0.999524	-0.015052	-0.026935
14	3828339													9.834439	-0.257429	0.160750	0.014887	-0.999781	0.014742	-0.027298	0.014331	0.999525	-0.999516	-0.015282	-0.027078
15	3828506													9.822944	-0.262825	0.158799	0.015030	-0.999779	0.014691	-0.027464	0.014274	0.999521	-0.999510	-0.015427	-0.027244
16	3828673													9.831141	-0.243934	0.140357	0.015076	-0.999778	0.014722	-0.027682	0.014301	0.999514	-0.999503	-0.015476	-0.027460
17	3828839													9.852452	-0.250000	0.154986	0.015079	-0.999779	0.014663	-0.027878	0.014239	0.999510	-0.999498	-0.015481	-0.027657
18	3829006													9.885749	-0.245071	0.171747	0.015069	-0.999780	0.014606	-0.028067	0.014179	0.999505	-0.999492	-0.015471	-0.027847
19	3829173													9.886388	-0.253846	0.158048	0.015119	-0.999777	0.014713	-0.028291	0.014281	0.999498	-0.999485	-0.015527	-0.028069
20	3829339													9.881636	-0.248200	0.157156	0.015218	-0.999777	0.014662	-0.028516	0.014224	0.999492	-0.999477	-0.015629	-0.028293
21	3829506													9.876041	-0.252236	0.171388	0.015357	-0.999777	0.014483	-0.028709	0.014038	0.999489	-0.999470	-0.015765	-0.028487
22	3829673													9.832047	-0.277369	0.164942	0.015481	-0.999775	0.014477	-0.028953	0.014024	0.999482	-0.999461	-0.015892	-0.028729
23	3829839													9.832542	-0.276277	0.172089	0.015561	-0.999776	0.014332	-0.029199	0.013873	0.999477	-0.999452	-0.015971	-0.028977
24	3830006													9.862458	-0.264781	0.162873	0.015626	-0.999778	0.014167	-0.029445	0.013702	0.999472	-0.999444	-0.016035	-0.029224
25	3830173													9.824545	-0.291556	0.185092	0.015660	-0.999779	0.014060	-0.029689	0.013590	0.999467	-0.999437	-0.016069	-0.029469
26	3830339													9.810433	-0.271048	0.154117	0.015623	-0.999780	0.013994	-0.029920	0.013522	0.999461	-0.999430	-0.016033	-0.029702
27	3830506													9.801689	-0.247964	0.165302	0.015516	-0.999783	0.013880	-0.030098	0.013408	0.999457	-0.999427	-0.015926	-0.029883
28	3830673													9.854751	-0.265274	0.136663	0.015358	-0.999787	0.013758	-0.030252	0.013289	0.999454	-0.999424	-0.015766	-0.030041
29	3830839													9.872881	-0.272090	0.126671	0.015208	-0.999789	0.013777	-0.030448	0.013309	0.999448	-0.999421	-0.015619	-0.030239
30	3831006													9.893208	-0.227009	0.162575	0.015071	-0.999792	0.013772	-0.030607	0.013306	0.999443	-0.999418	-0.015484	-0.030400
31	3831173													9.901881	-0.236712	0.148995	0.014994	-0.999791	0.013878	-0.030648	0.013414	0.999440	-0.999418	-0.015411	-0.030441
32	3831339													9.900166	-0.264836	0.155178	0.015029	-0.999788	0.014071	-0.030732	0.013604	0.999435	-0.999415	-0.015453	-0.030521
33	3831506													9.876483	-0.295159	0.154396	0.015100	-0.999787	0.014103	-0.030884	0.013632	0.999430	-0.999409	-0.015527	-0.030672
34	3831673													9.842634	-0.272153	0.140695	0.015191	-0.999785	0.014083	-0.031024	0.013606	0.999426	-0.999403	-0.015619	-0.030811
35	3831839													9.826251	-0.270665	0.185047	0.015281	-0.999785	0.014018	-0.031101	0.013537	0.999425	-0.999399	-0.015708	-0.030888
36	3832006													9.820028	-0.282903	0.154543	0.015337	-0.999784	0.014032	-0.031157	0.013549	0.999423	-0.999397	-0.015765	-0.030943
37	3832173													9.827235	-0.285138	0.205253	0.015356	-0.999785	0.013903	-0.031295	0.013418	0.999420	-0.999392	-0.015782	-0.031082
38	3832339													9.830243	-0.264468	0.184300	0.015335	-0.999787	0.013837	-0.031446	0.013350	0.999416	-0.999388	-0.015761	-0.031235
39	3832506													9.857694	-0.249798	0.172320	0.015277	-0.999789	0.013758	-0.031611	0.013270	0.999412	-0.999384	-0.015703	-0.031401
40	3832673													9.862883	-0.246741	0.150268	0.015178	-0.999792	0.013632	-0.031818	0.013143	0.999407	-0.999378	-0.015602	-0.031612
41	3832839													9.877716	-0.254722	0.164463	0.015071	-0.999794	0.013598	-0.032023	0.013110	0.999401	-0.999373	-0.015498	-0.031819
42	3833006													9.873994	-0.258767	0.151239	0.014962	-0.999795	0.013612	-0.032228	0.013125	0.999394	-0.999369	-0.015392	-0.032025
43	3833173													9.842485	-0.266657	0.151895	0.014846	-0.999799	0.013481	-0.032429	0.012994	0.999390	-0.999364	-0.015274	-0.032230
44	3833339													9.825035	-0.297956	0.124016	0.014661	-0.999801	0.013507	-0.032666	0.013022	0.999381	-0.999359	-0.015093	-0.032469
45	3833506													9.862482	-0.299012	0.117797	0.014473	-0.999806	0.013349	-0.032967	0.012866	0.999374	-0.999352	-0.014904	-0.032775
46	3833673													9.844529	-0.261268	0.112818	0.014269	-0.999811	0.013234	-0.033188	0.012754	0.999368	-0.999347	-0.014699	-0.032999
47	3833839													9.846100	-0.269360	0.116345	0.014087	-0.999815	0.013065	-0.033263	0.012590	0.999367	-0.999347	-0.014513	-0.033079
48	3834006													9.863702	-0.282721	0.109761	0.013934	-0.999818	0.013067	-0.033323	0.012597	0.999365	-0.999347	-0.014361	-0.033142
49	3834173													9.887633	-0.285625	0.123744	0.013873	-0.999819	0.012998	-0.033446	0.012528	0.999362	-0.999344	-0.014299	-0.033267
50	3834339													9.877721	-0.279749	0.133346	0.013875	-0.999820	0.012919	-0.033603	0.012446	0.999358	-0.999339	-0.014301	-0.033424
51	3834506													9.874827	-0.270537	0.095681	0.013920	-0.999820	0.012857	-0.033667	0.012382	0.999356	-0.999336	-0.014344	-0.033489
52	3834673													9.887286	-0.277067	0.105255	0.014031	-0.999818	0.012892	-0.033704	0.012413	0.999355	-0.999333	-0.014456	-0.033524
53	3834840													9.848599	-0.270097	0.118955	0.014165	-0.999815	0.012986	-0.033725	0.012502	0.999353	-0.999331	-0.014594	-0.033542
54	3835006													9.856485	-0.281437	0.116026	0.014317	-0.999814	0.012944	-0.033759	0.012455	0.999352	-0.999327	-0.014745	-0.033575
55	3835173													9.864996	-0.271802	0.119481	0.014472	-0.999811	0.012945	-0.033774	0.012450	0.999352	-0.999325	-0.014899	-0.033588
56	3835340													9.848260	-0.265047	0.141471	0.014612	-0.999811	0.012829	-0.033782	0.012330	0.999353	-0.999322	-0.015036	-0.033595
57	3835506													9.850821	-0.264110	0.134648	0.014740	-0.999810	0.012759	-0.033827	0.012255	0.999353	-0.999319	-0.015162	-0.033640
58	3835673													9.866074	-0.253389	0.126051	0.014852	-0.999808	0.012778	-0.033862	0.012269	0.999351	-0.999316	-0.015275	-0.033673
59	3835840													9.862182	-0.247735	0.139368	0.014960	-0.999807	0.012759	-0.033930	0.012246	0.999349	-0.999312	-0.015384	-0.033740
60	3836006													9.867886	-0.244470	0.167881	0.015110	-0.999804	0.012819	-0.034015	0.012299	0.999346	-0.999307	-0.015537	-0.033822
61	3836173													9.883265	-0.250054	0.157765	0.015281	-0.999801	0.012787	-0.034135	0.012259	0.999342	-0.999300	-0.015708	-0.033941
62	3836340													9.884676	-0.260383	0.140897	0.015477	-0.999800	0.012690	-0.034253	0.012154	0.999339	-0.999293	-0.015902	-0.034058
63	3836506													9.855938	-0.262879	0.168089	0.015687	-0.999796	0.012716	-0.034389	0.012171	0.999334	-0.999285	-0.016114	-0.034191
64	3836673													9.867681	-0.242339	0.157000	0.015924	-0.999793	0.012641	-0.034531	0.012085	0.999331	-0.999277	-0.016349	-0.034331
65	3836840													9.857834	-0.261483	0.165572	0.016152	-0.999792	0.012447	-0.034664	0.011881	0.999328	-0.999269	-0.016572	-0.034465
66	3837006													9.842620	-0.277166	0.169192	0.016362	-0.999789	0.012414	-0.034814	0.011838	0.999324	-0.999260	-0.016783	-0.034613
67	3837173													9.849394	-0.270313	0.183212	0.016524	-0.999788	0.012316	-0.034969	0.011732	0.999320	-0.999252	-0.016944	-0.034768
68	3837340													9.830901	-0.257305	0.186821	0.016617	-0.999788	0.012172	-0.035121	0.011583	0.999316	-0.999245	-0.017034	-0.034921
69	3837506													9.836604	-0.250299	0.178489	0.016654	-0.999789	0.012030	-0.035256	0.011437	0.999313	-0.999240	-0.017067	-0.035058
70	3837840													9.850631	-0.253421	0.185412	0.016649	-0.999789	0.011994	-0.035381	0.011399	0.999309	-0.999235	-0.017062	-0.035184
71	3838006													9.862608	-0.248021	0.175470	0.016636	-0.999790	0.011959	-0.035489	0.011363	0.999305	-0.999232	-0.017049	-0.035293
72	3838173													9.877438	-0.239012	0.181421	0.016635	-0.999790	0.011943	-0.035606	0.011345	0.999302	-0.999227	-0.017048	-0.035410
73	3838340													9.865093	-0.253353	0.206136	0.016628	-0.999791	0.011920	-0.035741	0.011320	0.999297	-0.999223	-0.017042	-0.035545
74	3838506													9.834760	-0.262844	0.193537	0.016617	-0.999791	0.011909	-0.035875	0.011307	0.999292	-0.999218	-0.017033	-0.035679
75	3838673													9.856943	-0.264726	0.170678	0.016555	-0.999792	0.011897	-0.036049	0.011294	0.999286	-0.999213	-0.016972	-0.035855
76	3838840													9.849430	-0.299594	0.164547	0.016477	-0.999793	0.011904	-0.036222	0.011301	0.999280	-0.999208	-0.016896	-0.036028
77	3839006													9.859487	-0.294735	0.179721	0.016383	-0.999795	0.011879	-0.036420	0.011276	0.999273	-0.999202	-0.016804	-0.036228
78	3839173													9.822740	-0.271639	0.190053	0.016261	-0.999799	0.011733	-0.036574	0.011132	0.999269	-0.999199	-0.016678	-0.036386
79	3839340													9.828565	-0.265770	0.154447	0.016114	-0.999804	0.011476	-0.036694	0.010879	0.999267	-0.999197	-0.016523	-0.036512
80	3839506													9.859113	-0.276680	0.148377	0.015890	-0.999809	0.011336	-0.036863	0.010744	0.999263	-0.999194	-0.016296	-0.036685
81	3839673													9.883501	-0.242685	0.147667	0.015649	-0.999814	0.011268	-0.037019	0.010682	0.999257	-0.999192	-0.016055	-0.036845
82	3839840													9.893496	-0.232539	0.165561	0.015461	-0.999818	0.011179	-0.037064	0.010599	0.999257	-0.999193	-0.015864	-0.036893
83	3840006													9.888660	-0.246057	0.157164	0.015349	-0.999820	0.011182	-0.037079	0.010607	0.999256	-0.999194	-0.015752	-0.036909
84	3840173													9.890165	-0.267811	0.144042	0.015307	-0.999820	0.011249	-0.037193	0.010673	0.999251	-0.999191	-0.015714	-0.037023
85	3840340													9.872281	-0.274947	0.151664	0.015314	-0.999819	0.011266	-0.037394	0.010687	0.999243	-0.999183	-0.015723	-0.037223
86	3840506													9.863515	-0.276982	0.155325	0.015380	-0.999818	0.011321	-0.037541	0.010737	0.999237	-0.999177	-0.015793	-0.037369
87	3840673													9.861481	-0.292269	0.158894	0.015507	-0.999815	0.011389	-0.037615	0.010799	0.999234	-0.999172	-0.015924	-0.037441
88	3840840													9.842871	-0.292677	0.186338	0.015682	-0.999812	0.011425	-0.037640	0.010828	0.999233	-0.999168	-0.016100	-0.037464
89	3841006													9.833609	-0.291944	0.161366	0.015804	-0.999811	0.011291	-0.037709	0.010689	0.999232	-0.999164	-0.016217	-0.037533
90	3841173													9.853206	-0.273580	0.162592	0.015888	-0.999811	0.011209	-0.037793	0.010602	0.999229	-0.999159	-0.016299	-0.037617
91	3841340													9.864907	-0.249154	0.145716	0.015914	-0.999811	0.011142	-0.037864	0.010533	0.999227	-0.999156	-0.016324	-0.037689
92	3841506													9.864800	-0.238372	0.154646	0.015889	-0.999812	0.011110	-0.037952	0.010500	0.999224	-0.999153	-0.016298	-0.037779
93	3841673													9.856803	-0.256793	0.161695	0.015849	-0.999813	0.011088	-0.038007	0.010478	0.999223	-0.999152	-0.016259	-0.037834
94	3841840													9.901277	-0.254150	0.164438	0.015804	-0.999814	0.011089	-0.038079	0.010480	0.999220	-0.999150	-0.016214	-0.037907
95	3842006													9.833501	-0.262444	0.166108	0.015771	-0.999814	0.011097	-0.038124	0.010489	0.999218	-0.999149	-0.016181	-0.037951
96	3842173													9.857458	-0.293861	0.159774	0.015720	-0.999816	0.011031	-0.038228	0.010424	0.999215	-0.999145	-0.016129	-0.038057
97	3842340													9.823221	-0.281315	0.135102	0.015633	-0.999818	0.010980	-0.038343	0.010373	0.999211	-0.999142	-0.016041	-0.038173
98	3842506													9.840878	-0.270937	0.132023	0.015474	-0.999821	0.010907	-0.038365	0.010306	0.999211	-0.999144	-0.015880	-0.038198
99	3842673													9.858377	-0.270140	0.132602	0.015305	-0.999824	0.010859	-0.038347	0.010266	0.999212	-0.999147	-0.015709	-0.038183
100	3842840													9.877263	-0.282824	0.123104	0.015161	-0.999826	0.010849	-0.038384	0.010260	0.999210	-0.999148	-0.015565	-0.038222
101	3843006													9.882967	-0.274156	0.112093	0.015078	-0.999828	0.010839	-0.038449	0.010253	0.999208	-0.999147	-0.015483	-0.038287
102	3843173													9.886404	-0.258703	0.131562	0.015051	-0.999828	0.010852	-0.038478	0.010266	0.999207	-0.999146	-0.015456	-0.038317
103	3843340													9.880077	-0.246765	0.128815	0.015109	-0.999828	0.010768	-0.038482	0.010179	0.999207	-0.999145	-0.015511	-0.038322
104	3843506													9.889736	-0.263910	0.124853	0.015237	-0.999826	0.010755	-0.038458	0.010163	0.999209	-0.999144	-0.015639	-0.038296
105	3843673													9.859428	-0.261049	0.136286	0.015426	-0.999824	0.010638	-0.038423	0.010039	0.999211	-0.999142	-0.015822	-0.038261
106	3843840													9.841775	-0.238569	0.134287	0.015617	-0.999821	0.010669	-0.038370	0.010063	0.999213	-0.999142	-0.016015	-0.038206
107	3844006													9.827164	-0.231420	0.138986	0.015748	-0.999819	0.010635	-0.038322	0.010025	0.999215	-0.999141	-0.016143	-0.038157
108	3844173													9.824997	-0.234728	0.163136	0.015831	-0.999818	0.010642	-0.038275	0.010030	0.999217	-0.999142	-0.016226	-0.038109
109	3844340													9.811368	-0.232879	0.142244	0.015856	-0.999816	0.010789	-0.038287	0.010176	0.999215	-0.999141	-0.016257	-0.038119
110	3844506													9.817408	-0.223899	0.142552	0.015774	-0.999816	0.010884	-0.038318	0.010273	0.999213	-0.999141	-0.016178	-0.038148
111	3844673													9.831237	-0.233572	0.161293	0.015652	-0.999816	0.011094	-0.038340	0.010487	0.999210	-0.999142	-0.016065	-0.038169
112	3844840													9.846963	-0.258258	0.180764	0.015484	-0.999816	0.011313	-0.038316	0.010713	0.999208	-0.999146	-0.015906	-0.038143
113	3845006													9.867758	-0.292784	0.157643	0.015319	-0.999817	0.011418	-0.038263	0.010825	0.999209	-0.999150	-0.015743	-0.038090
114	3845173													9.892962	-0.285928	0.160472	0.015137	-0.999821	0.011342	-0.038187	0.010757	0.999213	-0.999156	-0.015558	-0.038017
115	3845340													9.912557	-0.273161	0.150165	0.015004	-0.999824	0.011247	-0.038125	0.010668	0.999216	-0.999160	-0.015421	-0.037958
116	3845506													9.888510	-0.254597	0.173088	0.014929	-0.999826	0.011156	-0.038064	0.010581	0.999219	-0.999164	-0.015342	-0.037900
117	3845673													9.862443	-0.232182	0.167692	0.014903	-0.999829	0.010939	-0.038032	0.010365	0.999223	-0.999165	-0.015307	-0.037871
118	3845840													9.883532	-0.211229	0.171898	0.014938	-0.999830	0.010790	-0.038002	0.010216	0.999225	-0.999166	-0.015336	-0.037843
119	3846006													9.842587	-0.218045	0.156116	0.015008	-0.999830	0.010669	-0.038033	0.010092	0.999226	-0.999164	-0.015402	-0.037876
120	3846173													9.832596	-0.227443	0.138217	0.015043	-0.999831	0.010585	-0.038099	0.010005	0.999224	-0.999161	-0.015435	-0.037942
121	3846340													9.833419	-0.226585	0.143839	0.015071	-0.999831	0.010538	-0.038193	0.009956	0.999221	-0.999157	-0.015462	-0.038036
122	3846506													9.842785	-0.234710	0.153323	0.015062	-0.999832	0.010486	-0.038298	0.009902	0.999217	-0.999153	-0.015452	-0.038142
123	3846673													9.867203	-0.250839	0.142666	0.015041	-0.999833	0.010422	-0.038391	0.009838	0.999214	-0.999150	-0.015429	-0.038236
124	3846840													9.860539	-0.226978	0.137766	0.014985	-0.999834	0.010406	-0.038475	0.009823	0.999211	-0.999147	-0.015374	-0.038321
125	3847006													9.852683	-0.226234	0.127442	0.014902	-0.999835	0.010367	-0.038543	0.009786	0.999209	-0.999146	-0.015289	-0.038390
126	3847173													9.867090	-0.206340	0.158059	0.014799	-0.999836	0.010461	-0.038658	0.009882	0.999204	-0.999143	-0.015192	-0.038505
127	3847340													9.826011	-0.212118	0.141138	0.014701	-0.999836	0.010551	-0.038803	0.009974	0.999197	-0.999139	-0.015098	-0.038650
128	3847506													9.833317	-0.227639	0.132831	0.014516	-0.999839	0.010569	-0.038954	0.009997	0.999191	-0.999136	-0.014916	-0.038803
129	3847673													9.845047	-0.252983	0.139986	0.014314	-0.999840	0.010687	-0.039119	0.010120	0.999183	-0.999132	-0.014720	-0.038968
130	3847840													9.857952	-0.284900	0.115816	0.014121	-0.999843	0.010720	-0.039317	0.010158	0.999175	-0.999127	-0.014531	-0.039167
131	3848006													9.811441	-0.265980	0.127109	0.013912	-0.999846	0.010718	-0.039429	0.010162	0.999171	-0.999126	-0.014323	-0.039281
132	3848173													9.829823	-0.279267	0.096716	0.013744	-0.999849	0.010633	-0.039508	0.010083	0.999168	-0.999125	-0.014152	-0.039363
133	3848340													9.878481	-0.269530	0.080723	0.013552	-0.999853	0.010509	-0.039613	0.009965	0.999165	-0.999123	-0.013957	-0.039472
134	3848506													9.918514	-0.239662	0.089065	0.013396	-0.999856	0.010426	-0.039719	0.009886	0.999162	-0.999121	-0.013799	-0.039581
135	3848673													9.933131	-0.209562	0.090882	0.013340	-0.999856	0.010479	-0.039693	0.009943	0.999162	-0.999123	-0.013745	-0.039554
136	3848840													9.901341	-0.225065	0.093039	0.013389	-0.999855	0.010517	-0.039649	0.009979	0.999164	-0.999124	-0.013795	-0.039509
137	3849006													9.881468	-0.251545	0.118111	0.013526	-0.999852	0.010678	-0.039728	0.010134	0.999159	-0.999119	-0.013939	-0.039585
138	3849173													9.873526	-0.252402	0.119168	0.013736	-0.999848	0.010772	-0.039808	0.010217	0.999155	-0.999113	-0.014153	-0.039662
139	3849340													9.839900	-0.256556	0.129964	0.014009	-0.999843	0.010847	-0.039840	0.010282	0.999153	-0.999108	-0.014429	-0.039689
140	3849506													9.817786	-0.266485	0.117550	0.014306	-0.999837	0.010977	-0.039761	0.010401	0.999155	-0.999107	-0.014730	-0.039606
141	3849673													9.824356	-0.257908	0.098261	0.014610	-0.999832	0.011079	-0.039709	0.010491	0.999156	-0.999104	-0.015038	-0.039550
142	3849840													9.856533	-0.252533	0.107944	0.014943	-0.999825	0.011232	-0.039672	0.010631	0.999156	-0.999101	-0.015376	-0.039506
143	3850006													9.887930	-0.251160	0.143944	0.015332	-0.999819	0.011248	-0.039661	0.010632	0.999157	-0.999096	-0.015766	-0.039491
144	3850173													9.915396	-0.250632	0.141691	0.015789	-0.999812	0.011269	-0.039648	0.010636	0.999157	-0.999089	-0.016223	-0.039473
145	3850340													9.903893	-0.256669	0.159863	0.016326	-0.999802	0.011367	-0.039636	0.010712	0.999157	-0.999081	-0.016762	-0.039453
146	3850506													9.915094	-0.256469	0.163251	0.016945	-0.999790	0.011499	-0.039608	0.010821	0.999157	-0.999072	-0.017386	-0.039416
147	3850673													9.877810	-0.248515	0.164347	0.017627	-0.999777	0.011608	-0.039530	0.010904	0.999159	-0.999063	-0.018071	-0.039329
148	3850840													9.760950	-0.266232	0.164264	0.018306	-0.999764	0.011666	-0.039523	0.010935	0.999159	-0.999051	-0.018751	-0.039313
149	3851006													9.809675	-0.267652	0.154271	0.018849	-0.999752	0.011825	-0.039590	0.011072	0.999155	-0.999038	-0.019301	-0.039371
150	3851173													9.782521	-0.237383	0.167754	0.019303	-0.999744	0.011793	-0.039636	0.011021	0.999153	-0.999028	-0.019754	-0.039413
151	3851340													9.824160	-0.226563	0.157659	0.019664	-0.999736	0.011912	-0.039550	0.011127	0.999156	-0.999024	-0.020119	-0.039320
152	3851507													9.878626	-0.241454	0.164403	0.020018	-0.999727	0.012017	-0.039517	0.011219	0.999156	-0.999018	-0.020476	-0.039282
153	3851673													9.879515	-0.272542	0.182489	0.020423	-0.999718	0.012152	-0.039508	0.011339	0.999155	-0.999011	-0.020885	-0.039265
154	3851840													9.910258	-0.247857	0.163566	0.020933	-0.999706	0.012263	-0.039520	0.011429	0.999153	-0.998999	-0.021400	-0.039269
155	3852007													9.903530	-0.253310	0.186583	0.021516	-0.999692	0.012392	-0.039467	0.011536	0.999154	-0.998989	-0.021987	-0.039207
156	3852173													9.878725	-0.262201	0.155064	0.022197	-0.999674	0.012602	-0.039339	0.011722	0.999157	-0.998979	-0.022674	-0.039066
157	3852340													9.879859	-0.257836	0.182181	0.022959	-0.999654	0.012801	-0.039229	0.011894	0.999159	-0.998966	-0.023442	-0.038942
158	3852507													9.877222	-0.250029	0.182459	0.023782	-0.999633	0.012993	-0.039066	0.012058	0.999164	-0.998954	-0.024270	-0.038765
159	3852673													9.878634	-0.252865	0.159587	0.024722	-0.999607	0.013202	-0.038855	0.012236	0.999170	-0.998939	-0.025214	-0.038538
160	3852840													9.928091	-0.242400	0.176891	0.025841	-0.999576	0.013453	-0.038595	0.012450	0.999177	-0.998921	-0.026338	-0.038257
161	3853007													9.901335	-0.232725	0.211875	0.027148	-0.999538	0.013659	-0.038275	0.012615	0.999188	-0.998898	-0.027648	-0.037915
162	3853173													9.902362	-0.255824	0.214138	0.028592	-0.999495	0.013863	-0.037947	0.012774	0.999198	-0.998871	-0.029095	-0.037563
163	3853340													9.884151	-0.228284	0.247019	0.030140	-0.999446	0.014135	-0.037569	0.012998	0.999210	-0.998839	-0.030648	-0.037156
164	3853507													9.897242	-0.233738	0.270004	0.031788	-0.999390	0.014450	-0.037163	0.013266	0.999221	-0.998803	-0.032300	-0.036719
165	3853673													9.898940	-0.221629	0.315269	0.033510	-0.999329	0.014791	-0.036773	0.013557	0.999232	-0.998762	-0.034029	-0.036294
166	3853840													9.866544	-0.223148	0.329508	0.035318	-0.999262	0.015085	-0.036371	0.013799	0.999243	-0.998714	-0.035840	-0.035857
167	3854007													9.869304	-0.224384	0.344248	0.037139	-0.999192	0.015361	-0.035982	0.014025	0.999254	-0.998662	-0.037664	-0.035432
168	3854173													9.842320	-0.213596	0.373090	0.038962	-0.999119	0.015567	-0.035614	0.014181	0.999265	-0.998606	-0.039487	-0.035030
169	3854340													9.842583	-0.214653	0.414155	0.040755	-0.999045	0.015760	-0.035262	0.014325	0.999275	-0.998547	-0.041282	-0.034644
170	3854507													9.841157	-0.216695	0.426086	0.042538	-0.998967	0.015958	-0.034940	0.014475	0.999285	-0.998484	-0.043066	-0.034289
171	3854673													9.828905	-0.194632	0.446446	0.044253	-0.998891	0.016076	-0.034583	0.014550	0.999296	-0.998422	-0.044778	-0.033901
172	3854840													9.815530	-0.176981	0.465308	0.045922	-0.998814	0.016164	-0.034260	0.014597	0.999306	-0.998357	-0.046444	-0.033549
173	3855007													9.836550	-0.169538	0.497942	0.047523	-0.998737	0.016291	-0.033946	0.014686	0.999316	-0.998293	-0.048043	-0.033206
174	3855173													9.844562	-0.171166	0.497495	0.049073	-0.998661	0.016368	-0.033660	0.014725	0.999325	-0.998228	-0.049591	-0.032893
175	3855340													9.870061	-0.160146	0.509144	0.050600	-0.998583	0.016490	-0.033415	0.014809	0.999332	-0.998160	-0.051117	-0.032618
176	3855507													9.849740	-0.149735	0.510794	0.052123	-0.998502	0.016659	-0.033218	0.014939	0.999336	-0.998088	-0.052641	-0.032389
177	3855673													9.852782	-0.155682	0.514054	0.053659	-0.998417	0.016868	-0.033003	0.015110	0.999341	-0.998014	-0.054181	-0.032140
178	3855840													9.839458	-0.172575	0.540961	0.055173	-0.998332	0.017018	-0.032807	0.015222	0.999346	-0.997938	-0.055695	-0.031913
179	3856007													9.877580	-0.177465	0.542451	0.056726	-0.998241	0.017233	-0.032629	0.015398	0.999349	-0.997856	-0.057252	-0.031698
180	3856173													9.868328	-0.206333	0.558058	0.058347	-0.998144	0.017432	-0.032394	0.015560	0.999354	-0.997771	-0.058874	-0.031426
181	3856340													9.859273	-0.194255	0.579105	0.060022	-0.998043	0.017521	-0.032172	0.015609	0.999360	-0.997678	-0.060547	-0.031173
182	3856507													9.838477	-0.163041	0.583649	0.061744	-0.997937	0.017610	-0.031889	0.015662	0.999369	-0.997582	-0.062267	-0.030856
183	3856673													9.854759	-0.155551	0.579717	0.063478	-0.997825	0.017755	-0.031550	0.015776	0.999378	-0.997484	-0.063998	-0.030480
184	3856840													9.875525	-0.157699	0.596409	0.065273	-0.997707	0.017900	-0.031248	0.015886	0.999385	-0.997378	-0.065792	-0.030140
185	3857007													9.907003	-0.146708	0.619174	0.067132	-0.997581	0.018037	-0.030942	0.015988	0.999393	-0.997264	-0.067649	-0.029794
186	3857173													9.917711	-0.117301	0.652740	0.069086	-0.997444	0.018253	-0.030562	0.016172	0.999402	-0.997142	-0.069603	-0.029367
187	3857340													9.920318	-0.140194	0.696591	0.071184	-0.997291	0.018560	-0.030146	0.016448	0.999410	-0.997008	-0.071701	-0.028893
188	3857507													9.905783	-0.151623	0.707233	0.073400	-0.997123	0.018913	-0.029746	0.016766	0.999417	-0.996859	-0.073920	-0.028429
189	3857673													9.856444	-0.166628	0.707514	0.075709	-0.996945	0.019210	-0.029399	0.017026	0.999423	-0.996696	-0.076230	-0.028020
190	3857840													9.831708	-0.146335	0.738634	0.078058	-0.996758	0.019491	-0.029048	0.017269	0.999429	-0.996526	-0.078579	-0.027606
191	3858007													9.797337	-0.166648	0.763758	0.080414	-0.996566	0.019746	-0.028635	0.017493	0.999437	-0.996350	-0.080934	-0.027130
192	3858173													9.827972	-0.165488	0.780321	0.082752	-0.996370	0.019997	-0.028186	0.017718	0.999446	-0.996172	-0.083270	-0.026618
193	3858340													9.828632	-0.166116	0.797294	0.085090	-0.996168	0.020203	-0.027730	0.017901	0.999455	-0.995987	-0.085604	-0.026100
194	3858507													9.835131	-0.138429	0.836891	0.087402	-0.995965	0.020379	-0.027320	0.018053	0.999464	-0.995798	-0.087912	-0.025631
195	3858673													9.847073	-0.133472	0.856328	0.089718	-0.995755	0.020578	-0.026931	0.018228	0.999471	-0.995603	-0.090225	-0.025181
196	3858840													9.852380	-0.110690	0.893864	0.092003	-0.995543	0.020749	-0.026514	0.018381	0.999479	-0.995406	-0.092505	-0.024705
197	3859007													9.850274	-0.128553	0.881632	0.094296	-0.995324	0.020946	-0.026091	0.018562	0.999487	-0.995202	-0.094794	-0.024218
198	3859173													9.875796	-0.104894	0.910353	0.096618	-0.995097	0.021153	-0.025665	0.018755	0.999495	-0.994991	-0.097112	-0.023727
199	3859340													9.806437	-0.131476	0.919830	0.098976	-0.994860	0.021363	-0.025266	0.018948	0.999501	-0.994769	-0.099467	-0.023261
200	3859507													9.847878	-0.141476	0.941463	0.101335	-0.994619	0.021551	-0.024944	0.019115	0.999506	-0.994540	-0.101823	-0.022873
201	3859673													9.830518	-0.113937	0.979094	0.103759	-0.994365	0.021745	-0.024605	0.019290	0.999511	-0.994298	-0.104243	-0.022465
202	3859840													9.845286	-0.104215	0.967856	0.106205	-0.994102	0.021964	-0.024114	0.019507	0.999519	-0.994052	-0.106683	-0.021900
203	3860007													9.851045	-0.129784	1.006666	0.108746	-0.993821	0.022218	-0.023585	0.019765	0.999526	-0.993790	-0.109219	-0.021290
204	3860173													9.874144	-0.121547	1.017512	0.111374	-0.993524	0.022476	-0.023030	0.020030	0.999534	-0.993512	-0.111840	-0.020650
205	3860340													9.884871	-0.093242	1.043058	0.114175	-0.993200	0.022752	-0.022488	0.020312	0.999541	-0.993206	-0.114634	-0.020016
206	3860507													9.891061	-0.081868	1.091776	0.117151	-0.992847	0.023039	-0.021947	0.020605	0.999547	-0.992872	-0.117604	-0.019376
207	3860673													9.867702	-0.083788	1.109675	0.120287	-0.992464	0.023371	-0.021332	0.020953	0.999553	-0.992510	-0.120732	-0.018651
208	3860840													9.846219	-0.080733	1.134640	0.123549	-0.992055	0.023721	-0.020691	0.021323	0.999559	-0.992123	-0.123985	-0.017892
209	3861007													9.817457	-0.077974	1.172238	0.126876	-0.991626	0.024086	-0.020018	0.021718	0.999564	-0.991717	-0.127303	-0.017095
210	3861173													9.814658	-0.063879	1.235068	0.130245	-0.991180	0.024467	-0.019301	0.022138	0.999569	-0.991294	-0.130661	-0.016248
211	3861340													9.791998	-0.068634	1.239361	0.133653	-0.990718	0.024803	-0.018569	0.022519	0.999574	-0.990854	-0.134056	-0.015387
212	3861507													9.799711	-0.053994	1.277761	0.137096	-0.990238	0.025149	-0.017836	0.022917	0.999578	-0.990397	-0.137487	-0.014520
213	3861673													9.801826	-0.041861	1.337505	0.140549	-0.989745	0.025518	-0.017076	0.023347	0.999582	-0.989926	-0.140926	-0.013619
214	3861840													9.800499	-0.037434	1.366487	0.144011	-0.989238	0.025879	-0.016300	0.023776	0.999584	-0.989442	-0.144373	-0.012700
215	3862007													9.789464	-0.015169	1.416563	0.147496	-0.988715	0.026230	-0.015512	0.024205	0.999587	-0.988941	-0.147842	-0.011767
216	3862173													9.786462	-0.022787	1.430167	0.150982	-0.988178	0.026605	-0.014706	0.024665	0.999588	-0.988427	-0.151311	-0.010808
217	3862340													9.810836	0.002397	1.457505	0.154519	-0.987621	0.026982	-0.013901	0.025134	0.999587	-0.987892	-0.154831	-0.009845
218	3862507													9.792503	-0.003430	1.500341	0.158132	-0.987038	0.027396	-0.013113	0.025644	0.999585	-0.987331	-0.158426	-0.008888
219	3862673													9.798633	0.014316	1.561117	0.161805	-0.986430	0.027837	-0.012327	0.026186	0.999581	-0.986746	-0.162081	-0.007923
220	3862840													9.792938	0.016499	1.555260	0.165550	-0.985797	0.028256	-0.011554	0.026710	0.999576	-0.986134	-0.165806	-0.006968
221	3863007													9.775311	0.008394	1.598992	0.169368	-0.985136	0.028677	-0.010772	0.027245	0.999571	-0.985494	-0.169604	-0.005997
222	3863173													9.799310	0.013229	1.640522	0.173270	-0.984444	0.029109	-0.009955	0.027803	0.999564	-0.984824	-0.173484	-0.004983
223	3863340													9.789439	0.009184	1.672802	0.177298	-0.983715	0.029511	-0.009108	0.028345	0.999557	-0.984115	-0.177488	-0.003934
224	3863507													9.783771	0.031682	1.737079	0.181424	-0.982950	0.029896	-0.008250	0.028878	0.999549	-0.983370	-0.181589	-0.002870
225	3863673													9.774056	0.054911	1.742733	0.185656	-0.982148	0.030292	-0.007359	0.029437	0.999540	-0.982587	-0.185794	-0.001762
226	3863840													9.794653	0.059002	1.777999	0.190040	-0.981296	0.030710	-0.006432	0.030035	0.999528	-0.981755	-0.190148	-0.000604
227	3864007													9.804999	0.070453	1.808260	0.194646	-0.980377	0.031195	-0.005444	0.030723	0.999513	-0.980859	-0.194721	0.000643
228	3864173													9.815750	0.108569	1.856895	0.199518	-0.979379	0.031764	-0.004457	0.031509	0.999494	-0.979884	-0.199558	0.001921
229	3864340													9.784174	0.087883	1.930376	0.204617	-0.978306	0.032405	-0.003475	0.032379	0.999470	-0.978836	-0.204621	0.003225
230	3864507													9.727066	0.075475	1.954139	0.209905	-0.977163	0.033038	-0.002470	0.033261	0.999444	-0.977719	-0.209870	0.004568
231	3864673													9.712578	0.083424	2.007044	0.215285	-0.975971	0.033650	-0.001443	0.034140	0.999416	-0.976550	-0.215208	0.005941
232	3864840													9.711917	0.088918	2.080544	0.220761	-0.974726	0.034255	-0.000384	0.035035	0.999386	-0.975328	-0.220638	0.007360
233	3865007													9.680044	0.074463	2.143590	0.226305	-0.973435	0.034791	0.000688	0.035877	0.999356	-0.974056	-0.226135	0.008789
234	3865173													9.614461	0.103261	2.201994	0.231855	-0.972113	0.035208	0.001809	0.036625	0.999327	-0.972749	-0.231635	0.010250
235	3865340													9.582289	0.127022	2.265719	0.237327	-0.970778	0.035575	0.002921	0.037334	0.999299	-0.971425	-0.237057	0.011696
236	3865507													9.611001	0.126163	2.352623	0.242680	-0.969443	0.035866	0.003989	0.037968	0.999271	-0.970098	-0.242360	0.013081
237	3865673													9.591574	0.168905	2.418201	0.247926	-0.968106	0.036094	0.005042	0.038546	0.999244	-0.968766	-0.247556	0.014438
238	3865840													9.604974	0.211856	2.490602	0.253034	-0.966775	0.036323	0.006126	0.039145	0.999215	-0.967438	-0.252612	0.015828
239	3866007													9.557657	0.195219	2.565059	0.258030	-0.965445	0.036563	0.007158	0.039754	0.999184	-0.966110	-0.257558	0.017169
240	3866173													9.525162	0.195815	2.624460	0.262892	-0.964125	0.036745	0.008140	0.040300	0.999154	-0.964791	-0.262370	0.018442
241	3866340													9.542127	0.227182	2.665579	0.267620	-0.962818	0.036887	0.009053	0.040794	0.999127	-0.963482	-0.267052	0.019634
242	3866507													9.524793	0.275539	2.731386	0.272314	-0.961495	0.037048	0.009913	0.041305	0.999097	-0.962157	-0.271701	0.020779
243	3866673													9.492787	0.320647	2.765898	0.276997	-0.960143	0.037384	0.010698	0.041986	0.999061	-0.960811	-0.276337	0.021902
244	3866840													9.474130	0.308081	2.819689	0.281644	-0.958773	0.037830	0.011491	0.042793	0.999018	-0.959450	-0.280933	0.023069
245	3867007													9.496731	0.289203	2.856081	0.286304	-0.957370	0.038379	0.012253	0.043711	0.998969	-0.958061	-0.285539	0.024245
246	3867173													9.487992	0.260737	2.874888	0.291015	-0.955924	0.038978	0.013004	0.044690	0.998916	-0.956630	-0.290193	0.025436
247	3867340													9.495810	0.267881	2.916096	0.295797	-0.954431	0.039567	0.013775	0.045678	0.998861	-0.955151	-0.294915	0.026658
248	3867507													9.504492	0.265050	2.935133	0.300712	-0.952869	0.040172	0.014553	0.046701	0.998803	-0.953604	-0.299767	0.027911
249	3867673													9.519571	0.277900	2.979731	0.305778	-0.951230	0.040751	0.015417	0.047742	0.998741	-0.951978	-0.304765	0.029263
250	3867840													9.541633	0.269117	2.987432	0.311105	-0.949477	0.041310	0.016329	0.048801	0.998675	-0.950235	-0.310019	0.030686
251	3868007													9.517564	0.270942	3.049374	0.316743	-0.947588	0.041848	0.017303	0.049884	0.998605	-0.948354	-0.315577	0.032196
252	3868174													9.488929	0.292952	3.042338	0.322604	-0.945586	0.042360	0.018290	0.050972	0.998533	-0.946357	-0.321356	0.033739
253	3868340													9.392951	0.315757	3.092155	0.328660	-0.943474	0.042881	0.019223	0.052076	0.998458	-0.944253	-0.327329	0.035252
254	3868507													9.350822	0.336894	3.145538	0.334702	-0.941322	0.043440	0.020133	0.053232	0.998379	-0.942109	-0.333285	0.036769
255	3868674													9.357007	0.355031	3.236394	0.340739	-0.939125	0.044055	0.021076	0.054477	0.998293	-0.939922	-0.339229	0.038355
256	3868840													9.368546	0.341459	3.306076	0.346803	-0.936872	0.044705	0.022026	0.055785	0.998200	-0.937679	-0.345194	0.039982
257	3869007													9.389960	0.368910	3.376090	0.352982	-0.934529	0.045384	0.022960	0.057143	0.998102	-0.935348	-0.351270	0.041627
258	3869174													9.374250	0.376075	3.407783	0.359332	-0.932071	0.046081	0.023860	0.058539	0.998000	-0.932905	-0.357514	0.043275
259	3869340													9.340018	0.385066	3.467718	0.365886	-0.929482	0.046800	0.024802	0.060008	0.997890	-0.930329	-0.363953	0.045009
260	3869507													9.272474	0.384497	3.523354	0.372584	-0.926778	0.047581	0.025748	0.061577	0.997770	-0.927641	-0.370528	0.046806
261	3869674													9.235518	0.416167	3.613722	0.379390	-0.923969	0.048429	0.026685	0.063248	0.997641	-0.924852	-0.377202	0.048652
262	3869840													9.165637	0.440642	3.709897	0.386240	-0.921079	0.049325	0.027555	0.064973	0.997507	-0.921987	-0.383918	0.050475
263	3870007													9.050664	0.457559	3.796505	0.392911	-0.918199	0.050321	0.028318	0.066777	0.997366	-0.919141	-0.390451	0.052239
264	3870174													8.942942	0.441871	3.901499	0.399154	-0.915443	0.051383	0.028834	0.068546	0.997231	-0.916430	-0.396567	0.053756
265	3870340													8.943136	0.419518	3.981840	0.404868	-0.912868	0.052475	0.029095	0.070222	0.997107	-0.913912	-0.402170	0.054991
266	3870507													9.014763	0.402067	4.063092	0.410200	-0.910423	0.053534	0.029162	0.071764	0.996995	-0.911529	-0.407407	0.055987
267	3870674													9.090283	0.373410	4.142671	0.415388	-0.908013	0.054446	0.029150	0.073111	0.996898	-0.909177	-0.412512	0.056838
268	3870840													9.099753	0.347373	4.155636	0.420562	-0.905583	0.055205	0.029115	0.074287	0.996812	-0.906796	-0.417614	0.057608
269	3871007													9.055846	0.323873	4.206540	0.425755	-0.903121	0.055735	0.029062	0.075213	0.996744	-0.904372	-0.422749	0.058269
270	3871174													8.990295	0.317756	4.281178	0.430955	-0.900630	0.056065	0.028999	0.075921	0.996692	-0.901907	-0.427904	0.058836
271	3871340													8.953259	0.330889	4.359777	0.436064	-0.898158	0.056220	0.028968	0.076449	0.996653	-0.899449	-0.432976	0.059354
272	3871507													8.878742	0.325885	4.379092	0.441048	-0.895722	0.056210	0.028955	0.076799	0.996626	-0.897016	-0.437932	0.059808
273	3871674													8.857829	0.337191	4.451842	0.445902	-0.893326	0.056040	0.028991	0.076990	0.996610	-0.894612	-0.442766	0.060229
274	3871840													8.863926	0.346054	4.494369	0.450680	-0.890943	0.055751	0.029094	0.077079	0.996600	-0.892211	-0.447526	0.060659
275	3872007													8.866888	0.366863	4.529144	0.455501	-0.888509	0.055414	0.029290	0.077170	0.996588	-0.889753	-0.452323	0.061175
276	3872174													8.838199	0.393262	4.578844	0.460346	-0.886029	0.055082	0.029603	0.077334	0.996566	-0.887246	-0.457135	0.061829
277	3872340													8.805361	0.406999	4.639924	0.465196	-0.883511	0.054789	0.029932	0.077559	0.996538	-0.884702	-0.461945	0.062525
278	3872507													8.782187	0.420730	4.688663	0.469969	-0.880995	0.054563	0.030253	0.077856	0.996505	-0.882164	-0.466676	0.063243
279	3872674													8.773465	0.428341	4.727995	0.474667	-0.878481	0.054422	0.030569	0.078248	0.996465	-0.879635	-0.471325	0.063996
280	3872840													8.755275	0.438032	4.782275	0.479380	-0.875921	0.054381	0.030856	0.078749	0.996417	-0.877065	-0.475984	0.064778
281	3873007													8.720336	0.433225	4.812040	0.484056	-0.873344	0.054409	0.031155	0.079341	0.996361	-0.874482	-0.480599	0.065615
282	3873174													8.691185	0.425007	4.838518	0.488695	-0.870751	0.054502	0.031444	0.080008	0.996298	-0.871888	-0.485172	0.066479
283	3873340													8.690394	0.436025	4.886069	0.493349	-0.868113	0.054653	0.031756	0.080765	0.996227	-0.869252	-0.489752	0.067413
284	3873507													8.702540	0.410932	4.905765	0.498085	-0.865391	0.054858	0.032078	0.081610	0.996148	-0.866534	-0.494407	0.068409
285	3873674													8.724614	0.415936	4.944650	0.502992	-0.862535	0.055061	0.032423	0.082493	0.996064	-0.863683	-0.499227	0.069459
286	3873840													8.607913	0.412892	4.968876	0.508068	-0.859541	0.055285	0.032818	0.083458	0.995971	-0.860692	-0.504206	0.070611
287	3874007													8.576667	0.422227	5.035874	0.513118	-0.856519	0.055542	0.033186	0.084460	0.995874	-0.857676	-0.509158	0.071763
288	3874174													8.538658	0.418570	5.099939	0.518166	-0.853455	0.055835	0.033626	0.085561	0.995765	-0.854619	-0.514095	0.073033
