// General information: 
//  MT Manager version: 2022.2.0 
//  XDA version: 2022.2.0 build 7381 rev 124627 built on 2023-07-19
// Device information: 
//  DeviceId: 00B4D204
//  ProductCode: MTW2-3A7G6
//  Firmware Version: 4.6.0
//  Hardware Version: 2.0.0
// Device settings: 
//  Filter Profile: human(46.1)
//  Option Flags: Orientation Smoother Disabled, Position/Velocity Smoother Disabled, Continuous Zero Rotation Update Disabled, AHS Disabled, ICC Disabled
// Coordinate system: ENU
PacketCounter	Acc_X	Acc_Y	Acc_Z	VelInc_X	VelInc_Y	VelInc_Z	OriInc_q0	OriInc_q1	OriInc_q2	OriInc_q3	Quat_q0	Quat_q1	Quat_q2	Quat_q3	Roll	Pitch	Yaw	Mat[1][1]	Mat[2][1]	Mat[3][1]	Mat[1][2]	Mat[2][2]	Mat[3][2]	Mat[1][3]	Mat[2][3]	Mat[3][3]
16442	0.045271	0.090235	-9.882175	0.000455	0.000901	-0.098822	1.000000	-0.000012	-0.000026	0.000008	0.005471	0.835142	-0.549999	-0.003037	179.284967	-0.054197	-66.734962	0.394985	-0.918687	0.000946	-0.918621	-0.394943	0.012479	-0.011091	-0.005798	-0.999922
16443	0.054411	0.099677	-9.914014	0.000548	0.000995	-0.099140	1.000000	-0.000018	-0.000035	0.000016	0.005472	0.835138	-0.550004	-0.003057	179.283706	-0.052325	-66.735776	0.394972	-0.918693	0.000913	-0.918626	-0.394931	0.012501	-0.011124	-0.005777	-0.999921
16444	0.030147	0.143030	-9.890141	0.000305	0.001429	-0.098901	1.000000	-0.000012	-0.000033	0.000007	0.005468	0.835137	-0.550006	-0.003072	179.283040	-0.050639	-66.736008	0.394968	-0.918694	0.000884	-0.918627	-0.394927	0.012513	-0.011147	-0.005754	-0.999921
16445	0.029424	0.143031	-9.890143	0.000298	0.001432	-0.098901	1.000000	0.000012	-0.000040	0.000008	0.005441	0.835138	-0.550005	-0.003080	179.285214	-0.048160	-66.735888	0.394970	-0.918694	0.000841	-0.918627	-0.394930	0.012475	-0.011129	-0.005699	-0.999922
16446	0.027531	0.166725	-9.883719	0.000279	0.001664	-0.098837	1.000000	-0.000029	-0.000042	0.000002	0.005447	0.835138	-0.550004	-0.003111	179.282665	-0.045598	-66.735830	0.394971	-0.918693	0.000796	-0.918625	-0.394931	0.012520	-0.011187	-0.005676	-0.999921
16447	-0.056304	0.259599	-9.957455	-0.000560	0.002593	-0.099575	1.000000	-0.000029	-0.000034	0.000003	0.005457	0.835141	-0.549999	-0.003136	179.280113	-0.043825	-66.735163	0.394982	-0.918689	0.000765	-0.918620	-0.394942	0.012564	-0.011240	-0.005665	-0.999921
16448	-0.093729	0.175925	-9.842935	-0.000934	0.001762	-0.098429	1.000000	0.000033	-0.000037	-0.000005	0.005414	0.835146	-0.549992	-0.003129	179.284687	-0.041761	-66.734174	0.394998	-0.918682	0.000729	-0.918614	-0.394958	0.012484	-0.011181	-0.005601	-0.999922
16449	-0.058835	0.094318	-9.911516	-0.000586	0.000946	-0.099115	1.000000	0.000032	-0.000022	-0.000003	0.005379	0.835153	-0.549982	-0.003110	179.289163	-0.041373	-66.732808	0.395019	-0.918672	0.000722	-0.918606	-0.394981	0.012406	-0.011112	-0.005564	-0.999923
16450	-0.066667	0.037722	-9.892521	-0.000666	0.000378	-0.098925	1.000000	0.000008	-0.000007	-0.000003	0.005374	0.835158	-0.549975	-0.003094	179.290737	-0.042616	-66.731780	0.395036	-0.918665	0.000744	-0.918599	-0.394997	0.012379	-0.011078	-0.005573	-0.999923
16451	0.001464	-0.011621	-9.885819	0.000016	-0.000117	-0.098858	1.000000	-0.000007	-0.000016	-0.000000	0.005375	0.835163	-0.549967	-0.003092	179.290706	-0.042848	-66.730711	0.395053	-0.918658	0.000748	-0.918592	-0.395014	0.012379	-0.011077	-0.005577	-0.999923
16452	0.020425	0.039689	-9.884007	0.000205	0.000395	-0.098840	1.000000	-0.000018	-0.000011	0.000019	0.005390	0.835153	-0.549982	-0.003092	179.289282	-0.043776	-66.732806	0.395019	-0.918672	0.000764	-0.918606	-0.394980	0.012404	-0.011093	-0.005602	-0.999923
16453	0.037394	0.105674	-9.934841	0.000376	0.001052	-0.099348	1.000000	-0.000046	-0.000019	0.000001	0.005423	0.835157	-0.549976	-0.003114	179.284763	-0.043734	-66.731927	0.395034	-0.918666	0.000763	-0.918599	-0.394994	0.012483	-0.011166	-0.005632	-0.999922
16454	0.023056	0.191411	-9.877280	0.000232	0.001911	-0.098773	1.000000	-0.000032	-0.000010	-0.000001	0.005449	0.835158	-0.549974	-0.003119	179.281885	-0.044882	-66.731717	0.395037	-0.918665	0.000783	-0.918597	-0.394997	0.012533	-0.011204	-0.005671	-0.999921
16455	0.066696	0.176084	-9.905779	0.000669	0.001762	-0.099058	1.000000	0.000012	-0.000017	0.000011	0.005435	0.835157	-0.549976	-0.003108	179.283998	-0.045088	-66.731923	0.395034	-0.918666	0.000787	-0.918599	-0.394994	0.012496	-0.011169	-0.005659	-0.999922
16456	0.047063	0.124813	-9.907603	0.000473	0.001249	-0.099076	1.000000	0.000010	-0.000024	0.000002	0.005418	0.835158	-0.549974	-0.003103	179.285843	-0.044494	-66.731646	0.395038	-0.918664	0.000777	-0.918597	-0.394999	0.012464	-0.011144	-0.005637	-0.999922
16457	0.004935	0.093235	-9.891956	0.000051	0.000932	-0.098920	1.000000	-0.000005	-0.000017	0.000007	0.005418	0.835160	-0.549972	-0.003101	179.286030	-0.044642	-66.731421	0.395042	-0.918663	0.000779	-0.918596	-0.395002	0.012461	-0.011140	-0.005638	-0.999922
16458	0.004592	0.093412	-9.891954	0.000048	0.000933	-0.098920	1.000000	-0.000013	-0.000018	0.000009	0.005423	0.835158	-0.549974	-0.003104	179.285347	-0.044710	-66.731707	0.395037	-0.918665	0.000780	-0.918598	-0.394998	0.012473	-0.011150	-0.005644	-0.999922
16459	-0.009614	0.145956	-9.899898	-0.000094	0.001457	-0.098999	1.000000	-0.000022	-0.000018	0.000003	0.005436	0.835161	-0.549970	-0.003112	179.283608	-0.044799	-66.731051	0.395048	-0.918660	0.000782	-0.918593	-0.395008	0.012503	-0.011177	-0.005658	-0.999922
16460	0.001669	0.141095	-9.879089	0.000019	0.001410	-0.098791	1.000000	-0.000007	-0.000024	-0.000001	0.005433	0.835164	-0.549965	-0.003116	179.283597	-0.044197	-66.730408	0.395058	-0.918656	0.000771	-0.918588	-0.395018	0.012503	-0.011181	-0.005648	-0.999922
16461	-0.042378	0.123965	-9.916084	-0.000423	0.001239	-0.099161	1.000000	-0.000003	-0.000010	0.000015	0.005435	0.835161	-0.549970	-0.003107	179.283983	-0.045153	-66.731135	0.395046	-0.918661	0.000788	-0.918593	-0.395006	0.012497	-0.011169	-0.005661	-0.999922
16462	0.002085	0.117700	-9.885517	0.000023	0.001177	-0.098855	1.000000	0.000001	-0.000023	-0.000003	0.005426	0.835166	-0.549962	-0.003108	179.284823	-0.044569	-66.730071	0.395063	-0.918654	0.000778	-0.918586	-0.395024	0.012482	-0.011159	-0.005646	-0.999922
16463	0.002683	0.094291	-9.891946	0.000029	0.000942	-0.098919	1.000000	-0.000012	-0.000026	0.000008	0.005427	0.835167	-0.549961	-0.003117	179.284177	-0.043749	-66.729944	0.395065	-0.918653	0.000764	-0.918585	-0.395026	0.012493	-0.011175	-0.005637	-0.999922
16464	0.023678	0.098319	-9.902990	0.000238	0.000984	-0.099030	1.000000	0.000010	-0.000016	0.000003	0.005415	0.835168	-0.549959	-0.003105	179.286072	-0.044043	-66.729617	0.395071	-0.918650	0.000769	-0.918583	-0.395031	0.012460	-0.011143	-0.005629	-0.999922
16465	0.032031	0.131248	-9.928403	0.000321	0.001309	-0.099284	1.000000	-0.000035	-0.000012	0.000015	0.005442	0.835165	-0.549964	-0.003116	179.282824	-0.044796	-66.730328	0.395059	-0.918655	0.000782	-0.918588	-0.395019	0.012517	-0.011190	-0.005663	-0.999921
16466	0.022119	0.122499	-9.896553	0.000222	0.001224	-0.098966	1.000000	-0.000005	-0.000009	0.000008	0.005447	0.835161	-0.549970	-0.003107	179.282882	-0.045946	-66.731136	0.395046	-0.918661	0.000802	-0.918593	-0.395006	0.012516	-0.011181	-0.005681	-0.999921
16467	0.010172	0.127959	-9.917350	0.000103	0.001277	-0.099174	1.000000	-0.000026	-0.000016	-0.000011	0.005464	0.835172	-0.549953	-0.003115	179.280706	-0.046205	-66.728793	0.395084	-0.918645	0.000806	-0.918577	-0.395043	0.012554	-0.011214	-0.005701	-0.999921
16468	0.022613	0.099476	-9.902981	0.000228	0.000995	-0.099030	1.000000	0.000006	-0.000018	0.000020	0.005454	0.835164	-0.549965	-0.003108	179.282210	-0.046296	-66.730454	0.395057	-0.918656	0.000808	-0.918588	-0.395017	0.012527	-0.011189	-0.005691	-0.999921
16469	0.010562	0.104693	-9.923781	0.000107	0.001046	-0.099238	1.000000	-0.000013	-0.000018	0.000009	0.005459	0.835164	-0.549965	-0.003110	179.281543	-0.046371	-66.730436	0.395057	-0.918656	0.000809	-0.918588	-0.395017	0.012539	-0.011199	-0.005697	-0.999921
16470	-0.001784	0.142785	-9.879065	-0.000015	0.001427	-0.098791	1.000000	-0.000007	-0.000032	-0.000002	0.005452	0.835167	-0.549960	-0.003121	179.281552	-0.044909	-66.729811	0.395067	-0.918652	0.000784	-0.918584	-0.395027	0.012539	-0.011209	-0.005674	-0.999921
16471	0.020216	0.123304	-9.896547	0.000204	0.001233	-0.098965	1.000000	0.000002	-0.000016	0.000005	0.005445	0.835169	-0.549957	-0.003114	179.282593	-0.045128	-66.729379	0.395074	-0.918649	0.000788	-0.918581	-0.395034	0.012521	-0.011191	-0.005670	-0.999921
16472	-0.000367	0.095881	-9.891931	-0.000003	0.000958	-0.098919	1.000000	-0.000013	-0.000010	0.000010	0.005454	0.835168	-0.549959	-0.003109	179.282045	-0.046142	-66.729637	0.395070	-0.918651	0.000805	-0.918583	-0.395030	0.012530	-0.011193	-0.005690	-0.999921
16473	0.020854	0.100173	-9.902978	0.000209	0.001000	-0.099030	1.000000	-0.000017	-0.000008	-0.000005	0.005468	0.835175	-0.549948	-0.003106	179.280921	-0.047282	-66.728040	0.395096	-0.918640	0.000825	-0.918572	-0.395055	0.012550	-0.011203	-0.005716	-0.999921
16474	-0.003045	0.143567	-9.879053	-0.000028	0.001434	-0.098791	1.000000	-0.000018	-0.000027	0.000017	0.005472	0.835170	-0.549956	-0.003120	179.279667	-0.046289	-66.729137	0.395078	-0.918647	0.000808	-0.918579	-0.395038	0.012572	-0.011230	-0.005709	-0.999921
16475	0.010550	0.091465	-9.871127	0.000105	0.000915	-0.098711	1.000000	0.000007	0.000001	-0.000002	0.005471	0.835176	-0.549947	-0.003096	179.281302	-0.048455	-66.727872	0.395099	-0.918638	0.000846	-0.918571	-0.395058	0.012543	-0.011189	-0.005733	-0.999921
16476	-0.014112	0.125500	-9.906282	-0.000139	0.001252	-0.099063	1.000000	-0.000028	-0.000019	0.000012	0.005487	0.835174	-0.549950	-0.003108	179.278973	-0.048348	-66.728317	0.395091	-0.918641	0.000844	-0.918573	-0.395051	0.012584	-0.011227	-0.005747	-0.999920
16477	0.029196	0.143055	-9.869299	0.000294	0.001430	-0.098693	1.000000	-0.000007	-0.000024	-0.000001	0.005484	0.835180	-0.549941	-0.003113	179.278961	-0.047685	-66.727139	0.395110	-0.918633	0.000832	-0.918565	-0.395070	0.012584	-0.011231	-0.005737	-0.999920
16478	0.018159	0.124806	-9.896532	0.000183	0.001248	-0.098965	1.000000	-0.000005	-0.000017	0.000007	0.005484	0.835178	-0.549944	-0.003110	179.279137	-0.047895	-66.727474	0.395105	-0.918636	0.000836	-0.918567	-0.395064	0.012581	-0.011227	-0.005739	-0.999921
16479	0.006110	0.130047	-9.917326	0.000063	0.001300	-0.099173	1.000000	-0.000003	-0.000018	0.000014	0.005481	0.835175	-0.549948	-0.003108	179.279543	-0.047956	-66.728093	0.395095	-0.918640	0.000837	-0.918572	-0.395054	0.012574	-0.011220	-0.005737	-0.999921
16480	0.004698	0.153490	-9.910890	0.000049	0.001536	-0.099109	1.000000	0.000012	-0.000017	0.000011	0.005466	0.835172	-0.549953	-0.003095	179.281830	-0.048306	-66.728787	0.395084	-0.918645	0.000843	-0.918577	-0.395043	0.012534	-0.011181	-0.005726	-0.999921
16481	0.027828	0.110280	-9.934823	0.000281	0.001103	-0.099348	1.000000	0.000004	-0.000025	0.000012	0.005453	0.835171	-0.549955	-0.003094	179.283110	-0.047545	-66.729090	0.395079	-0.918647	0.000830	-0.918579	-0.395039	0.012512	-0.011166	-0.005705	-0.999921
16482	0.028353	0.119481	-9.875743	0.000285	0.001194	-0.098757	1.000000	-0.000003	-0.000018	0.000014	0.005450	0.835167	-0.549961	-0.003092	179.283542	-0.047590	-66.729879	0.395066	-0.918652	0.000831	-0.918585	-0.395026	0.012504	-0.011159	-0.005703	-0.999921
16483	0.025905	0.133950	-9.928385	0.000262	0.001338	-0.099284	1.000000	-0.000012	-0.000026	0.000008	0.005451	0.835167	-0.549960	-0.003101	179.282896	-0.046770	-66.729753	0.395068	-0.918651	0.000816	-0.918584	-0.395028	0.012516	-0.011175	-0.005694	-0.999921
16484	0.005951	0.115882	-9.864683	0.000063	0.001158	-0.098647	1.000000	-0.000012	-0.000033	0.000007	0.005447	0.835168	-0.549959	-0.003116	179.282325	-0.045021	-66.729564	0.395071	-0.918650	0.000786	-0.918582	-0.395032	0.012525	-0.011196	-0.005670	-0.999921
16485	0.015146	0.125138	-9.896533	0.000153	0.001252	-0.098965	1.000000	0.000002	-0.000016	0.000005	0.005440	0.835170	-0.549956	-0.003110	179.283366	-0.045240	-66.729132	0.395078	-0.918647	0.000790	-0.918579	-0.395038	0.012507	-0.011178	-0.005667	-0.999921
16486	-0.006649	0.121186	-9.885473	-0.000064	0.001211	-0.098855	1.000000	-0.000007	-0.000024	-0.000001	0.005438	0.835172	-0.549952	-0.003114	179.283256	-0.044644	-66.728699	0.395085	-0.918644	0.000779	-0.918576	-0.395046	0.012509	-0.011184	-0.005658	-0.999921
16487	0.002548	0.130369	-9.917324	0.000028	0.001304	-0.099173	1.000000	0.000004	-0.000025	0.000012	0.005425	0.835171	-0.549955	-0.003114	179.284535	-0.043882	-66.729002	0.395080	-0.918646	0.000766	-0.918579	-0.395041	0.012487	-0.011168	-0.005637	-0.999922
16488	0.002114	0.130599	-9.917321	0.000023	0.001303	-0.099173	1.000000	-0.000028	-0.000019	0.000012	0.005443	0.835166	-0.549962	-0.003126	179.282039	-0.043845	-66.730079	0.395063	-0.918654	0.000765	-0.918586	-0.395023	0.012530	-0.011209	-0.005653	-0.999921
16489	0.013556	0.125691	-9.896528	0.000136	0.001257	-0.098965	1.000000	0.000002	-0.000009	0.000006	0.005441	0.835167	-0.549960	-0.003113	179.283059	-0.044959	-66.729756	0.395068	-0.918651	0.000785	-0.918584	-0.395029	0.012513	-0.011185	-0.005664	-0.999921
16490	0.004535	0.093035	-9.871117	0.000049	0.000930	-0.098711	1.000000	-0.000005	-0.000033	0.000005	0.005432	0.835167	-0.549961	-0.003123	179.283374	-0.043450	-66.729942	0.395065	-0.918653	0.000758	-0.918585	-0.395026	0.012507	-0.011190	-0.005638	-0.999921
16491	0.024471	0.120622	-9.875740	0.000245	0.001206	-0.098757	1.000000	-0.000002	-0.000007	-0.000008	0.005433	0.835176	-0.549947	-0.003110	179.283957	-0.044735	-66.727931	0.395098	-0.918639	0.000781	-0.918571	-0.395058	0.012497	-0.011172	-0.005655	-0.999922
16492	0.013500	0.102492	-9.902967	0.000138	0.001023	-0.099030	1.000000	-0.000022	-0.000025	0.000002	0.005442	0.835178	-0.549944	-0.003124	179.282240	-0.043958	-66.727564	0.395103	-0.918636	0.000767	-0.918568	-0.395064	0.012527	-0.011205	-0.005654	-0.999921
16493	0.004453	0.102784	-9.812031	0.000046	0.001028	-0.098120	1.000000	-0.000003	-0.000010	0.000015	0.005444	0.835174	-0.549949	-0.003116	179.282626	-0.044914	-66.728292	0.395092	-0.918641	0.000784	-0.918573	-0.395052	0.012520	-0.011192	-0.005667	-0.999921
16494	0.012903	0.102607	-9.902967	0.000131	0.001028	-0.099030	1.000000	0.000017	-0.000015	0.000002	0.005426	0.835175	-0.549948	-0.003098	179.285495	-0.045437	-66.728113	0.395095	-0.918640	0.000793	-0.918573	-0.395055	0.012470	-0.011142	-0.005655	-0.999922
16495	-0.009965	0.122328	-9.885456	-0.000097	0.001220	-0.098855	1.000000	-0.000037	-0.000027	0.000006	0.005446	0.835177	-0.549946	-0.003121	179.282068	-0.044487	-66.727764	0.395100	-0.918638	0.000776	-0.918570	-0.395060	0.012530	-0.011204	-0.005664	-0.999921
16496	-0.003592	0.136958	-10.029026	-0.000036	0.001370	-0.100290	1.000000	0.000002	-0.000001	0.000007	0.005448	0.835178	-0.549944	-0.003101	179.283187	-0.046488	-66.727565	0.395103	-0.918636	0.000811	-0.918569	-0.395063	0.012510	-0.011172	-0.005688	-0.999921
16497	-0.020160	0.146359	-9.788072	-0.000200	0.001462	-0.097881	1.000000	-0.000015	-0.000017	0.000002	0.005455	0.835182	-0.549938	-0.003104	179.282302	-0.046648	-66.726704	0.395117	-0.918630	0.000814	-0.918563	-0.395077	0.012526	-0.011185	-0.005697	-0.999921
16498	8.973544	1.355900	-10.059628	0.089762	0.013611	-0.100566	0.999999	0.000903	-0.000204	-0.000429	0.004591	0.835425	-0.549579	-0.002760	179.386654	-0.024910	-66.677215	0.395911	-0.918289	0.000435	-0.918238	-0.395884	0.010705	-0.009658	-0.004637	-0.999943
16499	0.503846	-1.961480	-10.368393	0.005216	-0.019950	-0.103611	0.999992	-0.003320	-0.001384	0.001704	0.006613	0.834468	-0.550987	-0.005713	179.006837	0.128791	-66.873572	0.392760	-0.919638	-0.002248	-0.919487	-0.392738	0.017333	-0.016823	-0.004741	-0.999847
16500	-6.906976	-2.665951	-11.612173	-0.069384	-0.026316	-0.116013	0.999981	-0.000587	0.001350	-0.005944	0.007818	0.837736	-0.545998	-0.004932	178.940865	-0.015734	-66.188815	0.403724	-0.914881	0.000275	-0.914727	-0.403650	0.018484	-0.016800	-0.007714	-0.999829
16501	-4.304243	1.239093	-8.857079	-0.043418	0.011788	-0.088469	0.999972	-0.004544	0.003615	0.004628	0.013625	0.835173	-0.549802	-0.004329	178.423017	-0.444110	-66.708422	0.395399	-0.918477	0.007751	-0.918241	-0.395065	0.027519	-0.022214	-0.017998	-0.999591
16502	0.996145	3.154119	-9.243811	0.009584	0.030886	-0.092698	0.999951	-0.007701	0.002090	0.005925	0.021235	0.831782	-0.554656	-0.006718	177.548055	-0.709367	-67.377768	0.384624	-0.922990	0.012380	-0.922420	-0.383812	0.042778	-0.034732	-0.027874	-0.999008
16503	0.346254	1.861929	-10.248654	0.003144	0.018003	-0.102606	0.999956	-0.006222	0.001904	0.006785	0.027515	0.827868	-0.560185	-0.008422	176.847058	-0.967383	-68.142618	0.372244	-0.927981	0.016883	-0.927054	-0.370872	0.054994	-0.044772	-0.036123	-0.998344
16504	0.586022	2.208536	-10.186651	0.005476	0.021471	-0.102018	0.999940	-0.006500	0.001928	0.008655	0.034052	0.822813	-0.567199	-0.010210	176.121832	-1.250608	-69.117893	0.356361	-0.934093	0.021825	-0.932703	-0.354251	0.067619	-0.055431	-0.044453	-0.997472
16505	-0.429425	0.895054	-9.949942	-0.004514	0.008237	-0.099550	0.999943	-0.006805	0.001521	0.008116	0.040600	0.817952	-0.573716	-0.012523	175.364630	-1.495500	-70.031547	0.341386	-0.939561	0.026098	-0.937527	-0.338403	0.080787	-0.067072	-0.052047	-0.996390
16506	-0.250769	-2.273905	-11.046663	-0.002642	-0.023259	-0.110355	0.999984	-0.004646	0.001772	0.002670	0.045452	0.816247	-0.575751	-0.013615	174.841034	-1.725500	-70.317738	0.336651	-0.941148	0.030111	-0.938673	-0.332890	0.089879	-0.074565	-0.058522	-0.995497
16507	-1.720645	1.927424	-11.042004	-0.017731	0.018878	-0.110405	0.999982	-0.003639	0.004801	-0.000296	0.051187	0.816308	-0.575223	-0.011786	174.421770	-2.272114	-70.231237	0.337959	-0.940325	0.039645	-0.937912	-0.332997	0.097128	-0.078130	-0.070009	-0.994482
16508	-0.925060	0.140992	-11.376949	-0.010074	0.001320	-0.113700	0.999972	-0.000939	0.007259	-0.001708	0.056106	0.817315	-0.573416	-0.006472	174.302411	-3.081966	-69.952398	0.342305	-0.938049	0.053765	-0.936597	-0.336093	0.099134	-0.074923	-0.084290	-0.993621
16509	2.500415	0.501067	-14.069660	0.024107	0.005580	-0.140830	0.999967	0.004424	0.006454	-0.002184	0.056180	0.818836	-0.571270	0.001236	174.790859	-3.796400	-69.631202	0.347298	-0.935415	0.066211	-0.935692	-0.340989	0.090592	-0.062164	-0.093416	-0.993685
16510	9.032230	-1.060438	-18.539691	0.090681	-0.009074	-0.185301	0.999968	0.005638	-0.001660	0.005359	0.050604	0.816079	-0.575710	0.003412	175.478954	-3.659956	-70.258259	0.337092	-0.939305	0.063835	-0.939996	-0.331994	0.078665	-0.052697	-0.086522	-0.994855
16511	6.693583	-1.417396	-20.100537	0.068880	-0.011027	-0.200534	0.999814	0.011341	-0.008917	0.012766	0.036167	0.809188	-0.586426	0.003328	176.864844	-2.740033	-71.787354	0.312187	-0.948817	0.047804	-0.949299	-0.309593	0.054629	-0.037033	-0.062435	-0.997362
16512	2.981817	-0.366013	-19.411114	0.031594	0.000584	-0.193846	0.999630	0.019151	-0.009080	0.017058	0.015277	0.799619	-0.600263	0.007842	179.139186	-1.769681	-73.776810	0.279246	-0.959723	0.030882	-0.960202	-0.278903	0.015016	-0.005798	-0.033846	-0.999410
16513	1.741166	-1.782511	-19.094245	0.019774	-0.013260	-0.191061	0.999482	0.021793	-0.010732	0.021101	-0.008760	0.786961	-0.616810	0.012679	-178.313559	-0.524262	-76.185507	0.238769	-0.971033	0.009150	-0.970589	-0.238937	-0.029428	0.030762	-0.001854	-0.999525
16514	0.600946	-3.220156	-19.632432	0.010137	-0.026856	-0.196919	0.999184	0.026021	-0.017238	0.025640	-0.040182	0.770507	-0.635988	0.014947	-175.355890	1.608888	-79.008307	0.190592	-0.981268	-0.028077	-0.978865	-0.187809	-0.080934	0.074145	0.042909	-0.996324
16515	-0.425168	-4.437418	-19.803734	0.002072	-0.038282	-0.199273	0.998772	0.030619	-0.025873	0.029129	-0.080609	0.750197	-0.656147	0.013316	-172.014000	4.922252	-82.004236	0.138587	-0.986626	-0.085804	-0.982333	-0.125946	-0.138419	0.125761	0.103471	-0.986650
16516	-1.750828	-4.688166	-19.984634	-0.009087	-0.040157	-0.201762	0.998249	0.035292	-0.035091	0.031965	-0.130390	0.725561	-0.675650	0.007562	-168.333850	9.510138	-84.946187	0.086881	-0.982422	-0.165222	-0.978478	-0.052992	-0.199430	0.187169	0.178993	-0.965883
16517	-0.813043	-5.571632	-22.585908	0.003200	-0.046834	-0.227835	0.997779	0.039135	-0.042563	0.033073	-0.187496	0.696829	-0.692296	-0.001189	-164.395164	15.144952	-87.538918	0.041449	-0.964378	-0.261262	-0.965269	0.028857	-0.259658	0.257948	0.262951	-0.929688
16518	2.128081	-4.856794	-25.486806	0.033647	-0.036974	-0.255293	0.997715	0.041884	-0.043569	0.030216	-0.246372	0.666419	-0.703647	-0.008195	-160.166813	20.955366	-89.409291	0.009628	-0.933810	-0.357641	-0.941885	0.111637	-0.316842	0.335796	0.339907	-0.878467
16519	4.223155	-3.415887	-26.557499	0.052936	-0.020987	-0.264842	0.997968	0.045189	-0.038050	0.023864	-0.302557	0.636833	-0.709116	-0.007598	-155.364093	26.025588	-90.370146	-0.005805	-0.898579	-0.438772	-0.907774	0.188771	-0.374581	0.419418	0.396132	-0.816803
16520	2.486396	-3.481753	-25.678909	0.033386	-0.021463	-0.257123	0.998114	0.049855	-0.031382	0.017272	-0.355848	0.608069	-0.709660	0.002580	-149.696163	30.127414	-90.480216	-0.007249	-0.864881	-0.501925	-0.861209	0.260491	-0.436422	0.508200	0.429098	-0.746731
16521	0.596583	-2.025154	-23.818053	0.012642	-0.007119	-0.238522	0.998036	0.054365	-0.027246	0.015037	-0.407572	0.576932	-0.707575	0.019257	-143.280814	33.680198	-90.142345	-0.002067	-0.832143	-0.554557	-0.800749	0.333556	-0.497535	0.598996	0.443032	-0.667028
16522	-1.183410	-1.113421	-19.579653	-0.006368	0.000181	-0.196232	0.997738	0.058415	-0.027498	0.018727	-0.460157	0.539105	-0.704448	0.037070	-136.296066	37.469899	-89.656509	0.004758	-0.793659	-0.608345	-0.725427	0.415983	-0.548374	0.688283	0.443919	-0.573762
16523	-2.153975	1.918284	-16.695515	-0.017331	0.028559	-0.165995	0.997554	0.058992	-0.028923	0.023877	-0.512085	0.494895	-0.700104	0.051975	-129.045206	41.727002	-88.901740	0.014305	-0.746187	-0.665582	-0.639726	0.504755	-0.579632	0.768470	0.434081	-0.470135
16524	-4.525978	2.711939	-12.450832	-0.043034	0.032793	-0.123881	0.997869	0.054770	-0.024340	0.025792	-0.556466	0.449008	-0.696071	0.064975	-122.241461	45.752442	-88.149928	0.022527	-0.697396	-0.716332	-0.552771	0.588340	-0.590170	0.833029	0.409262	-0.372247
16525	-7.230411	3.405615	-6.988709	-0.072015	0.035752	-0.069329	0.998485	0.047740	-0.015557	0.022524	-0.589341	0.407096	-0.693377	0.078606	-116.453954	48.874440	-87.725726	0.026100	-0.657193	-0.753270	-0.471890	0.656188	-0.588844	0.881271	0.370829	-0.292996
16526	-9.316734	6.395660	-0.818431	-0.093959	0.062983	-0.006386	0.999159	0.038239	-0.006658	0.013238	-0.610054	0.375568	-0.691261	0.094561	-111.985581	50.568527	-87.614762	0.026434	-0.634605	-0.772385	-0.403857	0.700014	-0.588965	0.914440	0.327501	-0.237785
16527	-11.743198	2.759761	0.326893	-0.117523	0.027099	0.004024	0.999470	0.032373	-0.001084	0.003202	-0.622930	0.353509	-0.688382	0.114545	-108.288310	50.954096	-87.632702	0.026020	-0.629405	-0.776642	-0.343990	0.723822	-0.598124	0.938613	0.282720	-0.197675
16528	-13.567639	6.642809	3.670676	-0.135489	0.065785	0.038498	0.999671	0.025516	0.000786	-0.002388	-0.630915	0.339056	-0.684887	0.133855	-105.374795	50.664024	-87.646881	0.026025	-0.633332	-0.773442	-0.295528	0.734248	-0.611182	0.954980	0.244480	-0.168058
16529	-12.205564	7.598698	3.688870	-0.121612	0.075832	0.038617	0.999757	0.021340	0.000894	-0.005396	-0.636651	0.329085	-0.680606	0.152162	-102.868340	50.037879	-87.568940	0.027244	-0.641703	-0.766469	-0.254206	0.737100	-0.626150	0.966766	0.211900	-0.143043
16530	-11.838917	9.742912	4.351380	-0.117586	0.097599	0.045260	0.999804	0.017983	-0.000068	-0.008261	-0.641219	0.323206	-0.674984	0.169625	-100.574893	49.110857	-87.263914	0.031248	-0.653851	-0.755978	-0.218786	0.733530	-0.643480	0.975273	0.185504	-0.120132
16531	-11.593639	10.431660	5.321047	-0.114506	0.105059	0.054808	0.999817	0.013940	0.001184	-0.013035	-0.642585	0.322804	-0.669050	0.187760	-98.845671	47.614309	-87.088883	0.034236	-0.673248	-0.738624	-0.190641	0.721087	-0.666100	0.981063	0.163617	-0.103661
16532	-12.169289	11.898853	5.548821	-0.119402	0.120442	0.057269	0.999774	0.011533	0.003307	-0.017530	-0.640644	0.326427	-0.663210	0.207780	-97.618253	45.570604	-87.219391	0.033960	-0.699206	-0.714114	-0.166753	0.700546	-0.693851	0.985414	0.142644	-0.092804
16533	-13.988779	13.587893	7.553389	-0.136724	0.137885	0.077622	0.999720	0.010775	0.004422	-0.020577	-0.636762	0.332158	-0.656909	0.229510	-96.590981	43.166647	-87.517603	0.031591	-0.728683	-0.684123	-0.144108	0.673992	-0.724546	0.989058	0.121477	-0.083717
16534	-16.149835	15.047182	10.972377	-0.157387	0.153512	0.111429	0.999676	0.007102	0.003914	-0.024107	-0.630798	0.342461	-0.649562	0.250766	-95.908091	40.370676	-87.715383	0.030371	-0.761264	-0.647730	-0.128535	0.639674	-0.757823	0.991240	0.106272	-0.078422
16535	-18.151642	17.125709	12.806257	-0.176457	0.176107	0.128491	0.999612	0.000814	0.001609	-0.027805	-0.622802	0.359469	-0.640606	0.269304	-95.703962	37.180518	-87.539817	0.034200	-0.796001	-0.604328	-0.125109	0.596516	-0.792791	0.991553	0.102721	-0.079186
16536	-19.766081	19.279878	12.574042	-0.192121	0.199189	0.124260	0.999552	-0.005581	-0.001961	-0.029346	-0.613859	0.382101	-0.630062	0.283192	-95.941421	33.857042	-86.848937	0.045648	-0.829175	-0.557123	-0.133815	0.547602	-0.825969	0.989954	0.112255	-0.085959
16537	-20.882527	19.546558	10.221341	-0.203699	0.202388	0.098891	0.999517	-0.010327	-0.006109	-0.028667	-0.605336	0.408044	-0.617984	0.291828	-96.462159	30.665095	-85.608552	0.065863	-0.857638	-0.510019	-0.151021	0.496673	-0.854698	0.986334	0.133316	-0.096809
16538	-19.976827	18.330157	5.318888	-0.194762	0.189887	0.048116	0.999383	-0.016144	-0.010391	-0.029419	-0.596204	0.438763	-0.604032	0.295251	-97.429483	27.462128	-83.792562	0.095944	-0.882113	-0.461162	-0.177994	0.440628	-0.879867	0.979343	0.166502	-0.114735
16539	-17.407167	17.757834	-0.814208	-0.168121	0.182750	-0.014342	0.999162	-0.021960	-0.013058	-0.031971	-0.584506	0.474651	-0.588202	0.295089	-98.980481	24.047052	-81.569708	0.133882	-0.903344	-0.407487	-0.213419	0.375258	-0.902017	0.967744	0.207729	-0.142550
16540	-14.986585	16.452295	-5.072172	-0.143001	0.168293	-0.057384	0.998846	-0.028003	-0.013635	-0.036567	-0.567766	0.515986	-0.570474	0.293189	-101.266664	20.195734	-79.116741	0.177200	-0.921638	-0.345228	-0.255787	0.295597	-0.920432	0.950354	0.251406	-0.183364
16541	-11.423265	16.194579	-9.247343	-0.106058	0.163381	-0.099232	0.998539	-0.031518	-0.014876	-0.041282	-0.547047	0.561035	-0.549138	0.290561	-104.001032	15.948817	-76.280306	0.228043	-0.934073	-0.274779	-0.298270	0.201627	-0.932942	0.926840	0.294709	-0.232627
16542	-8.097886	15.496658	-12.467394	-0.071960	0.154114	-0.130942	0.998365	-0.032195	-0.017232	-0.043979	-0.524775	0.606870	-0.523510	0.286806	-106.897458	11.615458	-72.940270	0.287361	-0.936421	-0.201342	-0.334388	0.098902	-0.937232	0.897557	0.336650	-0.284707
16543	-6.315667	13.327321	-14.913261	-0.053961	0.131154	-0.154399	0.998209	-0.031427	-0.019587	-0.046993	-0.501531	0.652490	-0.492790	0.282633	-109.868088	7.207824	-69.060778	0.354553	-0.926580	-0.125469	-0.359582	-0.011249	-0.933046	0.863129	0.375931	-0.337170
16544	-3.541044	11.757979	-17.794630	-0.025441	0.113681	-0.182015	0.997985	-0.029738	-0.022421	-0.051379	-0.477647	0.697730	-0.455449	0.278555	-112.888513	2.658085	-64.506350	0.429948	-0.901662	-0.046376	-0.369458	-0.128839	-0.920272	0.823799	0.412803	-0.388521
16545	-0.252345	10.351848	-20.414801	0.008262	0.097591	-0.206770	0.997644	-0.027438	-0.024261	-0.058013	-0.452261	0.742368	-0.409953	0.276204	-116.019708	-2.251044	-59.223215	0.511300	-0.858504	0.039278	-0.358838	-0.254796	-0.897950	0.780902	0.445027	-0.438342
16546	1.117920	7.412417	-22.997902	0.020992	0.067346	-0.231270	0.997236	-0.024207	-0.022361	-0.066598	-0.423819	0.784729	-0.355969	0.279042	-119.313547	-7.828680	-53.387299	0.590844	-0.795204	0.136211	-0.322151	-0.387327	-0.863827	0.739677	0.466506	-0.485026
16547	3.316167	6.097017	-25.070775	0.042515	0.052729	-0.251061	0.996639	-0.020752	-0.020267	-0.076609	-0.391944	0.823808	-0.291855	0.287302	-122.970300	-14.157115	-46.735053	0.664557	-0.706076	0.244582	-0.255652	-0.522402	-0.813473	0.702144	0.478071	-0.527676
16548	6.980742	7.961748	-25.568015	0.080929	0.068483	-0.255465	0.995897	-0.017242	-0.018901	-0.086799	-0.356720	0.857940	-0.216711	0.299544	-127.341966	-21.061643	-38.864111	0.726619	-0.585557	0.359372	-0.158143	-0.651575	-0.741917	0.668592	0.482259	-0.566049
16549	9.495447	13.204918	-24.433985	0.110777	0.118544	-0.244309	0.995238	-0.014118	-0.016757	-0.094977	-0.318089	0.884486	-0.132442	0.314583	-132.871194	-28.179253	-29.526831	0.766993	-0.434418	0.472232	-0.034156	-0.762556	-0.646019	0.640746	0.479363	-0.599713
16550	15.026623	20.208864	-21.101725	0.171638	0.183782	-0.210827	0.995231	-0.011956	-0.014950	-0.095653	-0.277898	0.901437	-0.046222	0.328704	-139.827891	-34.535919	-18.840635	0.779634	-0.266026	0.566923	0.099360	-0.841272	-0.531403	0.618303	0.470629	-0.629452
16551	25.467941	25.781703	-18.082040	0.277837	0.233927	-0.178159	0.996384	-0.008250	-0.017222	-0.082796	-0.243040	0.909950	0.030660	0.334638	-147.335490	-38.602332	-7.859323	0.774154	-0.106863	0.623911	0.218459	-0.879983	-0.421788	0.594105	0.462828	-0.657898
16552	36.430736	27.160759	-14.991503	0.382856	0.248116	-0.143217	0.997941	-0.005388	-0.021422	-0.060214	-0.216842	0.914705	0.088789	0.329258	-153.858523	-39.855566	1.465896	0.767411	0.019638	0.640854	0.305226	-0.890192	-0.338224	0.563841	0.455162	-0.689137
16553	46.323459	23.553100	-15.941169	0.474391	0.218740	-0.149706	0.999153	-0.001468	-0.021310	-0.035181	-0.201845	0.918133	0.125039	0.317264	-157.894969	-39.276056	7.536355	0.767418	0.101528	0.633057	0.357680	-0.887248	-0.291300	0.532104	0.449981	-0.717205
16554	49.533975	17.176821	-17.383544	0.500483	0.165368	-0.164942	0.999759	0.002429	-0.017014	-0.013647	-0.197578	0.921108	0.141747	0.304024	-159.349120	-38.031168	10.311329	0.774955	0.140991	0.616090	0.381265	-0.881742	-0.277792	0.504066	0.450169	-0.737065
16555	44.331838	13.070354	-18.664008	0.445513	0.131575	-0.180670	0.999912	0.006513	-0.011501	-0.000714	-0.201718	0.923128	0.146651	0.292640	-159.019224	-36.830706	10.997725	0.785711	0.152694	0.599453	0.388817	-0.875607	-0.286591	0.481124	0.458255	-0.747344
16556	37.821570	14.944983	-17.357695	0.378137	0.152419	-0.171135	0.999959	0.006642	-0.003799	0.004831	-0.208703	0.923564	0.144902	0.287186	-157.994253	-36.224581	10.555602	0.793055	0.147780	0.590952	0.387526	-0.870893	-0.302273	0.469986	0.468728	-0.747935
16557	32.822581	17.130909	-9.946261	0.326729	0.173692	-0.100239	0.999971	0.001483	0.003158	0.006828	-0.212491	0.923302	0.138365	0.288471	-157.192214	-36.263183	9.487820	0.795279	0.132910	0.591495	0.378101	-0.871405	-0.312558	0.473890	0.472215	-0.743264
16558	32.471727	16.699076	-5.464649	0.323321	0.168906	-0.056957	0.999960	-0.002414	0.005880	0.006335	-0.212895	0.922951	0.130574	0.292896	-156.781386	-36.602055	8.330687	0.794325	0.116314	0.596254	0.365738	-0.875252	-0.316495	0.485060	0.469473	-0.737775
16559	29.221288	14.224381	-4.754278	0.291742	0.142234	-0.050351	0.999958	-0.006288	0.006555	0.001030	-0.208247	0.922457	0.126387	0.299553	-157.198879	-37.249659	7.827611	0.788589	0.108410	0.605289	0.357935	-0.881319	-0.308479	0.500011	0.459917	-0.733802
16560	31.495706	13.006293	-9.279007	0.314474	0.128127	-0.096987	0.999901	-0.010241	0.009146	-0.003040	-0.199021	0.921365	0.124219	0.309913	-158.315813	-38.354878	7.735005	0.777047	0.105544	0.620530	0.352261	-0.889920	-0.289748	0.521641	0.443736	-0.728689
16561	35.367617	10.983728	-13.718296	0.351797	0.108228	-0.143117	0.999840	-0.012256	0.013053	0.000342	-0.189430	0.919646	0.117495	0.323362	-159.251119	-39.737486	6.991293	0.763264	0.093599	0.639271	0.338617	-0.900623	-0.272429	0.550243	0.424403	-0.719107
16562	35.791520	9.959883	-16.444814	0.354496	0.100314	-0.171221	0.999774	-0.012103	0.015637	0.007762	-0.182596	0.917575	0.103472	0.337653	-159.392080	-41.104153	5.069094	0.750569	0.066578	0.657430	0.313194	-0.911905	-0.265216	0.581856	0.404966	-0.705299
16563	34.579159	8.906761	-18.994360	0.340669	0.092054	-0.197542	0.999634	-0.011481	0.019136	0.015261	-0.179133	0.914445	0.082067	0.353507	-158.542509	-42.526200	1.822863	0.736595	0.023443	0.675927	0.276741	-0.922353	-0.269591	0.617124	0.385636	-0.685888
16564	34.771780	8.592429	-22.882190	0.340117	0.092301	-0.237472	0.999391	-0.009032	0.022861	0.024786	-0.181391	0.909444	0.052085	0.370535	-156.170101	-43.856708	-3.155030	0.719982	-0.039686	0.692857	0.229160	-0.928769	-0.291331	0.655066	0.368528	-0.659602
16565	30.616105	6.670891	-25.848024	0.296987	0.075499	-0.266496	0.999069	-0.005886	0.025279	0.034455	-0.189956	0.902084	0.013942	0.387255	-152.138701	-44.746409	-9.888449	0.699678	-0.121968	0.703970	0.172277	-0.927445	-0.331914	0.693376	0.353511	-0.627901
16566	26.408853	5.751596	-28.551117	0.253335	0.067071	-0.292922	0.998761	-0.003392	0.027980	0.041001	-0.202912	0.891333	-0.029664	0.404316	-146.856995	-45.131132	-17.910731	0.671296	-0.216962	0.708723	0.111201	-0.915894	-0.385711	0.732800	0.337737	-0.590710
16567	21.752490	5.731800	-30.551154	0.204652	0.066786	-0.312244	0.998426	-0.000501	0.032043	0.046019	-0.219804	0.875703	-0.077333	0.422907	-140.465215	-44.965856	-27.013007	0.630339	-0.321354	0.706685	0.050471	-0.891412	-0.450375	0.774677	0.319556	-0.545673
16568	15.146145	6.410966	-32.541583	0.136064	0.071900	-0.330387	0.998078	0.002083	0.036194	0.050262	-0.239642	0.854356	-0.128242	0.442947	-133.288891	-44.059431	-36.895153	0.574705	-0.431425	0.695404	-0.006831	-0.852252	-0.523087	0.818332	0.295870	-0.492741
16569	9.610690	8.603682	-34.224570	0.077343	0.093241	-0.344903	0.997548	0.006942	0.039288	0.057491	-0.265412	0.825814	-0.183379	0.462558	-125.343822	-41.807646	-47.369737	0.504824	-0.548411	0.666632	-0.057337	-0.791857	-0.608009	0.861316	0.268715	-0.431193
16570	7.149076	11.651683	-34.806107	0.049060	0.124782	-0.348806	0.996806	0.012705	0.040567	0.067614	-0.298867	0.788635	-0.243484	0.479008	-117.220378	-37.588545	-57.776346	0.422534	-0.670359	0.609987	-0.097721	-0.702789	-0.704655	0.901064	0.238132	-0.362460
16571	4.841325	16.683199	-36.572076	0.020045	0.176113	-0.363610	0.995844	0.018966	0.039851	0.079668	-0.341037	0.741194	-0.308121	0.489272	-109.677706	-31.006099	-67.257604	0.331350	-0.790474	0.515129	-0.123036	-0.577511	-0.807059	0.935452	0.204040	-0.288615
16572	0.818574	23.814330	-37.430753	-0.028136	0.246509	-0.367215	0.994716	0.026555	0.037424	0.091843	-0.392291	0.681621	-0.374299	0.491326	-103.062212	-22.094019	-75.180161	0.236998	-0.895746	0.376128	-0.124774	-0.412016	-0.902593	0.963464	0.166982	-0.209413
16573	-6.136103	31.026877	-37.432623	-0.104879	0.313556	-0.360747	0.993862	0.033712	0.033187	0.100002	-0.449567	0.610467	-0.436619	0.484338	-97.422764	-11.464855	-81.222018	0.149561	-0.968568	0.198767	-0.097598	-0.214508	-0.971834	0.983924	0.125949	-0.126612
16574	-17.620198	31.143874	-36.419156	-0.216488	0.305835	-0.345847	0.994131	0.039570	0.030084	0.096089	-0.504453	0.532596	-0.487044	0.473979	-92.392575	-0.773400	-85.625824	0.076263	-0.996996	0.013498	-0.040596	-0.016631	-0.999037	0.996261	0.075641	-0.041742
16575	-28.817017	28.190727	-30.644917	-0.318229	0.270252	-0.285707	0.995711	0.041363	0.030348	0.076995	-0.546023	0.457554	-0.521668	0.469432	-87.857610	8.053837	-89.132406	0.014992	-0.990023	-0.140104	0.035259	0.140556	-0.989445	0.999266	0.009894	0.037014
16576	-38.103679	27.768527	-18.336612	-0.401092	0.259563	-0.165291	0.997587	0.027152	0.027481	0.057681	-0.569832	0.398668	-0.549046	0.463577	-85.298924	14.838883	-91.939244	-0.032711	-0.966096	-0.256102	0.090548	0.252321	-0.963398	0.995355	-0.054703	0.079224
16577	-41.218392	24.099889	-1.921830	-0.420925	0.225759	-0.002802	0.998582	0.031275	0.021970	0.037048	-0.586593	0.349748	-0.561062	0.467754	-82.340473	19.331811	-94.081995	-0.067170	-0.941224	-0.331038	0.156302	0.317765	-0.935198	0.985423	-0.114560	0.125771
16578	-38.034910	24.668525	8.049738	-0.386196	0.233607	0.090433	0.999265	0.021485	0.012541	0.029151	-0.600242	0.314693	-0.568151	0.466778	-80.232156	22.847079	-95.064755	-0.081355	-0.917946	-0.388273	0.202774	0.366173	-0.908185	0.975840	-0.152618	0.156346
16579	-35.228764	21.257002	14.485833	-0.357290	0.201053	0.148796	0.999539	0.010416	0.005068	0.028056	-0.613448	0.289982	-0.574903	0.457251	-79.034976	26.113896	-95.059260	-0.079184	-0.894423	-0.440157	0.227576	0.413664	-0.881528	0.970536	-0.169972	0.170793
16580	-32.153017	17.025586	13.452644	-0.325738	0.162766	0.133578	0.999736	0.010267	-0.008154	0.018851	-0.629546	0.276512	-0.570526	0.449125	-77.165027	28.032191	-93.535140	-0.054427	-0.881004	-0.469968	0.249975	0.443655	-0.860629	0.966721	-0.164322	0.196083
16581	-30.916254	17.061030	13.850571	-0.312131	0.166860	0.136368	0.999869	0.008034	-0.011211	0.008513	-0.641892	0.271588	-0.562145	0.445205	-75.446390	28.675434	-91.856917	-0.028429	-0.876891	-0.479847	0.266204	0.456064	-0.849200	0.963497	-0.151879	0.220466
16582	-29.337313	18.185712	16.285780	-0.294617	0.182572	0.159772	0.999960	-0.005193	-0.007270	0.000409	-0.644708	0.277918	-0.559886	0.440047	-75.596662	28.511255	-90.927749	-0.014228	-0.878608	-0.477331	0.256200	0.458240	-0.851104	0.966519	-0.134401	0.218579
16583	-25.397187	16.624544	20.188142	-0.252650	0.172352	0.198346	0.999801	-0.015892	-0.003273	-0.011597	-0.636880	0.296034	-0.561441	0.437644	-77.389671	27.130915	-90.868888	-0.013496	-0.889865	-0.456025	0.225043	0.441663	-0.868499	0.974255	-0.114346	0.194297
16584	-25.084810	14.675090	22.191679	-0.248471	0.156899	0.217508	0.999521	-0.021358	-0.004527	-0.021937	-0.623184	0.323779	-0.561148	0.438088	-79.831974	24.564029	-90.857880	-0.013617	-0.909395	-0.415710	0.182642	0.406492	-0.895213	0.983085	-0.088116	0.160559
16585	-22.535549	15.001482	17.549010	-0.222874	0.160235	0.169378	0.999288	-0.026896	-0.008455	-0.025060	-0.607786	0.358069	-0.559155	0.435578	-82.693491	21.577444	-90.293594	-0.004765	-0.929909	-0.367758	0.129045	0.364116	-0.922370	0.991627	-0.051852	0.118265
16586	-19.769893	13.028713	13.351634	-0.196449	0.139283	0.125886	0.999032	-0.033825	-0.015323	-0.023603	-0.593375	0.398127	-0.555587	0.425115	-86.026314	18.713967	-88.717441	0.021200	-0.946895	-0.320844	0.062117	0.321543	-0.944855	0.997844	0.000101	0.065635
16587	-17.674343	12.384246	7.412260	-0.175455	0.130373	0.065164	0.998733	-0.039796	-0.021895	-0.021682	-0.579716	0.442584	-0.550181	0.406631	-89.830673	16.138521	-86.185617	0.063903	-0.958465	-0.277961	-0.015542	0.277540	-0.960588	0.997835	0.065704	0.002839
16588	-15.199934	11.676516	3.356531	-0.150177	0.121142	0.024520	0.998482	-0.044774	-0.024399	-0.020829	-0.563988	0.489217	-0.544195	0.382669	-94.191424	13.852521	-83.207614	0.114832	-0.964101	-0.239424	-0.100817	0.228463	-0.968318	0.988256	0.135332	-0.070963
16589	-13.705933	11.562140	-0.055479	-0.134217	0.118292	-0.010438	0.997969	-0.053203	-0.026826	-0.022547	-0.542776	0.540758	-0.537293	0.352550	-99.533247	11.652219	-79.763441	0.174050	-0.963802	-0.201971	-0.198381	0.166578	-0.965866	0.964547	0.208176	-0.162207
16590	-11.976649	10.529326	-2.393457	-0.116500	0.106286	-0.033196	0.997684	-0.058302	-0.026128	-0.023363	-0.515817	0.592881	-0.529795	0.318972	-105.557624	9.690731	-76.198841	0.235149	-0.957272	-0.168330	-0.299148	0.093499	-0.949615	0.924778	0.273657	-0.264380
16591	-10.754448	8.952785	-4.734259	-0.104092	0.088928	-0.055263	0.997531	-0.061396	-0.023157	-0.025005	-0.482427	0.643716	-0.521303	0.284845	-112.071229	7.831643	-72.723463	0.294214	-0.945976	-0.136263	-0.396308	0.008985	-0.918074	0.869700	0.324112	-0.372254
16592	-9.617619	7.950561	-4.912425	-0.092604	0.079085	-0.055984	0.997398	-0.061709	-0.020910	-0.030854	-0.443593	0.693821	-0.507584	0.253369	-118.711936	5.666369	-69.018031	0.356324	-0.929131	-0.098736	-0.479560	-0.091167	-0.872761	0.801907	0.358336	-0.478059
16593	-10.052446	7.669162	-5.702085	-0.096678	0.076381	-0.063547	0.997367	-0.060647	-0.019167	-0.034831	-0.401243	0.741430	-0.488945	0.224092	-125.353426	3.444154	-65.026878	0.421431	-0.904869	-0.060076	-0.545207	-0.199872	-0.814125	0.724669	0.375851	-0.577573
