// General information: 
//  MT Manager version: 2022.2.0 
//  XDA version: 2022.2.0 build 7381 rev 124627 built on 2023-07-19
// Device information: 
//  DeviceId: 00B4D200
//  ProductCode: MTW2-3A7G6
//  Firmware Version: 4.6.0
//  Hardware Version: 2.0.0
// Device settings: 
//  Filter Profile: human(46.1)
//  Option Flags: Orientation Smoother Disabled, Position/Velocity Smoother Disabled, Continuous Zero Rotation Update Disabled, AHS Disabled, ICC Disabled
// Coordinate system: ENU
PacketCounter	SampleTimeFine	Year	Month	Day	Second	UTC_Nano	UTC_Year	UTC_Month	UTC_Day	UTC_Hour	UTC_Minute	UTC_Second	UTC_Valid	Acc_X	Acc_Y	Acc_Z	VelInc_X	VelInc_Y	VelInc_Z	OriInc_q0	OriInc_q1	OriInc_q2	OriInc_q3	Quat_q0	Quat_q1	Quat_q2	Quat_q3	Roll	Pitch	Yaw	Mat[1][1]	Mat[2][1]	Mat[3][1]	Mat[1][2]	Mat[2][2]	Mat[3][2]	Mat[1][3]	Mat[2][3]	Mat[3][3]
04356														9.675066	0.910451	0.392289	0.161250	0.015177	0.006547	1.000000	0.000026	-0.000052	0.000020	-0.350171	-0.642406	0.278637	-0.622138	79.379469	-83.972737	47.741830	0.070611	0.077714	0.994472	-0.793706	-0.599483	0.103203	0.604190	-0.796606	0.019352
04357														9.706371	0.937410	0.391262	0.161773	0.015625	0.006526	1.000000	-0.000034	-0.000034	0.000005	-0.350203	-0.642433	0.278684	-0.622072	79.448639	-83.971844	47.665542	0.070725	0.077631	0.994470	-0.793774	-0.599387	0.103241	0.604087	-0.796686	0.019230
04358														9.703861	0.924507	0.384614	0.161731	0.015407	0.006409	1.000000	-0.000066	-0.000000	-0.000012	-0.350275	-0.642428	0.278729	-0.622016	79.475669	-83.968683	47.627761	0.070813	0.077625	0.994465	-0.793880	-0.599235	0.103304	0.603937	-0.796801	0.019192
04359														9.678642	0.937672	0.368894	0.161311	0.015627	0.006138	1.000000	-0.000126	0.000053	-0.000010	-0.350392	-0.642372	0.278791	-0.621980	79.440534	-83.964790	47.646536	0.070833	0.077698	0.994457	-0.794049	-0.599001	0.103359	0.603712	-0.796969	0.019267
04360														9.649823	0.923740	0.376896	0.160831	0.015391	0.006269	1.000000	-0.000149	0.000066	-0.000037	-0.350551	-0.642304	0.278849	-0.621934	79.392795	-83.957420	47.674399	0.070881	0.077827	0.994444	-0.794252	-0.598714	0.103469	0.603440	-0.797173	0.019377
04361														9.625545	0.904635	0.360500	0.160427	0.015073	0.005998	1.000000	-0.000155	0.000048	-0.000034	-0.350703	-0.642247	0.278915	-0.621878	79.364782	-83.950732	47.682533	0.070948	0.077923	0.994432	-0.794454	-0.598428	0.103573	0.603166	-0.797378	0.019449
04362														9.628947	0.885896	0.366138	0.160484	0.014752	0.006102	1.000000	-0.000141	-0.000013	-0.000086	-0.350854	-0.642250	0.278958	-0.621771	79.413815	-83.939834	47.615689	0.071167	0.077980	0.994412	-0.794622	-0.598169	0.103776	0.602918	-0.797567	0.019395
04363														9.617757	0.868620	0.341248	0.160297	0.014461	0.005697	1.000000	-0.000078	-0.000069	-0.000100	-0.350965	-0.642313	0.278974	-0.621636	79.533548	-83.928010	47.484065	0.071484	0.077968	0.994390	-0.794722	-0.597994	0.104018	0.602749	-0.797699	0.019216
04364														9.654498	0.859293	0.313469	0.160908	0.014312	0.005245	1.000000	0.000021	-0.000128	-0.000061	-0.350973	-0.642434	0.278977	-0.621505	79.717142	-83.921908	47.299351	0.071807	0.077815	0.994379	-0.794711	-0.597980	0.104183	0.602725	-0.797725	0.018901
04365														9.663005	0.866890	0.328521	0.161051	0.014433	0.005501	1.000000	0.000110	-0.000152	-0.000093	-0.350934	-0.642612	0.278909	-0.621373	79.942955	-83.912624	47.082986	0.072210	0.077661	0.994361	-0.794582	-0.598111	0.104416	0.602847	-0.797642	0.018518
04366														9.675013	0.902188	0.320191	0.161251	0.015020	0.005364	1.000000	0.000178	-0.000154	-0.000094	-0.350854	-0.642813	0.278803	-0.621259	80.175508	-83.903329	46.867081	0.072613	0.077506	0.994344	-0.794378	-0.598342	0.104649	0.603068	-0.797484	0.018122
04367														9.684479	0.924701	0.305530	0.161409	0.015394	0.005117	1.000000	0.000181	-0.000134	-0.000106	-0.350784	-0.643007	0.278678	-0.621153	80.391113	-83.892000	46.668785	0.073015	0.077397	0.994323	-0.794165	-0.598578	0.104910	0.603300	-0.797317	0.017761
04368														9.660590	0.985617	0.294215	0.161011	0.016407	0.004924	1.000000	0.000162	-0.000113	-0.000118	-0.350735	-0.643187	0.278546	-0.621054	80.583850	-83.879018	46.492109	0.073409	0.077335	0.994299	-0.793965	-0.598794	0.105191	0.603515	-0.797160	0.017445
04369														9.710782	1.009046	0.296777	0.161848	0.016798	0.004961	1.000000	0.000119	-0.000078	-0.000113	-0.350724	-0.643325	0.278437	-0.620966	80.730519	-83.865981	46.356049	0.073748	0.077324	0.994275	-0.793825	-0.598932	0.105459	0.603657	-0.797058	0.017212
04370														9.726201	1.024653	0.295808	0.162105	0.017064	0.004930	1.000000	0.000008	0.000004	-0.000086	-0.350790	-0.643366	0.278384	-0.620910	80.773402	-83.854381	46.311636	0.073947	0.077413	0.994253	-0.793823	-0.598898	0.105671	0.603636	-0.797075	0.017165
04371														9.741602	1.039851	0.296725	0.162362	0.017319	0.004929	1.000000	-0.000067	0.000096	-0.000076	-0.350929	-0.643319	0.278354	-0.620893	80.709117	-83.842081	46.365712	0.074021	0.077637	0.994230	-0.793919	-0.598736	0.105862	0.603500	-0.797175	0.017318
04372														9.738903	1.027868	0.293635	0.162317	0.017127	0.004855	1.000000	-0.000130	0.000223	-0.000027	-0.351108	-0.643162	0.278347	-0.620958	80.499249	-83.832895	46.559702	0.073868	0.078003	0.994213	-0.794091	-0.598492	0.105955	0.603293	-0.797322	0.017732
04373														9.726655	0.994895	0.304387	0.162113	0.016578	0.005018	1.000000	-0.000207	0.000317	-0.000028	-0.351363	-0.642917	0.278355	-0.621064	80.180943	-83.821951	46.853920	0.073596	0.078520	0.994192	-0.794356	-0.598126	0.106042	0.602978	-0.797547	0.018353
04374														9.669058	0.919352	0.352749	0.161153	0.015322	0.005815	1.000000	-0.000219	0.000376	-0.000011	-0.351631	-0.642626	0.278360	-0.621211	79.796606	-83.811638	47.213162	0.073224	0.079111	0.994173	-0.794637	-0.597742	0.106093	0.602652	-0.797775	0.019096
04375														9.647138	0.912532	0.349218	0.160788	0.015210	0.005753	1.000000	-0.000204	0.000396	-0.000001	-0.351893	-0.642325	0.278357	-0.621375	79.395097	-83.801416	47.590969	0.072820	0.079723	0.994154	-0.794906	-0.597378	0.106131	0.602346	-0.797987	0.019871
04376														9.650399	0.892855	0.361981	0.160843	0.014878	0.005971	1.000000	-0.000118	0.000375	-0.000021	-0.352100	-0.642077	0.278291	-0.621544	79.032457	-83.789171	47.940488	0.072475	0.080324	0.994131	-0.795059	-0.597160	0.106211	0.602186	-0.798091	0.020583
04377														9.631222	0.931040	0.401249	0.160524	0.015506	0.006633	1.000000	-0.000028	0.000339	-0.000071	-0.352275	-0.641894	0.278152	-0.621696	78.727380	-83.771925	48.241828	0.072251	0.080927	0.994098	-0.795104	-0.597068	0.106394	0.602154	-0.798098	0.021207
04378														9.667708	0.922149	0.381294	0.161132	0.015349	0.006312	1.000000	-0.000004	0.000267	-0.000127	-0.352448	-0.641777	0.277990	-0.621791	78.509055	-83.750098	48.458559	0.072195	0.081483	0.994057	-0.795113	-0.597004	0.106683	0.602149	-0.798089	0.021687
04379														9.673598	0.948392	0.434998	0.161230	0.015796	0.007210	1.000000	0.000009	0.000251	-0.000068	-0.352569	-0.641663	0.277859	-0.621899	78.301423	-83.734961	48.666660	0.072072	0.081942	0.994028	-0.795108	-0.596979	0.106861	0.602170	-0.798061	0.022127
04380														9.654130	0.955904	0.434243	0.160905	0.015920	0.007207	1.000000	0.000041	0.000194	-0.000073	-0.352658	-0.641594	0.277727	-0.621978	78.155483	-83.720678	48.816122	0.072021	0.082316	0.994000	-0.795067	-0.597000	0.107047	0.602230	-0.798007	0.022450
04381														9.645606	0.982504	0.456726	0.160762	0.016363	0.007590	1.000000	0.000055	0.000143	-0.000075	-0.352723	-0.641563	0.277601	-0.622030	78.063922	-83.707448	48.912867	0.072033	0.082611	0.993975	-0.795005	-0.597049	0.107235	0.602310	-0.797940	0.022669
04382														9.611789	0.990674	0.424287	0.160198	0.016502	0.007061	1.000000	0.000064	0.000074	-0.000052	-0.352751	-0.641573	0.277509	-0.622044	78.041192	-83.698091	48.941066	0.072099	0.082768	0.993957	-0.794939	-0.597110	0.107385	0.602390	-0.797878	0.022745
04383														9.584287	1.022833	0.439098	0.159739	0.017041	0.007320	1.000000	0.000031	-0.000009	-0.000037	-0.352775	-0.641615	0.277483	-0.621999	78.093356	-83.692312	48.888972	0.072240	0.082778	0.993946	-0.794926	-0.597106	0.107504	0.602390	-0.797880	0.022668
04384														9.614114	1.004881	0.430456	0.160235	0.016748	0.007186	1.000000	-0.000020	-0.000073	-0.000002	-0.352781	-0.641673	0.277525	-0.621917	78.198109	-83.692359	48.779892	0.072397	0.082640	0.993946	-0.794962	-0.597051	0.107544	0.602324	-0.797935	0.022471
04385														9.634477	1.012976	0.404289	0.160573	0.016886	0.006757	1.000000	-0.000022	-0.000119	0.000020	-0.352765	-0.641754	0.277601	-0.621809	78.347250	-83.695572	48.625406	0.072583	0.082403	0.993952	-0.795008	-0.596989	0.107548	0.602241	-0.798006	0.022180
04386														9.680063	0.960370	0.422081	0.161332	0.016016	0.007055	1.000000	0.000005	-0.000125	0.000062	-0.352707	-0.641833	0.277691	-0.621720	78.493336	-83.703739	48.476591	0.072703	0.082108	0.993968	-0.795033	-0.596971	0.107465	0.602193	-0.798050	0.021877
04387														9.702973	0.980336	0.402273	0.161715	0.016350	0.006716	1.000000	-0.000003	-0.000068	0.000067	-0.352668	-0.641873	0.277770	-0.621666	78.582206	-83.710972	48.384357	0.072751	0.081897	0.993982	-0.795069	-0.596939	0.107376	0.602140	-0.798096	0.021686
04388														9.686232	0.966721	0.365449	0.161436	0.016125	0.006097	1.000000	0.000030	-0.000034	0.000084	-0.352604	-0.641900	0.277825	-0.621649	78.636685	-83.719343	48.330839	0.072731	0.081720	0.993998	-0.795064	-0.596967	0.107254	0.602148	-0.798093	0.021555
04389														9.669712	0.936970	0.394564	0.161160	0.015631	0.006575	1.000000	0.000034	0.000009	0.000094	-0.352541	-0.641899	0.277867	-0.621668	78.644017	-83.728078	48.325702	0.072638	0.081601	0.994015	-0.795052	-0.597010	0.107108	0.602176	-0.798073	0.021511
04390														9.661473	0.928575	0.376533	0.161022	0.015500	0.006279	1.000000	0.000075	-0.000012	0.000150	-0.352411	-0.641910	0.277929	-0.621703	78.667123	-83.743552	48.309180	0.072483	0.081379	0.994044	-0.795000	-0.597124	0.106854	0.602263	-0.798010	0.021415
04391														9.652204	0.952438	0.359681	0.160868	0.015896	0.005997	1.000000	0.000102	-0.000005	0.000143	-0.352271	-0.641929	0.277966	-0.621746	78.689651	-83.757927	48.296472	0.072335	0.081177	0.994071	-0.794914	-0.597281	0.106618	0.602395	-0.797913	0.021324
04392														9.646452	0.956919	0.347684	0.160772	0.015966	0.005801	1.000000	0.000123	-0.000027	0.000111	-0.352137	-0.641975	0.277981	-0.621767	78.741671	-83.769071	48.255522	0.072264	0.080981	0.994093	-0.794807	-0.597453	0.106447	0.602544	-0.797804	0.021190
04393														9.673206	0.987715	0.371266	0.161218	0.016476	0.006193	1.000000	0.000089	-0.000026	0.000089	-0.352035	-0.642016	0.278000	-0.621774	78.793945	-83.777797	48.210997	0.072226	0.080812	0.994109	-0.794733	-0.597575	0.106318	0.602647	-0.797730	0.021063
04394														9.692566	0.979592	0.375635	0.161541	0.016346	0.006266	1.000000	0.000056	-0.000027	0.000121	-0.351936	-0.642037	0.278062	-0.621781	78.837198	-83.790073	48.171387	0.072140	0.080603	0.994132	-0.794706	-0.597645	0.106125	0.602692	-0.797699	0.020942
04395														9.695279	0.990305	0.381730	0.161586	0.016523	0.006362	1.000000	0.000009	0.000000	0.000111	-0.351882	-0.642026	0.278137	-0.621789	78.848203	-83.800704	48.158765	0.072035	0.080450	0.994152	-0.794735	-0.597638	0.105948	0.602667	-0.797720	0.020886
04396														9.672471	0.935517	0.362535	0.161206	0.015614	0.006042	1.000000	0.000015	0.000005	0.000135	-0.351807	-0.642009	0.278221	-0.621812	78.851328	-83.813965	48.155193	0.071886	0.080274	0.994177	-0.794756	-0.597650	0.105724	0.602657	-0.797728	0.020835
04397														9.657390	0.950857	0.399885	0.160955	0.015864	0.006663	1.000000	-0.000009	0.000008	0.000103	-0.351767	-0.641989	0.278299	-0.621820	78.852813	-83.823735	48.150473	0.071780	0.080142	0.994196	-0.794802	-0.597619	0.105558	0.602610	-0.797765	0.020800
04398														9.646601	0.929984	0.375680	0.160775	0.015514	0.006261	1.000000	-0.000013	0.000001	0.000089	-0.351738	-0.641976	0.278373	-0.621817	78.864203	-83.832037	48.135246	0.071705	0.080016	0.994211	-0.794851	-0.597577	0.105421	0.602553	-0.797809	0.020751
04399														9.659857	0.929275	0.369470	0.160997	0.015497	0.006154	1.000000	-0.000021	0.000021	0.000054	-0.351744	-0.641958	0.278423	-0.621809	78.862849	-83.835731	48.131662	0.071667	0.079963	0.994218	-0.794907	-0.597514	0.105357	0.602484	-0.797861	0.020741
04400														9.659940	0.928339	0.369656	0.160998	0.015479	0.006162	1.000000	-0.000007	-0.000005	0.000042	-0.351739	-0.641966	0.278464	-0.621786	78.893736	-83.838637	48.097611	0.071681	0.079883	0.994224	-0.794941	-0.597476	0.105319	0.602438	-0.797898	0.020675
04401														9.655033	0.901790	0.356696	0.160917	0.015035	0.005946	1.000000	0.000007	-0.000008	0.000030	-0.351733	-0.641983	0.278491	-0.621760	78.930140	-83.840294	48.059304	0.071715	0.079814	0.994227	-0.794959	-0.597453	0.105304	0.602409	-0.797922	0.020602
04402														9.666046	0.920444	0.380848	0.161101	0.015342	0.006349	1.000000	0.000007	-0.000008	0.000007	-0.351739	-0.642005	0.278503	-0.621727	78.970843	-83.839528	48.016883	0.071783	0.079771	0.994225	-0.794973	-0.597431	0.105331	0.602383	-0.797943	0.020530
04403														9.661243	0.941311	0.339594	0.161020	0.015693	0.005665	1.000000	0.000035	-0.000027	0.000032	-0.351708	-0.642043	0.278520	-0.621698	79.029669	-83.841904	47.959433	0.071836	0.079668	0.994230	-0.794956	-0.597456	0.105312	0.602398	-0.797934	0.020414
04404														9.682927	0.947630	0.350342	0.161382	0.015796	0.005846	1.000000	0.000025	-0.000039	0.000015	-0.351688	-0.642091	0.278536	-0.621653	79.104209	-83.842663	47.885333	0.071930	0.079565	0.994231	-0.794946	-0.597467	0.105325	0.602401	-0.797936	0.020274
04405														9.691471	0.953411	0.367488	0.161524	0.015893	0.006131	1.000000	0.000020	-0.000034	0.000017	-0.351669	-0.642134	0.278552	-0.621612	79.173219	-83.843578	47.816591	0.072014	0.079467	0.994233	-0.794939	-0.597476	0.105334	0.602400	-0.797940	0.020145
04406														9.665267	0.951787	0.379617	0.161087	0.015865	0.006334	1.000000	0.000019	-0.000044	0.000013	-0.351654	-0.642181	0.278574	-0.621562	79.250553	-83.844248	47.738653	0.072115	0.079360	0.994234	-0.794939	-0.597472	0.105350	0.602388	-0.797953	0.020000
04407														9.668837	0.931700	0.383739	0.161147	0.015532	0.006404	1.000000	0.000003	-0.000051	0.000020	-0.351640	-0.642228	0.278609	-0.621506	79.334734	-83.845798	47.652557	0.072216	0.079232	0.994237	-0.794954	-0.597452	0.105353	0.602356	-0.797981	0.019840
04408														9.668914	0.931265	0.382860	0.161148	0.015525	0.006387	1.000000	-0.000007	-0.000040	0.000025	-0.351635	-0.642262	0.278651	-0.621455	79.404695	-83.847685	47.579321	0.072295	0.079116	0.994241	-0.794984	-0.597413	0.105345	0.602307	-0.798022	0.019706
04409														9.676101	0.938497	0.364196	0.161268	0.015642	0.006076	1.000000	-0.000000	-0.000036	0.000005	-0.351644	-0.642299	0.278679	-0.621399	79.473952	-83.847058	47.506727	0.072402	0.079032	0.994239	-0.795013	-0.597369	0.105379	0.602257	-0.798062	0.019580
04410														9.676168	0.938033	0.363607	0.161269	0.015641	0.006064	1.000000	-0.000020	-0.000027	0.000042	-0.351639	-0.642315	0.278736	-0.621360	79.524243	-83.850671	47.451781	0.072436	0.078916	0.994246	-0.795061	-0.597312	0.105335	0.602188	-0.798117	0.019477
04411														9.667787	0.931093	0.344841	0.161129	0.015526	0.005758	1.000000	0.000015	-0.000064	0.000047	-0.351601	-0.642364	0.278789	-0.621307	79.616650	-83.855498	47.358190	0.072508	0.078736	0.994255	-0.795072	-0.597308	0.105284	0.602166	-0.798138	0.019292
04412														9.679923	0.916204	0.367117	0.161331	0.015282	0.006119	1.000000	0.000012	-0.000003	0.000076	-0.351561	-0.642367	0.278839	-0.621303	79.640290	-83.862304	47.333725	0.072461	0.078618	0.994268	-0.795087	-0.597307	0.105175	0.602151	-0.798150	0.019227
04413														9.647813	0.920169	0.368679	0.160796	0.015350	0.006142	1.000000	0.000027	0.000017	0.000086	-0.351514	-0.642359	0.278881	-0.621319	79.642233	-83.869777	47.332480	0.072375	0.078522	0.994282	-0.795089	-0.597326	0.105048	0.602159	-0.798145	0.019200
04414														9.659615	0.873163	0.354412	0.160992	0.014573	0.005910	1.000000	0.000064	-0.000012	0.000128	-0.351411	-0.642369	0.278939	-0.621342	79.669023	-83.882648	47.310189	0.072254	0.078329	0.994306	-0.795056	-0.597408	0.104838	0.602218	-0.798103	0.019111
04415														9.655343	0.923671	0.350327	0.160921	0.015407	0.005842	1.000000	0.000088	-0.000013	0.000083	-0.351316	-0.642402	0.278951	-0.621356	79.709493	-83.890561	47.277370	0.072206	0.078187	0.994320	-0.794982	-0.597527	0.104716	0.602320	-0.798028	0.019012
04416														9.647326	0.948085	0.369167	0.160789	0.015802	0.006157	1.000000	0.000092	-0.000016	0.000005	-0.351267	-0.642463	0.278910	-0.621339	79.772054	-83.889415	47.222987	0.072294	0.078133	0.994318	-0.794890	-0.597642	0.104756	0.602431	-0.797947	0.018901
04417														9.718818	0.897364	0.376037	0.161980	0.014957	0.006269	1.000000	0.000071	-0.000005	0.000010	-0.351234	-0.642506	0.278884	-0.621324	79.818202	-83.888587	47.182101	0.072359	0.078092	0.994317	-0.794830	-0.597716	0.104786	0.602502	-0.797895	0.018820
04418														9.719034	0.943980	0.347715	0.161983	0.015739	0.005797	1.000000	0.000061	-0.000007	0.000042	-0.351186	-0.642537	0.278885	-0.621320	79.856736	-83.891686	47.147971	0.072369	0.078009	0.994323	-0.794785	-0.597783	0.104745	0.602561	-0.797853	0.018740
04419														9.688162	0.947849	0.385490	0.161470	0.015795	0.006415	1.000000	0.000016	0.000066	-0.000013	-0.351220	-0.642522	0.278854	-0.621329	79.824780	-83.887083	47.179493	0.072380	0.078108	0.994314	-0.794787	-0.597770	0.104813	0.602557	-0.797854	0.018812
04420														9.671073	0.935987	0.351085	0.161185	0.015597	0.005839	1.000000	0.000016	0.000078	-0.000018	-0.351260	-0.642502	0.278813	-0.621346	79.781413	-83.881671	47.222839	0.072385	0.078231	0.994304	-0.794784	-0.597760	0.104892	0.602561	-0.797849	0.018908
04421														9.643729	0.967918	0.366936	0.160730	0.016126	0.006101	1.000000	-0.000034	0.000085	-0.000037	-0.351347	-0.642464	0.278791	-0.621346	79.727570	-83.873944	47.270591	0.072411	0.078390	0.994290	-0.794842	-0.597662	0.105006	0.602480	-0.797907	0.019031
04422														9.624471	0.974880	0.363489	0.160409	0.016241	0.006046	1.000000	-0.000083	0.000066	-0.000047	-0.351465	-0.642427	0.278796	-0.621316	79.692248	-83.865386	47.294507	0.072479	0.078530	0.994274	-0.794953	-0.597490	0.105140	0.602325	-0.798022	0.019122
04423														9.642327	0.955016	0.399041	0.160706	0.015913	0.006644	1.000000	-0.000115	0.000029	-0.000032	-0.351585	-0.642394	0.278846	-0.621259	79.687620	-83.859343	47.283541	0.072565	0.078593	0.994262	-0.795109	-0.597265	0.105242	0.602110	-0.798184	0.019149
04424														9.647884	0.917291	0.373938	0.160798	0.015286	0.006229	1.000000	-0.000119	0.000009	-0.000020	-0.351694	-0.642368	0.278914	-0.621193	79.699228	-83.855262	47.255732	0.072651	0.078609	0.994255	-0.795272	-0.597036	0.105315	0.601884	-0.798354	0.019140
04425														9.666994	0.911071	0.379325	0.161116	0.015187	0.006319	1.000000	-0.000076	0.000010	0.000015	-0.351756	-0.642348	0.278977	-0.621152	79.709659	-83.854896	47.234058	0.072685	0.078587	0.994254	-0.795387	-0.596880	0.105325	0.601727	-0.798473	0.019122
04426														9.674137	0.918418	0.361812	0.161236	0.015307	0.006026	1.000000	-0.000063	0.000020	-0.000002	-0.351819	-0.642332	0.279015	-0.621115	79.715077	-83.852446	47.219333	0.072734	0.078599	0.994249	-0.795481	-0.596747	0.105369	0.601598	-0.798570	0.019120
04427														9.719483	0.913760	0.354418	0.161992	0.015226	0.005903	1.000000	-0.000022	0.000024	-0.000022	-0.351873	-0.642333	0.279016	-0.621083	79.725031	-83.847598	47.204343	0.072812	0.078642	0.994240	-0.795526	-0.596672	0.105455	0.601528	-0.798623	0.019117
04428														9.719411	0.914071	0.355581	0.161991	0.015233	0.005911	1.000000	0.000001	0.000094	-0.000010	-0.351925	-0.642295	0.278985	-0.621106	79.662599	-83.842533	47.264678	0.072789	0.078783	0.994231	-0.795547	-0.596632	0.105520	0.601503	-0.798638	0.019247
04429														9.720351	0.881131	0.356020	0.162006	0.014691	0.005919	1.000000	0.000063	0.000097	0.000036	-0.351909	-0.642264	0.278945	-0.621165	79.594736	-83.842692	47.337653	0.072687	0.078874	0.994231	-0.795500	-0.596700	0.105495	0.601578	-0.798579	0.019372
04430														9.639202	0.910865	0.362021	0.160654	0.015183	0.006019	1.000000	0.000105	0.000101	0.000016	-0.351882	-0.642249	0.278868	-0.621231	79.530410	-83.840535	47.411365	0.072610	0.078995	0.994227	-0.795405	-0.596824	0.105510	0.601713	-0.798474	0.019497
04431														9.617711	0.951435	0.323719	0.160296	0.015852	0.005390	1.000000	0.000102	0.000045	-0.000032	-0.351869	-0.642285	0.278777	-0.621242	79.535983	-83.833987	47.415010	0.072682	0.079083	0.994215	-0.795300	-0.596943	0.105623	0.601843	-0.798376	0.019508
04432														9.639227	0.959136	0.335284	0.160655	0.015975	0.005592	1.000000	0.000071	-0.000015	-0.000061	-0.351874	-0.642353	0.278708	-0.621199	79.603804	-83.825692	47.352727	0.072866	0.079110	0.994199	-0.795227	-0.597012	0.105788	0.601918	-0.798322	0.019408
04433														9.671728	0.985895	0.370683	0.161196	0.016425	0.006180	1.000000	0.000013	-0.000013	-0.000039	-0.351902	-0.642397	0.278686	-0.621148	79.662025	-83.819611	47.293777	0.073019	0.079112	0.994188	-0.795221	-0.596997	0.105911	0.601906	-0.798333	0.019320
04434														9.660708	0.967417	0.346152	0.161012	0.016121	0.005771	1.000000	-0.000033	-0.000012	-0.000017	-0.351943	-0.642417	0.278705	-0.621095	79.707390	-83.816257	47.242915	0.073128	0.079090	0.994182	-0.795271	-0.596919	0.105984	0.601828	-0.798394	0.019246
04435														9.660703	0.967578	0.345856	0.161012	0.016126	0.005768	1.000000	-0.000041	-0.000027	-0.000002	-0.351982	-0.642438	0.278748	-0.621032	79.764459	-83.814632	47.178359	0.073237	0.079028	0.994179	-0.795342	-0.596816	0.106031	0.601721	-0.798477	0.019146
04436														9.627313	0.958646	0.376036	0.160455	0.015979	0.006274	1.000000	-0.000063	-0.000051	0.000008	-0.352019	-0.642464	0.278818	-0.620954	79.841500	-83.814862	47.091718	0.073353	0.078915	0.994179	-0.795435	-0.596687	0.106052	0.601583	-0.798584	0.019003
04437														9.666738	0.960818	0.355706	0.161112	0.016009	0.005938	1.000000	-0.000073	-0.000064	-0.000031	-0.352088	-0.642501	0.278877	-0.620849	79.936204	-83.810809	46.985295	0.073548	0.078830	0.994171	-0.795544	-0.596524	0.106153	0.601415	-0.798715	0.018840
04438														9.661760	0.935212	0.341738	0.161029	0.015587	0.005705	1.000000	-0.000059	-0.000067	0.000001	-0.352123	-0.642539	0.278945	-0.620759	80.030805	-83.810479	46.881264	0.073695	0.078700	0.994171	-0.795634	-0.596398	0.106190	0.601278	-0.798822	0.018665
04439														9.637679	0.915644	0.322590	0.160628	0.015259	0.005388	1.000000	-0.000029	-0.000075	-0.000014	-0.352151	-0.642594	0.278994	-0.620665	80.138666	-83.808550	46.766385	0.073875	0.078577	0.994167	-0.795695	-0.596304	0.106258	0.601175	-0.798904	0.018471
04440														9.583841	0.914690	0.310695	0.159730	0.015243	0.005198	1.000000	0.000015	-0.000123	-0.000014	-0.352133	-0.642697	0.279027	-0.620553	80.303491	-83.807508	46.600142	0.074115	0.078375	0.994165	-0.795695	-0.596292	0.106328	0.601146	-0.798933	0.018168
04441														9.538511	0.920248	0.314857	0.158975	0.015328	0.005290	1.000000	0.000057	-0.000262	-0.000058	-0.352077	-0.642913	0.279056	-0.620349	80.624262	-83.804189	46.281770	0.074589	0.078004	0.994159	-0.795638	-0.596339	0.106485	0.601162	-0.798934	0.017582
04442														9.603470	0.941941	0.342876	0.160057	0.015684	0.005776	1.000000	0.000097	-0.000375	-0.000089	-0.351982	-0.643223	0.279079	-0.620071	81.074326	-83.799060	45.838167	0.075253	0.077488	0.994149	-0.795527	-0.596448	0.106708	0.601227	-0.798903	0.016759
04443														9.684754	0.960996	0.302788	0.161413	0.015996	0.005112	1.000000	0.000076	-0.000400	-0.000123	-0.351916	-0.643550	0.279102	-0.619759	81.552166	-83.790013	45.363895	0.076002	0.076974	0.994132	-0.795438	-0.596514	0.106999	0.601250	-0.798903	0.015892
04444														9.693748	1.000362	0.350412	0.161562	0.016660	0.005898	1.000000	0.000084	-0.000349	-0.000077	-0.351829	-0.643837	0.279131	-0.619497	81.971153	-83.784958	44.950055	0.076618	0.076485	0.994123	-0.795344	-0.596605	0.107199	0.601297	-0.798882	0.015121
04445														9.686343	1.010090	0.296181	0.161438	0.016823	0.004994	1.000000	0.000034	-0.000355	-0.000070	-0.351764	-0.644108	0.279196	-0.619223	82.388064	-83.780717	44.533057	0.077225	0.075977	0.994115	-0.795305	-0.596624	0.107379	0.601271	-0.798917	0.014350
04446														9.626923	1.001374	0.332995	0.160448	0.016676	0.005612	1.000000	-0.000005	-0.000384	-0.000084	-0.351733	-0.644383	0.279291	-0.618911	82.830395	-83.774747	44.084667	0.077892	0.075442	0.994103	-0.795324	-0.596560	0.107590	0.601159	-0.799015	0.013534
04447														9.641150	1.017615	0.289433	0.160685	0.016954	0.004889	1.000000	-0.000036	-0.000411	-0.000042	-0.351686	-0.644654	0.279440	-0.618588	83.291573	-83.773598	43.614205	0.078523	0.074814	0.994101	-0.795383	-0.596460	0.107715	0.601000	-0.799149	0.012670
04448														9.681618	0.987585	0.260755	0.161359	0.016456	0.004410	1.000000	-0.000067	-0.000402	-0.000028	-0.351650	-0.644904	0.279613	-0.618270	83.737939	-83.773739	43.155483	0.079118	0.074181	0.994101	-0.795476	-0.596318	0.107808	0.600798	-0.799314	0.011830
04449														9.735710	0.989188	0.263372	0.162260	0.016485	0.004443	1.000000	-0.000071	-0.000339	-0.000008	-0.351625	-0.645108	0.279780	-0.617996	84.115484	-83.774783	42.765069	0.079608	0.073628	0.994103	-0.795582	-0.596166	0.107865	0.600593	-0.799478	0.011117
04450														9.787261	0.977641	0.261122	0.163120	0.016293	0.004390	1.000000	-0.000096	-0.000241	-0.000006	-0.351643	-0.645243	0.279930	-0.617777	84.389220	-83.774559	42.476083	0.079982	0.073228	0.994103	-0.795719	-0.595973	0.107921	0.600361	-0.799659	0.010602
04451														9.777814	0.957126	0.269766	0.162963	0.015954	0.004507	1.000000	-0.000052	-0.000075	0.000008	-0.351667	-0.645285	0.280002	-0.617686	84.490492	-83.774309	42.366083	0.080125	0.073077	0.994102	-0.795802	-0.595858	0.107944	0.600232	-0.799758	0.010412
04452														9.791872	0.971550	0.234059	0.163197	0.016202	0.003885	1.000000	-0.000052	0.000091	0.000054	-0.351711	-0.645211	0.280048	-0.617718	84.412922	-83.777496	42.435576	0.079996	0.073137	0.994108	-0.795897	-0.595745	0.107875	0.600125	-0.799837	0.010553
04453														9.763219	0.956015	0.243852	0.162720	0.015945	0.004028	1.000000	-0.000027	0.000217	0.000071	-0.351759	-0.645065	0.280040	-0.617847	84.205093	-83.781266	42.639873	0.079686	0.073378	0.994116	-0.795954	-0.595686	0.107771	0.600089	-0.799859	0.010937
04454														9.705763	0.973003	0.234156	0.161762	0.016230	0.003856	1.000000	0.000014	0.000293	0.000085	-0.351796	-0.644883	0.279992	-0.618037	83.922944	-83.785423	42.923186	0.079270	0.073722	0.994123	-0.795970	-0.595689	0.107644	0.600124	-0.799825	0.011460
04455														9.677052	0.957243	0.246786	0.161284	0.015965	0.004061	1.000000	0.000016	0.000325	0.000068	-0.351852	-0.644688	0.279919	-0.618243	83.609095	-83.786941	43.238643	0.078843	0.074139	0.994126	-0.795980	-0.595692	0.107553	0.600167	-0.799784	0.012047
04456														9.645803	0.928318	0.253691	0.160763	0.015490	0.004169	1.000000	0.000052	0.000370	0.000112	-0.351872	-0.644463	0.279838	-0.618501	83.246608	-83.792612	43.606772	0.078294	0.074576	0.994137	-0.795957	-0.595754	0.107377	0.600269	-0.799697	0.012715
04457														9.651928	0.918789	0.271749	0.160864	0.015340	0.004478	1.000000	0.000110	0.000330	0.000170	-0.351809	-0.644267	0.279774	-0.618771	82.923073	-83.805333	43.942201	0.077697	0.074880	0.994161	-0.795876	-0.595914	0.107085	0.600453	-0.799549	0.013294
04458														9.587579	0.974138	0.252674	0.159792	0.016255	0.004165	1.000000	0.000126	0.000301	0.000124	-0.351754	-0.644109	0.279678	-0.619010	82.639432	-83.812796	44.239771	0.077215	0.075192	0.994175	-0.795764	-0.596100	0.106889	0.600665	-0.799382	0.013808
04459														9.650019	0.980217	0.285632	0.160835	0.016338	0.004719	1.000000	0.000121	0.000273	0.000011	-0.351762	-0.643997	0.279522	-0.619192	82.397335	-83.807990	44.495135	0.076938	0.075594	0.994166	-0.795639	-0.596262	0.106913	0.600866	-0.799223	0.014270
04460														9.732456	0.948227	0.322365	0.162209	0.015809	0.005325	1.000000	0.000111	0.000307	0.000037	-0.351763	-0.643857	0.279372	-0.619405	82.117232	-83.805716	44.788674	0.076578	0.076015	0.994162	-0.795518	-0.596428	0.106881	0.601071	-0.799059	0.014798
04461														9.732429	0.994572	0.300624	0.162208	0.016583	0.004952	1.000000	0.000069	0.000364	0.000042	-0.351811	-0.643661	0.279238	-0.619642	81.769004	-83.802804	45.144639	0.076140	0.076525	0.994156	-0.795462	-0.596511	0.106839	0.601201	-0.798949	0.015455
04462														9.684371	0.985849	0.309831	0.161408	0.016435	0.005094	1.000000	0.000017	0.000432	0.000029	-0.351923	-0.643406	0.279105	-0.619903	81.345847	-83.796974	45.569513	0.075641	0.077160	0.994145	-0.795472	-0.596501	0.106822	0.601251	-0.798895	0.016259
04463														9.646893	0.964928	0.306891	0.160783	0.016087	0.005044	1.000000	-0.000011	0.000438	0.000032	-0.352050	-0.643139	0.278987	-0.620161	80.915330	-83.790921	45.999026	0.075133	0.077800	0.994134	-0.795510	-0.596454	0.106800	0.601264	-0.798868	0.017077
04464														9.686442	0.997454	0.333449	0.161443	0.016631	0.005482	1.000000	-0.000036	0.000465	0.000044	-0.352190	-0.642847	0.278879	-0.620432	80.456544	-83.785239	46.454728	0.074580	0.078467	0.994123	-0.795574	-0.596377	0.106757	0.601249	-0.798860	0.017948
04465														9.656458	1.015026	0.350414	0.160943	0.016925	0.005763	1.000000	-0.000075	0.000471	0.000046	-0.352361	-0.642533	0.278799	-0.620697	79.984813	-83.779277	46.918131	0.074014	0.079143	0.994112	-0.795693	-0.596226	0.106708	0.601161	-0.798906	0.018845
04466														9.635611	0.974511	0.346690	0.160595	0.016252	0.005704	1.000000	-0.000102	0.000452	0.000058	-0.352533	-0.642219	0.278748	-0.620946	79.528560	-83.774764	47.363232	0.073450	0.079773	0.994103	-0.795843	-0.596040	0.106631	0.601032	-0.798982	0.019708
04467														9.662725	0.941579	0.341241	0.161046	0.015708	0.005616	1.000000	-0.000106	0.000432	0.000092	-0.352685	-0.641904	0.278732	-0.621193	79.085287	-83.774102	47.794161	0.072855	0.080332	0.994102	-0.796009	-0.595844	0.106487	0.600884	-0.799073	0.020535
04468														9.679244	0.920160	0.348654	0.161321	0.015359	0.005736	1.000000	-0.000043	0.000458	0.000139	-0.352774	-0.641582	0.278698	-0.621491	78.611828	-83.777819	48.262789	0.072153	0.080877	0.994109	-0.796106	-0.595757	0.106250	0.600840	-0.799083	0.021401
04469														9.672095	0.925640	0.310425	0.161202	0.015452	0.005096	1.000000	0.000012	0.000481	0.000151	-0.352825	-0.641263	0.278626	-0.621823	78.119314	-83.781809	48.757265	0.071407	0.081445	0.994117	-0.796134	-0.595764	0.105995	0.600892	-0.799019	0.022299
04470														9.725860	0.923978	0.330481	0.162098	0.015422	0.005423	1.000000	0.000034	0.000529	0.000140	-0.352880	-0.640924	0.278517	-0.622190	77.580914	-83.783164	49.300635	0.070616	0.082100	0.994119	-0.796133	-0.595809	0.105758	0.600987	-0.798919	0.023289
04471														9.697106	0.891213	0.245095	0.161618	0.014882	0.003991	1.000000	0.000080	0.000586	0.000179	-0.352901	-0.640556	0.278385	-0.622616	76.982099	-83.786512	49.909521	0.069702	0.082802	0.994126	-0.796087	-0.595925	0.105452	0.601155	-0.798760	0.024380
04472														9.711747	0.902650	0.221222	0.161862	0.015075	0.003582	1.000000	0.000142	0.000660	0.000192	-0.352894	-0.640159	0.278197	-0.623112	76.309730	-83.788759	50.599638	0.068675	0.083605	0.994130	-0.795966	-0.596144	0.105121	0.601433	-0.798513	0.025607
04473														9.696651	0.932673	0.206505	0.161611	0.015572	0.003322	1.000000	0.000193	0.000760	0.000174	-0.352888	-0.639724	0.277926	-0.623683	75.546022	-83.785435	51.388426	0.067553	0.084588	0.994123	-0.795772	-0.596454	0.104826	0.601816	-0.798177	0.027020
04474														9.788103	0.967045	0.179481	0.163136	0.016135	0.002846	1.000000	0.000189	0.000907	0.000110	-0.352963	-0.639214	0.277564	-0.624324	74.651699	-83.769462	52.308336	0.066356	0.085881	0.994093	-0.795572	-0.596750	0.104658	0.602214	-0.797818	0.028726
04475														9.849226	0.941096	0.155114	0.164153	0.015720	0.002398	0.999999	0.000223	0.001164	0.000219	-0.353028	-0.638521	0.277166	-0.625173	73.474231	-83.755450	53.515634	0.064676	0.087455	0.994067	-0.795360	-0.597100	0.104279	0.602677	-0.797385	0.030940
04476														9.956671	0.938217	0.203048	0.165945	0.015685	0.003133	0.999999	0.000235	0.001538	0.000293	-0.353141	-0.637581	0.276671	-0.626287	71.913838	-83.733407	55.110115	0.062437	0.089534	0.994025	-0.795135	-0.597490	0.103761	0.603210	-0.796862	0.033887
04477														10.001762	0.958236	0.267870	0.166699	0.016028	0.004136	0.999998	0.000269	0.001995	0.000349	-0.353321	-0.636348	0.276029	-0.627721	69.900754	-83.695065	57.163961	0.059548	0.092274	0.993951	-0.794875	-0.597944	0.103132	0.603844	-0.796209	0.037739
04478														9.977879	0.929949	0.329329	0.166305	0.015565	0.005085	0.999997	0.000267	0.002453	0.000402	-0.353589	-0.634808	0.275257	-0.629466	67.455503	-83.634835	59.653272	0.056012	0.095674	0.993836	-0.794615	-0.598417	0.102393	0.604524	-0.795452	0.042506
04479														9.920013	0.940347	0.365055	0.165343	0.015748	0.005615	0.999996	0.000305	0.002867	0.000465	-0.353908	-0.632998	0.274354	-0.631500	64.658520	-83.549356	62.500803	0.051875	0.099654	0.993669	-0.794317	-0.598958	0.101536	0.605285	-0.794555	0.048086
04480														9.872874	0.937362	0.395159	0.164560	0.015705	0.006062	0.999995	0.000309	0.003211	0.000515	-0.354288	-0.630953	0.273358	-0.633762	61.618488	-83.434845	65.593435	0.047243	0.104116	0.993442	-0.794020	-0.599511	0.100590	0.606053	-0.793566	0.054347
04481														9.833324	0.939717	0.449000	0.163905	0.015750	0.006917	0.999994	0.000318	0.003489	0.000553	-0.354705	-0.628719	0.272276	-0.636210	58.441571	-83.289565	68.826397	0.042206	0.108963	0.993149	-0.793704	-0.600100	0.099570	0.606839	-0.792469	0.061156
04482														9.813962	0.946605	0.556083	0.163590	0.015874	0.008657	0.999993	0.000343	0.003771	0.000613	-0.355141	-0.626290	0.271113	-0.638854	55.160434	-83.111457	72.168190	0.036728	0.114176	0.992781	-0.793356	-0.600746	0.098440	0.607649	-0.791245	0.068518
04483														9.933494	0.994212	0.702574	0.165594	0.016670	0.011044	0.999992	0.000305	0.004051	0.000623	-0.355666	-0.623656	0.269876	-0.641656	51.843942	-82.892637	75.542547	0.030890	0.119811	0.992316	-0.793049	-0.601338	0.097292	0.608374	-0.789961	0.076440
04484														9.890121	0.993313	0.809009	0.164881	0.016663	0.012765	0.999990	0.000207	0.004379	0.000669	-0.356308	-0.620750	0.268612	-0.644641	48.478080	-82.630093	78.956500	0.024572	0.125899	0.991739	-0.792863	-0.601784	0.096040	0.608904	-0.788673	0.085034
04485														9.780658	0.959157	0.874992	0.163065	0.016097	0.013834	0.999989	0.000164	0.004614	0.000695	-0.357011	-0.617660	0.267300	-0.647757	45.194123	-82.326955	82.285701	0.017923	0.132312	0.991046	-0.792715	-0.602187	0.094732	0.609329	-0.787315	0.094092
04486														9.718387	0.932109	0.945276	0.162034	0.015650	0.014987	0.999988	0.000082	0.004748	0.000716	-0.357784	-0.614434	0.266003	-0.650926	42.075317	-81.990375	85.440689	0.011076	0.138899	0.990245	-0.792664	-0.602467	0.093372	0.609559	-0.785965	0.103427
04487														9.703872	0.879536	1.018997	0.161801	0.014773	0.016196	0.999988	0.000045	0.004870	0.000712	-0.358603	-0.611101	0.264676	-0.654145	39.154290	-81.620637	88.394606	0.004083	0.145669	0.989325	-0.792645	-0.602701	0.092013	0.609670	-0.784559	0.113004
04488														9.675659	0.905046	1.108658	0.161340	0.015198	0.017672	0.999987	-0.000016	0.004994	0.000704	-0.359489	-0.607654	0.263332	-0.657405	36.430672	-81.218902	91.144907	-0.003050	0.152629	0.988279	-0.792689	-0.602848	0.090657	0.609619	-0.783121	0.122826
04489														9.689742	0.800870	1.181872	0.161585	0.013460	0.018864	0.999986	-0.000071	0.005159	0.000689	-0.360452	-0.604066	0.261951	-0.660727	33.889193	-80.782333	93.707365	-0.010358	0.159850	0.987087	-0.792792	-0.602912	0.089318	0.609404	-0.781629	0.132973
04490														9.673541	0.794393	1.271209	0.161326	0.013350	0.020329	0.999986	-0.000082	0.005311	0.000670	-0.361467	-0.600361	0.260503	-0.664113	31.538865	-80.313106	96.077748	-0.017815	0.167318	0.985742	-0.792902	-0.602959	0.088015	0.609088	-0.780029	0.143409
04491														9.795647	0.783506	1.365571	0.163375	0.013167	0.021855	0.999984	-0.000074	0.005535	0.000657	-0.362533	-0.596498	0.258953	-0.667610	29.348235	-79.806076	98.290652	-0.025520	0.175131	0.984214	-0.792991	-0.603027	0.086741	0.608699	-0.778260	0.154266
04492														9.873874	0.779697	1.434523	0.164695	0.013102	0.022928	0.999982	-0.000091	0.005946	0.000636	-0.363713	-0.592342	0.257242	-0.671320	27.263368	-79.242621	100.398167	-0.033688	0.183585	0.982426	-0.793087	-0.603078	0.085501	0.608176	-0.776269	0.165916
04493														9.859422	0.722228	1.513007	0.164472	0.012146	0.024166	0.999979	-0.000062	0.006385	0.000656	-0.364966	-0.587872	0.255357	-0.675278	25.274624	-78.621711	102.414797	-0.042414	0.192673	0.980346	-0.793140	-0.603186	0.084233	0.607560	-0.773979	0.178400
04494														9.927877	0.670940	1.630523	0.165639	0.011296	0.026034	0.999976	0.000024	0.006896	0.000690	-0.366257	-0.583056	0.253233	-0.679540	23.379382	-77.936495	104.351024	-0.051802	0.202474	0.977917	-0.793071	-0.603457	0.082933	0.606923	-0.771261	0.191837
04495														10.092526	0.699002	1.743640	0.168415	0.011773	0.027781	0.999971	0.000127	0.007612	0.000750	-0.367609	-0.577744	0.250800	-0.684233	21.539434	-77.165489	106.247932	-0.062152	0.213264	0.975016	-0.792857	-0.603926	0.081555	0.606231	-0.767979	0.206623
04496														10.103441	0.691791	1.881993	0.168639	0.011655	0.029941	0.999964	0.000192	0.008470	0.000778	-0.369099	-0.571824	0.248007	-0.689402	19.771591	-76.291059	108.084298	-0.073565	0.225283	0.971512	-0.792548	-0.604517	0.080167	0.605356	-0.764073	0.223019
04497														10.019536	0.659162	1.978892	0.167283	0.011112	0.031416	0.999956	0.000264	0.009382	0.000804	-0.370723	-0.565254	0.244821	-0.695065	18.093190	-75.306769	109.844709	-0.086105	0.238581	0.967298	-0.792125	-0.605254	0.078772	0.604254	-0.759438	0.241102
04498														9.898714	0.652582	2.078630	0.165312	0.011007	0.032958	0.999947	0.000325	0.010224	0.000857	-0.372447	-0.558052	0.241288	-0.701172	16.518852	-74.220199	111.512750	-0.099723	0.252997	0.962314	-0.791600	-0.606127	0.077321	0.602847	-0.754057	0.260717
04499														9.776039	0.592509	2.194816	0.163313	0.010018	0.034794	0.999939	0.000436	0.010975	0.000971	-0.374161	-0.550281	0.237430	-0.707688	15.051466	-73.043741	113.092973	-0.114389	0.268272	0.956528	-0.790884	-0.607261	0.075735	0.601180	-0.747839	0.281636
04500														9.642726	0.589418	2.369760	0.161148	0.009966	0.037625	0.999931	0.000565	0.011652	0.001019	-0.375885	-0.541992	0.233225	-0.714536	13.722220	-71.782548	114.553644	-0.129909	0.284354	0.949877	-0.789978	-0.608634	0.074159	0.599214	-0.740748	0.303701
04501														9.767370	0.637974	2.641375	0.163311	0.010768	0.041996	0.999922	0.000675	0.012467	0.001007	-0.377701	-0.533082	0.228596	-0.721740	12.532312	-70.420274	115.890431	-0.146330	0.301483	0.942176	-0.788926	-0.610171	0.072717	0.596811	-0.732666	0.327134
04502														9.701549	0.729270	2.816158	0.162295	0.012280	0.044754	0.999908	0.000649	0.013511	0.000955	-0.379747	-0.523329	0.223527	-0.729352	11.456841	-68.931264	117.113453	-0.163838	0.319982	0.933150	-0.787896	-0.611655	0.071405	0.593614	-0.723526	0.352325
04503														9.313641	0.652651	2.947405	0.155900	0.010989	0.046900	0.999897	0.000591	0.014322	0.000898	-0.381968	-0.512875	0.218119	-0.737214	10.500466	-67.342701	118.214175	-0.182119	0.339449	0.922825	-0.786920	-0.613049	0.070204	0.589567	-0.713404	0.378767
