// General information: 
//  MT Manager version: 2022.2.0 
//  XDA version: 2022.2.0 build 7381 rev 124627 built on 2023-07-19
// Device information: 
//  DeviceId: 00B4D204
//  ProductCode: MTW2-3A7G6
//  Firmware Version: 4.6.0
//  Hardware Version: 2.0.0
// Device settings: 
//  Filter Profile: human(46.1)
//  Option Flags: Orientation Smoother Disabled, Position/Velocity Smoother Disabled, Continuous Zero Rotation Update Disabled, AHS Disabled, ICC Disabled
// Coordinate system: ENU
PacketCounter	SampleTimeFine	Year	Month	Day	Second	UTC_Nano	UTC_Year	UTC_Month	UTC_Day	UTC_Hour	UTC_Minute	UTC_Second	UTC_Valid	Acc_X	Acc_Y	Acc_Z	VelInc_X	VelInc_Y	VelInc_Z	OriInc_q0	OriInc_q1	OriInc_q2	OriInc_q3	Quat_q0	Quat_q1	Quat_q2	Quat_q3	Roll	Pitch	Yaw	Mat[1][1]	Mat[2][1]	Mat[3][1]	Mat[1][2]	Mat[2][2]	Mat[3][2]	Mat[1][3]	Mat[2][3]	Mat[3][3]
04356														7.861837	0.447785	5.616719	0.131028	0.007459	0.093616	1.000000	-0.000004	-0.000031	-0.000036	-0.039384	0.455679	0.045328	0.888116	4.394588	-54.386425	-177.180375	-0.581611	-0.028645	0.812963	0.111265	-0.992789	0.044620	0.805822	0.116406	0.580604
04357														7.848169	0.434451	5.667179	0.130797	0.007239	0.094461	1.000000	-0.000017	-0.000059	-0.000026	-0.039348	0.455692	0.045334	0.888111	4.398896	-54.387962	-177.187302	-0.581592	-0.028574	0.812978	0.111207	-0.992793	0.044662	0.805843	0.116384	0.580578
04358														7.856125	0.425436	5.606669	0.130926	0.007088	0.093458	1.000000	-0.000052	-0.000104	-0.000057	-0.039266	0.455746	0.045324	0.888087	4.404710	-54.394442	-177.201044	-0.581507	-0.028430	0.813044	0.111055	-0.992808	0.044714	0.805926	0.116294	0.580482
04359														7.847945	0.449325	5.625283	0.130786	0.007488	0.093773	1.000000	-0.000037	-0.000141	-0.000030	-0.039215	0.455833	0.045318	0.888046	4.408307	-54.405335	-177.209716	-0.581357	-0.028334	0.813155	0.110964	-0.992817	0.044738	0.806046	0.116240	0.580325
04360														7.833615	0.459049	5.582879	0.130541	0.007650	0.093076	1.000000	-0.000015	-0.000213	-0.000016	-0.039176	0.455984	0.045326	0.887969	4.413407	-54.424657	-177.217859	-0.581087	-0.028238	0.813351	0.110910	-0.992822	0.044769	0.806248	0.116223	0.580048
04361														7.861784	0.435141	5.546984	0.131015	0.007244	0.092472	1.000000	0.000051	-0.000165	-0.000025	-0.039185	0.456090	0.045404	0.887911	4.426492	-54.438527	-177.223747	-0.580893	-0.028169	0.813492	0.111003	-0.992806	0.044886	0.806375	0.116374	0.579841
04362														7.881156	0.428165	5.551678	0.131342	0.007128	0.092544	1.000000	0.000081	-0.000117	-0.000005	-0.039213	0.456151	0.045491	0.887873	4.439245	-54.446891	-177.226928	-0.580776	-0.028131	0.813577	0.111134	-0.992786	0.045006	0.806442	0.116554	0.579713
04363														7.908111	0.395749	5.569140	0.131794	0.006588	0.092831	1.000000	0.000065	-0.000087	-0.000012	-0.039217	0.456189	0.045563	0.887850	4.451658	-54.451976	-177.232937	-0.580707	-0.028067	0.813628	0.111208	-0.992772	0.045126	0.806481	0.116687	0.579631
04364														7.903496	0.408069	5.594395	0.131718	0.006787	0.093250	1.000000	0.000109	-0.000073	-0.000032	-0.039233	0.456211	0.045686	0.887832	4.471859	-54.455261	-177.241374	-0.580665	-0.027979	0.813662	0.111349	-0.992747	0.045327	0.806492	0.116920	0.579569
04365														7.889104	0.453547	5.588766	0.131486	0.007543	0.093147	1.000000	0.000083	-0.000001	-0.000067	-0.039210	0.456167	0.045799	0.887849	4.493541	-54.449899	-177.255290	-0.580748	-0.027842	0.813607	0.111409	-0.992730	0.045552	0.806424	0.117097	0.579627
04366														7.875301	0.450921	5.587693	0.131254	0.007496	0.093131	1.000000	0.000113	-0.000013	-0.000068	-0.039187	0.456133	0.045932	0.887861	4.518925	-54.445735	-177.271253	-0.580814	-0.027683	0.813565	0.111486	-0.992709	0.045813	0.806366	0.117311	0.579666
04367														7.899017	0.475394	5.583043	0.131650	0.007906	0.093053	1.000000	0.000101	-0.000013	-0.000061	-0.039157	0.456099	0.046048	0.887874	4.541842	-54.441569	-177.286707	-0.580881	-0.027529	0.813523	0.111538	-0.992693	0.046050	0.806311	0.117488	0.579707
04368														7.882967	0.429460	5.600065	0.131391	0.007146	0.093324	1.000000	0.000062	0.000085	-0.000044	-0.039135	0.455981	0.046121	0.887932	4.556482	-54.426516	-177.296659	-0.581099	-0.027438	0.813370	0.111559	-0.992683	0.046215	0.806150	0.117595	0.579908
04369														7.857819	0.457124	5.600956	0.130965	0.007605	0.093349	1.000000	0.000102	0.000009	-0.000035	-0.039136	0.455930	0.046229	0.887952	4.575309	-54.420276	-177.306090	-0.581192	-0.027346	0.813307	0.111656	-0.992663	0.046413	0.806070	0.117785	0.579981
04370														7.860613	0.494093	5.603168	0.131013	0.008228	0.093382	1.000000	0.000047	0.000031	-0.000022	-0.039139	0.455863	0.046290	0.887983	4.585478	-54.411839	-177.310671	-0.581314	-0.027306	0.813221	0.111713	-0.992651	0.046525	0.805974	0.117893	0.580092
04371														7.822739	0.467436	5.607218	0.130383	0.007791	0.093448	1.000000	0.000019	0.000046	0.000018	-0.039147	0.455784	0.046297	0.888023	4.585946	-54.401768	-177.309568	-0.581456	-0.027323	0.813119	0.111730	-0.992648	0.046541	0.805869	0.117912	0.580234
04372														7.871842	0.497261	5.638252	0.131204	0.008293	0.093961	1.000000	-0.000062	0.000073	-0.000005	-0.039117	0.455684	0.046251	0.888078	4.580323	-54.388610	-177.310183	-0.581643	-0.027326	0.812985	0.111630	-0.992661	0.046499	0.805748	0.117799	0.580425
04373														7.830528	0.475705	5.656567	0.130521	0.007923	0.094260	1.000000	0.000026	0.000123	-0.000019	-0.039121	0.455535	0.046288	0.888153	4.586029	-54.369442	-177.312035	-0.581916	-0.027320	0.812790	0.111662	-0.992654	0.046579	0.805547	0.117863	0.580691
04374														7.806607	0.471348	5.557864	0.130112	0.007857	0.092629	1.000000	-0.000051	0.000015	-0.000024	-0.039073	0.455483	0.046258	0.888183	4.585005	-54.362519	-177.317492	-0.582016	-0.027269	0.812720	0.111548	-0.992667	0.046576	0.805490	0.117765	0.580790
04375														7.797102	0.405023	5.568183	0.129961	0.006756	0.092789	1.000000	-0.000120	0.000101	-0.000042	-0.038968	0.455358	0.046165	0.888257	4.577994	-54.345514	-177.327007	-0.582262	-0.027184	0.812547	0.111271	-0.992701	0.046524	0.805351	0.117502	0.581036
04376														7.923861	0.435625	5.584481	0.132081	0.007251	0.093051	1.000000	-0.000060	0.000173	-0.000113	-0.038846	0.455164	0.046166	0.888361	4.588631	-54.319897	-177.347473	-0.582634	-0.026993	0.812286	0.111045	-0.992719	0.046661	0.805113	0.117387	0.581390
04377														7.899150	0.497231	5.621502	0.131662	0.008272	0.093679	1.000000	0.000035	0.000098	-0.000091	-0.038772	0.455032	0.046236	0.888428	4.607180	-54.302766	-177.365985	-0.582886	-0.026815	0.812112	0.110971	-0.992718	0.046869	0.804941	0.117440	0.581617
04378														7.918991	0.484959	5.616166	0.131986	0.008079	0.093599	1.000000	0.000014	0.000026	-0.000019	-0.038768	0.454969	0.046267	0.888459	4.612889	-54.294782	-177.369270	-0.583000	-0.026787	0.812030	0.110987	-0.992713	0.046936	0.804856	0.117489	0.581725
04379														7.870838	0.432484	5.677663	0.131189	0.007196	0.094618	1.000000	0.000095	0.000083	-0.000026	-0.038794	0.454853	0.046370	0.888512	4.628252	-54.280276	-177.373350	-0.583207	-0.026755	0.811883	0.111121	-0.992690	0.047109	0.804687	0.117691	0.581917
04380														7.838783	0.446212	5.618560	0.130650	0.007420	0.093639	1.000000	0.000099	0.000037	-0.000058	-0.038790	0.454775	0.046491	0.888546	4.649649	-54.270611	-177.384512	-0.583349	-0.026648	0.811784	0.111220	-0.992668	0.047337	0.804571	0.117900	0.582036
04381														7.829932	0.473527	5.607344	0.130509	0.007877	0.093443	1.000000	0.000077	0.000100	-0.000061	-0.038775	0.454642	0.046592	0.888609	4.668312	-54.253679	-177.395550	-0.583594	-0.026546	0.811611	0.111276	-0.992651	0.047546	0.804385	0.118061	0.582260
04382														7.815840	0.496894	5.664490	0.130304	0.008275	0.094354	1.000000	0.000056	0.000421	-0.000010	-0.038800	0.454226	0.046632	0.888819	4.672179	-54.200417	-177.392745	-0.584346	-0.026609	0.811068	0.111335	-0.992640	0.047647	0.803831	0.118143	0.583008
04383														7.798298	0.518563	5.544362	0.129985	0.008623	0.092389	1.000000	0.000248	0.000151	0.000022	-0.038926	0.454045	0.046840	0.888895	4.696781	-54.178398	-177.388385	-0.584656	-0.026668	0.810843	0.111737	-0.992582	0.047923	0.803550	0.118620	0.583298
04384														7.809452	0.465412	5.636489	0.130172	0.007762	0.093921	1.000000	-0.000000	0.000159	0.000038	-0.038959	0.453867	0.046821	0.888985	4.690217	-54.155643	-177.380146	-0.584973	-0.026767	0.810611	0.111769	-0.992580	0.047882	0.803314	0.118611	0.583624
04385														7.832074	0.487418	5.633601	0.130537	0.008123	0.093891	1.000000	0.000039	0.000023	0.000026	-0.038994	0.453809	0.046850	0.889012	4.691911	-54.148377	-177.376294	-0.585074	-0.026811	0.810536	0.111854	-0.992569	0.047908	0.803229	0.118691	0.583726
04386														7.805035	0.470714	5.652024	0.130092	0.007845	0.094189	1.000000	0.000066	0.000093	0.000043	-0.039065	0.453687	0.046892	0.889068	4.692852	-54.133274	-177.367223	-0.585283	-0.026913	0.810382	0.112011	-0.992550	0.047935	0.803055	0.118827	0.583938
04387														7.808820	0.508431	5.622401	0.130152	0.008468	0.093700	1.000000	0.000095	0.000060	0.000025	-0.039139	0.453593	0.046974	0.889109	4.700307	-54.121826	-177.361149	-0.585442	-0.026983	0.810265	0.112211	-0.992523	0.048024	0.802911	0.119036	0.584093
04388														7.824901	0.498905	5.662296	0.130412	0.008321	0.094376	1.000000	0.000039	-0.000029	0.000071	-0.039222	0.453583	0.046989	0.889110	4.695467	-54.121021	-177.347920	-0.585447	-0.027118	0.810257	0.112372	-0.992507	0.047976	0.802885	0.119138	0.584108
04389														7.818143	0.474769	5.653975	0.130301	0.007926	0.094233	1.000000	-0.000048	-0.000005	0.000066	-0.039251	0.453555	0.046922	0.889126	4.681098	-54.117287	-177.336753	-0.585495	-0.027235	0.810219	0.112361	-0.992515	0.047834	0.802852	0.119043	0.584173
04390														7.802936	0.434933	5.618491	0.130049	0.007252	0.093641	1.000000	0.000008	0.000008	0.000030	-0.039270	0.453511	0.046919	0.889148	4.678805	-54.111773	-177.332921	-0.585571	-0.027278	0.810162	0.112391	-0.992513	0.047817	0.802792	0.119055	0.584252
04391														7.816728	0.480698	5.634980	0.130282	0.008013	0.093911	1.000000	-0.000028	0.000038	-0.000011	-0.039254	0.453440	0.046909	0.889185	4.678343	-54.102522	-177.334458	-0.585702	-0.027268	0.810067	0.112350	-0.992517	0.047823	0.802702	0.119021	0.584383
04392														7.863138	0.483842	5.612078	0.131059	0.008066	0.093525	1.000000	-0.000007	0.000073	0.000008	-0.039254	0.453337	0.046901	0.889238	4.676831	-54.089291	-177.333370	-0.585889	-0.027288	0.809932	0.112336	-0.992519	0.047822	0.802568	0.119004	0.584571
04393														7.870730	0.499406	5.640433	0.131182	0.008326	0.094002	1.000000	0.000003	0.000039	0.000025	-0.039270	0.453265	0.046896	0.889275	4.674229	-54.080042	-177.329707	-0.586017	-0.027331	0.809837	0.112356	-0.992517	0.047807	0.802471	0.119005	0.584703
04394														7.845271	0.474431	5.677782	0.130755	0.007922	0.094628	1.000000	-0.000078	0.000005	0.000058	-0.039283	0.453227	0.046806	0.889298	4.657509	-54.074986	-177.319415	-0.586084	-0.027440	0.809786	0.112296	-0.992532	0.047642	0.802431	0.118857	0.584789
04395														7.845302	0.431920	5.662309	0.130751	0.007205	0.094377	1.000000	-0.000013	-0.000044	0.000041	-0.039301	0.453231	0.046783	0.889297	4.651797	-54.075450	-177.314154	-0.586075	-0.027493	0.809790	0.112307	-0.992534	0.047583	0.802436	0.118832	0.584787
04396														7.803255	0.465380	5.654923	0.130053	0.007759	0.094250	1.000000	-0.000005	-0.000013	0.000020	-0.039319	0.453206	0.046781	0.889309	4.649796	-54.072373	-177.310681	-0.586117	-0.027531	0.809759	0.112337	-0.992531	0.047566	0.802401	0.118845	0.584832
04397														7.802213	0.471748	5.635386	0.130036	0.007873	0.093924	1.000000	-0.000063	-0.000008	0.000034	-0.039323	0.453180	0.046721	0.889325	4.638957	-54.068891	-177.304581	-0.586163	-0.027596	0.809723	0.112288	-0.992542	0.047459	0.802374	0.118741	0.584890
04398														7.816156	0.475399	5.636224	0.130268	0.007932	0.093938	1.000000	-0.000035	-0.000008	0.000041	-0.039343	0.453152	0.046680	0.889340	4.630026	-54.065307	-177.297382	-0.586210	-0.027672	0.809686	0.112284	-0.992546	0.047372	0.802340	0.118685	0.584948
04399														7.806331	0.456914	5.641506	0.130107	0.007623	0.094023	1.000000	-0.000054	0.000013	0.000024	-0.039332	0.453106	0.046626	0.889367	4.621562	-54.059162	-177.294290	-0.586295	-0.027708	0.809623	0.112214	-0.992558	0.047293	0.802288	0.118579	0.585041
04400														7.861299	0.434077	5.630088	0.131021	0.007239	0.093835	1.000000	-0.000007	-0.000001	0.000027	-0.039346	0.453070	0.046612	0.889386	4.617806	-54.054525	-177.290459	-0.586359	-0.027750	0.809576	0.112224	-0.992558	0.047260	0.802240	0.118565	0.585110
04401														7.841030	0.446998	5.635902	0.130679	0.007454	0.093939	1.000000	-0.000015	-0.000054	0.000022	-0.039359	0.453082	0.046601	0.889380	4.614650	-54.056030	-177.287140	-0.586336	-0.027783	0.809591	0.112239	-0.992558	0.047226	0.802255	0.118558	0.585091
04402														7.823751	0.454736	5.628146	0.130392	0.007578	0.093807	1.000000	0.000012	-0.000038	-0.000002	-0.039356	0.453076	0.046620	0.889381	4.618316	-54.055417	-177.289488	-0.586346	-0.027759	0.809585	0.112249	-0.992555	0.047264	0.802246	0.118588	0.585097
04403														7.822310	0.452839	5.660613	0.130373	0.007553	0.094342	1.000000	-0.000010	0.000011	0.000035	-0.039372	0.453030	0.046599	0.889405	4.613122	-54.049483	-177.284576	-0.586427	-0.027813	0.809524	0.112257	-0.992557	0.047218	0.802186	0.118564	0.585184
04404														7.830687	0.435802	5.620832	0.130511	0.007266	0.093681	1.000000	-0.000016	-0.000007	0.000007	-0.039369	0.452999	0.046590	0.889422	4.611779	-54.045456	-177.284094	-0.586484	-0.027821	0.809483	0.112243	-0.992559	0.047209	0.802146	0.118546	0.585242
04405														7.870766	0.448197	5.655961	0.131176	0.007472	0.094270	1.000000	0.000009	-0.000032	0.000026	-0.039387	0.452991	0.046594	0.889425	4.610852	-54.044516	-177.281355	-0.586496	-0.027850	0.809473	0.112276	-0.992555	0.047200	0.802133	0.118568	0.585256
04406														7.846562	0.474079	5.655575	0.130773	0.007903	0.094264	1.000000	0.000020	-0.000030	0.000028	-0.039406	0.452980	0.046603	0.889429	4.610641	-54.043215	-177.278767	-0.586513	-0.027877	0.809460	0.112317	-0.992551	0.047199	0.802114	0.118599	0.585275
04407														7.826084	0.445755	5.646105	0.130432	0.007437	0.094106	1.000000	0.000012	-0.000029	0.000064	-0.039454	0.452970	0.046588	0.889433	4.603693	-54.042137	-177.268931	-0.586523	-0.027978	0.809449	0.112390	-0.992546	0.047130	0.802097	0.118616	0.585296
04408														7.828055	0.446468	5.612987	0.130465	0.007449	0.093553	1.000000	-0.000005	-0.000027	0.000060	-0.039493	0.452960	0.046561	0.889438	4.595675	-54.040915	-177.259840	-0.586536	-0.028072	0.809437	0.112434	-0.992545	0.047049	0.802081	0.118604	0.585319
04409														7.806366	0.457386	5.651281	0.130101	0.007629	0.094195	1.000000	-0.000027	-0.000054	0.000029	-0.039492	0.452972	0.046530	0.889433	4.590375	-54.042471	-177.257289	-0.586513	-0.028097	0.809452	0.112405	-0.992551	0.046993	0.802102	0.118549	0.585302
04410														7.841284	0.447987	5.645303	0.130685	0.007472	0.094092	1.000000	-0.000003	-0.000031	0.000042	-0.039527	0.452963	0.046517	0.889437	4.584989	-54.041370	-177.250057	-0.586525	-0.028172	0.809441	0.112454	-0.992548	0.046940	0.802087	0.118556	0.585322
04411														7.838905	0.452341	5.658109	0.130645	0.007553	0.094306	1.000000	-0.000050	-0.000032	0.000069	-0.039549	0.452959	0.046445	0.889442	4.570586	-54.040826	-177.239877	-0.586527	-0.028277	0.809436	0.112428	-0.992557	0.046793	0.802088	0.118449	0.585341
04412														7.813065	0.434592	5.674927	0.130211	0.007247	0.094591	1.000000	0.000003	-0.000066	0.000028	-0.039568	0.452981	0.046445	0.889430	4.568788	-54.043746	-177.236542	-0.586485	-0.028309	0.809466	0.112463	-0.992555	0.046771	0.802115	0.118466	0.585302
04413														7.772522	0.428426	5.619444	0.129540	0.007148	0.093660	1.000000	-0.000043	-0.000023	0.000031	-0.039575	0.452967	0.046402	0.889439	4.560685	-54.041761	-177.231423	-0.586510	-0.028363	0.809445	0.112437	-0.992561	0.046691	0.802100	0.118396	0.585336
04414														7.790355	0.419457	5.626504	0.129841	0.007000	0.093772	1.000000	-0.000093	0.000019	0.000004	-0.039535	0.452915	0.046324	0.889471	4.550682	-54.034710	-177.231337	-0.586609	-0.028368	0.809373	0.112293	-0.992582	0.046597	0.802047	0.118221	0.585444
04415														7.860109	0.435735	5.651248	0.131009	0.007259	0.094178	1.000000	-0.000015	0.000075	-0.000032	-0.039494	0.452810	0.046328	0.889526	4.554731	-54.021029	-177.238336	-0.586806	-0.028306	0.809233	0.112217	-0.992588	0.046653	0.801914	0.118186	0.585633
04416														7.848332	0.515802	5.648269	0.130800	0.008587	0.094146	1.000000	0.000088	-0.000055	-0.000010	-0.039515	0.452817	0.046418	0.889517	4.568457	-54.022243	-177.242566	-0.586791	-0.028262	0.809245	0.112337	-0.992568	0.046792	0.801908	0.118365	0.585605
04417														7.848344	0.466343	5.684084	0.130799	0.007772	0.094744	1.000000	0.000042	-0.000066	0.000028	-0.039553	0.452837	0.046452	0.889503	4.571244	-54.025131	-177.239271	-0.586749	-0.028294	0.809275	0.112435	-0.992556	0.046817	0.801925	0.118461	0.585562
04418														7.818213	0.412166	5.731054	0.130294	0.006872	0.095531	1.000000	0.000051	-0.000098	0.000054	-0.039619	0.452887	0.046487	0.889473	4.571490	-54.032003	-177.231082	-0.586648	-0.028373	0.809345	0.112586	-0.992539	0.046812	0.801978	0.118583	0.585465
04419														7.809352	0.461343	5.626352	0.130147	0.007677	0.093786	1.000000	0.000038	-0.000103	-0.000065	-0.039575	0.452937	0.046564	0.889446	4.588859	-54.038389	-177.245749	-0.586565	-0.028218	0.809411	0.112580	-0.992531	0.046982	0.802040	0.118682	0.585361
04420														7.734893	0.498144	5.642601	0.128906	0.008294	0.094057	1.000000	-0.000001	-0.000104	-0.000064	-0.039511	0.452987	0.046603	0.889421	4.601486	-54.044689	-177.260605	-0.586483	-0.028062	0.809475	0.112505	-0.992534	0.047104	0.802110	0.118696	0.585262
04421														7.764238	0.491793	5.714710	0.129399	0.008203	0.095251	1.000000	-0.000049	-0.000050	0.000014	-0.039497	0.452997	0.046565	0.889419	4.596013	-54.045723	-177.259662	-0.586468	-0.028071	0.809486	0.112446	-0.992543	0.047047	0.802129	0.118615	0.585251
04422														7.796567	0.455520	5.654479	0.129937	0.007598	0.094249	1.000000	-0.000015	-0.000062	0.000033	-0.039508	0.453017	0.046545	0.889409	4.591563	-54.048294	-177.256007	-0.586430	-0.028107	0.809512	0.112449	-0.992545	0.046999	0.802157	0.118590	0.585219
04423														7.834379	0.440828	5.634976	0.130568	0.007350	0.093922	1.000000	-0.000026	-0.000049	-0.000000	-0.039493	0.453023	0.046532	0.889407	4.590736	-54.049034	-177.257500	-0.586420	-0.028091	0.809520	0.112412	-0.992550	0.046990	0.802169	0.118555	0.585209
04424														7.822302	0.428271	5.652790	0.130368	0.007146	0.094218	1.000000	-0.000072	-0.000044	0.000007	-0.039466	0.453027	0.046476	0.889409	4.583388	-54.049252	-177.257276	-0.586417	-0.028093	0.809522	0.112313	-0.992565	0.046914	0.802185	0.118431	0.585212
04425														7.803502	0.434120	5.677722	0.130053	0.007235	0.094636	1.000000	-0.000034	-0.000057	-0.000030	-0.039417	0.453040	0.046469	0.889405	4.586505	-54.050566	-177.265259	-0.586402	-0.028010	0.809535	0.112219	-0.992574	0.046945	0.802209	0.118374	0.585191
04426														7.811112	0.457153	5.685041	0.130181	0.007619	0.094756	1.000000	-0.000010	-0.000042	-0.000007	-0.039391	0.453039	0.046468	0.889407	4.588561	-54.050341	-177.269642	-0.586408	-0.027966	0.809533	0.112172	-0.992578	0.046966	0.802212	0.118348	0.585193
04427														7.814267	0.451915	5.671199	0.130235	0.007527	0.094524	1.000000	0.000023	-0.000029	-0.000020	-0.039385	0.453024	0.046507	0.889413	4.595981	-54.048532	-177.274174	-0.586435	-0.027921	0.809515	0.112196	-0.992572	0.047044	0.802188	0.118412	0.585212
04428														7.832984	0.444328	5.676925	0.130537	0.007404	0.094633	1.000000	0.000010	-0.000133	-0.000000	-0.039368	0.453104	0.046524	0.889372	4.600450	-54.058717	-177.278857	-0.586294	-0.027866	0.809619	0.112186	-0.992571	0.047078	0.802293	0.118429	0.585065
04429														7.846256	0.415293	5.641787	0.130767	0.006919	0.094036	1.000000	-0.000024	-0.000046	-0.000039	-0.039322	0.453106	0.046531	0.889373	4.605885	-54.058746	-177.287620	-0.586298	-0.027776	0.809619	0.112110	-0.992577	0.047133	0.802301	0.118401	0.585060
04430														7.832012	0.459579	5.636007	0.130529	0.007651	0.093940	1.000000	-0.000036	-0.000053	-0.000089	-0.039224	0.453111	0.046549	0.889373	4.617726	-54.059014	-177.306225	-0.586303	-0.027586	0.809622	0.111954	-0.992589	0.047254	0.802319	0.118345	0.585046
04431														7.850807	0.502842	5.605548	0.130845	0.008370	0.093430	1.000000	0.000015	-0.000029	-0.000070	-0.039161	0.453096	0.046601	0.889381	4.632341	-54.056812	-177.321742	-0.586342	-0.027428	0.809599	0.111888	-0.992589	0.047406	0.802300	0.118380	0.585065
04432														7.856622	0.524720	5.645856	0.130941	0.008747	0.094101	1.000000	0.000024	-0.000024	0.000028	-0.039186	0.453078	0.046615	0.889388	4.632393	-54.054759	-177.318437	-0.586369	-0.027463	0.809578	0.111944	-0.992583	0.047409	0.802272	0.118426	0.585094
04433														7.830082	0.425484	5.632341	0.130496	0.007091	0.093880	1.000000	-0.000002	-0.000057	-0.000003	-0.039178	0.453091	0.046625	0.889382	4.634881	-54.056372	-177.320844	-0.586347	-0.027438	0.809595	0.111939	-0.992582	0.047432	0.802288	0.118437	0.585069
04434														7.851573	0.453578	5.640417	0.130855	0.007554	0.094014	1.000000	0.000016	-0.000054	-0.000028	-0.039148	0.453099	0.046658	0.889377	4.643380	-54.057324	-177.329102	-0.586338	-0.027353	0.809605	0.111915	-0.992581	0.047518	0.802298	0.118469	0.585049
04435														7.837388	0.497543	5.634561	0.130618	0.008292	0.093916	1.000000	0.000003	-0.000050	-0.000003	-0.039145	0.453105	0.046671	0.889374	4.645964	-54.058095	-177.330811	-0.586328	-0.027335	0.809613	0.111923	-0.992579	0.047543	0.802305	0.118490	0.585036
04436														7.810437	0.488051	5.631838	0.130167	0.008134	0.093873	1.000000	0.000006	-0.000072	0.000001	-0.039149	0.453130	0.046689	0.889360	4.648757	-54.061424	-177.331755	-0.586281	-0.027323	0.809647	0.111948	-0.992575	0.047568	0.802335	0.118527	0.584987
04437														7.805405	0.457907	5.642079	0.130084	0.007632	0.094043	1.000000	-0.000000	-0.000067	-0.000001	-0.039133	0.453151	0.046695	0.889349	4.651271	-54.064123	-177.335241	-0.586245	-0.027285	0.809674	0.111925	-0.992576	0.047591	0.802365	0.118523	0.584947
04438														7.836386	0.462127	5.629714	0.130603	0.007699	0.093834	1.000000	-0.000003	-0.000039	-0.000025	-0.039096	0.453147	0.046709	0.889352	4.656912	-54.063463	-177.342865	-0.586258	-0.027208	0.809668	0.111871	-0.992580	0.047649	0.802363	0.118513	0.584951
04439														7.850649	0.467173	5.629952	0.130840	0.007785	0.093838	1.000000	-0.000025	-0.000044	-0.000029	-0.039049	0.453148	0.046707	0.889354	4.660742	-54.063243	-177.350870	-0.586265	-0.027126	0.809665	0.111786	-0.992587	0.047688	0.802370	0.118467	0.584951
04440														7.868887	0.459621	5.636324	0.131145	0.007656	0.093943	1.000000	0.000002	-0.000035	-0.000034	-0.039016	0.453139	0.046733	0.889359	4.668174	-54.062016	-177.358804	-0.586286	-0.027046	0.809653	0.111752	-0.992588	0.047766	0.802359	0.118484	0.584962
04441														7.855557	0.496597	5.650393	0.130926	0.008272	0.094174	1.000000	-0.000029	-0.000005	-0.000055	-0.038958	0.453104	0.046743	0.889378	4.674897	-54.057268	-177.369583	-0.586358	-0.026938	0.809604	0.111655	-0.992595	0.047840	0.802320	0.118448	0.585024
04442														7.796802	0.441888	5.645514	0.129954	0.007367	0.094082	1.000000	-0.000040	0.000076	-0.000009	-0.038930	0.453000	0.046715	0.889434	4.672264	-54.043604	-177.371391	-0.586552	-0.026929	0.809464	0.111576	-0.992604	0.047828	0.802190	0.118370	0.585218
04443														7.823680	0.492420	5.664000	0.130405	0.008209	0.094385	1.000000	-0.000034	0.000109	-0.000012	-0.038910	0.452865	0.046695	0.889505	4.670311	-54.026096	-177.372563	-0.586799	-0.026928	0.809285	0.111514	-0.992611	0.047829	0.802017	0.118312	0.585466
04444														7.842092	0.486059	5.639584	0.130706	0.008101	0.093986	1.000000	-0.000019	0.000051	-0.000011	-0.038888	0.452782	0.046687	0.889549	4.670753	-54.015310	-177.375313	-0.586953	-0.026907	0.809174	0.111463	-0.992616	0.047846	0.801912	0.118276	0.585618
04445														7.836202	0.497249	5.666668	0.130605	0.008284	0.094443	1.000000	0.000005	0.000013	-0.000020	-0.038875	0.452731	0.046710	0.889574	4.675696	-54.008772	-177.379323	-0.587047	-0.026870	0.809107	0.111457	-0.992614	0.047904	0.801844	0.118303	0.585706
04446														7.815219	0.469529	5.657865	0.130254	0.007828	0.094297	1.000000	-0.000034	0.000004	-0.000009	-0.038854	0.452690	0.046693	0.889596	4.674510	-54.003369	-177.381246	-0.587124	-0.026854	0.809052	0.111403	-0.992620	0.047898	0.801795	0.118253	0.585783
04447														7.811951	0.474862	5.671872	0.130207	0.007915	0.094520	1.000000	0.000002	0.000086	0.000009	-0.038871	0.452576	0.046697	0.889654	4.673614	-53.988755	-177.378198	-0.587329	-0.026894	0.808902	0.111431	-0.992617	0.047905	0.801641	0.118273	0.585989
04448														7.799772	0.463972	5.659293	0.130007	0.007742	0.094306	1.000000	-0.000033	0.000116	0.000045	-0.038895	0.452437	0.046649	0.889725	4.662745	-53.970970	-177.369008	-0.587575	-0.027000	0.808719	0.111423	-0.992622	0.047815	0.801461	0.118205	0.586248
04449														7.803225	0.491923	5.681853	0.130057	0.008199	0.094693	1.000000	0.000005	0.000036	0.000006	-0.038898	0.452367	0.046655	0.889761	4.663287	-53.961998	-177.368594	-0.587701	-0.027010	0.808627	0.111431	-0.992621	0.047830	0.801368	0.118216	0.586374
04450														7.808400	0.480200	5.655823	0.130143	0.008015	0.094259	1.000000	-0.000048	0.000031	0.000052	-0.038927	0.452306	0.046599	0.889793	4.650858	-53.954155	-177.358336	-0.587807	-0.027120	0.808546	0.111428	-0.992627	0.047712	0.801291	0.118140	0.586495
04451														7.779276	0.467733	5.686768	0.129651	0.007805	0.094783	1.000000	-0.000058	-0.000031	0.000028	-0.038921	0.452300	0.046542	0.889800	4.641514	-53.953070	-177.354398	-0.587821	-0.027162	0.808535	0.111365	-0.992638	0.047618	0.801290	0.118033	0.586518
04452														7.794960	0.464391	5.706263	0.129909	0.007746	0.095114	1.000000	-0.000040	-0.000075	0.000019	-0.038921	0.452331	0.046511	0.889786	4.636268	-53.956965	-177.351788	-0.587764	-0.027186	0.808575	0.111340	-0.992644	0.047560	0.801334	0.117980	0.586467
04453														7.812471	0.462800	5.692657	0.130200	0.007721	0.094888	1.000000	-0.000065	-0.000086	0.000014	-0.038904	0.452372	0.046460	0.889768	4.628992	-53.962052	-177.350464	-0.587692	-0.027196	0.808628	0.111265	-0.992656	0.047479	0.801398	0.117875	0.586402
04454														7.809519	0.474231	5.685226	0.130149	0.007917	0.094765	1.000000	-0.000104	-0.000095	0.000026	-0.038864	0.452424	0.046363	0.889749	4.615793	-53.968190	-177.349039	-0.587605	-0.027207	0.808691	0.111110	-0.992680	0.047337	0.801483	0.117669	0.586327
04455														7.802335	0.457306	5.656301	0.130029	0.007628	0.094284	1.000000	-0.000046	-0.000100	0.000011	-0.038844	0.452476	0.046327	0.889725	4.611360	-53.974765	-177.349505	-0.587512	-0.027198	0.808758	0.111045	-0.992690	0.047285	0.801560	0.117589	0.586238
04456														7.811545	0.440037	5.615163	0.130186	0.007341	0.093594	1.000000	-0.000052	-0.000067	0.000015	-0.038825	0.452501	0.046284	0.889715	4.605551	-53.977690	-177.349115	-0.587471	-0.027200	0.808788	0.110973	-0.992701	0.047222	0.801600	0.117495	0.586201
04457														7.854203	0.404647	5.621636	0.130905	0.006759	0.093690	1.000000	-0.000107	0.000024	0.000039	-0.038794	0.452447	0.046170	0.889750	4.588526	-53.970241	-177.344288	-0.587574	-0.027254	0.808712	0.110813	-0.992727	0.047056	0.801547	0.117264	0.586320
04458														7.895401	0.459383	5.640454	0.131598	0.007654	0.093997	1.000000	-0.000048	0.000077	-0.000050	-0.038731	0.452340	0.046156	0.889808	4.591364	-53.956163	-177.353446	-0.587776	-0.027169	0.808567	0.110682	-0.992739	0.047101	0.801416	0.117179	0.586516
04459														7.897229	0.543975	5.638759	0.131618	0.009060	0.093984	1.000000	0.000066	-0.000028	0.000000	-0.038770	0.452324	0.046228	0.889811	4.600319	-53.954497	-177.352845	-0.587800	-0.027177	0.808550	0.110816	-0.992720	0.047195	0.801381	0.117342	0.586532
04460														7.847514	0.496004	5.711963	0.130785	0.008273	0.095208	1.000000	0.000049	-0.000063	0.000087	-0.038859	0.452344	0.046239	0.889796	4.594500	-53.957535	-177.338573	-0.587750	-0.027321	0.808581	0.110985	-0.992704	0.047132	0.801394	0.117442	0.586494
04461														7.765153	0.416664	5.741940	0.129407	0.006948	0.095715	1.000000	0.000060	-0.000121	0.000068	-0.038938	0.452415	0.046274	0.889755	4.593708	-53.967167	-177.328252	-0.587609	-0.027421	0.808680	0.111161	-0.992685	0.047113	0.801473	0.117577	0.586359
04462														7.746542	0.448031	5.642116	0.129096	0.007462	0.094053	1.000000	-0.000003	-0.000138	-0.000041	-0.038884	0.452497	0.046299	0.889714	4.603003	-53.977555	-177.340199	-0.587469	-0.027291	0.808787	0.111092	-0.992689	0.047196	0.801585	0.117576	0.586205
04463														7.757669	0.506843	5.650843	0.129291	0.008450	0.094185	1.000000	-0.000054	-0.000040	-0.000018	-0.038833	0.452496	0.046265	0.889718	4.601576	-53.977047	-177.346041	-0.587479	-0.027232	0.808781	0.110970	-0.992703	0.047182	0.801595	0.117469	0.586214
04464														7.773278	0.502911	5.670511	0.129550	0.008404	0.094514	1.000000	-0.000121	-0.000047	0.000083	-0.038853	0.452508	0.046131	0.889718	4.576644	-53.978265	-177.330867	-0.587454	-0.027386	0.808794	0.110886	-0.992725	0.046925	0.801625	0.117250	0.586217
04465														7.857728	0.439682	5.663429	0.130952	0.007344	0.094404	1.000000	-0.000098	-0.000106	0.000048	-0.038851	0.452570	0.046037	0.889692	4.560579	-53.985980	-177.323139	-0.587342	-0.027461	0.808873	0.110801	-0.992742	0.046752	0.801719	0.117084	0.586122
04466														7.833939	0.423218	5.646940	0.130557	0.007062	0.094127	1.000000	-0.000050	-0.000086	0.000028	-0.038844	0.452612	0.045990	0.889673	4.553114	-53.991151	-177.320410	-0.587267	-0.027485	0.808926	0.110748	-0.992752	0.046670	0.801780	0.116995	0.586055
04467														7.818455	0.422783	5.657972	0.130298	0.007057	0.094312	1.000000	-0.000070	-0.000099	0.000034	-0.038846	0.452667	0.045929	0.889648	4.542383	-53.998028	-177.314857	-0.587168	-0.027538	0.808997	0.110700	-0.992763	0.046553	0.801860	0.116890	0.585967
04468														7.811407	0.447136	5.644582	0.130184	0.007459	0.094085	1.000000	-0.000052	-0.000067	0.000015	-0.038831	0.452691	0.045887	0.889639	4.536380	-54.000918	-177.313806	-0.587126	-0.027546	0.809026	0.110636	-0.992773	0.046488	0.801899	0.116802	0.585931
04469														7.827116	0.444085	5.664025	0.130448	0.007404	0.094405	1.000000	-0.000038	-0.000041	-0.000004	-0.038802	0.452689	0.045861	0.889642	4.534477	-54.000500	-177.316547	-0.587134	-0.027519	0.809022	0.110562	-0.992782	0.046469	0.801904	0.116730	0.585938
04470														7.825276	0.449059	5.676146	0.130410	0.007490	0.094617	1.000000	-0.000038	-0.000115	0.000015	-0.038794	0.452756	0.045834	0.889610	4.530741	-54.008969	-177.315998	-0.587014	-0.027519	0.809109	0.110526	-0.992789	0.046421	0.801997	0.116678	0.585822
04471														7.840459	0.421166	5.607489	0.130659	0.007021	0.093479	1.000000	-0.000045	-0.000162	-0.000019	-0.038729	0.452864	0.045810	0.889560	4.532346	-54.022381	-177.325495	-0.586829	-0.027412	0.809247	0.110395	-0.992803	0.046423	0.802150	0.116579	0.585632
04472														7.832044	0.436214	5.678416	0.130529	0.007263	0.094647	1.000000	-0.000073	-0.000057	-0.000107	-0.038601	0.452874	0.045805	0.889560	4.542849	-54.023056	-177.347325	-0.586830	-0.027188	0.809253	0.110164	-0.992824	0.046530	0.802181	0.116455	0.585614
04473														7.829856	0.452044	5.639021	0.130496	0.007518	0.093988	1.000000	-0.000020	-0.000032	-0.000136	-0.038472	0.452859	0.045860	0.889570	4.563743	-54.020605	-177.374487	-0.586878	-0.026912	0.809228	0.109984	-0.992834	0.046746	0.802171	0.116436	0.585632
04474														7.853633	0.475805	5.634345	0.130893	0.007921	0.093907	1.000000	-0.000052	-0.000014	-0.000107	-0.038354	0.452830	0.045871	0.889590	4.576077	-54.016344	-177.395861	-0.586948	-0.026696	0.809185	0.109783	-0.992850	0.046877	0.802147	0.116349	0.585681
04475														7.862907	0.443848	5.665862	0.131050	0.007395	0.094429	1.000000	-0.000080	0.000010	-0.000078	-0.038240	0.452783	0.045839	0.889620	4.580512	-54.009565	-177.412629	-0.587051	-0.026528	0.809115	0.109549	-0.992873	0.046930	0.802104	0.116188	0.585773
04476														7.885565	0.434414	5.595142	0.131437	0.007235	0.093237	1.000000	-0.000148	0.000108	-0.000145	-0.038066	0.452647	0.045785	0.889699	4.586173	-53.991139	-177.437376	-0.587322	-0.026286	0.808926	0.109184	-0.992909	0.047008	0.801955	0.115931	0.586028
04477														7.885000	0.437523	5.565185	0.131439	0.007275	0.092723	1.000000	-0.000091	0.000224	-0.000194	-0.037868	0.452405	0.045795	0.889831	4.604934	-53.958991	-177.471470	-0.587791	-0.025957	0.808596	0.108829	-0.992938	0.047237	0.801659	0.115764	0.586465
04478														7.852071	0.468078	5.647761	0.130891	0.007777	0.094100	1.000000	-0.000028	0.000225	-0.000208	-0.037681	0.452158	0.045864	0.889961	4.632843	-53.926402	-177.508885	-0.588268	-0.025593	0.808261	0.108544	-0.992953	0.047559	0.801349	0.115710	0.586900
04479														7.841526	0.487234	5.690662	0.130708	0.008099	0.094824	1.000000	-0.000082	0.000147	-0.000221	-0.037451	0.451980	0.045892	0.890059	4.657343	-53.902519	-177.550129	-0.588622	-0.025184	0.808016	0.108152	-0.992983	0.047838	0.801141	0.115547	0.587215
04480														7.793883	0.447105	5.669002	0.129914	0.007428	0.094463	1.000000	-0.000208	0.000147	-0.000338	-0.037051	0.451803	0.045855	0.890168	4.685817	-53.877567	-177.615389	-0.589002	-0.024528	0.807759	0.107398	-0.993049	0.048158	0.800963	0.115117	0.587542
04481														7.784759	0.418272	5.715269	0.129762	0.006942	0.095235	1.000000	-0.000664	0.000111	-0.000711	-0.036116	0.451658	0.045587	0.890293	4.721080	-53.853283	-177.752872	-0.589401	-0.023128	0.807509	0.105488	-0.993235	0.048548	0.800923	0.113797	0.587854
04482														8.055312	0.448685	5.444188	0.134293	0.007403	0.090686	1.000000	0.000016	0.000373	-0.000552	-0.035667	0.451262	0.045854	0.890499	4.805432	-53.800700	-177.851810	-0.590181	-0.022138	0.806968	0.104906	-0.993251	0.049476	0.800426	0.113856	0.588520
04483														7.948196	0.542323	5.590487	0.132538	0.008954	0.093087	1.000000	0.000272	0.000682	-0.000451	-0.035412	0.450585	0.046280	0.890830	4.899080	-53.713400	-177.929121	-0.591438	-0.021386	0.806067	0.104798	-0.993208	0.050542	0.799511	0.114367	0.589663
04484														7.928396	0.570328	5.685497	0.132189	0.009456	0.094694	1.000000	0.000013	0.000485	-0.000364	-0.035112	0.450097	0.046443	0.891080	4.951692	-53.649430	-177.992074	-0.592360	-0.020768	0.805405	0.104384	-0.993220	0.051161	0.798883	0.114377	0.590512
04485														7.882143	0.519387	5.673609	0.131401	0.008626	0.094518	1.000000	-0.000113	0.000312	-0.000315	-0.034791	0.449769	0.046480	0.891256	4.984695	-53.605741	-178.048475	-0.592994	-0.020206	0.804953	0.103827	-0.993258	0.051555	0.798485	0.114147	0.591094
04486														7.880973	0.518342	5.665472	0.131384	0.008597	0.094380	1.000000	0.000027	0.000338	-0.000304	-0.034545	0.449415	0.046636	0.891436	5.031623	-53.559263	-178.102208	-0.593665	-0.019671	0.804472	0.103507	-0.993263	0.052096	0.798028	0.114196	0.591702
04487														7.822824	0.587711	5.665645	0.130421	0.009758	0.094375	1.000000	0.000052	0.000404	-0.000248	-0.034340	0.449003	0.046777	0.891644	5.071894	-53.505577	-178.146907	-0.594434	-0.019232	0.803915	0.103244	-0.993265	0.052579	0.797490	0.114254	0.592416
04488														7.788716	0.579954	5.702729	0.129853	0.009639	0.094992	1.000000	-0.000050	0.000410	-0.000244	-0.034112	0.448590	0.046833	0.891858	5.099608	-53.451364	-178.188172	-0.595207	-0.018828	0.803352	0.102864	-0.993286	0.052933	0.796961	0.114142	0.593148
04489														7.777763	0.544000	5.772196	0.129669	0.009037	0.096152	1.000000	-0.000109	0.000386	-0.000313	-0.033804	0.448196	0.046873	0.892065	5.131275	-53.399212	-178.241771	-0.595955	-0.018294	0.802809	0.102327	-0.993320	0.053326	0.796471	0.113929	0.593846
04490														7.742903	0.594086	5.752922	0.129088	0.009861	0.095833	1.000000	-0.000043	0.000374	-0.000343	-0.033490	0.447809	0.046982	0.892266	5.175210	-53.348046	-178.302207	-0.596691	-0.017686	0.802277	0.101842	-0.993342	0.053846	0.795983	0.113835	0.594519
04491														7.841728	0.573749	5.743200	0.130735	0.009527	0.095669	1.000000	-0.000131	0.000377	-0.000365	-0.033112	0.447422	0.047019	0.892472	5.212283	-53.296261	-178.367428	-0.597435	-0.017028	0.801737	0.101177	-0.993386	0.054297	0.795509	0.113556	0.595206
04492														8.376226	0.367450	5.844530	0.139649	0.005929	0.097355	0.999999	0.000523	0.000406	-0.001035	-0.032436	0.446956	0.047943	0.892681	5.426197	-53.234158	-178.558819	-0.598357	-0.015054	0.801088	0.100768	-0.993299	0.056601	0.794868	0.114591	0.595864
04493														8.214987	0.478228	5.829085	0.137078	0.007530	0.096958	0.999995	0.002074	0.001528	-0.001746	-0.031879	0.445401	0.050536	0.893335	5.907880	-53.035381	-178.862262	-0.601203	-0.011940	0.799007	0.101976	-0.992860	0.061894	0.792563	0.118690	0.598128
04494														7.146136	0.858078	5.744513	0.119209	0.014011	0.095652	0.999997	0.001852	0.000977	-0.000953	-0.031830	0.444386	0.052559	0.893725	6.249935	-52.907683	-179.032749	-0.603015	-0.010181	0.797665	0.103607	-0.992449	0.065657	0.790973	0.122235	0.599516
04495														7.517862	0.898758	5.843137	0.125282	0.014891	0.097419	1.000000	-0.000273	-0.000300	-0.000914	-0.030808	0.444580	0.052705	0.893656	6.362502	-52.925382	-179.220656	-0.602799	-0.008200	0.797851	0.101926	-0.992546	0.066807	0.791356	0.121594	0.599141
04496														8.245254	0.640199	5.851049	0.137351	0.010674	0.097616	0.999999	-0.001118	-0.000804	-0.000765	-0.029585	0.445254	0.052079	0.893399	6.364479	-53.002324	-179.382444	-0.601748	-0.006486	0.798660	0.099240	-0.992825	0.066709	0.792497	0.119401	0.598074
04497														9.119155	0.720540	5.954344	0.151939	0.012150	0.099294	1.000000	-0.000377	-0.000389	0.000682	-0.029923	0.445613	0.051418	0.893247	6.225811	-53.050100	-179.272449	-0.601068	-0.007633	0.799161	0.099283	-0.992922	0.065189	0.793007	0.118526	0.597571
04498														7.404105	0.349380	5.571586	0.123457	0.005769	0.092790	1.000000	0.000767	0.000603	0.000137	-0.030424	0.445019	0.052036	0.893490	6.284165	-52.978244	-179.233572	-0.602064	-0.008054	0.798407	0.100681	-0.992733	0.065908	0.792074	0.120065	0.598500
04499														7.184518	0.615369	5.787659	0.119683	0.010120	0.096549	0.999999	0.000816	-0.000664	-0.000475	-0.030331	0.445526	0.053008	0.893184	6.462250	-53.043141	-179.337716	-0.601173	-0.006949	0.799088	0.101416	-0.992540	0.067666	0.792657	0.121719	0.597394
04500														7.900911	0.723386	5.938039	0.131526	0.011995	0.099181	0.999998	-0.000341	-0.001657	-0.000726	-0.029439	0.446939	0.053085	0.892503	6.563418	-53.217462	-179.512284	-0.598758	-0.005097	0.800914	0.100000	-0.992631	0.068442	0.794663	0.121072	0.594855
04501														8.368430	0.625723	5.836703	0.139387	0.010316	0.097415	0.999999	-0.000139	-0.000988	-0.000909	-0.028451	0.447742	0.053373	0.892115	6.704668	-53.313009	-179.715270	-0.597436	-0.002969	0.801911	0.098559	-0.992684	0.069752	0.795837	0.120708	0.593357
04502														8.299717	0.782647	5.744576	0.138248	0.012889	0.095880	0.999999	0.000690	-0.000928	-0.000646	-0.028150	0.448477	0.054320	0.891698	6.900424	-53.405079	-179.857709	-0.596152	-0.001481	0.802870	0.098925	-0.992514	0.071624	0.796754	0.122123	0.591835
04503														8.055144	0.771247	5.965974	0.134092	0.012849	0.099649	0.999999	0.000139	-0.001599	0.000069	-0.028199	0.449864	0.054472	0.890988	6.936599	-53.583149	-179.880319	-0.593654	-0.001240	0.804719	0.099260	-0.992475	0.071696	0.798575	0.122439	0.589310
