// General information: 
//  MT Manager version: 2022.2.0 
//  XDA version: 2022.2.0 build 7381 rev 124627 built on 2023-07-19
// Device information: 
//  DeviceId: 00B4D204
//  ProductCode: MTW2-3A7G6
//  Firmware Version: 4.6.0
//  Hardware Version: 2.0.0
// Device settings: 
//  Filter Profile: human(46.1)
//  Option Flags: Orientation Smoother Disabled, Position/Velocity Smoother Disabled, Continuous Zero Rotation Update Disabled, AHS Disabled, ICC Disabled
// Coordinate system: ENU
PacketCounter	SampleTimeFine	Year	Month	Day	Second	UTC_Nano	UTC_Year	UTC_Month	UTC_Day	UTC_Hour	UTC_Minute	UTC_Second	UTC_Valid	Acc_X	Acc_Y	Acc_Z	VelInc_X	VelInc_Y	VelInc_Z	OriInc_q0	OriInc_q1	OriInc_q2	OriInc_q3	Quat_q0	Quat_q1	Quat_q2	Quat_q3	Roll	Pitch	Yaw	Mat[1][1]	Mat[2][1]	Mat[3][1]	Mat[1][2]	Mat[2][2]	Mat[3][2]	Mat[1][3]	Mat[2][3]	Mat[3][3]
02434														7.523297	0.176334	6.029679	0.125383	0.002943	0.100501	1.000000	0.000002	-0.000047	0.000037	-0.422948	-0.388173	0.195306	-0.795168	1.633888	-51.493148	123.195154	-0.340873	0.521005	0.782534	-0.824255	-0.565941	0.017752	0.452117	-0.638956	0.622355
02435														7.544094	0.200881	6.044721	0.125731	0.003353	0.100751	1.000000	-0.000010	-0.000042	0.000033	-0.422975	-0.388161	0.195339	-0.795151	1.630642	-51.493812	123.192654	-0.340846	0.521012	0.782541	-0.824305	-0.565869	0.017717	0.452046	-0.639014	0.622347
02436														7.516204	0.166984	6.051261	0.125267	0.002796	0.100858	1.000000	-0.000020	-0.000028	0.000084	-0.422923	-0.388115	0.195372	-0.795193	1.616972	-51.490786	123.207664	-0.341005	0.520958	0.782508	-0.824265	-0.565932	0.017570	0.451999	-0.639003	0.622393
02437														7.510393	0.189763	6.047253	0.125168	0.003176	0.100794	1.000000	-0.000050	-0.000053	0.000066	-0.422933	-0.388097	0.195453	-0.795177	1.604944	-51.493624	123.211369	-0.341017	0.520903	0.782539	-0.824323	-0.565852	0.017438	0.451884	-0.639118	0.622357
02438														7.538813	0.205313	6.052133	0.125636	0.003429	0.100882	1.000000	-0.000006	-0.000101	0.000056	-0.422866	-0.388114	0.195483	-0.795197	1.596557	-51.497487	123.224052	-0.341104	0.520784	0.782581	-0.824263	-0.565941	0.017345	0.451928	-0.639136	0.622307
02439														7.535436	0.165541	6.036121	0.125582	0.002773	0.100612	1.000000	-0.000046	-0.000080	0.000073	-0.422760	-0.388124	0.195521	-0.795239	1.582854	-51.501054	123.244988	-0.341267	0.520618	0.782620	-0.824164	-0.566091	0.017195	0.451986	-0.639139	0.622263
02440														7.525569	0.149621	6.016911	0.125418	0.002509	0.100291	1.000000	-0.000033	-0.000074	0.000098	-0.422710	-0.388108	0.195598	-0.795254	1.566343	-51.504011	123.259426	-0.341376	0.520498	0.782652	-0.824151	-0.566115	0.017015	0.451927	-0.639215	0.622227
02441														7.558412	0.203278	6.036564	0.125967	0.003399	0.100617	1.000000	-0.000038	-0.000063	0.000059	-0.422611	-0.388092	0.195611	-0.795312	1.553883	-51.503249	123.280061	-0.341569	0.520384	0.782643	-0.824045	-0.566273	0.016880	0.451973	-0.639168	0.622241
02442														7.562878	0.170859	5.998030	0.126039	0.002864	0.099978	1.000000	-0.000092	-0.000085	0.000057	-0.422543	-0.388072	0.195684	-0.795340	1.535890	-51.505485	123.297933	-0.341715	0.520252	0.782668	-0.824010	-0.566329	0.016683	0.451927	-0.639225	0.622216
02443														7.583145	0.178762	6.025773	0.126380	0.002982	0.100437	1.000000	-0.000030	-0.000056	-0.000003	-0.422582	-0.388073	0.195717	-0.795311	1.534968	-51.507500	123.292286	-0.341648	0.520263	0.782690	-0.824073	-0.566238	0.016673	0.451863	-0.639297	0.622189
02444														7.578246	0.189972	6.054760	0.126295	0.003168	0.100924	1.000000	-0.000056	-0.000094	-0.000027	-0.422632	-0.388108	0.195770	-0.795254	1.535941	-51.514525	123.282666	-0.341508	0.520240	0.782766	-0.824159	-0.566113	0.016681	0.451812	-0.639427	0.622093
02445														7.549004	0.166130	6.006656	0.125809	0.002778	0.100120	1.000000	-0.000039	-0.000074	0.000038	-0.422694	-0.388105	0.195862	-0.795200	1.528715	-51.519584	123.275960	-0.341410	0.520222	0.782821	-0.824282	-0.565937	0.016600	0.451663	-0.639597	0.622026
02446														7.565615	0.151386	6.006651	0.126087	0.002537	0.100119	1.000000	-0.000065	-0.000065	0.000057	-0.422756	-0.388091	0.195980	-0.795144	1.517060	-51.525058	123.271152	-0.341325	0.520188	0.782880	-0.824420	-0.565739	0.016472	0.451474	-0.639800	0.621954
02447														7.523565	0.133626	6.032310	0.125388	0.002239	0.100544	1.000000	-0.000090	-0.000046	0.000025	-0.422781	-0.388043	0.196054	-0.795136	1.504448	-51.524076	123.273940	-0.341358	0.520183	0.782870	-0.824492	-0.565638	0.016335	0.451318	-0.639894	0.621971
02448														7.526999	0.167598	6.026249	0.125450	0.002803	0.100437	1.000000	-0.000065	-0.000000	0.000025	-0.422769	-0.387974	0.196072	-0.795172	1.494044	-51.517486	123.282585	-0.341485	0.520206	0.782798	-0.824490	-0.565644	0.016225	0.451225	-0.639868	0.622064
02449														7.506576	0.141205	6.010719	0.125112	0.002366	0.100176	1.000000	-0.000113	0.000021	0.000009	-0.422907	-0.387881	0.196175	-0.795118	1.483474	-51.513062	123.269037	-0.341396	0.520338	0.782750	-0.824707	-0.565330	0.016111	0.450896	-0.640039	0.622128
02450														7.496651	0.128948	6.013688	0.124950	0.002159	0.100221	1.000000	-0.000096	0.000058	-0.000000	-0.422956	-0.387769	0.196190	-0.795143	1.474659	-51.501424	123.269482	-0.341487	0.520468	0.782624	-0.824774	-0.565235	0.016020	0.450704	-0.640017	0.622289
02451														7.515195	0.136685	6.043606	0.125262	0.002290	0.100715	1.000000	-0.000084	0.000089	0.000025	-0.423036	-0.387632	0.196223	-0.795159	1.463977	-51.487976	123.266827	-0.341564	0.520637	0.782478	-0.824886	-0.565075	0.015908	0.450441	-0.640021	0.622476
02452														7.490286	0.141141	6.066731	0.124847	0.002361	0.101101	1.000000	-0.000083	0.000090	-0.000001	-0.423051	-0.387486	0.196196	-0.795229	1.454452	-51.470005	123.274201	-0.341765	0.520799	0.782282	-0.824891	-0.565070	0.015811	0.450279	-0.639894	0.622724
02453														7.506011	0.142771	6.055843	0.125106	0.002388	0.100923	1.000000	-0.000088	0.000061	-0.000001	-0.423115	-0.387366	0.196214	-0.795250	1.445852	-51.457557	123.272583	-0.341844	0.520950	0.782147	-0.824977	-0.564948	0.015722	0.450063	-0.639878	0.622896
02454														7.541918	0.140367	6.106918	0.125703	0.002350	0.101776	1.000000	-0.000098	0.000046	0.000005	-0.423167	-0.387263	0.196243	-0.795265	1.436421	-51.447725	123.272310	-0.341915	0.521064	0.782040	-0.825055	-0.564837	0.015623	0.449865	-0.639884	0.623033
02455														7.531033	0.125200	6.088908	0.125513	0.002094	0.101486	1.000000	-0.000074	-0.000039	-0.000004	-0.423238	-0.387220	0.196305	-0.795233	1.430268	-51.446562	123.265436	-0.341861	0.521118	0.782027	-0.825171	-0.564669	0.015556	0.449693	-0.639988	0.623050
02456														7.548105	0.126942	6.076353	0.125799	0.002124	0.101276	1.000000	-0.000063	-0.000031	0.000014	-0.423253	-0.387178	0.196342	-0.795235	1.422511	-51.444140	123.267611	-0.341899	0.521133	0.782001	-0.825211	-0.564613	0.015473	0.449591	-0.640025	0.623085
02457														7.502145	0.087587	6.074446	0.125032	0.001464	0.101246	1.000000	-0.000025	-0.000041	0.000010	-0.423303	-0.387167	0.196378	-0.795206	1.421004	-51.444864	123.261006	-0.341833	0.521164	0.782009	-0.825288	-0.564501	0.015456	0.449500	-0.640099	0.623076
02458														7.558081	0.150157	6.039280	0.125962	0.002497	0.100662	1.000000	0.000005	-0.000056	-0.000038	-0.423297	-0.387192	0.196336	-0.795207	1.428679	-51.445229	123.258035	-0.341804	0.521178	0.782013	-0.825257	-0.564544	0.015540	0.449580	-0.640050	0.623069
02459														7.574703	0.137232	6.039193	0.126236	0.002284	0.100664	1.000000	0.000017	-0.000088	-0.000008	-0.423298	-0.387237	0.196330	-0.795186	1.433962	-51.449921	123.253983	-0.341732	0.521148	0.782064	-0.825254	-0.564546	0.015595	0.449638	-0.640072	0.623003
02460														7.522573	0.136208	5.999643	0.125367	0.002267	0.100006	1.000000	0.000029	-0.000093	-0.000004	-0.423299	-0.387300	0.196323	-0.795156	1.441280	-51.456513	123.248500	-0.341633	0.521106	0.782135	-0.825250	-0.564550	0.015673	0.449722	-0.640103	0.622911
02461														7.567761	0.155736	5.992280	0.126121	0.002597	0.099882	1.000000	0.000003	-0.000084	0.000015	-0.423304	-0.387335	0.196345	-0.795132	1.442174	-51.461643	123.246012	-0.341571	0.521062	0.782191	-0.825267	-0.564525	0.015681	0.449737	-0.640160	0.622841
02462														7.573682	0.127864	5.973919	0.126220	0.002136	0.099576	1.000000	-0.000011	-0.000085	0.000027	-0.423252	-0.387348	0.196358	-0.795150	1.437056	-51.463955	123.255322	-0.341639	0.520980	0.782216	-0.825215	-0.564603	0.015624	0.449782	-0.640159	0.622811
02463														7.571230	0.158123	6.010118	0.126178	0.002638	0.100180	1.000000	-0.000014	-0.000089	0.000009	-0.423255	-0.387387	0.196385	-0.795123	1.437466	-51.469926	123.253120	-0.341574	0.520925	0.782281	-0.825232	-0.564577	0.015627	0.449798	-0.640226	0.622729
02464														7.565072	0.165986	6.018565	0.126076	0.002771	0.100319	1.000000	-0.000035	-0.000080	0.000008	-0.423269	-0.387404	0.196426	-0.795097	1.434810	-51.474361	123.251213	-0.341524	0.520886	0.782330	-0.825271	-0.564521	0.015596	0.449765	-0.640308	0.622669
02465														7.581890	0.152091	6.018234	0.126355	0.002538	0.100316	1.000000	-0.000041	-0.000096	-0.000005	-0.423291	-0.387423	0.196474	-0.795063	1.432347	-51.479312	123.247777	-0.341455	0.520850	0.782383	-0.825324	-0.564445	0.015568	0.449721	-0.640404	0.622603
02466														7.566467	0.149176	6.028795	0.126097	0.002487	0.100493	1.000000	-0.000032	-0.000105	-0.000019	-0.423206	-0.387487	0.196453	-0.795083	1.433735	-51.485334	123.257806	-0.341501	0.520721	0.782449	-0.825213	-0.564606	0.015581	0.449889	-0.640366	0.622520
02467														7.558180	0.138548	6.029672	0.125961	0.002303	0.100506	1.000000	-0.000001	-0.000090	-0.000049	-0.423309	-0.387535	0.196481	-0.794997	1.444037	-51.492233	123.235961	-0.341251	0.520773	0.782524	-0.825347	-0.564408	0.015690	0.449834	-0.640499	0.622423
02468														7.553928	0.179586	6.011775	0.125888	0.002989	0.100210	1.000000	0.000014	-0.000111	-0.000024	-0.423353	-0.387594	0.196502	-0.794941	1.451033	-51.499887	123.224172	-0.341087	0.520755	0.782607	-0.825407	-0.564319	0.015764	0.449849	-0.640592	0.622317
02469														7.528700	0.150459	6.037119	0.125461	0.002503	0.100640	1.000000	0.000012	-0.000172	-0.000027	-0.423352	-0.387721	0.196526	-0.794873	1.460183	-51.515597	123.215627	-0.340891	0.520627	0.782778	-0.825417	-0.564301	0.015858	0.449978	-0.640712	0.622099
02470														7.531383	0.166993	6.021767	0.125510	0.002780	0.100379	1.000000	0.000006	-0.000133	-0.000021	-0.423350	-0.387801	0.196539	-0.794832	1.466292	-51.525291	123.210224	-0.340770	0.520548	0.782883	-0.825420	-0.564294	0.015921	0.450064	-0.640782	0.621965
02471														7.542432	0.178277	6.017393	0.125694	0.002969	0.100307	1.000000	0.000009	-0.000134	-0.000013	-0.423340	-0.387870	0.196555	-0.794800	1.469912	-51.533963	123.207618	-0.340681	0.520464	0.782977	-0.825416	-0.564299	0.015957	0.450138	-0.640846	0.621846
02472														7.527455	0.175766	6.027441	0.125444	0.002929	0.100475	1.000000	-0.000028	-0.000138	-0.000022	-0.423320	-0.387940	0.196581	-0.794769	1.471643	-51.543421	123.207011	-0.340605	0.520360	0.783080	-0.825407	-0.564312	0.015972	0.450213	-0.640919	0.621716
02473														7.543233	0.159148	6.006146	0.125710	0.002653	0.100116	1.000000	-0.000042	-0.000107	-0.000026	-0.423351	-0.387990	0.196623	-0.794718	1.473767	-51.551432	123.199356	-0.340475	0.520314	0.783167	-0.825465	-0.564227	0.015993	0.450205	-0.641031	0.621606
02474														7.524490	0.186899	6.054192	0.125398	0.003118	0.100916	1.000000	-0.000059	-0.000106	-0.000022	-0.423271	-0.388036	0.196618	-0.794740	1.471607	-51.556379	123.210568	-0.340540	0.520191	0.783220	-0.825370	-0.564366	0.015967	0.450329	-0.641009	0.621539
02475														7.532052	0.162266	6.055971	0.125524	0.002706	0.100945	1.000000	-0.000044	-0.000100	-0.000023	-0.423322	-0.388060	0.196672	-0.794687	1.471402	-51.562257	123.201696	-0.340416	0.520176	0.783284	-0.825458	-0.564237	0.015963	0.450262	-0.641134	0.621459
02476														7.542055	0.185808	6.018654	0.125691	0.003101	0.100323	1.000000	-0.000061	-0.000099	-0.000019	-0.423382	-0.388077	0.196740	-0.794630	1.469325	-51.568133	123.192399	-0.340287	0.520164	0.783348	-0.825565	-0.564081	0.015938	0.450162	-0.641281	0.621379
02477														7.556733	0.152523	6.010728	0.125935	0.002549	0.100191	1.000000	-0.000063	-0.000100	0.000008	-0.423437	-0.388119	0.196829	-0.794558	1.466436	-51.578116	123.183241	-0.340129	0.520104	0.783456	-0.825677	-0.563919	0.015904	0.450078	-0.641472	0.621244
02478														7.559621	0.154939	6.029389	0.125980	0.002587	0.100507	1.000000	-0.000039	-0.000135	0.000008	-0.423391	-0.388181	0.196870	-0.794543	1.462815	-51.587610	123.189087	-0.340111	0.519961	0.783559	-0.825646	-0.563965	0.015861	0.450147	-0.641548	0.621115
02479														7.544560	0.151484	6.039614	0.125731	0.002533	0.100675	1.000000	-0.000040	-0.000117	0.000032	-0.423382	-0.388217	0.196943	-0.794511	1.455809	-51.596011	123.191374	-0.340069	0.519851	0.783650	-0.825677	-0.563922	0.015782	0.450122	-0.641675	0.621002
02480														7.551667	0.139106	6.007656	0.125849	0.002326	0.100143	1.000000	-0.000006	-0.000120	0.000058	-0.423390	-0.388259	0.197026	-0.794466	1.449388	-51.605719	123.190827	-0.339992	0.519743	0.783755	-0.825732	-0.563844	0.015709	0.450081	-0.641831	0.620871
02481														7.577216	0.119732	6.017810	0.126280	0.002002	0.100306	1.000000	0.000007	-0.000069	0.000054	-0.423351	-0.388258	0.197048	-0.794482	1.442681	-51.606950	123.199365	-0.340060	0.519679	0.783769	-0.825700	-0.563892	0.015636	0.450087	-0.641841	0.620856
02482														7.528435	0.139541	6.006676	0.125467	0.002339	0.100119	1.000000	0.000002	-0.000064	0.000111	-0.423183	-0.388251	0.197047	-0.794575	1.426821	-51.606415	123.231511	-0.340355	0.519494	0.783763	-0.825509	-0.564178	0.015464	0.450215	-0.641740	0.620867
02483														7.547118	0.144126	6.014233	0.125782	0.002409	0.100241	1.000000	0.000023	-0.000033	0.000072	-0.423143	-0.388228	0.197053	-0.794606	1.420148	-51.604304	123.241034	-0.340458	0.519461	0.783740	-0.825468	-0.564240	0.015393	0.450213	-0.641711	0.620898
02484														7.532011	0.156821	6.012517	0.125526	0.002619	0.100218	1.000000	0.000029	-0.000073	0.000065	-0.423049	-0.388244	0.197042	-0.794651	1.414723	-51.605619	123.256990	-0.340592	0.519351	0.783754	-0.825353	-0.564409	0.015334	0.450322	-0.641651	0.620882
02485														7.569848	0.183623	6.014988	0.126157	0.003070	0.100258	1.000000	0.000026	-0.000067	0.000095	-0.423000	-0.388251	0.197077	-0.794665	1.406111	-51.608586	123.267436	-0.340665	0.519255	0.783787	-0.825317	-0.564464	0.015239	0.450332	-0.641681	0.620843
02486														7.519654	0.105036	5.998028	0.125320	0.001767	0.099976	1.000000	-0.000020	-0.000074	0.000113	-0.422915	-0.388246	0.197140	-0.794697	1.389259	-51.611940	123.286997	-0.340817	0.519101	0.783823	-0.825256	-0.564558	0.015056	0.450328	-0.641724	0.620802
02487														7.596625	0.178414	6.011619	0.126607	0.002977	0.100198	1.000000	0.000005	-0.000035	0.000031	-0.422954	-0.388217	0.197168	-0.794683	1.386341	-51.610352	123.283124	-0.340794	0.519142	0.783806	-0.825318	-0.564469	0.015025	0.450234	-0.641768	0.620824
02488														7.583697	0.144528	5.985767	0.126393	0.002415	0.099766	1.000000	-0.000039	-0.000023	0.000020	-0.422906	-0.388203	0.197158	-0.794719	1.381747	-51.608233	123.292980	-0.340899	0.519108	0.783783	-0.825257	-0.564559	0.014975	0.450265	-0.641717	0.620855
02489														7.608837	0.112814	6.030715	0.126815	0.001878	0.100510	1.000000	0.000032	0.000012	0.000005	-0.422836	-0.388175	0.197067	-0.794792	1.385168	-51.599778	123.303639	-0.341059	0.519141	0.783691	-0.825126	-0.564749	0.015015	0.450384	-0.641523	0.620969
02490														7.547924	0.170068	6.046761	0.125788	0.002830	0.100793	1.000000	0.000014	-0.000111	-0.000024	-0.422817	-0.388232	0.197054	-0.794778	1.390680	-51.605402	123.302243	-0.341004	0.519085	0.783752	-0.825096	-0.564792	0.015073	0.450481	-0.641531	0.620891
02491														7.521697	0.153539	6.039229	0.125351	0.002560	0.100667	1.000000	0.000025	-0.000106	0.000028	-0.422736	-0.388295	0.197041	-0.794793	1.391423	-51.611827	123.311719	-0.341042	0.518955	0.783822	-0.824996	-0.564938	0.015079	0.450636	-0.641507	0.620803
02492														7.546024	0.131717	6.028557	0.125754	0.002196	0.100493	1.000000	0.000017	-0.000134	0.000021	-0.422701	-0.388372	0.197066	-0.794768	1.392400	-51.621943	123.313622	-0.340983	0.518828	0.783931	-0.824968	-0.564978	0.015086	0.450731	-0.641574	0.620664
02493														7.564222	0.134007	6.014368	0.126057	0.002238	0.100257	1.000000	-0.000049	-0.000137	0.000001	-0.422757	-0.388426	0.197163	-0.794688	1.389748	-51.633690	123.303610	-0.340804	0.518753	0.784059	-0.825086	-0.564807	0.015054	0.450651	-0.641785	0.620504
02494														7.537296	0.129705	5.973365	0.125613	0.002165	0.099567	1.000000	-0.000036	-0.000085	-0.000003	-0.422764	-0.388442	0.197196	-0.794668	1.387423	-51.637451	123.302666	-0.340767	0.518716	0.784099	-0.825113	-0.564768	0.015027	0.450629	-0.641850	0.620453
02495														7.555386	0.119033	5.993662	0.125918	0.001987	0.099901	1.000000	-0.000033	-0.000049	0.000000	-0.422750	-0.388441	0.197201	-0.794674	1.385421	-51.637683	123.305550	-0.340791	0.518696	0.784102	-0.825100	-0.564787	0.015006	0.450634	-0.641849	0.620451
02496														7.553435	0.099513	5.985804	0.125889	0.001660	0.099765	1.000000	-0.000010	-0.000015	0.000006	-0.422735	-0.388414	0.197178	-0.794701	1.384580	-51.633314	123.309336	-0.340859	0.518723	0.784054	-0.825070	-0.564832	0.014998	0.450638	-0.641788	0.620511
02497														7.530611	0.121255	5.994635	0.125511	0.002019	0.099910	1.000000	0.000012	0.000008	-0.000009	-0.422748	-0.388405	0.197129	-0.794711	1.391436	-51.629354	123.305224	-0.340851	0.518793	0.784012	-0.825057	-0.564848	0.015073	0.450668	-0.641717	0.620563
02498														7.534704	0.131146	6.056509	0.125586	0.002180	0.100933	1.000000	0.000048	0.000075	-0.000004	-0.422753	-0.388350	0.197025	-0.794761	1.400556	-51.616871	123.303484	-0.340929	0.518946	0.783876	-0.825004	-0.564923	0.015176	0.450705	-0.641527	0.620731
02499														7.542620	0.126164	6.068061	0.125715	0.002105	0.101129	1.000000	-0.000006	0.000045	0.000017	-0.422720	-0.388273	0.196968	-0.794830	1.397646	-51.604940	123.312837	-0.341104	0.519027	0.783747	-0.824937	-0.565022	0.015149	0.450697	-0.641374	0.620895
02500														7.540387	0.122787	6.048526	0.125680	0.002048	0.100800	1.000000	0.000032	0.000073	0.000035	-0.422664	-0.388184	0.196877	-0.794926	1.396145	-51.589620	123.325895	-0.341337	0.519124	0.783581	-0.824822	-0.565190	0.015138	0.450730	-0.641148	0.621105
02501														7.542993	0.128951	6.089919	0.125717	0.002150	0.101498	1.000000	0.000035	0.000002	0.000036	-0.422643	-0.388152	0.196839	-0.794962	1.396159	-51.583830	123.330420	-0.341421	0.519164	0.783518	-0.824778	-0.565254	0.015140	0.450747	-0.641060	0.621184
02502														7.553860	0.105712	6.029951	0.125903	0.001767	0.100493	1.000000	0.000020	0.000051	0.000057	-0.422596	-0.388068	0.196790	-0.795041	1.390169	-51.571544	123.343497	-0.341632	0.519226	0.783385	-0.824698	-0.565372	0.015079	0.450733	-0.640904	0.621354
02503														7.446429	0.110686	6.079426	0.124106	0.001846	0.101326	1.000000	0.000045	-0.000015	0.000046	-0.422555	-0.388050	0.196754	-0.795081	1.389612	-51.567376	123.350863	-0.341730	0.519230	0.783340	-0.824630	-0.565471	0.015074	0.450783	-0.640814	0.621411
02504														7.565152	0.148515	6.001213	0.126081	0.002472	0.100027	1.000000	0.000008	-0.000052	-0.000020	-0.422533	-0.388075	0.196714	-0.795090	1.395535	-51.567836	123.351011	-0.341728	0.519223	0.783345	-0.824582	-0.565540	0.015138	0.450873	-0.640759	0.621403
02505														7.571852	0.124653	6.003978	0.126196	0.002073	0.100068	1.000000	0.000041	-0.000016	-0.000007	-0.422561	-0.388073	0.196672	-0.795086	1.403631	-51.565133	123.343702	-0.341682	0.519298	0.783315	-0.824591	-0.565524	0.015227	0.450891	-0.640712	0.621438
02506														7.554521	0.135444	5.982723	0.125911	0.002254	0.099709	1.000000	0.000044	0.000025	0.000006	-0.422529	-0.388026	0.196588	-0.795147	1.407390	-51.554844	123.349313	-0.341810	0.519382	0.783204	-0.824507	-0.565645	0.015271	0.450947	-0.640537	0.621578
02507														7.581051	0.136593	6.001884	0.126352	0.002272	0.100030	1.000000	0.000029	0.000008	-0.000014	-0.422585	-0.387990	0.196552	-0.795143	1.413810	-51.548567	123.339809	-0.341771	0.519510	0.783136	-0.824552	-0.565579	0.015343	0.450895	-0.640492	0.621662
02508														7.588645	0.144833	5.979485	0.126482	0.002411	0.099652	1.000000	0.000023	0.000048	-0.000007	-0.422615	-0.387933	0.196489	-0.795171	1.419425	-51.538321	123.335502	-0.341809	0.519653	0.783024	-0.824552	-0.565577	0.015407	0.450867	-0.640378	0.621800
02509														7.565114	0.137980	6.035560	0.126090	0.002296	0.100587	1.000000	-0.000010	0.000044	-0.000036	-0.422671	-0.387872	0.196438	-0.795184	1.425413	-51.528308	123.327308	-0.341810	0.519816	0.782916	-0.824587	-0.565524	0.015476	0.450802	-0.640292	0.621935
02510														7.591311	0.168053	6.008760	0.126528	0.002797	0.100138	1.000000	-0.000019	0.000061	-0.000045	-0.422694	-0.387811	0.196358	-0.795221	1.432311	-51.516621	123.323755	-0.341866	0.519971	0.782789	-0.824569	-0.565547	0.015555	0.450792	-0.640146	0.622093
02511														7.587174	0.133439	6.015671	0.126463	0.002217	0.100249	1.000000	-0.000004	0.000100	-0.000062	-0.422838	-0.387699	0.196299	-0.795214	1.442220	-51.500355	123.302625	-0.341796	0.520283	0.782612	-0.824702	-0.565350	0.015668	0.450601	-0.640067	0.622313
02512														7.538955	0.145726	6.060503	0.125653	0.002420	0.101004	1.000000	0.000013	0.000036	-0.000062	-0.422912	-0.387654	0.196227	-0.795214	1.454284	-51.490879	123.288619	-0.341740	0.520474	0.782509	-0.824747	-0.565281	0.015802	0.450562	-0.639972	0.622439
02513														7.512602	0.162491	6.029043	0.125214	0.002695	0.100480	1.000000	0.000047	0.000035	-0.000071	-0.422973	-0.387628	0.196121	-0.795220	1.471581	-51.481538	123.273989	-0.341677	0.520668	0.782408	-0.824757	-0.565261	0.015993	0.450592	-0.639831	0.622561
02514														7.547543	0.159709	6.059110	0.125795	0.002648	0.100982	1.000000	0.000049	0.000028	-0.000074	-0.422982	-0.387615	0.195989	-0.795254	1.489089	-51.472059	123.266658	-0.341681	0.520820	0.782304	-0.824693	-0.565349	0.016187	0.450706	-0.639630	0.622686
02515														7.538295	0.137682	6.095542	0.125643	0.002279	0.101586	1.000000	0.000034	0.000049	-0.000099	-0.423088	-0.387580	0.195884	-0.795241	1.509390	-51.461603	123.244346	-0.341557	0.521073	0.782191	-0.824755	-0.565252	0.016411	0.450686	-0.639510	0.622823
02516														7.482775	0.172308	6.115917	0.124713	0.002852	0.101933	1.000000	0.000074	-0.000005	-0.000101	-0.423125	-0.387600	0.195748	-0.795245	1.533114	-51.455600	123.229131	-0.341463	0.521232	0.782126	-0.824719	-0.565296	0.016671	0.450822	-0.639341	0.622898
02517														7.475429	0.182825	6.125868	0.124594	0.003030	0.102094	1.000000	0.000039	0.000035	-0.000105	-0.423256	-0.387570	0.195657	-0.795212	1.554369	-51.446543	123.202294	-0.341287	0.521495	0.782027	-0.824818	-0.565145	0.016906	0.450775	-0.639261	0.623015
02518														7.481970	0.176539	6.116782	0.124705	0.002926	0.101940	1.000000	0.000007	0.000055	-0.000125	-0.423292	-0.387520	0.195511	-0.795253	1.572406	-51.432025	123.192316	-0.341304	0.521720	0.781869	-0.824777	-0.565199	0.017107	0.450837	-0.639029	0.623208
02519														7.440863	0.144344	6.073814	0.124028	0.002391	0.101214	1.000000	-0.000016	0.000127	-0.000130	-0.423440	-0.387389	0.195394	-0.795267	1.588580	-51.410112	123.169166	-0.341257	0.522108	0.781631	-0.824882	-0.565041	0.017292	0.450681	-0.638852	0.623502
02520														7.439248	0.146148	6.075750	0.124001	0.002420	0.101246	1.000000	0.000002	0.000132	-0.000124	-0.423579	-0.387273	0.195263	-0.795282	1.607325	-51.388993	123.145749	-0.341201	0.522489	0.781401	-0.824969	-0.564907	0.017504	0.450564	-0.638659	0.623784
02521														7.498626	0.141351	6.105305	0.124983	0.002337	0.101748	1.000000	0.000014	0.000053	-0.000137	-0.423679	-0.387225	0.195136	-0.795283	1.628719	-51.375836	123.124503	-0.341105	0.522766	0.781257	-0.825012	-0.564836	0.017742	0.450557	-0.638495	0.623957
02522														7.500349	0.159475	6.091057	0.124985	0.002642	0.101544	1.000000	0.000026	-0.000211	-0.000106	-0.423719	-0.387388	0.195133	-0.795183	1.648882	-51.393669	123.104091	-0.340786	0.522684	0.781452	-0.825052	-0.564772	0.017954	0.450726	-0.638620	0.623708
02523														7.621833	0.149415	5.965909	0.127017	0.002474	0.099450	1.000000	0.000013	-0.000142	-0.000115	-0.423789	-0.387492	0.195111	-0.795100	1.668495	-51.403812	123.081568	-0.340505	0.522702	0.781562	-0.825118	-0.564669	0.018164	0.450818	-0.638696	0.623563
02524														7.640694	0.157092	5.973124	0.127346	0.002604	0.099552	1.000000	0.000061	0.000004	-0.000068	-0.423817	-0.387496	0.194999	-0.795111	1.686591	-51.397484	123.070479	-0.340451	0.522840	0.781493	-0.825086	-0.564709	0.018363	0.450917	-0.638547	0.623644
02525														7.577465	0.183478	6.015943	0.126291	0.003043	0.100267	1.000000	0.000098	-0.000006	-0.000045	-0.423777	-0.387506	0.194856	-0.795163	1.703186	-51.389981	123.070276	-0.340505	0.522927	0.781411	-0.824959	-0.564889	0.018547	0.451109	-0.638317	0.623741
02526														7.635436	0.187654	5.990633	0.127264	0.003122	0.099835	1.000000	0.000062	0.000068	0.000008	-0.423759	-0.387446	0.194746	-0.795228	1.710529	-51.376755	123.072833	-0.340627	0.523063	0.781267	-0.824878	-0.565004	0.018632	0.451165	-0.638103	0.623918
02527														7.650670	0.190796	5.980187	0.127527	0.003177	0.099650	1.000000	0.000045	0.000156	0.000016	-0.423777	-0.387309	0.194625	-0.795315	1.714905	-51.354144	123.074361	-0.340809	0.523312	0.781021	-0.824832	-0.565068	0.018689	0.451110	-0.637842	0.624225
02528														7.616600	0.202088	5.993545	0.126956	0.003361	0.099876	1.000000	0.000081	0.000130	0.000006	-0.423795	-0.387215	0.194488	-0.795384	1.725723	-51.335342	123.071618	-0.340924	0.523543	0.780816	-0.824778	-0.565144	0.018815	0.451124	-0.637585	0.624478
02529														7.631445	0.221906	5.971522	0.127220	0.003687	0.099489	1.000000	0.000086	0.000292	-0.000019	-0.423855	-0.386993	0.194265	-0.795515	1.739101	-51.297005	123.066972	-0.341167	0.524008	0.780398	-0.824725	-0.565215	0.018976	0.451037	-0.637139	0.624995
02530														7.622540	0.167672	5.974459	0.127073	0.002801	0.099535	1.000000	0.000021	0.000307	0.000065	-0.423863	-0.386716	0.194113	-0.795683	1.732778	-51.257056	123.079948	-0.341582	0.524387	0.779962	-0.824654	-0.565321	0.018924	0.450852	-0.636734	0.625541
02531														7.567580	0.156070	5.995114	0.126158	0.002602	0.099879	1.000000	0.000057	0.000318	0.000050	-0.423861	-0.386441	0.193919	-0.795865	1.731526	-51.214794	123.092414	-0.342010	0.524794	0.779500	-0.824548	-0.565475	0.018928	0.450720	-0.636262	0.626117
02532														7.543777	0.184536	6.049382	0.125760	0.003068	0.100785	1.000000	0.000055	0.000304	-0.000016	-0.423860	-0.386200	0.193681	-0.796040	1.739607	-51.173588	123.099939	-0.342385	0.525219	0.779049	-0.824418	-0.565661	0.019033	0.450674	-0.635746	0.626674
02533														7.590720	0.197016	6.038888	0.126553	0.003270	0.100597	1.000000	0.000095	0.000408	-0.000035	-0.423969	-0.385876	0.193408	-0.796205	1.754209	-51.120876	123.091462	-0.342699	0.525870	0.778472	-0.824397	-0.565686	0.019214	0.450475	-0.635185	0.627385
02534														7.623409	0.230501	6.069891	0.127109	0.003814	0.101100	1.000000	0.000159	0.000517	-0.000094	-0.424182	-0.385523	0.193040	-0.796352	1.787752	-51.058922	123.061529	-0.342883	0.526754	0.777793	-0.824440	-0.565610	0.019608	0.450256	-0.634520	0.628215
02535														7.552529	0.189049	6.068319	0.125932	0.003126	0.101070	1.000000	0.000160	0.000552	-0.000065	-0.424297	-0.385141	0.192628	-0.796575	1.815675	-50.991383	123.049920	-0.343276	0.527592	0.777051	-0.824348	-0.565732	0.019943	0.450125	-0.633714	0.629121
02536														7.488327	0.204868	6.088657	0.124859	0.003394	0.101413	1.000000	0.000230	0.000525	0.000024	-0.424339	-0.384784	0.192222	-0.796824	1.838659	-50.927087	123.050440	-0.343756	0.528319	0.776344	-0.824174	-0.565975	0.020224	0.450076	-0.632891	0.629984
02537														7.508930	0.194998	6.149138	0.125203	0.003235	0.102420	1.000000	0.000117	0.000530	-0.000026	-0.424444	-0.384379	0.191875	-0.797047	1.854624	-50.861029	123.045599	-0.344199	0.529098	0.775617	-0.824110	-0.566062	0.020428	0.449856	-0.632162	0.630873
02538														7.426726	0.216696	6.126750	0.123826	0.003600	0.102056	1.000000	0.000062	0.000459	-0.000045	-0.424573	-0.384026	0.191592	-0.797217	1.869141	-50.804466	123.035582	-0.344524	0.529800	0.774994	-0.824106	-0.566061	0.020613	0.449614	-0.631575	0.631633
02539														7.423329	0.184593	6.075933	0.123772	0.003057	0.101205	1.000000	0.000115	0.000489	-0.000067	-0.424643	-0.383664	0.191219	-0.797443	1.889696	-50.741651	123.032742	-0.344961	0.530529	0.774300	-0.823985	-0.566227	0.020867	0.449501	-0.630813	0.632474
02540														7.519264	0.209599	6.053172	0.125384	0.003469	0.100808	1.000000	0.000122	0.000625	-0.000093	-0.424770	-0.383213	0.190777	-0.797698	1.915750	-50.664676	123.022840	-0.345436	0.531460	0.773450	-0.823894	-0.566348	0.021190	0.449303	-0.629921	0.633504
02541														7.502375	0.188829	6.098551	0.125106	0.003122	0.101562	1.000000	0.000149	0.000651	-0.000083	-0.424883	-0.382750	0.190306	-0.797972	1.943204	-50.584742	123.015239	-0.345953	0.532410	0.772565	-0.823770	-0.566515	0.021530	0.449132	-0.628967	0.634571
02542														7.465192	0.224969	6.146844	0.124488	0.003726	0.102365	1.000000	0.000169	0.000665	-0.000047	-0.425046	-0.382251	0.189871	-0.798229	1.966598	-50.502746	123.003042	-0.346441	0.533411	0.771655	-0.823724	-0.566571	0.021827	0.448840	-0.628069	0.635667
02543														7.389820	0.216368	6.204585	0.123236	0.003596	0.103324	1.000000	0.000096	0.000698	-0.000000	-0.425163	-0.381703	0.189475	-0.798522	1.976080	-50.417913	123.004646	-0.347078	0.534359	0.770712	-0.823652	-0.566670	0.021972	0.448481	-0.627173	0.636804
02544														7.370449	0.203420	6.196813	0.122914	0.003379	0.103193	1.000000	0.000108	0.000712	0.000001	-0.425219	-0.381147	0.189038	-0.798862	1.985038	-50.329856	123.016261	-0.347831	0.535281	0.769732	-0.823485	-0.566907	0.022112	0.448203	-0.626172	0.637984
02545														7.437413	0.198049	6.204079	0.124029	0.003281	0.103315	1.000000	0.000160	0.000698	-0.000026	-0.425302	-0.380629	0.188567	-0.799176	2.004431	-50.243965	123.018424	-0.348480	0.536235	0.768774	-0.823330	-0.567122	0.022368	0.447983	-0.625160	0.639129
02546														7.465198	0.228032	6.218877	0.124498	0.003784	0.103554	1.000000	0.000127	0.000755	-0.000025	-0.425448	-0.380054	0.188116	-0.799478	2.021044	-50.152918	123.014217	-0.349106	0.537284	0.767757	-0.823261	-0.567213	0.022597	0.447622	-0.624176	0.640342
02547														7.417257	0.182684	6.218219	0.123693	0.003032	0.103552	1.000000	0.000146	0.000694	0.000020	-0.425509	-0.379531	0.187680	-0.799796	2.033592	-50.068643	123.022216	-0.349796	0.538181	0.766814	-0.823102	-0.567436	0.022777	0.447376	-0.623199	0.641465
02548														7.349988	0.194101	6.219090	0.122567	0.003222	0.103572	1.000000	0.000155	0.000653	0.000022	-0.425537	-0.379035	0.187246	-0.800118	2.045475	-49.987705	123.034446	-0.350501	0.539014	0.765906	-0.822906	-0.567714	0.022949	0.447185	-0.622226	0.642542
02549														7.350401	0.260467	6.291113	0.122572	0.004322	0.104777	1.000000	0.000181	0.000619	-0.000005	-0.425642	-0.378586	0.186828	-0.800373	2.066334	-49.912627	123.029820	-0.351004	0.539884	0.765063	-0.822806	-0.567848	0.023219	0.446975	-0.621349	0.643536
02550														7.347668	0.259499	6.216702	0.122532	0.004324	0.103528	1.000000	0.000067	0.000687	0.000046	-0.425757	-0.378020	0.186490	-0.800658	2.066399	-49.829540	123.035713	-0.351664	0.540777	0.764129	-0.822765	-0.567905	0.023259	0.446531	-0.620519	0.644644
02551														7.356074	0.237205	6.281762	0.122668	0.003947	0.104619	1.000000	0.000104	0.000635	0.000037	-0.425872	-0.377508	0.186149	-0.800918	2.071956	-49.752200	123.037416	-0.352242	0.541631	0.763257	-0.822722	-0.567964	0.023359	0.446155	-0.619720	0.645672
02552														7.373700	0.247698	6.256526	0.122958	0.004131	0.104201	1.000000	0.000029	0.000608	0.000046	-0.425925	-0.376988	0.185848	-0.801204	2.066436	-49.676583	123.052654	-0.352935	0.542381	0.762404	-0.822631	-0.568097	0.023333	0.445775	-0.618942	0.646681
02553														7.337004	0.215129	6.272813	0.122358	0.003578	0.104460	1.000000	0.000061	0.000711	-0.000007	-0.425998	-0.376421	0.185441	-0.801526	2.071925	-49.589399	123.062964	-0.353665	0.543289	0.761418	-0.822505	-0.568274	0.023437	0.445428	-0.617982	0.647837
02554														7.386371	0.216185	6.238606	0.123178	0.003585	0.103892	1.000000	0.000098	0.000693	-0.000067	-0.426167	-0.375882	0.185022	-0.801786	2.089811	-49.504259	123.053164	-0.354189	0.544297	0.760454	-0.822483	-0.568297	0.023681	0.445053	-0.617073	0.648960
02555														7.467144	0.169608	6.295639	0.124535	0.002801	0.104830	1.000000	0.000155	0.000783	-0.000078	-0.426334	-0.375298	0.184512	-0.802089	2.115225	-49.408886	123.042876	-0.354781	0.545421	0.759372	-0.822409	-0.568390	0.024015	0.444718	-0.615994	0.650213
02556														7.730069	0.142575	6.241918	0.128957	0.002246	0.103883	0.999999	0.000405	0.001162	-0.000685	-0.426958	-0.374633	0.183407	-0.802321	2.248555	-49.267643	122.929202	-0.354715	0.547693	0.757766	-0.822535	-0.568138	0.025602	0.444537	-0.614208	0.652024
02557														6.796228	0.330257	6.483647	0.113357	0.005434	0.107974	1.000000	0.000342	0.000782	-0.000292	-0.427269	-0.374174	0.182685	-0.802534	2.325178	-49.172857	122.874299	-0.354870	0.549085	0.756685	-0.822508	-0.568134	0.026524	0.444463	-0.612967	0.653241
02558														7.166476	0.238342	6.358011	0.119495	0.003924	0.105908	1.000000	0.000115	0.000496	-0.000306	-0.427607	-0.373841	0.182255	-0.802608	2.377465	-49.109459	122.818801	-0.354791	0.550132	0.755962	-0.822669	-0.567871	0.027155	0.444228	-0.612272	0.654053
02559														7.218928	0.251648	6.363076	0.120387	0.004126	0.105972	1.000000	0.000244	0.000664	-0.000353	-0.427950	-0.373446	0.181624	-0.802751	2.450419	-49.027138	122.757932	-0.354794	0.551421	0.755020	-0.822728	-0.567743	0.028034	0.444116	-0.611230	0.655102
02560														7.286443	0.273172	6.283539	0.121512	0.004510	0.104645	1.000000	0.000137	0.000668	-0.000237	-0.428251	-0.372972	0.181126	-0.802924	2.494891	-48.944240	122.716567	-0.354986	0.552596	0.754071	-0.822816	-0.567589	0.028590	0.443801	-0.610312	0.656171
02561														7.504545	0.246813	6.322976	0.125150	0.004039	0.105298	1.000000	0.000210	0.000687	-0.000417	-0.428608	-0.372553	0.180466	-0.803076	2.570109	-48.857511	122.654043	-0.354998	0.553943	0.753076	-0.822876	-0.567454	0.029503	0.443679	-0.609215	0.657272
02562														7.456415	0.311920	6.348467	0.124379	0.005091	0.105689	0.999999	0.000266	0.000970	-0.000639	-0.429220	-0.371979	0.179575	-0.803215	2.680969	-48.738955	122.547389	-0.354804	0.555916	0.751713	-0.823108	-0.567047	0.030847	0.443405	-0.607796	0.658769
02563														7.121115	0.279976	6.407091	0.118737	0.004595	0.106730	1.000000	0.000282	0.000473	-0.000346	-0.429471	-0.371749	0.178983	-0.803320	2.756063	-48.677219	122.493464	-0.354716	0.556932	0.751002	-0.823078	-0.567040	0.031750	0.443530	-0.606871	0.659537
02564														7.198503	0.271947	6.499137	0.120042	0.004448	0.108248	1.000000	0.000295	0.000598	-0.000441	-0.429857	-0.371439	0.178308	-0.803407	2.845060	-48.601444	122.417809	-0.354512	0.558238	0.750128	-0.823161	-0.566859	0.032823	0.443540	-0.605839	0.660478
02565														7.158679	0.331035	6.417346	0.119394	0.005418	0.106869	0.999999	0.000170	0.000737	-0.000676	-0.430427	-0.371008	0.177556	-0.803467	2.947166	-48.506921	122.314903	-0.354170	0.559919	0.749036	-0.823418	-0.566412	0.034064	0.443336	-0.604705	0.661653
02566														7.288756	0.280174	6.412493	0.121541	0.004569	0.106809	1.000000	0.000139	0.000546	-0.000705	-0.431032	-0.370723	0.176913	-0.803416	3.051295	-48.434683	122.200238	-0.353552	0.561425	0.748200	-0.823768	-0.565825	0.035317	0.443178	-0.603857	0.662533
02567														7.631022	0.327460	6.428918	0.127265	0.005316	0.107059	0.999999	0.000313	0.000721	-0.000849	-0.431694	-0.370396	0.175993	-0.803414	3.191391	-48.340841	122.066921	-0.352894	0.563284	0.747112	-0.824032	-0.565333	0.037005	0.443211	-0.602586	0.663667
02568														7.603871	0.545322	6.543638	0.126838	0.009055	0.108939	0.999999	-0.000053	0.000956	-0.000314	-0.432050	-0.369614	0.175446	-0.803702	3.215444	-48.221129	122.037890	-0.353436	0.564785	0.745722	-0.824174	-0.565102	0.037371	0.442516	-0.601396	0.665209
02569														6.832948	0.151394	6.285256	0.114022	0.002477	0.104603	0.999999	-0.000083	0.001324	-0.000481	-0.432732	-0.368563	0.174746	-0.803970	3.259317	-48.061579	121.964213	-0.353808	0.566998	0.743864	-0.824617	-0.564413	0.037998	0.441391	-0.599959	0.667250
02570														6.942032	0.386007	6.520309	0.115765	0.006379	0.108606	1.000000	0.000219	0.000578	-0.000262	-0.432950	-0.368203	0.174187	-0.804139	3.313598	-47.987762	121.928627	-0.353962	0.568031	0.743002	-0.824576	-0.564427	0.038686	0.441345	-0.598968	0.668170
02571														7.393147	0.517298	6.479883	0.123298	0.008568	0.107912	1.000000	0.000196	0.000711	-0.000267	-0.433215	-0.367722	0.173594	-0.804345	3.364452	-47.898482	121.892025	-0.354210	0.569239	0.741958	-0.824577	-0.564380	0.039347	0.441144	-0.597865	0.669291
02572														7.152260	0.426238	6.502582	0.119335	0.007081	0.108234	0.999999	-0.000070	0.001186	-0.000256	-0.433675	-0.366739	0.173023	-0.804668	3.380153	-47.755168	121.858513	-0.354856	0.571021	0.740279	-0.824838	-0.563977	0.039639	0.440135	-0.596544	0.671130
02573														7.063804	0.334998	6.397155	0.117820	0.005570	0.106520	1.000000	-0.000101	0.000836	-0.000203	-0.434014	-0.366028	0.172633	-0.804893	3.388917	-47.652884	121.834260	-0.355311	0.572293	0.739077	-0.825047	-0.563659	0.039820	0.439376	-0.595625	0.672443
02574														7.326838	0.366391	6.453707	0.122200	0.006067	0.107466	1.000000	0.000131	0.000788	-0.000210	-0.434269	-0.365457	0.172076	-0.805134	3.425552	-47.556166	121.807729	-0.355703	0.573517	0.737939	-0.825063	-0.563600	0.040324	0.439029	-0.594503	0.673661
02575														7.010937	0.375400	6.456949	0.116944	0.006225	0.107514	1.000000	0.000078	0.000876	-0.000197	-0.434582	-0.364783	0.171544	-0.805385	3.453754	-47.449459	121.779507	-0.356143	0.574859	0.736681	-0.825164	-0.563422	0.040739	0.438481	-0.593374	0.675012
02576														7.206795	0.415544	6.565086	0.120185	0.006897	0.109341	1.000000	0.000166	0.000649	-0.000087	-0.434675	-0.364314	0.171057	-0.805650	3.478437	-47.368752	121.777101	-0.356665	0.575756	0.735728	-0.825030	-0.563593	0.041092	0.438311	-0.592341	0.676030
02577														7.077215	0.423479	6.587290	0.118068	0.007040	0.109667	0.999999	0.000102	0.001035	-0.000055	-0.434850	-0.363501	0.170472	-0.806047	3.489549	-47.244463	121.781098	-0.357545	0.577086	0.734257	-0.824952	-0.563690	0.041321	0.437739	-0.590953	0.677613
02578														7.079869	0.377505	6.492244	0.118074	0.006246	0.108123	1.000000	0.000144	0.000692	-0.000254	-0.435104	-0.363020	0.169925	-0.806242	3.532937	-47.158232	121.748869	-0.357801	0.578226	0.733234	-0.824971	-0.563620	0.041902	0.437494	-0.589905	0.678684
02579														7.137567	0.407469	6.656374	0.119059	0.006781	0.110834	1.000000	-0.000034	0.000889	-0.000116	-0.435381	-0.362261	0.169506	-0.806522	3.535901	-47.049492	121.737792	-0.358421	0.579478	0.731943	-0.825099	-0.563423	0.042023	0.436744	-0.588863	0.680069
02580														7.031856	0.390456	6.650388	0.117283	0.006472	0.110752	1.000000	0.000110	0.000757	-0.000199	-0.435632	-0.361701	0.168985	-0.806747	3.568286	-46.956327	121.712852	-0.358794	0.580645	0.730834	-0.825134	-0.563338	0.042481	0.436373	-0.587794	0.681232
