// General information: 
//  MT Manager version: 2022.2.0 
//  XDA version: 2022.2.0 build 7381 rev 124627 built on 2023-07-19
// Device information: 
//  DeviceId: 00B4D200
//  ProductCode: MTW2-3A7G6
//  Firmware Version: 4.6.0
//  Hardware Version: 2.0.0
// Device settings: 
//  Filter Profile: human(46.1)
//  Option Flags: Orientation Smoother Disabled, Position/Velocity Smoother Disabled, Continuous Zero Rotation Update Disabled, AHS Disabled, ICC Disabled
// Coordinate system: ENU
PacketCounter	SampleTimeFine	Year	Month	Day	Second	UTC_Nano	UTC_Year	UTC_Month	UTC_Day	UTC_Hour	UTC_Minute	UTC_Second	UTC_Valid	Acc_X	Acc_Y	Acc_Z	VelInc_X	VelInc_Y	VelInc_Z	OriInc_q0	OriInc_q1	OriInc_q2	OriInc_q3	Quat_q0	Quat_q1	Quat_q2	Quat_q3	Roll	Pitch	Yaw	Mat[1][1]	Mat[2][1]	Mat[3][1]	Mat[1][2]	Mat[2][2]	Mat[3][2]	Mat[1][3]	Mat[2][3]	Mat[3][3]
02434														9.464472	1.004363	-1.332961	0.157738	0.016751	-0.022227	1.000000	0.000134	0.000086	0.000057	-0.333177	-0.687798	0.310515	-0.565250	142.333205	-79.888715	-16.712438	0.168145	-0.050486	0.984469	-0.803800	-0.585147	0.107280	0.570643	-0.809354	-0.138970
02435														9.482765	1.043316	-1.311701	0.158043	0.017404	-0.021875	1.000000	0.000178	0.000104	0.000073	-0.333048	-0.687754	0.310460	-0.565410	142.358359	-79.906079	-16.719968	0.167853	-0.050422	0.984522	-0.803657	-0.585387	0.107036	0.570929	-0.809184	-0.138781
02436														9.511786	1.075878	-1.341582	0.158526	0.017948	-0.022375	1.000000	0.000177	0.000116	0.000080	-0.332951	-0.687737	0.310404	-0.565518	142.373796	-79.916688	-16.720981	0.167677	-0.050372	0.984554	-0.803533	-0.585585	0.106888	0.571156	-0.809044	-0.138665
02437														9.512291	1.073704	-1.339743	0.158534	0.017915	-0.022344	1.000000	0.000140	0.000113	0.000104	-0.332852	-0.687744	0.310343	-0.565601	142.392674	-79.923343	-16.724873	0.167564	-0.050351	0.984575	-0.803396	-0.585794	0.106772	0.571381	-0.808895	-0.138610
02438														9.521289	1.083198	-1.337288	0.158683	0.018075	-0.022308	1.000000	0.000082	0.000137	0.000127	-0.332776	-0.687654	0.310358	-0.565747	142.417324	-79.943499	-16.743020	0.167217	-0.050304	0.984636	-0.803372	-0.585876	0.106501	0.571518	-0.808838	-0.138381
02439														9.486881	1.087470	-1.338954	0.158110	0.018145	-0.022333	1.000000	0.000052	0.000116	0.000119	-0.332691	-0.687635	0.310321	-0.565841	142.435303	-79.953307	-16.749473	0.167049	-0.050274	0.984666	-0.803276	-0.586034	0.106355	0.571701	-0.808725	-0.138281
02440														9.469488	1.044823	-1.356574	0.157821	0.017428	-0.022628	1.000000	-0.000018	0.000113	0.000091	-0.332648	-0.687560	0.310320	-0.565958	142.440760	-79.969279	-16.750200	0.166786	-0.050198	0.984715	-0.803257	-0.586093	0.106175	0.571804	-0.808687	-0.138074
02441														9.401863	0.999939	-1.313754	0.156694	0.016687	-0.021907	1.000000	0.000017	0.000072	0.000134	-0.332568	-0.687553	0.310326	-0.566010	142.478647	-79.975281	-16.781006	0.166660	-0.050257	0.984733	-0.803205	-0.586192	0.106020	0.571915	-0.808612	-0.138062
02442														9.530313	0.979732	-1.338692	0.158837	0.016348	-0.022309	1.000000	0.000045	-0.000011	0.000112	-0.332444	-0.687562	0.310356	-0.566056	142.549945	-79.980465	-16.843452	0.166520	-0.050413	0.984748	-0.803141	-0.586320	0.105794	0.572045	-0.808509	-0.138123
02443														9.495598	0.984055	-1.342413	0.158257	0.016424	-0.022380	1.000000	0.000067	0.000046	0.000135	-0.332359	-0.687546	0.310402	-0.566100	142.607108	-79.987142	-16.896802	0.166363	-0.050535	0.984769	-0.803128	-0.586376	0.105587	0.572109	-0.808461	-0.138137
02444														9.490074	1.021620	-1.331637	0.158167	0.017038	-0.022188	1.000000	0.000088	-0.000026	0.000058	-0.332272	-0.687593	0.310408	-0.566091	142.657637	-79.984030	-16.939996	0.166376	-0.050676	0.984759	-0.803060	-0.586485	0.105497	0.572200	-0.808373	-0.138273
02445														9.466845	1.038272	-1.368535	0.157782	0.017304	-0.022803	1.000000	0.000022	-0.000038	-0.000006	-0.332262	-0.687613	0.310433	-0.566059	142.677538	-79.980354	-16.961477	0.166418	-0.050757	0.984748	-0.803075	-0.586467	0.105488	0.572168	-0.808382	-0.138360
02446														9.466686	1.038346	-1.369573	0.157780	0.017305	-0.022815	1.000000	0.000000	-0.000070	-0.000005	-0.332239	-0.687681	0.310441	-0.565985	142.703448	-79.969463	-16.986487	0.166575	-0.050884	0.984715	-0.803053	-0.586487	0.105538	0.572153	-0.808358	-0.138556
02447														9.486228	1.042058	-1.375983	0.158105	0.017376	-0.022916	1.000000	-0.000002	-0.000106	0.000051	-0.332185	-0.687726	0.310528	-0.565914	142.775498	-79.962116	-17.061829	0.166628	-0.051140	0.984693	-0.803092	-0.586452	0.105441	0.572083	-0.808368	-0.138790
02448														9.482769	1.042064	-1.345286	0.158046	0.017385	-0.022407	1.000000	-0.000032	-0.000093	0.000114	-0.332107	-0.687740	0.310656	-0.565872	142.871693	-79.960572	-17.162745	0.166563	-0.051441	0.984688	-0.803162	-0.586395	0.105223	0.572004	-0.808390	-0.138988
02449														9.451134	1.045550	-1.383076	0.157519	0.017439	-0.023043	1.000000	-0.000065	-0.000057	0.000094	-0.332068	-0.687736	0.310767	-0.565840	142.939239	-79.960455	-17.236870	0.166498	-0.051657	0.984688	-0.803246	-0.586309	0.105061	0.571904	-0.808439	-0.139113
02450														9.428725	0.988133	-1.390258	0.157145	0.016484	-0.023164	1.000000	-0.000095	-0.000053	0.000111	-0.332083	-0.687729	0.310926	-0.565751	143.003186	-79.955852	-17.316918	0.166502	-0.051913	0.984674	-0.803418	-0.586092	0.104953	0.571661	-0.808580	-0.139293
02451														9.487544	0.980507	-1.377834	0.158124	0.016356	-0.022963	1.000000	-0.000051	-0.000013	0.000094	-0.332033	-0.687702	0.311006	-0.565769	143.057266	-79.961257	-17.373512	0.166362	-0.052050	0.984690	-0.803467	-0.586058	0.104766	0.571633	-0.808595	-0.139318
02452														9.502367	0.969392	-1.415414	0.158371	0.016172	-0.023592	1.000000	-0.000043	0.000007	0.000106	-0.331978	-0.687736	0.311025	-0.565750	143.097305	-79.958043	-17.410374	0.166381	-0.052174	0.984680	-0.803439	-0.586108	0.104701	0.571667	-0.808551	-0.139436
02453														9.573792	0.970304	-1.387778	0.159560	0.016189	-0.023139	1.000000	0.000003	0.000061	0.000107	-0.331972	-0.687698	0.311095	-0.565761	143.125409	-79.962978	-17.444161	0.166269	-0.052246	0.984695	-0.803513	-0.586028	0.104582	0.571595	-0.808604	-0.139419
02454														9.605837	0.982819	-1.422730	0.160092	0.016397	-0.023736	1.000000	0.000038	0.000156	0.000102	-0.331960	-0.687586	0.311126	-0.565887	143.125880	-79.982689	-17.445461	0.165945	-0.052149	0.984755	-0.803556	-0.586006	0.104378	0.571629	-0.808627	-0.139149
02455														9.611648	0.994147	-1.386462	0.160188	0.016588	-0.023140	1.000000	0.000039	0.000206	0.000111	-0.331930	-0.687481	0.311095	-0.566050	143.107455	-80.004181	-17.420445	0.165615	-0.051965	0.984820	-0.803521	-0.586085	0.104201	0.571774	-0.808581	-0.138820
02456														9.531872	1.011911	-1.338280	0.158856	0.016884	-0.022351	1.000000	0.000015	0.000293	0.000115	-0.332000	-0.687297	0.311111	-0.566223	143.051318	-80.032087	-17.370925	0.165202	-0.051679	0.984905	-0.803623	-0.585972	0.104048	0.571750	-0.808681	-0.138334
02457														9.514841	0.968930	-1.352751	0.158572	0.016171	-0.022588	1.000000	0.000021	0.000266	0.000135	-0.332015	-0.687115	0.311131	-0.566424	143.021913	-80.062771	-17.343363	0.164723	-0.051442	0.984997	-0.803688	-0.585927	0.103802	0.571797	-0.808729	-0.137860
02458														9.487687	0.949707	-1.343167	0.158119	0.015859	-0.022431	1.000000	0.000072	0.000290	0.000185	-0.331909	-0.686979	0.311053	-0.566694	143.011997	-80.095668	-17.315194	0.164209	-0.051193	0.985096	-0.803556	-0.586165	0.103486	0.572131	-0.808573	-0.137390
02459														9.481376	0.951048	-1.319315	0.158015	0.015876	-0.022028	1.000000	0.000102	0.000262	0.000144	-0.331834	-0.686850	0.310993	-0.566927	142.996519	-80.124995	-17.286104	0.163753	-0.050960	0.985184	-0.803463	-0.586338	0.103219	0.572391	-0.808462	-0.136959
02460														9.444437	0.975274	-1.313654	0.157401	0.016272	-0.021927	1.000000	0.000114	0.000218	0.000093	-0.331775	-0.686783	0.310898	-0.567095	142.968421	-80.143255	-17.243097	0.163492	-0.050744	0.985239	-0.803335	-0.586535	0.103097	0.572646	-0.808332	-0.136658
02461														9.412945	0.960563	-1.319712	0.156878	0.016023	-0.022018	1.000000	0.000144	0.000163	0.000067	-0.331698	-0.686770	0.310786	-0.567217	142.950045	-80.153591	-17.206966	0.163354	-0.050588	0.985270	-0.803167	-0.586777	0.103034	0.572921	-0.808167	-0.136483
02462														9.454680	1.002241	-1.334830	0.157575	0.016714	-0.022263	1.000000	0.000112	0.000110	0.000046	-0.331615	-0.686734	0.310718	-0.567347	142.950306	-80.167078	-17.192871	0.163145	-0.050479	0.985310	-0.803043	-0.586971	0.102894	0.573155	-0.808033	-0.136298
02463														9.417150	1.027951	-1.332535	0.156951	0.017140	-0.022210	1.000000	0.000087	0.000019	0.000038	-0.331511	-0.686802	0.310631	-0.567372	142.970623	-80.163933	-17.195915	0.163194	-0.050504	0.985301	-0.802865	-0.587217	0.102878	0.573389	-0.807853	-0.136378
02464														9.443615	1.008269	-1.329598	0.157395	0.016810	-0.022145	1.000000	0.000028	-0.000091	0.000029	-0.331437	-0.686919	0.310619	-0.567281	143.020096	-80.148059	-17.238118	0.163417	-0.050705	0.985253	-0.802776	-0.587331	0.102924	0.573451	-0.807757	-0.136685
02465														9.471598	1.023785	-1.336146	0.157863	0.017066	-0.022247	1.000000	-0.000011	-0.000139	0.000021	-0.331407	-0.686999	0.310703	-0.567155	143.086622	-80.133171	-17.310261	0.163597	-0.050987	0.985209	-0.802824	-0.587266	0.102919	0.573332	-0.807786	-0.137009
02466														9.474037	1.003909	-1.344185	0.157904	0.016730	-0.022380	1.000000	-0.000090	-0.000157	-0.000001	-0.331449	-0.687105	0.310802	-0.566948	143.130886	-80.108850	-17.368542	0.163945	-0.051278	0.985136	-0.802936	-0.587087	0.103064	0.573075	-0.807898	-0.137423
02467														9.523746	0.986307	-1.334429	0.158733	0.016434	-0.022213	1.000000	-0.000088	-0.000180	-0.000014	-0.331482	-0.687206	0.310911	-0.566747	143.182961	-80.085731	-17.434594	0.164265	-0.051586	0.985066	-0.803053	-0.586908	0.103178	0.572821	-0.808009	-0.137835
02468														9.491737	0.992297	-1.373917	0.158199	0.016533	-0.022877	1.000000	-0.000102	-0.000147	-0.000021	-0.331515	-0.687250	0.311024	-0.566612	143.227192	-80.072464	-17.492771	0.164430	-0.051822	0.985027	-0.803184	-0.586723	0.103208	0.572590	-0.808128	-0.138097
02469														9.511014	0.997538	-1.381100	0.158521	0.016612	-0.022999	1.000000	-0.000090	-0.000133	-0.000074	-0.331616	-0.687336	0.311096	-0.566409	143.227814	-80.048909	-17.510262	0.164800	-0.051994	0.984956	-0.803316	-0.586500	0.103449	0.572297	-0.808279	-0.138423
02470														9.491335	1.013596	-1.405829	0.158193	0.016876	-0.023412	1.000000	-0.000079	-0.000122	-0.000098	-0.331724	-0.687432	0.311134	-0.566208	143.212091	-80.024122	-17.508942	0.165208	-0.052118	0.984881	-0.803417	-0.586310	0.103742	0.572038	-0.808409	-0.138735
02471														9.511082	1.018234	-1.366304	0.158522	0.016952	-0.022756	1.000000	-0.000088	-0.000111	-0.000107	-0.331817	-0.687495	0.311169	-0.566058	143.195677	-80.006241	-17.504982	0.165504	-0.052199	0.984827	-0.803509	-0.586144	0.103966	0.571823	-0.808524	-0.138952
02472														9.475658	1.027103	-1.371941	0.157931	0.017105	-0.022854	1.000000	-0.000072	-0.000080	-0.000073	-0.331907	-0.687580	0.311183	-0.565895	143.175239	-79.985320	-17.495056	0.165856	-0.052279	0.984763	-0.803575	-0.586006	0.104231	0.571628	-0.808619	-0.139203
02473														9.491134	1.035670	-1.391715	0.158188	0.017253	-0.023185	1.000000	-0.000094	-0.000076	-0.000040	-0.331968	-0.687656	0.311204	-0.565755	143.168949	-79.967425	-17.497057	0.166148	-0.052377	0.984709	-0.803627	-0.585899	0.104430	0.571470	-0.808690	-0.139437
02474														9.484118	1.059451	-1.401184	0.158070	0.017653	-0.023345	1.000000	-0.000074	-0.000058	-0.000020	-0.332011	-0.687692	0.311246	-0.565662	143.174934	-79.957097	-17.511272	0.166304	-0.052471	0.984677	-0.803695	-0.585789	0.104522	0.571329	-0.808763	-0.139590
02475														9.539266	1.055606	-1.356101	0.158988	0.017588	-0.022602	1.000000	-0.000128	-0.000011	-0.000019	-0.332131	-0.687703	0.311307	-0.565545	143.149391	-79.946011	-17.502771	0.166494	-0.052504	0.984644	-0.803844	-0.585554	0.104699	0.571065	-0.808931	-0.139696
02476														9.498110	1.032699	-1.411712	0.158301	0.017213	-0.023534	1.000000	-0.000132	0.000020	0.000030	-0.332222	-0.687668	0.311393	-0.565487	143.140672	-79.944098	-17.510281	0.166518	-0.052536	0.984638	-0.804004	-0.585327	0.104740	0.570832	-0.809094	-0.139706
02477														9.513480	1.021358	-1.402320	0.158557	0.017026	-0.023378	1.000000	-0.000117	0.000027	0.000039	-0.332310	-0.687600	0.311508	-0.565454	143.140625	-79.947304	-17.528742	0.166449	-0.052573	0.984648	-0.804198	-0.585065	0.104707	0.570578	-0.809280	-0.139662
02478														9.478090	1.009661	-1.378242	0.157967	0.016829	-0.022979	1.000000	-0.000091	0.000045	0.000025	-0.332386	-0.687588	0.311543	-0.565406	143.119780	-79.943864	-17.518187	0.166515	-0.052560	0.984637	-0.804292	-0.584921	0.104793	0.570427	-0.809386	-0.139671
02479														9.481086	0.989644	-1.382573	0.158017	0.016496	-0.023052	1.000000	-0.000078	0.000050	0.000023	-0.332491	-0.687562	0.311604	-0.565342	143.095432	-79.940194	-17.509203	0.166583	-0.052553	0.984626	-0.804437	-0.584705	0.104890	0.570203	-0.809542	-0.139677
02480														9.508921	0.986949	-1.358737	0.158480	0.016454	-0.022654	1.000000	-0.000018	0.000052	0.000035	-0.332473	-0.687572	0.311571	-0.565358	143.090014	-79.940434	-17.499124	0.166588	-0.052522	0.984627	-0.804388	-0.584770	0.104901	0.570270	-0.809497	-0.139664
02481														9.502416	1.009099	-1.365926	0.158371	0.016827	-0.022776	1.000000	0.000049	0.000073	0.000048	-0.332477	-0.687531	0.311596	-0.565391	143.092721	-79.946705	-17.504177	0.166481	-0.052505	0.984646	-0.804424	-0.584734	0.104830	0.570252	-0.809524	-0.139583
02482														9.490369	0.999054	-1.378463	0.158169	0.016664	-0.022990	1.000000	0.000062	0.000102	0.000071	-0.332466	-0.687444	0.311640	-0.565481	143.103014	-79.961626	-17.516746	0.166225	-0.052464	0.984691	-0.804475	-0.584694	0.104651	0.570253	-0.809555	-0.139397
02483														9.476674	1.025207	-1.366328	0.157941	0.017099	-0.022785	1.000000	0.000069	0.000090	0.000069	-0.332383	-0.687430	0.311586	-0.565576	143.114284	-79.970788	-17.515059	0.166076	-0.052412	0.984719	-0.804362	-0.584872	0.104529	0.570456	-0.809430	-0.139291
02484														9.484465	1.018913	-1.383305	0.158070	0.016996	-0.023072	1.000000	0.000080	0.000118	0.000080	-0.332326	-0.687377	0.311566	-0.565685	143.122032	-79.984302	-17.515191	0.165855	-0.052342	0.984760	-0.804310	-0.584973	0.104370	0.570595	-0.809362	-0.139120
02485														9.462339	1.033219	-1.371217	0.157702	0.017229	-0.022870	1.000000	0.000060	0.000108	0.000049	-0.332318	-0.687305	0.311575	-0.565772	143.117713	-79.997292	-17.510370	0.165646	-0.052261	0.984800	-0.804326	-0.584972	0.104247	0.570632	-0.809368	-0.138933
02486														9.507868	1.000732	-1.389469	0.158461	0.016687	-0.023174	1.000000	0.000041	0.000104	0.000046	-0.332312	-0.687268	0.311555	-0.565831	143.105109	-80.004819	-17.495089	0.165537	-0.052178	0.984822	-0.804309	-0.585004	0.104200	0.570688	-0.809350	-0.138807
02487														9.401000	0.967146	-1.364413	0.156680	0.016132	-0.022757	1.000000	0.000065	0.000111	0.000071	-0.332264	-0.687240	0.311516	-0.565915	143.104687	-80.013862	-17.486255	0.165396	-0.052106	0.984850	-0.804238	-0.585118	0.104107	0.570828	-0.809273	-0.138682
02488														9.517109	1.009979	-1.385841	0.158616	0.016844	-0.023103	1.000000	0.000059	0.000043	0.000062	-0.332239	-0.687223	0.311545	-0.565935	143.126598	-80.017622	-17.508324	0.165315	-0.052150	0.984861	-0.804252	-0.585115	0.104016	0.570833	-0.809272	-0.138670
02489														9.509975	1.013590	-1.366234	0.158498	0.016900	-0.022778	1.000000	0.000018	0.000052	0.000041	-0.332236	-0.687175	0.311580	-0.565975	143.135878	-80.025147	-17.520342	0.165180	-0.052146	0.984884	-0.804295	-0.585073	0.103916	0.570811	-0.809302	-0.138583
02490														9.570582	1.042140	-1.359948	0.159508	0.017367	-0.022678	1.000000	0.000017	0.000080	-0.000015	-0.332263	-0.687156	0.311538	-0.566005	143.101238	-80.028102	-17.484144	0.165165	-0.052026	0.984893	-0.804276	-0.585091	0.103969	0.570842	-0.809297	-0.138480
02491														9.531294	1.034506	-1.348488	0.158852	0.017235	-0.022497	1.000000	-0.000049	0.000136	-0.000034	-0.332394	-0.687048	0.311557	-0.566049	143.030844	-80.038725	-17.426980	0.165043	-0.051807	0.984925	-0.804412	-0.584893	0.104029	0.570686	-0.809454	-0.138206
02492														9.501231	0.985663	-1.379435	0.158350	0.016427	-0.023018	1.000000	-0.000056	0.000166	0.000004	-0.332471	-0.686957	0.311523	-0.566133	142.964325	-80.051292	-17.363812	0.164893	-0.051560	0.984963	-0.804451	-0.584833	0.104059	0.570674	-0.809513	-0.137913
02493														9.498226	0.987038	-1.343690	0.158300	0.016454	-0.022421	1.000000	-0.000054	0.000160	0.000026	-0.332552	-0.686857	0.311524	-0.566206	142.910051	-80.063994	-17.316527	0.164727	-0.051359	0.985001	-0.804531	-0.584723	0.104058	0.570609	-0.809605	-0.137640
02494														9.452468	1.001475	-1.339565	0.157537	0.016695	-0.022353	1.000000	-0.000058	0.000163	0.000033	-0.332634	-0.686748	0.311535	-0.566284	142.858474	-80.078030	-17.272760	0.164536	-0.051161	0.985043	-0.804623	-0.584602	0.104036	0.570535	-0.809706	-0.137354
02495														9.433155	0.996961	-1.332001	0.157216	0.016620	-0.022222	1.000000	-0.000056	0.000133	0.000030	-0.332735	-0.686627	0.311599	-0.566337	142.819955	-80.091439	-17.248777	0.164337	-0.051024	0.985084	-0.804785	-0.584387	0.103989	0.570364	-0.809869	-0.137100
02496														9.412671	0.975821	-1.344224	0.156875	0.016268	-0.022420	1.000000	-0.000039	0.000098	0.000031	-0.332784	-0.686607	0.311582	-0.566341	142.786080	-80.092420	-17.217789	0.164349	-0.050930	0.985087	-0.804807	-0.584343	0.104060	0.570328	-0.809907	-0.137025
02497														9.459203	0.960313	-1.343623	0.157651	0.016012	-0.022403	1.000000	-0.000002	0.000059	0.000045	-0.332785	-0.686570	0.311604	-0.566374	142.788815	-80.098289	-17.222336	0.164248	-0.050914	0.985104	-0.804837	-0.584314	0.103993	0.570316	-0.809929	-0.136950
02498														9.495109	0.970905	-1.365484	0.158250	0.016187	-0.022768	1.000000	0.000021	0.000068	0.000030	-0.332776	-0.686574	0.311567	-0.566394	142.776927	-80.099264	-17.206267	0.164247	-0.050863	0.985107	-0.804793	-0.584371	0.104011	0.570378	-0.809891	-0.136915
02499														9.563574	0.992816	-1.331060	0.159390	0.016551	-0.022202	1.000000	0.000046	0.000116	0.000017	-0.332759	-0.686559	0.311486	-0.566467	142.744781	-80.105331	-17.164903	0.164184	-0.050713	0.985125	-0.804702	-0.584495	0.104025	0.570525	-0.809811	-0.136773
02500														9.580692	1.017993	-1.373332	0.159673	0.016969	-0.022926	1.000000	-0.000005	0.000231	0.000017	-0.332811	-0.686438	0.311415	-0.566622	142.666124	-80.125649	-17.083532	0.163922	-0.050377	0.985186	-0.804690	-0.584515	0.104000	0.570617	-0.809817	-0.136353
02501														9.621347	1.023928	-1.331242	0.160349	0.017071	-0.022235	1.000000	0.000014	0.000297	0.000035	-0.332902	-0.686291	0.311343	-0.566786	142.564200	-80.148277	-16.982349	0.163638	-0.049974	0.985254	-0.804712	-0.584484	0.104006	0.570667	-0.809865	-0.135859
02502														9.487449	0.993085	-1.324861	0.158114	0.016560	-0.022143	1.000000	-0.000021	0.000392	0.000059	-0.333052	-0.686075	0.311284	-0.566992	142.428586	-80.179036	-16.853709	0.163244	-0.049453	0.985346	-0.804804	-0.584357	0.104005	0.570650	-0.809988	-0.135193
02503														9.562078	0.976261	-1.341758	0.159358	0.016284	-0.022421	1.000000	0.000005	0.000369	0.000082	-0.333121	-0.685867	0.311211	-0.567243	142.323729	-80.213655	-16.746924	0.162765	-0.048977	0.985448	-0.804820	-0.584356	0.103888	0.570765	-0.810018	-0.134531
02504														9.468255	0.950573	-1.297417	0.157792	0.015866	-0.021692	1.000000	0.000043	0.000438	0.000144	-0.333173	-0.685606	0.311156	-0.567559	142.224968	-80.258149	-16.645922	0.162118	-0.048471	0.985580	-0.804851	-0.584356	0.103651	0.570905	-0.810049	-0.133747
02505														9.463946	0.987721	-1.278810	0.157722	0.016480	-0.021376	1.000000	0.000083	0.000406	0.000100	-0.333194	-0.685411	0.311031	-0.567850	142.118324	-80.294846	-16.528190	0.161612	-0.047958	0.985688	-0.804776	-0.584483	0.103512	0.571154	-0.809987	-0.133055
02506														9.439642	0.949966	-1.272849	0.157318	0.015848	-0.021271	1.000000	0.000115	0.000372	0.000081	-0.333196	-0.685220	0.310911	-0.568144	142.024436	-80.331685	-16.421929	0.161093	-0.047479	0.985796	-0.804692	-0.584629	0.103340	0.571419	-0.809910	-0.132386
02507														9.460495	0.952008	-1.271088	0.157667	0.015885	-0.021233	1.000000	0.000135	0.000320	0.000097	-0.333135	-0.685086	0.310774	-0.568417	141.961030	-80.363123	-16.339069	0.160643	-0.047094	0.985888	-0.804533	-0.584881	0.103153	0.571769	-0.809751	-0.131845
02508														9.483143	0.988662	-1.278242	0.158045	0.016498	-0.021346	1.000000	0.000188	0.000284	0.000103	-0.333079	-0.684994	0.310653	-0.568626	141.911622	-80.386121	-16.272431	0.160317	-0.046796	0.985956	-0.804386	-0.585107	0.103023	0.572068	-0.809605	-0.131445
02509														9.483085	1.041042	-1.276366	0.158045	0.017370	-0.021307	1.000000	0.000155	0.000235	0.000099	-0.332989	-0.684900	0.310553	-0.568847	141.887283	-80.411149	-16.229648	0.159939	-0.046556	0.986028	-0.804235	-0.585351	0.102813	0.572386	-0.809442	-0.131062
02510														9.495170	1.031023	-1.277280	0.158247	0.017200	-0.021320	1.000000	0.000095	0.000214	0.000091	-0.332965	-0.684800	0.310507	-0.569007	141.856132	-80.431550	-16.191202	0.159633	-0.046351	0.986088	-0.804189	-0.585440	0.102667	0.572537	-0.809390	-0.130730
02511														9.515729	1.034917	-1.323892	0.158589	0.017261	-0.022102	1.000000	0.000014	0.000238	0.000077	-0.333012	-0.684674	0.310481	-0.569145	141.796053	-80.451487	-16.132205	0.159351	-0.046091	0.986146	-0.804220	-0.585409	0.102592	0.572570	-0.809427	-0.130353
02512														9.591191	1.035832	-1.369598	0.159845	0.017279	-0.022876	1.000000	-0.000042	0.000301	0.000103	-0.333112	-0.684473	0.310499	-0.569318	141.717028	-80.479957	-16.062786	0.158936	-0.045763	0.986228	-0.804350	-0.585253	0.102468	0.572504	-0.809558	-0.129827
02513														9.627275	1.027361	-1.357923	0.160444	0.017131	-0.022704	1.000000	-0.000097	0.000439	0.000064	-0.333304	-0.684171	0.310483	-0.569578	141.556895	-80.521557	-15.916909	0.158363	-0.045161	0.986348	-0.804532	-0.585018	0.102386	0.572407	-0.809762	-0.128979
02514														9.668445	0.963234	-1.372679	0.161125	0.016059	-0.022982	1.000000	-0.000107	0.000636	0.000045	-0.333558	-0.683814	0.310338	-0.569937	141.291320	-80.572264	-15.659175	0.157724	-0.044213	0.986493	-0.804641	-0.584859	0.102436	0.572430	-0.809929	-0.127822
02515														9.819964	0.966114	-1.412340	0.163643	0.016108	-0.023692	1.000000	-0.000106	0.000923	0.000054	-0.333877	-0.683243	0.310130	-0.570548	140.913525	-80.657645	-15.287965	0.156589	-0.042802	0.986736	-0.804774	-0.584691	0.102350	0.572554	-0.810126	-0.126002
02516														9.923999	1.005664	-1.484279	0.165364	0.016762	-0.024977	0.999999	-0.000075	0.001438	0.000016	-0.334345	-0.682432	0.309672	-0.571492	140.276731	-80.781192	-14.646907	0.154999	-0.040510	0.987084	-0.804811	-0.584633	0.102384	0.572935	-0.810286	-0.123220
02517														9.868665	0.977277	-1.456235	0.164429	0.016282	-0.024601	0.999998	-0.000087	0.001999	-0.000021	-0.335073	-0.681273	0.309073	-0.572772	139.337175	-80.950016	-13.712225	0.152813	-0.037286	0.987551	-0.804967	-0.584400	0.102495	0.573303	-0.810609	-0.119318
02518														9.856527	0.977100	-1.499917	0.164212	0.016282	-0.025412	0.999997	-0.000026	0.002516	-0.000015	-0.335894	-0.679852	0.308240	-0.574425	138.118902	-81.159653	-12.484419	0.150048	-0.033222	0.988120	-0.805007	-0.584327	0.102596	0.573977	-0.810838	-0.114421
02519														9.955744	0.984857	-1.466470	0.165853	0.016424	-0.024941	0.999995	0.000022	0.003016	0.000056	-0.336767	-0.678140	0.307235	-0.576473	136.630920	-81.413545	-10.974453	0.146571	-0.028423	0.988792	-0.804971	-0.584389	0.102525	0.574925	-0.810976	-0.108534
02520														10.010908	1.022600	-1.402252	0.166760	0.017067	-0.023977	0.999993	0.000037	0.003641	0.000137	-0.337776	-0.676032	0.306074	-0.578971	134.752859	-81.719212	-9.070959	0.142223	-0.022707	0.989574	-0.804956	-0.584452	0.102279	0.576036	-0.811111	-0.101400
02521														9.973926	1.015679	-1.297236	0.166135	0.016965	-0.022326	0.999991	0.000051	0.004250	0.000214	-0.338923	-0.673556	0.304741	-0.581881	132.407298	-82.065812	-6.695873	0.137094	-0.016095	0.990427	-0.804947	-0.584527	0.101921	0.577291	-0.811214	-0.093091
02522														9.776033	1.084545	-1.158194	0.162834	0.018128	-0.020077	0.999989	0.000006	0.004752	0.000323	-0.340197	-0.670700	0.303362	-0.585148	129.572836	-82.447201	-3.838550	0.131145	-0.008799	0.991324	-0.805062	-0.584475	0.101316	0.578512	-0.811364	-0.083735
02523														9.724631	1.084880	-1.046505	0.161978	0.018154	-0.018265	0.999987	-0.000069	0.005075	0.000458	-0.341542	-0.667572	0.302008	-0.588632	126.271555	-82.841671	-0.523430	0.124606	-0.001138	0.992206	-0.805309	-0.584281	0.100465	0.579612	-0.811551	-0.073722
02524														9.741312	1.123742	-0.919604	0.162260	0.018814	-0.016197	0.999986	-0.000176	0.005341	0.000542	-0.342952	-0.664237	0.300633	-0.592278	122.418642	-83.231763	3.338447	0.117653	0.006863	0.993031	-0.805629	-0.584007	0.099486	0.580620	-0.811719	-0.063181
02525														9.746213	1.135964	-0.821707	0.162346	0.019027	-0.014604	0.999984	-0.000317	0.005559	0.000611	-0.344484	-0.660681	0.299313	-0.596023	117.936312	-83.605642	7.812463	0.110337	0.015139	0.993779	-0.806141	-0.583485	0.098393	0.581345	-0.811983	-0.052176
02526														9.695616	1.074152	-0.680639	0.161513	0.018006	-0.012277	0.999983	-0.000431	0.005728	0.000672	-0.346078	-0.656954	0.298020	-0.599854	112.779947	-83.949831	12.950955	0.102718	0.023622	0.994430	-0.806764	-0.582828	0.097178	0.581877	-0.812252	-0.040810
02527														9.674075	1.078634	-0.527689	0.161166	0.018089	-0.009747	0.999982	-0.000567	0.005845	0.000727	-0.347757	-0.653066	0.296801	-0.603721	106.928595	-84.250020	18.768320	0.094860	0.032235	0.994969	-0.807557	-0.581949	0.095846	0.582110	-0.812586	-0.029173
02528														9.663231	1.057538	-0.395815	0.160997	0.017746	-0.007567	0.999982	-0.000686	0.005948	0.000778	-0.349526	-0.649036	0.295654	-0.607595	100.392288	-84.490605	25.253977	0.086833	0.040960	0.995380	-0.808521	-0.580841	0.094434	0.582026	-0.812986	-0.017319
02529														9.645427	1.004122	-0.269128	0.160713	0.016858	-0.005464	0.999981	-0.000789	0.006007	0.000789	-0.351320	-0.644915	0.294522	-0.611487	93.273008	-84.657938	32.317008	0.078680	0.049772	0.995657	-0.809538	-0.579663	0.092950	0.581772	-0.813335	-0.005316
02530														9.618866	0.976950	-0.165136	0.160281	0.016406	-0.003736	0.999981	-0.000835	0.006054	0.000788	-0.353165	-0.640753	0.293376	-0.615338	85.792526	-84.734005	39.735512	0.070579	0.058670	0.995779	-0.810594	-0.578411	0.091532	0.581339	-0.813633	0.006734
02531														9.602772	0.886647	-0.062184	0.160024	0.014907	-0.002022	0.999981	-0.000921	0.006072	0.000821	-0.355032	-0.636481	0.292312	-0.619192	78.138757	-84.726497	47.315823	0.062311	0.067563	0.995767	-0.811767	-0.577012	0.089948	0.580647	-0.813936	0.018891
02532														9.656131	0.828589	0.085342	0.160929	0.013944	0.000442	0.999981	-0.000908	0.006016	0.000826	-0.356869	-0.632239	0.291245	-0.622973	70.727747	-84.627891	54.654130	0.054162	0.076366	0.995608	-0.812912	-0.575641	0.088377	0.579862	-0.814128	0.030901
02533														9.797749	0.783693	0.198886	0.163301	0.013197	0.002302	0.999981	-0.000877	0.006129	0.000813	-0.358707	-0.627920	0.290096	-0.626809	63.585044	-84.437669	61.729269	0.045909	0.085367	0.995291	-0.813996	-0.574347	0.086809	0.579054	-0.814148	0.043121
02534														9.718190	0.788276	0.317875	0.161989	0.013262	0.004270	0.999980	-0.000834	0.006279	0.000741	-0.360589	-0.623527	0.288801	-0.630700	56.920555	-84.151635	68.332690	0.037622	0.094696	0.994795	-0.814999	-0.573138	0.085380	0.578240	-0.813969	0.055615
02535														9.757818	0.829599	0.468002	0.162667	0.013934	0.006746	0.999979	-0.000840	0.006411	0.000620	-0.362575	-0.619052	0.287382	-0.634606	50.908615	-83.775187	74.282602	0.029373	0.104376	0.994104	-0.815994	-0.571902	0.084157	0.577314	-0.813655	0.068371
02536														9.680670	0.801463	0.565941	0.161394	0.013457	0.008361	0.999978	-0.000850	0.006570	0.000567	-0.364660	-0.614425	0.285900	-0.638566	45.520947	-83.321389	79.601928	0.020991	0.114390	0.993214	-0.817046	-0.570570	0.082981	0.576190	-0.813244	0.081485
02537														9.635343	0.766319	0.675542	0.160652	0.012865	0.010186	0.999978	-0.000821	0.006612	0.000527	-0.366718	-0.609798	0.284317	-0.642518	40.874231	-82.811352	84.189118	0.012669	0.124494	0.992140	-0.817997	-0.569364	0.081890	0.575084	-0.812604	0.094622
02538														9.603241	0.763967	0.837105	0.160134	0.012831	0.012885	0.999978	-0.000855	0.006592	0.000540	-0.368767	-0.605125	0.282772	-0.646431	36.842891	-82.263938	88.155638	0.004332	0.134540	0.990899	-0.818991	-0.568101	0.080715	0.573790	-0.811887	0.107726
02539														9.544534	0.777922	1.002547	0.159175	0.013056	0.015643	0.999978	-0.000827	0.006633	0.000490	-0.370834	-0.600418	0.281157	-0.650332	33.367720	-81.676549	91.568043	-0.003961	0.144707	0.989467	-0.819953	-0.566866	0.079620	0.572417	-0.811001	0.120898
02540														9.539584	0.771814	1.161155	0.159110	0.012949	0.018296	0.999978	-0.000871	0.006573	0.000435	-0.372941	-0.595725	0.279544	-0.654126	30.415441	-81.065404	94.450882	-0.012053	0.154839	0.987866	-0.820965	-0.565539	0.078627	0.570852	-0.810056	0.133933
02541														9.532285	0.769661	1.305249	0.159005	0.012911	0.020695	0.999978	-0.000906	0.006591	0.000407	-0.375065	-0.590979	0.277927	-0.657896	27.833653	-80.431100	96.959430	-0.020142	0.165009	0.986086	-0.822005	-0.564166	0.077615	0.569124	-0.809005	0.147001
02542														9.498568	0.740445	1.411476	0.158455	0.012415	0.022472	0.999978	-0.000925	0.006573	0.000334	-0.377234	-0.586229	0.276279	-0.661589	25.617407	-79.778441	99.098316	-0.028061	0.175222	0.984129	-0.823073	-0.562729	0.076724	0.567242	-0.807857	0.160011
02543														9.487488	0.739810	1.554335	0.158285	0.012399	0.024866	0.999978	-0.000927	0.006496	0.000286	-0.379391	-0.581513	0.274622	-0.665198	23.702788	-79.118710	100.935067	-0.035810	0.185347	0.982020	-0.824132	-0.561291	0.075886	0.565265	-0.806597	0.172850
02544														9.525076	0.727462	1.740580	0.158930	0.012191	0.027979	0.999979	-0.000971	0.006414	0.000244	-0.381558	-0.576826	0.272983	-0.668704	22.039191	-78.455564	102.515918	-0.043370	0.195372	0.979770	-0.825226	-0.559788	0.075096	0.563135	-0.805275	0.185504
02545														9.560311	0.752777	1.861188	0.159529	0.012621	0.029989	0.999979	-0.000979	0.006386	0.000282	-0.383696	-0.572113	0.271382	-0.672172	20.537114	-77.788574	103.932034	-0.050928	0.205297	0.977374	-0.826342	-0.558258	0.074204	0.560861	-0.803866	0.198077
02546														9.562369	0.751147	2.019288	0.159581	0.012598	0.032620	0.999979	-0.001047	0.006407	0.000275	-0.385860	-0.567342	0.269798	-0.675607	19.178839	-77.112073	105.197731	-0.058471	0.215244	0.974808	-0.827514	-0.556643	0.073274	0.558392	-0.802383	0.210665
02547														9.412248	0.763850	2.168500	0.157094	0.012822	0.035123	0.999979	-0.001089	0.006401	0.000333	-0.387977	-0.562524	0.268255	-0.679028	17.921304	-76.432284	106.360575	-0.066081	0.225095	0.972093	-0.828695	-0.555025	0.072187	0.555785	-0.800799	0.223212
02548														9.392856	0.693528	2.228859	0.156774	0.011648	0.036145	0.999979	-0.001139	0.006313	0.000304	-0.390114	-0.557727	0.266762	-0.682342	16.797549	-75.755695	107.381295	-0.073504	0.234821	0.969255	-0.829942	-0.553299	0.071108	0.552986	-0.799199	0.235558
02549														9.269558	0.642358	2.385958	0.154729	0.010796	0.038809	0.999981	-0.001134	0.006110	0.000292	-0.392181	-0.553053	0.265323	-0.685514	15.800315	-75.096658	108.275803	-0.080652	0.244216	0.966361	-0.831166	-0.551596	0.070029	0.550143	-0.797559	0.247472
02550														9.240680	0.631825	2.498130	0.154249	0.010615	0.040721	0.999982	-0.001086	0.005857	0.000260	-0.394161	-0.548560	0.263922	-0.688523	14.927718	-74.460992	109.049542	-0.087437	0.253224	0.963448	-0.832333	-0.549964	0.069010	0.547336	-0.795875	0.258853
02551														9.249911	0.624879	2.626830	0.154406	0.010492	0.042903	0.999984	-0.001038	0.005617	0.000212	-0.396077	-0.544244	0.262552	-0.691367	14.166864	-73.847770	109.714421	-0.093843	0.261884	0.960526	-0.833453	-0.548379	0.068086	0.544563	-0.794164	0.269730
02552														9.264842	0.630496	2.710398	0.154656	0.010577	0.044320	0.999985	-0.000977	0.005455	0.000164	-0.397930	-0.540062	0.261163	-0.694103	13.496835	-73.248944	110.295212	-0.099969	0.270321	0.957566	-0.834497	-0.546891	0.067267	0.541868	-0.792361	0.280254
02553														9.327527	0.627115	2.827688	0.155704	0.010524	0.046292	0.999985	-0.000954	0.005307	0.000178	-0.399704	-0.535975	0.259812	-0.696754	12.879178	-72.665234	110.826847	-0.105936	0.278486	0.954580	-0.835495	-0.545470	0.066413	0.539189	-0.790512	0.290458
02554														9.364908	0.640119	2.945578	0.156338	0.010736	0.048255	0.999986	-0.000890	0.005304	0.000155	-0.401450	-0.531905	0.258399	-0.699389	12.314179	-72.079697	111.312167	-0.111831	0.286652	0.951485	-0.836427	-0.544135	0.065623	0.536548	-0.788510	0.300615
02555														9.342768	0.619861	3.060031	0.155981	0.010398	0.050158	0.999985	-0.000905	0.005343	0.000135	-0.403222	-0.527788	0.256969	-0.702010	11.784164	-71.487937	111.759458	-0.117702	0.294882	0.948257	-0.837383	-0.542757	0.064842	0.533794	-0.786422	0.310813
02556														9.259925	0.589963	3.113923	0.154606	0.009904	0.051061	0.999985	-0.000854	0.005366	0.000180	-0.404944	-0.523646	0.255519	-0.704646	11.274167	-70.893354	112.191235	-0.123631	0.303082	0.944911	-0.838287	-0.541461	0.063994	0.531028	-0.784195	0.321011
02557														9.222818	0.601186	3.172218	0.153990	0.010097	0.052043	0.999985	-0.000788	0.005327	0.000237	-0.406564	-0.519529	0.254057	-0.707284	10.783931	-70.303202	112.612401	-0.129591	0.311133	0.941489	-0.839092	-0.540321	0.063063	0.528328	-0.781824	0.331090
02558														9.207022	0.564447	3.219993	0.153729	0.009488	0.052848	0.999986	-0.000716	0.005286	0.000277	-0.408095	-0.515446	0.252573	-0.709916	10.318104	-69.717442	113.018214	-0.135548	0.319050	0.937995	-0.839802	-0.539331	0.062090	0.525699	-0.779313	0.341044
02559														9.183615	0.570077	3.309134	0.153345	0.009584	0.054339	0.999986	-0.000633	0.005265	0.000316	-0.409511	-0.511397	0.251033	-0.712570	9.875301	-69.133707	113.415529	-0.141548	0.326855	0.934414	-0.840365	-0.538567	0.061088	0.523212	-0.776602	0.350911
02560														9.232444	0.556775	3.457736	0.154176	0.009360	0.056801	0.999986	-0.000552	0.005339	0.000315	-0.410901	-0.507312	0.249403	-0.715257	9.460900	-68.540631	113.792573	-0.147590	0.334749	0.930677	-0.840850	-0.537917	0.060135	0.520758	-0.773685	0.360865
02561														9.240854	0.516573	3.639395	0.154341	0.008692	0.059805	0.999985	-0.000512	0.005493	0.000332	-0.412296	-0.503110	0.247691	-0.718012	9.060340	-67.929487	114.159343	-0.153784	0.342836	0.926722	-0.841299	-0.537322	0.059171	0.518234	-0.770551	0.371059
02562														9.166519	0.450376	3.668996	0.153112	0.007591	0.060288	0.999984	-0.000361	0.005616	0.000411	-0.413568	-0.498850	0.245845	-0.720882	8.670787	-67.304895	114.536015	-0.160221	0.350987	0.922571	-0.841547	-0.537044	0.058166	0.515877	-0.767067	0.381418
02563														9.093552	0.441814	3.732690	0.151905	0.007453	0.061348	0.999984	-0.000207	0.005679	0.000503	-0.414702	-0.494569	0.243903	-0.723834	8.292137	-66.673807	114.921188	-0.166848	0.359096	0.918265	-0.841604	-0.537068	0.057106	0.513677	-0.763288	0.391826
02564														9.037412	0.401662	3.759650	0.150973	0.006789	0.061801	0.999984	0.000029	0.005703	0.000637	-0.415612	-0.490320	0.241838	-0.726889	7.924764	-66.041146	115.325719	-0.173706	0.367052	0.913837	-0.841363	-0.537563	0.055987	0.511795	-0.759144	0.402202
02565														9.059126	0.434543	3.879443	0.151344	0.007341	0.063799	0.999983	0.000298	0.005689	0.000780	-0.416281	-0.486138	0.239652	-0.730032	7.572168	-65.411303	115.748041	-0.180760	0.374788	0.909318	-0.840805	-0.538554	0.054832	0.510268	-0.754648	0.412473
02566														9.105789	0.605822	3.988739	0.152140	0.010224	0.065590	0.999982	0.000421	0.005876	0.001018	-0.416739	-0.481800	0.237402	-0.733374	7.189480	-64.762593	116.222423	-0.188395	0.382490	0.904549	-0.840012	-0.539938	0.053361	0.508810	-0.749779	0.423018
02567														8.993033	0.803436	4.092115	0.150281	0.013540	0.067290	0.999981	0.000297	0.006101	0.001127	-0.417219	-0.477201	0.235196	-0.736811	6.782004	-64.088543	116.710488	-0.196416	0.390351	0.899470	-0.839294	-0.541223	0.051604	0.506958	-0.744785	0.433924
02568														8.824284	0.868618	4.186571	0.147487	0.014631	0.068857	0.999980	0.000004	0.006236	0.001050	-0.417924	-0.472376	0.233112	-0.740175	6.378090	-63.396636	117.157988	-0.204402	0.398441	0.894128	-0.838906	-0.541997	0.049747	0.504436	-0.739921	0.445040
02569														8.666741	0.724452	4.300398	0.144872	0.012238	0.070777	0.999980	-0.000333	0.006162	0.000965	-0.418814	-0.467467	0.231257	-0.743364	5.977853	-62.710733	117.561206	-0.212138	0.406453	0.888703	-0.838872	-0.542230	0.047748	0.501289	-0.735379	0.455990
02570														8.584797	0.499181	4.364573	0.143506	0.008487	0.071876	0.999981	-0.000526	0.006016	0.000900	-0.419790	-0.462585	0.229563	-0.746386	5.592333	-62.039459	117.926112	-0.219584	0.414265	0.883271	-0.839035	-0.542155	0.045691	0.497797	-0.731063	0.466632
02571														8.584434	0.331371	4.505897	0.143502	0.005681	0.074262	0.999983	-0.000484	0.005812	0.000852	-0.420726	-0.457865	0.227898	-0.749274	5.242616	-61.389830	118.257038	-0.226700	0.421785	0.877898	-0.839171	-0.542105	0.043754	0.494367	-0.726788	0.476845
02572														8.613504	0.271128	4.591825	0.143992	0.004656	0.075702	0.999983	-0.000321	0.005750	0.000787	-0.421613	-0.453257	0.226103	-0.752115	4.940696	-60.745696	118.555908	-0.233600	0.429239	0.872459	-0.839169	-0.542239	0.042088	0.491148	-0.722309	0.486871
02573														8.655668	0.300763	4.744313	0.144708	0.005132	0.078241	0.999983	-0.000193	0.005743	0.000722	-0.422463	-0.448713	0.224169	-0.754937	4.679066	-60.101099	118.829320	-0.240364	0.436691	0.866906	-0.839040	-0.542548	0.040662	0.488095	-0.717596	0.496810
02574														8.575373	0.362534	4.873536	0.143391	0.006141	0.080387	0.999983	-0.000091	0.005848	0.000636	-0.423342	-0.444136	0.222069	-0.757766	4.455094	-59.443168	119.074065	-0.247048	0.444331	0.861125	-0.838847	-0.542933	0.039491	0.485080	-0.712596	0.506857
02575														8.442231	0.447033	5.051832	0.141180	0.007534	0.083388	0.999983	-0.000115	0.005734	0.000526	-0.424259	-0.439651	0.219969	-0.760477	4.260598	-58.796905	119.285624	-0.253423	0.451859	0.855336	-0.838698	-0.543236	0.038489	0.482041	-0.707614	0.516641
02576														8.346564	0.400492	5.118076	0.139579	0.006760	0.084522	0.999984	-0.000196	0.005583	0.000490	-0.425201	-0.435237	0.217977	-0.763059	4.073394	-58.167186	119.477790	-0.259547	0.459163	0.849591	-0.838650	-0.543381	0.037466	0.478854	-0.702785	0.526110
02577														8.300573	0.350505	5.201138	0.138798	0.005932	0.085947	0.999986	-0.000185	0.005321	0.000539	-0.426029	-0.431004	0.216102	-0.765529	3.889085	-57.567468	119.669645	-0.265471	0.465993	0.844024	-0.838556	-0.543599	0.036375	0.475761	-0.698105	0.535071
02578														8.384730	0.366939	5.330981	0.140205	0.006200	0.088115	0.999986	-0.000162	0.005239	0.000498	-0.426849	-0.426841	0.214222	-0.767929	3.722021	-56.976607	119.845084	-0.271214	0.472703	0.838448	-0.838458	-0.543817	0.035378	0.472685	-0.693408	0.543832
02579														8.345438	0.335504	5.437417	0.139561	0.005680	0.089891	0.999986	-0.000180	0.005251	0.000518	-0.427662	-0.422641	0.212358	-0.770314	3.555283	-56.384127	120.017676	-0.276959	0.479366	0.832768	-0.838370	-0.544019	0.034331	0.469499	-0.688660	0.552557
