// Start Time: Unknown
// Update Rate: 60.0Hz
//Filter Profile: human (46.1)
// Option Flags: AHS Disabled ICC Disabled
// Firmware Version: 4.0.2
0	sampleTimeFine	Year	Month	Day	Second	UTC_Nano	UTC_Year	UTC_Month	UTC_Day	UTC_Hour	UTC_Minute	UTC_Second	UTC_Valid	Acc_X	Acc_Y	Acc_Z	Mat[1][1]	Mat[2][1]	Mat[3][1]	Mat[1][2]	Mat[2][2]	Mat[3][2]	Mat[1][3]	Mat[2][3]	Mat[3][3]
0	5819336													0.145944	-0.120170	-0.084531	0.169119	-0.934655	-0.312759	0.002538	-0.316916	0.948450	-0.985592	-0.161195	-0.051224
1	5819502													9.713640	-0.085694	1.585372	0.169073	-0.934465	-0.313354	0.001111	-0.317750	0.948174	-0.985603	-0.160658	-0.052685
2	5819669													9.665583	-0.058270	1.631813	0.167497	-0.934609	-0.313768	-0.001381	-0.318486	0.947926	-0.985872	-0.158342	-0.054636
3	5819836													9.760372	-0.069800	1.645886	0.166672	-0.934871	-0.313427	-0.003205	-0.318385	0.947956	-0.986007	-0.156993	-0.056063
4	5820002													9.742042	-0.059135	1.641037	0.166183	-0.934956	-0.313434	-0.004351	-0.318546	0.947898	-0.986085	-0.156160	-0.057005
5	5820169													9.684097	-0.007093	1.665500	0.165991	-0.934980	-0.313462	-0.005004	-0.318667	0.947854	-0.986115	-0.155767	-0.057574
6	5820336													9.654136	-0.022385	1.673885	0.166092	-0.934767	-0.314045	-0.005222	-0.319298	0.947640	-0.986096	-0.155755	-0.057914
7	5820502													9.661219	0.045498	1.694550	0.166306	-0.934647	-0.314288	-0.005259	-0.319562	0.947551	-0.986060	-0.155930	-0.058060
8	5820669													9.666281	0.060996	1.694403	0.166551	-0.934604	-0.314286	-0.004964	-0.319529	0.947564	-0.986020	-0.156258	-0.057857
9	5820836													9.679756	-0.004620	1.679476	0.166804	-0.934512	-0.314426	-0.004556	-0.319621	0.947535	-0.985980	-0.156620	-0.057572
10	5821002													9.687770	-0.036475	1.627308	0.166961	-0.934303	-0.314962	-0.004275	-0.320129	0.947364	-0.985954	-0.156827	-0.057444
11	5821169													9.678809	-0.006912	1.645625	0.167078	-0.934179	-0.315269	-0.004094	-0.320418	0.947267	-0.985935	-0.156976	-0.057359
12	5821336													9.696486	0.017019	1.638389	0.167213	-0.934076	-0.315502	-0.003941	-0.320639	0.947193	-0.985913	-0.157140	-0.057296
13	5821502													9.718203	0.001105	1.633801	0.167324	-0.934009	-0.315643	-0.003773	-0.320761	0.947153	-0.985895	-0.157290	-0.057195
14	5821669													9.685407	0.005311	1.647838	0.167383	-0.934005	-0.315624	-0.003607	-0.320719	0.947168	-0.985885	-0.157401	-0.057052
15	5821836													9.685967	-0.006294	1.668755	0.167363	-0.934012	-0.315613	-0.003451	-0.320681	0.947181	-0.985889	-0.157434	-0.056894
16	5822002													9.691768	-0.010120	1.661295	0.167263	-0.933934	-0.315896	-0.003288	-0.320936	0.947095	-0.985907	-0.157376	-0.056751
17	5822169													9.688900	-0.002643	1.636991	0.167159	-0.933973	-0.315836	-0.003205	-0.320857	0.947122	-0.985925	-0.157308	-0.056627
18	5822336													9.700648	0.022037	1.665833	0.167068	-0.934086	-0.315550	-0.003113	-0.320546	0.947228	-0.985940	-0.157269	-0.056461
19	5822503													9.691599	0.014483	1.614754	0.167015	-0.934038	-0.315719	-0.002931	-0.320685	0.947181	-0.985950	-0.157268	-0.056297
20	5822669													9.693521	0.004570	1.678257	0.166997	-0.934017	-0.315790	-0.002769	-0.320731	0.947166	-0.985953	-0.157300	-0.056148
21	5822836													9.698270	0.014891	1.657790	0.166924	-0.933997	-0.315890	-0.002668	-0.320812	0.947139	-0.985966	-0.157258	-0.056043
22	5823003													9.677346	0.030527	1.672606	0.166886	-0.934044	-0.315772	-0.002474	-0.320659	0.947192	-0.985973	-0.157292	-0.055825
23	5823169													9.693632	0.030201	1.671934	0.166809	-0.934062	-0.315759	-0.002280	-0.320610	0.947208	-0.985987	-0.157283	-0.055611
24	5823336													9.706667	0.029504	1.661996	0.166782	-0.934152	-0.315507	-0.002068	-0.320319	0.947307	-0.985992	-0.157341	-0.055355
25	5823503													9.711144	-0.023932	1.599051	0.166740	-0.934121	-0.315619	-0.001932	-0.320409	0.947277	-0.985999	-0.157340	-0.055230
26	5823669													9.672214	0.031081	1.644061	0.166701	-0.934067	-0.315801	-0.001880	-0.320583	0.947219	-0.986006	-0.157308	-0.055197
27	5823836													9.671553	0.071213	1.636533	0.166655	-0.934080	-0.315786	-0.001858	-0.320561	0.947226	-0.986014	-0.157273	-0.055158
28	5824003													9.742880	0.065734	1.625551	0.166625	-0.934147	-0.315604	-0.001830	-0.320371	0.947291	-0.986019	-0.157265	-0.055091
29	5824169													9.731861	-0.029565	1.607237	0.166642	-0.934144	-0.315604	-0.001872	-0.320379	0.947288	-0.986016	-0.157267	-0.055138
30	5824336													9.690639	-0.031467	1.600040	0.166624	-0.933954	-0.316173	-0.001920	-0.320963	0.947090	-0.986019	-0.157201	-0.055273
31	5824503													9.692796	0.027449	1.643033	0.166660	-0.933815	-0.316568	-0.001945	-0.321368	0.946952	-0.986013	-0.157203	-0.055375
32	5824669													9.679317	0.075371	1.685233	0.166622	-0.933796	-0.316643	-0.001975	-0.321448	0.946925	-0.986019	-0.157153	-0.055405
33	5824836													9.710808	0.071710	1.735998	0.166504	-0.933856	-0.316526	-0.001948	-0.321318	0.946969	-0.986039	-0.157057	-0.055320
34	5825003													9.679942	0.052173	1.680553	0.166389	-0.933882	-0.316511	-0.001960	-0.321299	0.946976	-0.986058	-0.156946	-0.055291
35	5825169													9.675357	0.005876	1.606335	0.166309	-0.933851	-0.316644	-0.002019	-0.321437	0.946929	-0.986072	-0.156843	-0.055344
36	5825336													9.686790	0.021185	1.603119	0.166301	-0.933762	-0.316911	-0.002070	-0.321716	0.946834	-0.986073	-0.156803	-0.055434
37	5825503													9.696585	0.030128	1.653265	0.166356	-0.933689	-0.317097	-0.002155	-0.321921	0.946764	-0.986063	-0.156816	-0.055566
38	5825669													9.700030	0.034900	1.713179	0.166437	-0.933614	-0.317274	-0.002266	-0.322123	0.946695	-0.986050	-0.156846	-0.055729
39	5825836													9.696223	0.033912	1.685831	0.166441	-0.933588	-0.317350	-0.002351	-0.322214	0.946664	-0.986049	-0.156817	-0.055825
40	5826003													9.682966	0.027987	1.664487	0.166478	-0.933613	-0.317258	-0.002492	-0.322145	0.946687	-0.986042	-0.156812	-0.055957
41	5826169													9.678738	0.018035	1.642689	0.166494	-0.933617	-0.317236	-0.002645	-0.322148	0.946686	-0.986039	-0.156779	-0.056105
42	5826336													9.679131	0.014707	1.644605	0.166558	-0.933579	-0.317316	-0.002866	-0.322268	0.946644	-0.986027	-0.156762	-0.056352
43	5826503													9.698259	0.010945	1.634028	0.166629	-0.933498	-0.317517	-0.003078	-0.322510	0.946561	-0.986015	-0.156747	-0.056612
44	5826669													9.690446	0.012756	1.654061	0.166730	-0.933426	-0.317673	-0.003290	-0.322707	0.946493	-0.985997	-0.156764	-0.056876
45	5826836													9.686022	0.012537	1.645289	0.166769	-0.933406	-0.317712	-0.003514	-0.322785	0.946466	-0.985990	-0.156725	-0.057110
46	5827003													9.709418	-0.011204	1.658780	0.166808	-0.933369	-0.317802	-0.003745	-0.322916	0.946420	-0.985982	-0.156680	-0.057361
47	5827169													9.684381	0.015173	1.690553	0.166824	-0.933360	-0.317819	-0.003928	-0.322962	0.946404	-0.985979	-0.156634	-0.057544
48	5827336													9.685381	0.054122	1.706985	0.166853	-0.933358	-0.317808	-0.004060	-0.322974	0.946399	-0.985973	-0.156619	-0.057679
49	5827503													9.688282	0.039850	1.711366	0.166860	-0.933439	-0.317568	-0.004171	-0.322749	0.946475	-0.985972	-0.156605	-0.057747
50	5827669													9.650609	0.029582	1.691027	0.166858	-0.933587	-0.317132	-0.004242	-0.322318	0.946622	-0.985972	-0.156606	-0.057741
51	5827836													9.695709	-0.002537	1.672322	0.166807	-0.933745	-0.316696	-0.004329	-0.321886	0.946768	-0.985980	-0.156557	-0.057735
52	5828003													9.688434	0.024138	1.649994	0.166847	-0.933841	-0.316390	-0.004447	-0.321597	0.946866	-0.985973	-0.156574	-0.057810
53	5828169													9.668423	-0.153965	1.579420	0.166886	-0.933837	-0.316381	-0.004651	-0.321623	0.946856	-0.985965	-0.156546	-0.058018
54	5828336													9.676787	-0.061279	1.667412	0.166960	-0.933743	-0.316621	-0.004718	-0.321881	0.946768	-0.985952	-0.156579	-0.058146
55	5828503													9.729336	-0.041859	1.701080	0.166912	-0.933757	-0.316604	-0.004568	-0.321838	0.946784	-0.985961	-0.156584	-0.057984
56	5828669													9.751255	-0.050578	1.687176	0.166877	-0.933781	-0.316552	-0.004470	-0.321768	0.946808	-0.985968	-0.156586	-0.057869
57	5828836													9.708256	-0.121703	1.701941	0.166881	-0.933693	-0.316810	-0.004622	-0.322053	0.946710	-0.985966	-0.156524	-0.058060
58	5829003													9.656788	-0.047868	1.692287	0.166830	-0.933609	-0.317083	-0.004956	-0.322379	0.946598	-0.985973	-0.156349	-0.058409
59	5829169													9.660580	-0.021557	1.668761	0.166777	-0.933607	-0.317118	-0.005309	-0.322468	0.946565	-0.985980	-0.156182	-0.058736
60	5829336													9.666621	0.026224	1.665595	0.166721	-0.933550	-0.317314	-0.005655	-0.322719	0.946478	-0.985988	-0.156003	-0.059083
61	5829503													9.691003	0.079840	1.668816	0.166627	-0.933592	-0.317241	-0.006008	-0.322694	0.946484	-0.986002	-0.155804	-0.059379
62	5829669													9.655073	0.124861	1.660971	0.166582	-0.933675	-0.317020	-0.006289	-0.322512	0.946544	-0.986008	-0.155684	-0.059596
63	5829836													9.662792	0.105517	1.670573	0.166574	-0.933693	-0.316972	-0.006464	-0.322490	0.946551	-0.986008	-0.155622	-0.059754
64	5830003													9.679619	0.084576	1.651096	0.166524	-0.933646	-0.317135	-0.006545	-0.322666	0.946490	-0.986016	-0.155538	-0.059843
65	5830169													9.700765	0.028775	1.642936	0.166487	-0.933594	-0.317307	-0.006499	-0.322831	0.946434	-0.986022	-0.155507	-0.059814
66	5830336													9.704306	0.007094	1.680693	0.166431	-0.933502	-0.317609	-0.006399	-0.323117	0.946337	-0.986032	-0.155468	-0.059750
67	5830503													9.701400	-0.002136	1.690561	0.166340	-0.933494	-0.317679	-0.006279	-0.323163	0.946322	-0.986049	-0.155416	-0.059616
68	5830669													9.687855	-0.045196	1.659664	0.166214	-0.933594	-0.317449	-0.006224	-0.322914	0.946408	-0.986070	-0.155331	-0.059483
69	5830836													9.682331	-0.056676	1.666119	0.166013	-0.933701	-0.317241	-0.006165	-0.322682	0.946487	-0.986104	-0.155173	-0.059326
70	5831003													9.674767	-0.042582	1.648646	0.165841	-0.933756	-0.317170	-0.006087	-0.322587	0.946520	-0.986134	-0.155042	-0.059182
71	5831169													9.677531	-0.066367	1.631591	0.165740	-0.933843	-0.316965	-0.006105	-0.322375	0.946592	-0.986151	-0.154953	-0.059131
72	5831336													9.701398	-0.063016	1.656424	0.165557	-0.933931	-0.316804	-0.006163	-0.322210	0.946648	-0.986181	-0.154771	-0.059100
73	5831503													9.692941	-0.057892	1.658222	0.165369	-0.933954	-0.316832	-0.006234	-0.322238	0.946638	-0.986212	-0.154570	-0.059110
74	5831669													9.699241	-0.068641	1.689007	0.165175	-0.933925	-0.317020	-0.006368	-0.322438	0.946569	-0.986244	-0.154331	-0.059206
75	5831836													9.680985	-0.026836	1.677224	0.165006	-0.933886	-0.317222	-0.006482	-0.322651	0.946496	-0.986271	-0.154121	-0.059293
76	5832003													9.688854	0.010392	1.673190	0.164833	-0.933825	-0.317492	-0.006556	-0.322925	0.946402	-0.986300	-0.153917	-0.059351
77	5832169													9.689387	0.026905	1.660142	0.164605	-0.933783	-0.317733	-0.006582	-0.323159	0.946322	-0.986338	-0.153678	-0.059340
78	5832336													9.698614	0.052132	1.641221	0.164353	-0.933801	-0.317812	-0.006609	-0.323229	0.946298	-0.986379	-0.153427	-0.059295
79	5832503													9.689628	0.053143	1.618329	0.164106	-0.933873	-0.317728	-0.006645	-0.323134	0.946330	-0.986420	-0.153187	-0.059234
80	5832669													9.715164	0.027726	1.599759	0.163925	-0.933955	-0.317579	-0.006614	-0.322967	0.946387	-0.986451	-0.153036	-0.059119
81	5832836													9.690378	0.041188	1.624986	0.163734	-0.934063	-0.317361	-0.006617	-0.322735	0.946466	-0.986482	-0.152868	-0.059024
82	5833003													9.689540	0.048361	1.630503	0.163538	-0.934250	-0.316910	-0.006644	-0.322270	0.946624	-0.986515	-0.152704	-0.058910
83	5833169													9.716136	0.034023	1.670827	0.163364	-0.934426	-0.316481	-0.006673	-0.321830	0.946774	-0.986543	-0.152557	-0.058811
84	5833336													9.719765	-0.100400	1.600165	0.163143	-0.934521	-0.316316	-0.006723	-0.321657	0.946832	-0.986580	-0.152342	-0.058759
85	5833503													9.675497	-0.070662	1.636274	0.163030	-0.934494	-0.316453	-0.006756	-0.321794	0.946786	-0.986598	-0.152217	-0.058775
86	5833669													9.683733	-0.002178	1.654239	0.162896	-0.934571	-0.316293	-0.006797	-0.321630	0.946841	-0.986620	-0.152087	-0.058744
87	5833836													9.722631	-0.017859	1.631748	0.162755	-0.934680	-0.316045	-0.006804	-0.321371	0.946929	-0.986643	-0.151968	-0.058664
88	5834003													9.749180	-0.072352	1.607049	0.162655	-0.934674	-0.316114	-0.006811	-0.321436	0.946907	-0.986659	-0.151866	-0.058650
89	5834169													9.684834	-0.079092	1.595216	0.162534	-0.934536	-0.316585	-0.006872	-0.321916	0.946743	-0.986679	-0.151702	-0.058744
90	5834336													9.644239	0.016689	1.643013	0.162506	-0.934444	-0.316871	-0.006902	-0.322208	0.946644	-0.986683	-0.151648	-0.058810
91	5834503													9.685531	0.043378	1.669343	0.162424	-0.934458	-0.316871	-0.006923	-0.322206	0.946644	-0.986697	-0.151564	-0.058803
92	5834669													9.732615	-0.016505	1.626073	0.162260	-0.934473	-0.316911	-0.006975	-0.322245	0.946631	-0.986723	-0.151390	-0.058806
93	5834836													9.729625	-0.024943	1.579237	0.162111	-0.934352	-0.317342	-0.007094	-0.322691	0.946478	-0.986747	-0.151183	-0.058940
94	5835003													9.681976	0.027392	1.597816	0.162005	-0.934217	-0.317794	-0.007160	-0.323152	0.946320	-0.986764	-0.151034	-0.059041
95	5835169													9.692802	0.030999	1.630317	0.161978	-0.934122	-0.318088	-0.007158	-0.323448	0.946219	-0.986768	-0.150990	-0.059078
96	5835336													9.675234	0.071033	1.660406	0.161953	-0.934084	-0.318210	-0.007180	-0.323574	0.946176	-0.986772	-0.150951	-0.059111
97	5835503													9.684463	0.081294	1.678421	0.161892	-0.934192	-0.317925	-0.007200	-0.323285	0.946274	-0.986782	-0.150905	-0.059063
98	5835669													9.702436	0.027408	1.614014	0.161807	-0.934336	-0.317544	-0.007211	-0.322895	0.946407	-0.986796	-0.150845	-0.058984
99	5835836													9.724044	-0.004527	1.593590	0.161749	-0.934344	-0.317551	-0.007227	-0.322901	0.946405	-0.986806	-0.150785	-0.058981
100	5836003													9.718446	-0.009519	1.576547	0.161785	-0.934312	-0.317628	-0.007340	-0.322998	0.946371	-0.986799	-0.150777	-0.059114
101	5836169													9.698901	0.001989	1.596443	0.161972	-0.934335	-0.317464	-0.007587	-0.322882	0.946409	-0.986766	-0.150883	-0.059387
102	5836336													9.744273	0.015144	1.641031	0.162257	-0.934428	-0.317045	-0.007792	-0.322506	0.946535	-0.986718	-0.151111	-0.059610
103	5836503													9.734446	-0.028291	1.643085	0.162536	-0.934542	-0.316565	-0.007906	-0.322055	0.946688	-0.986671	-0.151368	-0.059734
104	5836669													9.701640	-0.031529	1.619346	0.162884	-0.934554	-0.316349	-0.008054	-0.321880	0.946746	-0.986612	-0.151662	-0.059956
105	5836836													9.675918	-0.065941	1.648587	0.163297	-0.934557	-0.316128	-0.008308	-0.321720	0.946798	-0.986542	-0.151982	-0.060300
106	5837003													9.644368	-0.028606	1.664205	0.163665	-0.934618	-0.315758	-0.008574	-0.321410	0.946901	-0.986479	-0.152267	-0.060617
107	5837169													9.666301	-0.023536	1.749141	0.163995	-0.934755	-0.315180	-0.008776	-0.320875	0.947081	-0.986422	-0.152551	-0.060825
108	5837336													9.679237	-0.056936	1.686331	0.164148	-0.934916	-0.314623	-0.008988	-0.320354	0.947255	-0.986395	-0.152662	-0.060989
109	5837503													9.691167	-0.130967	1.648580	0.164271	-0.934875	-0.314679	-0.009181	-0.320448	0.947222	-0.986372	-0.152712	-0.061224
110	5837669													9.662477	-0.096520	1.644607	0.164423	-0.934663	-0.315230	-0.009302	-0.321034	0.947022	-0.986346	-0.152780	-0.061479
111	5837836													9.624320	0.022516	1.676067	0.164631	-0.934491	-0.315631	-0.009345	-0.321461	0.946877	-0.986311	-0.152936	-0.061655
112	5838003													9.707146	0.002789	1.660672	0.164789	-0.934454	-0.315658	-0.009306	-0.321492	0.946867	-0.986285	-0.153095	-0.061674
113	5838169													9.724940	-0.035074	1.665391	0.164911	-0.934375	-0.315829	-0.009319	-0.321675	0.946804	-0.986264	-0.153195	-0.061755
114	5838336													9.680379	-0.037764	1.664342	0.164951	-0.934210	-0.316296	-0.009370	-0.322159	0.946639	-0.986257	-0.153185	-0.061894
115	5838503													9.624866	-0.032251	1.652192	0.164940	-0.934134	-0.316525	-0.009430	-0.322399	0.946557	-0.986258	-0.153141	-0.061985
116	5838669													9.667479	0.030117	1.700696	0.164928	-0.934124	-0.316561	-0.009480	-0.322443	0.946541	-0.986260	-0.153111	-0.062035
117	5838836													9.703238	0.053564	1.668533	0.164858	-0.934186	-0.316416	-0.009377	-0.322276	0.946599	-0.986273	-0.153087	-0.061890
118	5839003													9.673065	0.001777	1.702818	0.164783	-0.934207	-0.316392	-0.009256	-0.322228	0.946617	-0.986286	-0.153058	-0.061745
119	5839170													9.661950	0.013940	1.709810	0.164744	-0.934209	-0.316406	-0.009172	-0.322226	0.946618	-0.986294	-0.153048	-0.061653
120	5839336													9.664775	0.016690	1.690115	0.164696	-0.934247	-0.316319	-0.009011	-0.322110	0.946659	-0.986303	-0.153060	-0.061469
121	5839503													9.697730	-0.016944	1.689543	0.164626	-0.934255	-0.316333	-0.008863	-0.322097	0.946665	-0.986316	-0.153042	-0.061306
122	5839670													9.673605	-0.000215	1.672438	0.164579	-0.934252	-0.316366	-0.008685	-0.322099	0.946666	-0.986326	-0.153053	-0.061125
123	5839836													9.679689	-0.008093	1.649280	0.164491	-0.934214	-0.316522	-0.008492	-0.322222	0.946626	-0.986342	-0.153024	-0.060936
124	5840003													9.690044	0.015018	1.640707	0.164391	-0.934178	-0.316681	-0.008269	-0.322343	0.946587	-0.986361	-0.152991	-0.060715
125	5840170													9.699222	0.011732	1.645995	0.164319	-0.934148	-0.316806	-0.008038	-0.322429	0.946559	-0.986374	-0.152992	-0.060490
126	5840336													9.694928	0.019882	1.652571	0.164212	-0.934107	-0.316982	-0.007850	-0.322572	0.946512	-0.986394	-0.152940	-0.060303
127	5840503													9.698560	0.029582	1.667417	0.164096	-0.934143	-0.316936	-0.007705	-0.322495	0.946540	-0.986414	-0.152881	-0.060117
128	5840670													9.687195	0.034074	1.662418	0.163976	-0.934220	-0.316771	-0.007594	-0.322304	0.946606	-0.986435	-0.152815	-0.059944
129	5840836													9.683375	0.020494	1.664193	0.163814	-0.934329	-0.316535	-0.007518	-0.322043	0.946695	-0.986463	-0.152703	-0.059779
130	5841003													9.695694	0.005002	1.654985	0.163639	-0.934463	-0.316229	-0.007476	-0.321716	0.946807	-0.986492	-0.152570	-0.059631
131	5841170													9.679093	0.009303	1.662626	0.163498	-0.934563	-0.316006	-0.007499	-0.321484	0.946885	-0.986515	-0.152444	-0.059570
132	5841336													9.689442	0.026243	1.663499	0.163346	-0.934677	-0.315747	-0.007516	-0.321216	0.946976	-0.986540	-0.152312	-0.059495
133	5841503													9.701974	0.019526	1.656042	0.163234	-0.934786	-0.315482	-0.007539	-0.320944	0.947068	-0.986559	-0.152215	-0.059436
134	5841670													9.699713	-0.019413	1.654210	0.163125	-0.934897	-0.315212	-0.007639	-0.320679	0.947157	-0.986576	-0.152097	-0.059452
135	5841836													9.703990	-0.087900	1.616623	0.162974	-0.934903	-0.315271	-0.007711	-0.320740	0.947136	-0.986600	-0.151928	-0.059481
136	5842003													9.652234	0.001142	1.667305	0.162886	-0.934862	-0.315437	-0.007759	-0.320911	0.947078	-0.986614	-0.151818	-0.059525
137	5842170													9.687902	0.039989	1.670822	0.162793	-0.934886	-0.315414	-0.007783	-0.320885	0.947086	-0.986629	-0.151725	-0.059514
138	5842336													9.712108	0.005309	1.664020	0.162648	-0.934968	-0.315248	-0.007820	-0.320713	0.947144	-0.986653	-0.151586	-0.059475
139	5842503													9.734538	-0.014158	1.611296	0.162513	-0.935025	-0.315149	-0.007874	-0.320614	0.947177	-0.986675	-0.151447	-0.059466
140	5842670													9.714969	-0.078110	1.551765	0.162366	-0.934895	-0.315608	-0.008025	-0.321093	0.947014	-0.986698	-0.151230	-0.059637
141	5842836													9.682015	-0.023071	1.586021	0.162332	-0.934699	-0.316204	-0.008106	-0.321707	0.946805	-0.986703	-0.151134	-0.059800
142	5843003													9.681584	0.042260	1.620843	0.162330	-0.934606	-0.316481	-0.008183	-0.322000	0.946704	-0.986703	-0.151089	-0.059918
143	5843170													9.698910	0.058610	1.675764	0.162303	-0.934640	-0.316394	-0.008185	-0.321910	0.946735	-0.986707	-0.151068	-0.059897
144	5843336													9.709571	0.046773	1.655784	0.162256	-0.934691	-0.316268	-0.008174	-0.321777	0.946780	-0.986715	-0.151035	-0.059851
145	5843503													9.686301	0.043101	1.615090	0.162160	-0.934760	-0.316112	-0.008122	-0.321606	0.946839	-0.986731	-0.150972	-0.059744
146	5843670													9.710075	0.027308	1.604859	0.162104	-0.934795	-0.316039	-0.008095	-0.321524	0.946867	-0.986740	-0.150933	-0.059688
147	5843836													9.691935	0.004394	1.607628	0.162179	-0.934793	-0.316007	-0.008124	-0.321501	0.946874	-0.986728	-0.150996	-0.059735
148	5844003													9.706585	0.044138	1.633980	0.162257	-0.934822	-0.315881	-0.008227	-0.321394	0.946910	-0.986714	-0.151044	-0.059839
149	5844170													9.767870	0.053851	1.636891	0.162350	-0.934882	-0.315654	-0.008160	-0.321159	0.946990	-0.986700	-0.151168	-0.059768
150	5844336													9.722137	0.023428	1.643911	0.162513	-0.934901	-0.315516	-0.008046	-0.321012	0.947041	-0.986674	-0.151368	-0.059691
151	5844503													9.688091	-0.013772	1.669428	0.162748	-0.934816	-0.315645	-0.008013	-0.321152	0.946994	-0.986635	-0.151592	-0.059758
152	5844670													9.680258	-0.009780	1.681169	0.162983	-0.934775	-0.315646	-0.008084	-0.321178	0.946984	-0.986596	-0.151790	-0.059903
153	5844836													9.657155	0.009538	1.711008	0.163202	-0.934857	-0.315290	-0.008183	-0.320846	0.947096	-0.986559	-0.151988	-0.060013
154	5845003													9.682607	-0.079794	1.672481	0.163362	-0.935017	-0.314733	-0.008311	-0.320311	0.947276	-0.986531	-0.152133	-0.060097
155	5845170													9.682761	-0.088926	1.676102	0.163489	-0.935123	-0.314351	-0.008500	-0.319961	0.947392	-0.986508	-0.152217	-0.060259
156	5845336													9.657851	-0.050434	1.673622	0.163672	-0.935172	-0.314110	-0.008717	-0.319763	0.947458	-0.986476	-0.152335	-0.060488
157	5845503													9.691740	-0.023858	1.686883	0.163953	-0.935216	-0.313833	-0.008909	-0.319529	0.947535	-0.986428	-0.152555	-0.060719
158	5845670													9.698269	-0.099035	1.623565	0.164211	-0.935235	-0.313640	-0.009049	-0.319371	0.947587	-0.986384	-0.152766	-0.060907
159	5845836													9.644403	-0.020165	1.680328	0.164433	-0.935107	-0.313905	-0.009163	-0.319671	0.947484	-0.986346	-0.152921	-0.061133
160	5846003													9.664021	0.084125	1.704227	0.164570	-0.935047	-0.314013	-0.009263	-0.319805	0.947438	-0.986322	-0.153011	-0.061292
161	5846170													9.716656	-0.003841	1.699435	0.164562	-0.935011	-0.314124	-0.009408	-0.319939	0.947391	-0.986322	-0.152949	-0.061446
162	5846336													9.627184	0.025950	1.650253	0.164477	-0.934999	-0.314204	-0.009595	-0.320044	0.947354	-0.986334	-0.152803	-0.061611
163	5846503													9.670214	0.075629	1.690333	0.164392	-0.935101	-0.313945	-0.009851	-0.319816	0.947429	-0.986346	-0.152657	-0.061786
164	5846670													9.703302	-0.001484	1.586787	0.164224	-0.935170	-0.313828	-0.009973	-0.319705	0.947465	-0.986373	-0.152467	-0.061830
165	5846836													9.679459	-0.045360	1.612032	0.164127	-0.935116	-0.314040	-0.010074	-0.319929	0.947388	-0.986388	-0.152329	-0.061929
166	5847003													9.697044	0.016116	1.677053	0.164034	-0.935047	-0.314294	-0.010178	-0.320197	0.947296	-0.986402	-0.152191	-0.062040
167	5847170													9.676713	0.059676	1.724894	0.163913	-0.935108	-0.314173	-0.010143	-0.320062	0.947342	-0.986423	-0.152095	-0.061947
168	5847336													9.714783	-0.024925	1.701360	0.163717	-0.935256	-0.313835	-0.010070	-0.319696	0.947467	-0.986456	-0.151956	-0.061757
169	5847503													9.674014	-0.064897	1.657754	0.163464	-0.935351	-0.313685	-0.010025	-0.319520	0.947526	-0.986498	-0.151742	-0.061607
170	5847670													9.673189	-0.050427	1.609428	0.163246	-0.935360	-0.313772	-0.009956	-0.319584	0.947506	-0.986535	-0.151553	-0.061483
171	5847836													9.668934	-0.019729	1.625594	0.163122	-0.935298	-0.314022	-0.009873	-0.319816	0.947428	-0.986557	-0.151446	-0.061403
172	5848003													9.663367	-0.010467	1.670860	0.163008	-0.935290	-0.314104	-0.009760	-0.319875	0.947409	-0.986577	-0.151369	-0.061271
173	5848170													9.699768	-0.001795	1.678074	0.162889	-0.935355	-0.313971	-0.009678	-0.319721	0.947462	-0.986597	-0.151293	-0.061131
174	5848336													9.708713	-0.028648	1.657611	0.162775	-0.935446	-0.313758	-0.009607	-0.319487	0.947542	-0.986616	-0.151222	-0.060992
175	5848503													9.688442	-0.037300	1.680506	0.162679	-0.935575	-0.313425	-0.009565	-0.319137	0.947660	-0.986633	-0.151167	-0.060866
176	5848670													9.717049	-0.042637	1.667149	0.162581	-0.935737	-0.312992	-0.009552	-0.318690	0.947811	-0.986649	-0.151106	-0.060751
177	5848836													9.695713	-0.054324	1.675994	0.162452	-0.935882	-0.312623	-0.009553	-0.318309	0.947939	-0.986670	-0.151008	-0.060651
178	5849003													9.697073	-0.039775	1.665869	0.162337	-0.935991	-0.312359	-0.009576	-0.318038	0.948030	-0.986689	-0.150910	-0.060593
179	5849170													9.697708	-0.152194	1.602654	0.162252	-0.935994	-0.312395	-0.009619	-0.318075	0.948017	-0.986702	-0.150812	-0.060612
180	5849336													9.678635	-0.148219	1.566576	0.162161	-0.935849	-0.312874	-0.009627	-0.318556	0.947855	-0.986717	-0.150694	-0.060667
181	5849503													9.652925	-0.017804	1.630245	0.162109	-0.935755	-0.313182	-0.009556	-0.318854	0.947756	-0.986727	-0.150647	-0.060631
182	5849670													9.710307	0.015131	1.666420	0.162021	-0.935834	-0.312993	-0.009446	-0.318640	0.947829	-0.986742	-0.150611	-0.060466
183	5850003													9.733490	-0.064251	1.612909	0.161742	-0.935753	-0.313378	-0.009219	-0.318978	0.947717	-0.986790	-0.150397	-0.060219
184	5850170													9.649505	-0.013352	1.592490	0.161619	-0.935641	-0.313776	-0.009075	-0.319352	0.947593	-0.986811	-0.150302	-0.060104
185	5850336													9.690096	0.018865	1.604307	0.161518	-0.935570	-0.314040	-0.008894	-0.319585	0.947516	-0.986830	-0.150248	-0.059940
186	5850503													9.703362	0.059412	1.620873	0.161445	-0.935566	-0.314089	-0.008659	-0.319595	0.947515	-0.986844	-0.150251	-0.059698
187	5850670													9.719726	0.018432	1.588473	0.161355	-0.935542	-0.314205	-0.008433	-0.319673	0.947491	-0.986860	-0.150233	-0.059471
188	5850836													9.672390	0.034585	1.620157	0.161313	-0.935467	-0.314450	-0.008214	-0.319884	0.947421	-0.986869	-0.150249	-0.059285
189	5851003													9.682362	0.056745	1.611498	0.161270	-0.935414	-0.314631	-0.007939	-0.320023	0.947377	-0.986878	-0.150285	-0.059036
190	5851170													9.711813	0.040894	1.631219	0.161269	-0.935430	-0.314583	-0.007700	-0.319938	0.947407	-0.986880	-0.150365	-0.058799
191	5851336													9.742690	0.032930	1.638650	0.161237	-0.935447	-0.314549	-0.007541	-0.319877	0.947429	-0.986887	-0.150389	-0.058630
192	5851503													9.697058	-0.008683	1.597113	0.161235	-0.935474	-0.314471	-0.007416	-0.319779	0.947463	-0.986888	-0.150433	-0.058497
193	5851670													9.705602	0.040640	1.597445	0.161284	-0.935534	-0.314268	-0.007356	-0.319567	0.947535	-0.986881	-0.150510	-0.058423
194	5851836													9.732555	0.040694	1.620716	0.161325	-0.935629	-0.313962	-0.007185	-0.319234	0.947649	-0.986875	-0.150624	-0.058223
195	5852003													9.722334	0.014205	1.617025	0.161401	-0.935686	-0.313754	-0.007004	-0.319001	0.947729	-0.986864	-0.150767	-0.058041
196	5852170													9.674484	0.019998	1.649712	0.161547	-0.935679	-0.313701	-0.006909	-0.318940	0.947750	-0.986841	-0.150939	-0.057988
197	5852336													9.674398	0.000883	1.657229	0.161636	-0.935708	-0.313568	-0.006901	-0.318811	0.947793	-0.986826	-0.151034	-0.057989
198	5852503													9.663842	0.025169	1.708959	0.161663	-0.935816	-0.313230	-0.006886	-0.318468	0.947909	-0.986822	-0.151084	-0.057928
199	5852670													9.677020	0.015233	1.650970	0.161627	-0.935983	-0.312750	-0.006879	-0.317977	0.948073	-0.986828	-0.151083	-0.057832
200	5852836													9.732946	-0.044376	1.590400	0.161617	-0.936088	-0.312441	-0.006973	-0.317679	0.948173	-0.986829	-0.151063	-0.057869
201	5853003													9.670249	-0.102178	1.591219	0.161615	-0.936046	-0.312569	-0.007122	-0.317830	0.948121	-0.986828	-0.151005	-0.058033
202	5853170													9.644239	-0.008685	1.623164	0.161686	-0.935934	-0.312866	-0.007180	-0.318145	0.948015	-0.986816	-0.151034	-0.058159
203	5853336													9.666291	0.063553	1.683324	0.161718	-0.935962	-0.312766	-0.007182	-0.318045	0.948048	-0.986811	-0.151071	-0.058156
204	5853503													9.729312	-0.038827	1.650481	0.161726	-0.935989	-0.312680	-0.007187	-0.317959	0.948077	-0.986810	-0.151081	-0.058149
205	5853670													9.718102	-0.055783	1.621009	0.161613	-0.935889	-0.313038	-0.007264	-0.318328	0.947953	-0.986828	-0.150928	-0.058244
206	5853836													9.691464	0.035966	1.659427	0.161485	-0.935783	-0.313421	-0.007291	-0.318712	0.947824	-0.986848	-0.150775	-0.058290
207	5854003													9.676325	0.040884	1.583188	0.161302	-0.935772	-0.313550	-0.007346	-0.318840	0.947780	-0.986878	-0.150575	-0.058304
208	5854170													9.727987	-0.030116	1.565945	0.161132	-0.935772	-0.313637	-0.007443	-0.318932	0.947748	-0.986905	-0.150378	-0.058355
209	5854336													9.734127	-0.040124	1.536548	0.160985	-0.935625	-0.314150	-0.007426	-0.319440	0.947577	-0.986929	-0.150213	-0.058373
210	5854503													9.677310	-0.013310	1.576024	0.160939	-0.935454	-0.314682	-0.007434	-0.319978	0.947396	-0.986936	-0.150133	-0.058451
211	5854670													9.702503	0.001622	1.640937	0.160860	-0.935367	-0.314981	-0.007461	-0.320280	0.947293	-0.986949	-0.150032	-0.058499
212	5854836													9.681859	0.066331	1.667214	0.160745	-0.935385	-0.314986	-0.007401	-0.320270	0.947297	-0.986968	-0.149942	-0.058404
213	5855003													9.704398	0.037266	1.645570	0.160589	-0.935473	-0.314805	-0.007309	-0.320063	0.947368	-0.986994	-0.149836	-0.058236
214	5855170													9.705408	-0.016200	1.619249	0.160468	-0.935519	-0.314728	-0.007247	-0.319968	0.947401	-0.987014	-0.149746	-0.058125
215	5855336													9.690623	0.036358	1.614372	0.160377	-0.935484	-0.314880	-0.007173	-0.320105	0.947355	-0.987030	-0.149676	-0.058048
216	5855503													9.702397	0.045711	1.627857	0.160319	-0.935486	-0.314904	-0.007049	-0.320108	0.947355	-0.987040	-0.149659	-0.057913
217	5855670													9.712203	0.035379	1.616911	0.160314	-0.935535	-0.314760	-0.006946	-0.319946	0.947410	-0.987042	-0.149696	-0.057790
218	5855837													9.689035	0.050954	1.651025	0.160299	-0.935660	-0.314397	-0.006887	-0.319568	0.947538	-0.987044	-0.149724	-0.057671
219	5856003													9.695337	-0.009016	1.589126	0.160289	-0.935820	-0.313923	-0.006839	-0.319080	0.947703	-0.987046	-0.149760	-0.057545
220	5856170													9.725500	-0.067766	1.593213	0.160262	-0.935942	-0.313574	-0.006822	-0.318723	0.947823	-0.987051	-0.149761	-0.057464
221	5856337													9.699314	-0.007825	1.602334	0.160217	-0.936022	-0.313359	-0.006821	-0.318502	0.947898	-0.987058	-0.149731	-0.057414
222	5856503													9.705233	-0.024111	1.614904	0.160165	-0.936114	-0.313110	-0.006797	-0.318244	0.947985	-0.987067	-0.149706	-0.057335
223	5856670													9.716121	-0.136425	1.536436	0.160049	-0.936152	-0.313056	-0.006780	-0.318179	0.948006	-0.987086	-0.149605	-0.057271
224	5856837													9.645929	-0.037640	1.611249	0.159938	-0.936119	-0.313209	-0.006762	-0.318326	0.947957	-0.987104	-0.149497	-0.057243
225	5857003													9.656336	0.037726	1.652548	0.159817	-0.936182	-0.313083	-0.006682	-0.318178	0.948007	-0.987124	-0.149416	-0.057106
226	5857170													9.738379	0.003632	1.566327	0.159644	-0.936253	-0.312961	-0.006567	-0.318027	0.948059	-0.987153	-0.149296	-0.056919
227	5857337													9.747260	-0.041380	1.575507	0.159471	-0.936163	-0.313317	-0.006496	-0.318367	0.947945	-0.987181	-0.149135	-0.056851
228	5857503													9.653620	0.019914	1.594500	0.159311	-0.936009	-0.313858	-0.006404	-0.318892	0.947770	-0.987208	-0.148980	-0.056797
229	5857670													9.679734	0.062745	1.612532	0.159159	-0.935928	-0.314178	-0.006289	-0.319189	0.947670	-0.987233	-0.148855	-0.056688
230	5857837													9.700306	0.045720	1.608088	0.159009	-0.935939	-0.314219	-0.006129	-0.319198	0.947668	-0.987258	-0.148762	-0.056492
231	5858003													9.740728	0.004567	1.591801	0.158819	-0.935933	-0.314333	-0.006020	-0.319286	0.947639	-0.987289	-0.148610	-0.056343
232	5858170													9.717603	-0.000113	1.584645	0.158686	-0.935818	-0.314744	-0.005964	-0.319686	0.947505	-0.987311	-0.148478	-0.056311
233	5858337													9.690698	0.011149	1.582059	0.158576	-0.935713	-0.315112	-0.005862	-0.320037	0.947387	-0.987329	-0.148386	-0.056235
234	5858503													9.705606	0.019877	1.615193	0.158477	-0.935666	-0.315301	-0.005774	-0.320209	0.947329	-0.987346	-0.148309	-0.056148
235	5858670													9.709342	0.022869	1.642636	0.158384	-0.935655	-0.315381	-0.005715	-0.320276	0.947307	-0.987361	-0.148236	-0.056074
236	5858837													9.702978	0.034834	1.587109	0.158286	-0.935656	-0.315425	-0.005655	-0.320306	0.947297	-0.987377	-0.148161	-0.055991
237	5859003													9.682734	0.043632	1.569462	0.158185	-0.935686	-0.315388	-0.005630	-0.320259	0.947313	-0.987393	-0.148075	-0.055928
238	5859170													9.712686	0.049913	1.560628	0.158078	-0.935729	-0.315314	-0.005610	-0.320175	0.947342	-0.987411	-0.147985	-0.055862
239	5859337													9.709421	0.035862	1.556347	0.158068	-0.935772	-0.315190	-0.005650	-0.320055	0.947382	-0.987412	-0.147970	-0.055878
240	5859503													9.688922	0.004881	1.546303	0.158037	-0.935872	-0.314908	-0.005829	-0.319795	0.947469	-0.987416	-0.147900	-0.055995
241	5859670													9.753110	0.014263	1.575775	0.158046	-0.935994	-0.314541	-0.005873	-0.319430	0.947592	-0.987414	-0.147916	-0.055982
242	5859837													9.763182	-0.015460	1.582114	0.158070	-0.936060	-0.314334	-0.005838	-0.319217	0.947664	-0.987411	-0.147962	-0.055924
243	5860003													9.710306	0.023870	1.624960	0.158186	-0.936016	-0.314407	-0.005836	-0.319297	0.947637	-0.987392	-0.148068	-0.055971
244	5860170													9.665206	-0.004220	1.645989	0.158259	-0.936006	-0.314398	-0.005924	-0.319305	0.947633	-0.987380	-0.148109	-0.056078
245	5860337													9.670161	-0.074224	1.616803	0.158204	-0.936019	-0.314389	-0.006064	-0.319314	0.947630	-0.987388	-0.148013	-0.056193
246	5860503													9.627808	-0.020412	1.615940	0.158092	-0.935999	-0.314503	-0.006143	-0.319434	0.947589	-0.987405	-0.147874	-0.056250
247	5860670													9.645542	0.032336	1.575317	0.157947	-0.936060	-0.314395	-0.006241	-0.319332	0.947622	-0.987428	-0.147712	-0.056279
248	5860837													9.714818	-0.047938	1.540310	0.157853	-0.936113	-0.314284	-0.006335	-0.319228	0.947657	-0.987442	-0.147600	-0.056321
249	5861003													9.699984	-0.075373	1.544111	0.157767	-0.935960	-0.314784	-0.006492	-0.319753	0.947479	-0.987455	-0.147437	-0.056522
250	5861170													9.685539	0.022624	1.575611	0.157722	-0.935799	-0.315283	-0.006554	-0.320265	0.947305	-0.987462	-0.147345	-0.056646
251	5861337													9.713786	0.024830	1.626256	0.157629	-0.935785	-0.315372	-0.006596	-0.320355	0.947275	-0.987476	-0.147238	-0.056669
252	5861503													9.731642	0.002492	1.622550	0.157433	-0.935819	-0.315369	-0.006613	-0.320344	0.947278	-0.987508	-0.147047	-0.056622
253	5861670													9.745277	-0.027949	1.562219	0.157158	-0.935785	-0.315608	-0.006631	-0.320572	0.947201	-0.987551	-0.146767	-0.056586
254	5861837													9.669445	-0.021351	1.519665	0.156893	-0.935741	-0.315870	-0.006714	-0.320834	0.947112	-0.987593	-0.146474	-0.056619
255	5862003													9.719603	-0.007757	1.551856	0.156736	-0.935715	-0.316025	-0.006803	-0.320995	0.947056	-0.987617	-0.146288	-0.056677
256	5862170													9.694899	0.005332	1.517105	0.156560	-0.935716	-0.316107	-0.006787	-0.321066	0.947033	-0.987645	-0.146122	-0.056617
257	5862337													9.677012	-0.024705	1.553753	0.156459	-0.935664	-0.316312	-0.006816	-0.321271	0.946963	-0.987661	-0.146005	-0.056643
258	5862503													9.706497	-0.033834	1.581405	0.156383	-0.935587	-0.316576	-0.006926	-0.321551	0.946867	-0.987672	-0.145882	-0.056765
259	5862670													9.704131	-0.018710	1.601646	0.156248	-0.935564	-0.316713	-0.007002	-0.321692	0.946818	-0.987693	-0.145721	-0.056815
260	5862837													9.719134	-0.031291	1.580030	0.156122	-0.935597	-0.316676	-0.007034	-0.321653	0.946832	-0.987713	-0.145594	-0.056798
261	5863003													9.708984	-0.023732	1.555954	0.156045	-0.935650	-0.316559	-0.007066	-0.321534	0.946872	-0.987725	-0.145518	-0.056785
262	5863170													9.709277	-0.011927	1.521397	0.156008	-0.935685	-0.316474	-0.007035	-0.321442	0.946903	-0.987731	-0.145498	-0.056730
263	5863337													9.716001	-0.014155	1.505869	0.156014	-0.935734	-0.316324	-0.006982	-0.321282	0.946958	-0.987730	-0.145530	-0.056658
264	5863503													9.716090	0.006212	1.562001	0.156087	-0.935811	-0.316062	-0.006918	-0.321012	0.947050	-0.987719	-0.145635	-0.056579
265	5863670													9.728789	0.013493	1.556044	0.156201	-0.935870	-0.315830	-0.006840	-0.320772	0.947132	-0.987702	-0.145782	-0.056506
266	5863837													9.729226	-0.018990	1.543094	0.156296	-0.935881	-0.315752	-0.006750	-0.320685	0.947162	-0.987687	-0.145907	-0.056439
267	5864003													9.714346	-0.070426	1.546143	0.156419	-0.935802	-0.315924	-0.006726	-0.320863	0.947102	-0.987668	-0.146020	-0.056483
268	5864170													9.671285	-0.026618	1.570209	0.156559	-0.935677	-0.316225	-0.006648	-0.321164	0.947000	-0.987646	-0.146159	-0.056502
269	5864337													9.703675	-0.018246	1.577410	0.156629	-0.935619	-0.316361	-0.006518	-0.321287	0.946959	-0.987636	-0.146259	-0.056422
270	5864503													9.702404	0.004145	1.564187	0.156689	-0.935617	-0.316338	-0.006315	-0.321236	0.946978	-0.987628	-0.146383	-0.056243
271	5864670													9.720726	0.009656	1.532623	0.156725	-0.935652	-0.316217	-0.006080	-0.321082	0.947032	-0.987624	-0.146501	-0.056011
272	5864837													9.720904	0.019294	1.537226	0.156811	-0.935662	-0.316145	-0.005894	-0.320986	0.947066	-0.987611	-0.146647	-0.055849
273	5865003													9.724422	-0.005271	1.555922	0.156979	-0.935645	-0.316110	-0.005729	-0.320935	0.947084	-0.987585	-0.146861	-0.055740
274	5865170													9.706370	0.037489	1.578924	0.157218	-0.935626	-0.316050	-0.005619	-0.320872	0.947106	-0.987548	-0.147126	-0.055704
275	5865337													9.723253	0.021042	1.588265	0.157451	-0.935642	-0.315884	-0.005554	-0.320708	0.947162	-0.987511	-0.147377	-0.055693
276	5865503													9.706096	0.003444	1.605645	0.157695	-0.935617	-0.315837	-0.005487	-0.320664	0.947177	-0.987473	-0.147632	-0.055701
277	5865670													9.682403	0.010199	1.610016	0.157928	-0.935611	-0.315738	-0.005430	-0.320569	0.947210	-0.987436	-0.147877	-0.055707
278	5865837													9.699093	0.024018	1.596623	0.158139	-0.935627	-0.315586	-0.005373	-0.320418	0.947261	-0.987402	-0.148103	-0.055697
279	5866003													9.701435	-0.025212	1.607269	0.158373	-0.935627	-0.315467	-0.005337	-0.320306	0.947299	-0.987365	-0.148343	-0.055721
280	5866170													9.688986	-0.021658	1.612576	0.158575	-0.935633	-0.315350	-0.005344	-0.320200	0.947335	-0.987333	-0.148538	-0.055776
281	5866337													9.697245	0.016157	1.594606	0.158742	-0.935685	-0.315109	-0.005360	-0.319968	0.947413	-0.987306	-0.148705	-0.055808
282	5866503													9.706606	0.004259	1.619811	0.158857	-0.935758	-0.314837	-0.005379	-0.319702	0.947503	-0.987287	-0.148824	-0.055820
283	5866670													9.704231	0.032350	1.602266	0.158981	-0.935812	-0.314613	-0.005362	-0.319479	0.947578	-0.987267	-0.148960	-0.055808
