// Start Time: Unknown
// Update Rate: 60.0Hz
//Filter Profile: human (46.1)
// Option Flags: AHS Disabled ICC Disabled
// Firmware Version: 4.0.2
0	sampleTimeFine	Year	Month	Day	Second	UTC_Nano	UTC_Year	UTC_Month	UTC_Day	UTC_Hour	UTC_Minute	UTC_Second	UTC_Valid	Acc_X	Acc_Y	Acc_Z	Mat[1][1]	Mat[2][1]	Mat[3][1]	Mat[1][2]	Mat[2][2]	Mat[3][2]	Mat[1][3]	Mat[2][3]	Mat[3][3]
0	1115115													-0.462878	-0.097309	-0.321468	0.377731	-0.838296	-0.393166	-0.017340	-0.430954	0.902207	-0.925753	-0.333974	-0.177321
1	1115281													9.057474	-0.152790	3.644341	0.377210	-0.839127	-0.391892	-0.017881	-0.429670	0.902809	-0.925955	-0.333541	-0.177080
2	1115448													9.119114	-0.198402	3.628301	0.376152	-0.839955	-0.391134	-0.017622	-0.428545	0.903348	-0.926390	-0.332904	-0.176000
3	1115615													9.171661	-0.162801	3.693653	0.374750	-0.840305	-0.391727	-0.017813	-0.428966	0.903145	-0.926955	-0.331475	-0.175723
4	1115781													9.117162	-0.115160	3.658298	0.373992	-0.840580	-0.391862	-0.017594	-0.428878	0.903191	-0.927265	-0.330892	-0.175186
5	1115948													9.072666	-0.125997	3.711494	0.373511	-0.840347	-0.392819	-0.017004	-0.429599	0.902860	-0.927470	-0.330548	-0.174749
6	1116115													9.114434	-0.156472	3.690547	0.373309	-0.839991	-0.393771	-0.016601	-0.430437	0.902468	-0.927559	-0.330362	-0.174630
7	1116281													9.118644	-0.153662	3.695453	0.373299	-0.839779	-0.394233	-0.016354	-0.430843	0.902279	-0.927567	-0.330372	-0.174566
8	1116448													9.061977	-0.111950	3.722646	0.373362	-0.839699	-0.394344	-0.016175	-0.430911	0.902249	-0.927545	-0.330487	-0.174468
9	1116615													9.083738	-0.135209	3.699250	0.373428	-0.839709	-0.394259	-0.016015	-0.430776	0.902317	-0.927521	-0.330636	-0.174311
10	1116781													9.109476	-0.168046	3.674514	0.373565	-0.839661	-0.394232	-0.015941	-0.430749	0.902331	-0.927467	-0.330795	-0.174297
11	1116948													9.086596	-0.168668	3.682517	0.373678	-0.839535	-0.394393	-0.015982	-0.430959	0.902230	-0.927421	-0.330840	-0.174457
12	1117115													9.070190	-0.165848	3.679508	0.373722	-0.839648	-0.394111	-0.016082	-0.430701	0.902351	-0.927401	-0.330891	-0.174466
13	1117281													9.098254	-0.184736	3.665806	0.373787	-0.839635	-0.394076	-0.016214	-0.430723	0.902338	-0.927373	-0.330893	-0.174613
14	1117448													9.109405	-0.179254	3.691247	0.373837	-0.839480	-0.394358	-0.016333	-0.431079	0.902166	-0.927350	-0.330822	-0.174865
15	1117615													9.100171	-0.131020	3.694169	0.373913	-0.839479	-0.394290	-0.016464	-0.431068	0.902169	-0.927318	-0.330841	-0.175003
16	1117781													9.105789	-0.183618	3.614637	0.373837	-0.839436	-0.394454	-0.016676	-0.431305	0.902052	-0.927345	-0.330642	-0.175236
17	1117948													9.158410	-0.150648	3.708102	0.373823	-0.839500	-0.394330	-0.016840	-0.431227	0.902086	-0.927347	-0.330580	-0.175339
18	1118115													9.125429	-0.106860	3.621488	0.373732	-0.839573	-0.394260	-0.016869	-0.431143	0.902126	-0.927383	-0.330503	-0.175295
19	1118281													9.102257	-0.091606	3.656608	0.373775	-0.839071	-0.395287	-0.016800	-0.432231	0.901606	-0.927367	-0.330357	-0.175654
20	1118448													9.134339	-0.141670	3.650443	0.373573	-0.839089	-0.395440	-0.016851	-0.432372	0.901538	-0.927448	-0.330127	-0.175662
21	1118615													9.140990	-0.159965	3.631465	0.373527	-0.839010	-0.395650	-0.016850	-0.432589	0.901434	-0.927466	-0.330043	-0.175721
22	1118781													9.122157	-0.135306	3.674543	0.373464	-0.838937	-0.395865	-0.016838	-0.432803	0.901331	-0.927492	-0.329949	-0.175763
23	1118948													9.107083	-0.143685	3.674932	0.373420	-0.838915	-0.395954	-0.016862	-0.432898	0.901285	-0.927509	-0.329882	-0.175798
24	1119115													9.100078	-0.158852	3.690292	0.373471	-0.838821	-0.396105	-0.016868	-0.433072	0.901202	-0.927489	-0.329891	-0.175889
25	1119281													9.088419	-0.183946	3.695935	0.373489	-0.838789	-0.396155	-0.016876	-0.433132	0.901172	-0.927481	-0.329893	-0.175925
26	1119448													9.096759	-0.169119	3.674442	0.373514	-0.838827	-0.396051	-0.016909	-0.433038	0.901217	-0.927470	-0.329921	-0.175930
27	1119615													9.123023	-0.152600	3.639781	0.373508	-0.838713	-0.396298	-0.016914	-0.433304	0.901089	-0.927473	-0.329861	-0.176029
28	1119781													9.126468	-0.104323	3.695968	0.373537	-0.838756	-0.396181	-0.016958	-0.433199	0.901139	-0.927460	-0.329890	-0.176039
29	1119948													9.119686	-0.137344	3.670488	0.373669	-0.838605	-0.396375	-0.016939	-0.433428	0.901029	-0.927407	-0.329973	-0.176164
30	1120115													9.110191	-0.147410	3.665468	0.373737	-0.838531	-0.396468	-0.016933	-0.433540	0.900975	-0.927380	-0.330014	-0.176229
31	1120281													9.128331	-0.170105	3.689443	0.373846	-0.838528	-0.396370	-0.016921	-0.433453	0.901018	-0.927336	-0.330135	-0.176233
32	1120448													9.119255	-0.171687	3.660321	0.374008	-0.838423	-0.396441	-0.016933	-0.433566	0.900963	-0.927271	-0.330254	-0.176354
33	1120615													9.097508	-0.144520	3.677867	0.374138	-0.838342	-0.396488	-0.016953	-0.433650	0.900922	-0.927218	-0.330348	-0.176458
34	1120781													9.102173	-0.160724	3.697724	0.374269	-0.838191	-0.396684	-0.016964	-0.433892	0.900805	-0.927165	-0.330414	-0.176611
35	1120948													9.103094	-0.183745	3.702497	0.374430	-0.838026	-0.396881	-0.017007	-0.434152	0.900679	-0.927099	-0.330492	-0.176812
36	1121115													9.076496	-0.176518	3.698309	0.374564	-0.837978	-0.396856	-0.017104	-0.434187	0.900660	-0.927043	-0.330567	-0.176963
37	1121281													9.074326	-0.181235	3.725868	0.374669	-0.837998	-0.396715	-0.017262	-0.434113	0.900693	-0.926998	-0.330614	-0.177114
38	1121448													9.092307	-0.156254	3.724658	0.374890	-0.838198	-0.396082	-0.017485	-0.433558	0.900956	-0.926904	-0.330834	-0.177192
39	1121615													9.072014	-0.151887	3.667298	0.375120	-0.838290	-0.395669	-0.017654	-0.433222	0.901114	-0.926808	-0.331041	-0.177309
40	1121781													9.100101	-0.154476	3.709026	0.375258	-0.838457	-0.395185	-0.017891	-0.432814	0.901306	-0.926748	-0.331152	-0.177417
41	1121948													9.082020	-0.142809	3.734134	0.375427	-0.838449	-0.395041	-0.018080	-0.432762	0.901327	-0.926676	-0.331240	-0.177630
42	1122115													9.071476	-0.138344	3.717856	0.375552	-0.838511	-0.394791	-0.018276	-0.432589	0.901406	-0.926621	-0.331310	-0.177785
43	1122281													9.085109	-0.144633	3.689187	0.375635	-0.838614	-0.394493	-0.018442	-0.432345	0.901519	-0.926584	-0.331367	-0.177870
44	1122448													9.101637	-0.161208	3.721548	0.375725	-0.838562	-0.394519	-0.018573	-0.432438	0.901472	-0.926545	-0.331378	-0.178052
45	1122615													9.073920	-0.165364	3.719266	0.375799	-0.838581	-0.394408	-0.018692	-0.432377	0.901499	-0.926513	-0.331410	-0.178162
46	1122781													9.084711	-0.175377	3.700216	0.375816	-0.838636	-0.394273	-0.018737	-0.432251	0.901558	-0.926505	-0.331433	-0.178161
47	1122948													9.094625	-0.186692	3.696557	0.375809	-0.838586	-0.394387	-0.018763	-0.432382	0.901495	-0.926507	-0.331391	-0.178228
48	1123115													9.088309	-0.178528	3.721176	0.375756	-0.838579	-0.394453	-0.018815	-0.432460	0.901457	-0.926528	-0.331306	-0.178277
49	1123281													9.080360	-0.175498	3.704810	0.375720	-0.838585	-0.394475	-0.018821	-0.432478	0.901448	-0.926542	-0.331267	-0.178274
50	1123448													9.085874	-0.162303	3.676013	0.375712	-0.838538	-0.394582	-0.018842	-0.432600	0.901389	-0.926545	-0.331228	-0.178333
51	1123615													9.107694	-0.159071	3.687884	0.375721	-0.838497	-0.394659	-0.018878	-0.432698	0.901341	-0.926541	-0.331202	-0.178403
52	1123781													9.106866	-0.172969	3.722722	0.375791	-0.838378	-0.394847	-0.018919	-0.432928	0.901230	-0.926511	-0.331204	-0.178552
53	1123948													9.079517	-0.165787	3.711424	0.375780	-0.838350	-0.394915	-0.018948	-0.433010	0.901190	-0.926515	-0.331166	-0.178601
54	1124115													9.080028	-0.138851	3.714121	0.375795	-0.838260	-0.395092	-0.018989	-0.433218	0.901089	-0.926508	-0.331122	-0.178718
55	1124281													9.081143	-0.148133	3.715014	0.375797	-0.838180	-0.395259	-0.018996	-0.433400	0.901001	-0.926507	-0.331086	-0.178792
56	1124448													9.093444	-0.144475	3.714556	0.375788	-0.838074	-0.395494	-0.019014	-0.433657	0.900877	-0.926510	-0.331019	-0.178898
57	1124615													9.092355	-0.164631	3.710066	0.375831	-0.838075	-0.395451	-0.019046	-0.433632	0.900889	-0.926492	-0.331050	-0.178934
58	1124781													9.080327	-0.169895	3.707924	0.375760	-0.837987	-0.395705	-0.019114	-0.433914	0.900752	-0.926520	-0.330903	-0.179065
59	1124948													9.116512	-0.175999	3.723165	0.375753	-0.838025	-0.395630	-0.019187	-0.433858	0.900777	-0.926521	-0.330879	-0.179103
60	1125115													9.086589	-0.180902	3.745584	0.375746	-0.838011	-0.395667	-0.019229	-0.433911	0.900750	-0.926523	-0.330845	-0.179155
61	1125281													9.069204	-0.193219	3.677010	0.375780	-0.837928	-0.395812	-0.019287	-0.434094	0.900661	-0.926508	-0.330816	-0.179285
62	1125448													9.049129	-0.160624	3.660132	0.375744	-0.837758	-0.396204	-0.019308	-0.434517	0.900457	-0.926522	-0.330692	-0.179443
63	1125615													9.146576	-0.201140	3.691450	0.375725	-0.837662	-0.396426	-0.019295	-0.434746	0.900346	-0.926530	-0.330634	-0.179508
64	1125781													9.140735	-0.167414	3.745874	0.375735	-0.837495	-0.396769	-0.019175	-0.435074	0.900191	-0.926529	-0.330625	-0.179531
65	1125948													9.100370	-0.108830	3.705612	0.375801	-0.837364	-0.396983	-0.018870	-0.435209	0.900132	-0.926508	-0.330779	-0.179353
66	1126115													9.065739	-0.150321	3.770128	0.375769	-0.837297	-0.397155	-0.018742	-0.435342	0.900070	-0.926524	-0.330775	-0.179281
67	1126281													9.108565	-0.168041	3.726860	0.375664	-0.837301	-0.397245	-0.018771	-0.435427	0.900028	-0.926566	-0.330652	-0.179291
68	1126448													9.072362	-0.147804	3.743871	0.375676	-0.837262	-0.397315	-0.018732	-0.435491	0.899998	-0.926562	-0.330665	-0.179287
69	1126615													9.029548	-0.113934	3.754363	0.375630	-0.837270	-0.397342	-0.018712	-0.435503	0.899993	-0.926581	-0.330629	-0.179255
70	1126781													9.072336	-0.125772	3.756780	0.375530	-0.837291	-0.397393	-0.018700	-0.435533	0.899978	-0.926622	-0.330537	-0.179213
71	1126948													9.067827	-0.166573	3.723733	0.375482	-0.837272	-0.397477	-0.018705	-0.435615	0.899939	-0.926641	-0.330476	-0.179227
72	1127115													9.060448	-0.167455	3.764116	0.375410	-0.837338	-0.397406	-0.018757	-0.435542	0.899973	-0.926669	-0.330405	-0.179212
73	1127281													9.048809	-0.187043	3.731426	0.375347	-0.837367	-0.397407	-0.018823	-0.435553	0.899966	-0.926693	-0.330319	-0.179246
74	1127448													9.071697	-0.174790	3.743395	0.375294	-0.837479	-0.397219	-0.018836	-0.435345	0.900067	-0.926714	-0.330308	-0.179158
75	1127615													9.079672	-0.165382	3.741861	0.375248	-0.837496	-0.397228	-0.018838	-0.435346	0.900066	-0.926733	-0.330265	-0.179139
76	1127781													9.057237	-0.136512	3.718625	0.375156	-0.837594	-0.397107	-0.018835	-0.435195	0.900139	-0.926771	-0.330213	-0.179042
77	1127948													9.109803	-0.188217	3.669213	0.375007	-0.837619	-0.397195	-0.018911	-0.435286	0.900093	-0.926829	-0.330030	-0.179075
78	1128115													9.094029	-0.146914	3.776963	0.374873	-0.837655	-0.397245	-0.018911	-0.435313	0.900081	-0.926883	-0.329904	-0.179028
79	1128281													9.117661	-0.085680	3.649043	0.374692	-0.837713	-0.397295	-0.018784	-0.435283	0.900098	-0.926959	-0.329797	-0.178832
80	1128448													9.068931	-0.082572	3.720694	0.374642	-0.837642	-0.397491	-0.018675	-0.435445	0.900022	-0.926982	-0.329763	-0.178778
81	1128615													9.121768	-0.156123	3.672303	0.374397	-0.837809	-0.397369	-0.018719	-0.435279	0.900101	-0.927079	-0.329557	-0.178650
82	1128781													9.103139	-0.161546	3.697936	0.374301	-0.837833	-0.397409	-0.018727	-0.435305	0.900088	-0.927118	-0.329461	-0.178625
83	1128948													9.069558	-0.134344	3.689841	0.374185	-0.837879	-0.397422	-0.018750	-0.435303	0.900089	-0.927164	-0.329349	-0.178594
84	1129115													9.093945	-0.141686	3.710361	0.374074	-0.837940	-0.397398	-0.018786	-0.435267	0.900105	-0.927209	-0.329240	-0.178563
85	1129281													9.082105	-0.150279	3.693732	0.373993	-0.837952	-0.397449	-0.018805	-0.435311	0.900084	-0.927241	-0.329151	-0.178561
86	1129448													9.091778	-0.142740	3.718271	0.373903	-0.838114	-0.397192	-0.018855	-0.435035	0.900216	-0.927276	-0.329104	-0.178463
87	1129615													9.095586	-0.138857	3.703856	0.373823	-0.838299	-0.396878	-0.018889	-0.434693	0.900381	-0.927308	-0.329086	-0.178333
88	1129781													9.106192	-0.153620	3.691965	0.373684	-0.838378	-0.396841	-0.018890	-0.434624	0.900414	-0.927364	-0.328974	-0.178249
89	1129948													9.104008	-0.154252	3.693651	0.373584	-0.838409	-0.396870	-0.018892	-0.434636	0.900408	-0.927404	-0.328881	-0.178212
90	1130115													9.098064	-0.127317	3.694405	0.373497	-0.838457	-0.396850	-0.018889	-0.434596	0.900428	-0.927439	-0.328811	-0.178158
91	1130281													9.093315	-0.129162	3.703334	0.373427	-0.838483	-0.396861	-0.018897	-0.434596	0.900427	-0.927467	-0.328744	-0.178135
92	1130448													9.115974	-0.135624	3.674335	0.373408	-0.838548	-0.396742	-0.018916	-0.434471	0.900487	-0.927474	-0.328744	-0.178096
93	1130615													9.105660	-0.131358	3.700792	0.373384	-0.838543	-0.396774	-0.018924	-0.434503	0.900472	-0.927484	-0.328713	-0.178105
94	1130782													9.105170	-0.138213	3.693686	0.373360	-0.838558	-0.396766	-0.018925	-0.434489	0.900478	-0.927493	-0.328694	-0.178091
95	1130948													9.091635	-0.131068	3.709246	0.373363	-0.838591	-0.396693	-0.018966	-0.434427	0.900507	-0.927491	-0.328692	-0.178104
96	1131115													9.086174	-0.135746	3.705108	0.373322	-0.838644	-0.396619	-0.019045	-0.434366	0.900535	-0.927506	-0.328636	-0.178130
97	1131282													9.081381	-0.139172	3.717518	0.373269	-0.838774	-0.396394	-0.019159	-0.434155	0.900634	-0.927525	-0.328584	-0.178126
98	1131448													9.107309	-0.158133	3.707772	0.373254	-0.838804	-0.396344	-0.019289	-0.434144	0.900637	-0.927529	-0.328522	-0.178226
99	1131615													9.082733	-0.161913	3.705623	0.373248	-0.838835	-0.396286	-0.019409	-0.434122	0.900645	-0.927528	-0.328473	-0.178316
100	1131782													9.080495	-0.158412	3.697612	0.373292	-0.838827	-0.396260	-0.019540	-0.434151	0.900628	-0.927508	-0.328454	-0.178455
101	1131948													9.063100	-0.165063	3.720908	0.373310	-0.838783	-0.396336	-0.019675	-0.434284	0.900561	-0.927498	-0.328390	-0.178625
102	1132115													9.088958	-0.146952	3.716501	0.373254	-0.838897	-0.396148	-0.019809	-0.434118	0.900638	-0.927518	-0.328320	-0.178654
103	1132282													9.077934	-0.159374	3.718894	0.373219	-0.838919	-0.396135	-0.019916	-0.434134	0.900628	-0.927530	-0.328242	-0.178735
104	1132448													9.086154	-0.154810	3.735986	0.373143	-0.839029	-0.395972	-0.020040	-0.433987	0.900696	-0.927557	-0.328153	-0.178754
105	1132615													9.087425	-0.142403	3.718211	0.373033	-0.839058	-0.396015	-0.020148	-0.434049	0.900664	-0.927599	-0.327999	-0.178820
106	1132782													9.088977	-0.148270	3.716624	0.372981	-0.839066	-0.396047	-0.020239	-0.434105	0.900635	-0.927618	-0.327904	-0.178894
107	1132948													9.078631	-0.151098	3.710122	0.372951	-0.839143	-0.395913	-0.020330	-0.433987	0.900690	-0.927628	-0.327864	-0.178916
108	1133115													9.083462	-0.144138	3.719229	0.372857	-0.839241	-0.395792	-0.020392	-0.433860	0.900750	-0.927665	-0.327780	-0.178882
109	1133282													9.096599	-0.144382	3.745584	0.372793	-0.839258	-0.395816	-0.020445	-0.433891	0.900733	-0.927689	-0.327695	-0.178910
110	1133448													9.100629	-0.169451	3.727835	0.372672	-0.839421	-0.395587	-0.020495	-0.433637	0.900855	-0.927737	-0.327616	-0.178808
111	1133615													9.091628	-0.138595	3.723053	0.372559	-0.839477	-0.395573	-0.020532	-0.433612	0.900866	-0.927781	-0.327504	-0.178782
112	1133782													9.105789	-0.133897	3.705208	0.372486	-0.839690	-0.395190	-0.020558	-0.433195	0.901066	-0.927810	-0.327509	-0.178622
113	1133948													9.086685	-0.140338	3.705477	0.372401	-0.839780	-0.395079	-0.020573	-0.433063	0.901129	-0.927844	-0.327454	-0.178550
114	1134115													9.099030	-0.144969	3.708684	0.372339	-0.839763	-0.395172	-0.020606	-0.433162	0.901080	-0.927868	-0.327365	-0.178587
115	1134282													9.099105	-0.132802	3.708859	0.372266	-0.839781	-0.395204	-0.020617	-0.433186	0.901069	-0.927897	-0.327289	-0.178574
116	1134448													9.087868	-0.129598	3.726945	0.372156	-0.839907	-0.395040	-0.020628	-0.432991	0.901162	-0.927941	-0.327224	-0.178466
117	1134615													9.080733	-0.124802	3.678959	0.371984	-0.839972	-0.395064	-0.020667	-0.432995	0.901159	-0.928009	-0.327052	-0.178427
118	1134782													9.101351	-0.152951	3.712135	0.371848	-0.840092	-0.394937	-0.020732	-0.432853	0.901226	-0.928062	-0.326931	-0.178373
119	1134948													9.094445	-0.167785	3.706843	0.371775	-0.840256	-0.394656	-0.020847	-0.432577	0.901356	-0.928089	-0.326874	-0.178338
120	1135115													9.082308	-0.164967	3.686201	0.371658	-0.840420	-0.394416	-0.020915	-0.432321	0.901477	-0.928134	-0.326792	-0.178253
121	1135282													9.108536	-0.149789	3.697591	0.371592	-0.840526	-0.394253	-0.021030	-0.432172	0.901546	-0.928158	-0.326716	-0.178268
122	1135448													9.093290	-0.174558	3.681502	0.371540	-0.840681	-0.393971	-0.021071	-0.431873	0.901688	-0.928178	-0.326712	-0.178172
123	1135615													9.072259	-0.175914	3.636463	0.371512	-0.840833	-0.393675	-0.021163	-0.431582	0.901825	-0.928187	-0.326707	-0.178133
124	1135782													9.093451	-0.166029	3.637128	0.371521	-0.840818	-0.393697	-0.021237	-0.431633	0.901799	-0.928182	-0.326676	-0.178217
125	1135948													9.150324	-0.201163	3.702501	0.371486	-0.840796	-0.393777	-0.021230	-0.431710	0.901763	-0.928196	-0.326633	-0.178224
126	1136115													9.168948	-0.120343	3.744292	0.371418	-0.840808	-0.393816	-0.021056	-0.431677	0.901783	-0.928227	-0.326646	-0.178037
127	1136282													9.111604	-0.112166	3.692726	0.371514	-0.840688	-0.393982	-0.020790	-0.431781	0.901739	-0.928195	-0.326817	-0.177890
128	1136448													9.054298	-0.162524	3.732942	0.371580	-0.840538	-0.394238	-0.020756	-0.432057	0.901607	-0.928169	-0.326836	-0.177990
129	1136615													9.077084	-0.158562	3.731704	0.371497	-0.840629	-0.394124	-0.020837	-0.431946	0.901659	-0.928200	-0.326752	-0.177983
130	1136782													9.086406	-0.156295	3.699243	0.371401	-0.840758	-0.393937	-0.020871	-0.431738	0.901758	-0.928238	-0.326692	-0.177895
131	1136948													9.081425	-0.162875	3.712635	0.371383	-0.840894	-0.393664	-0.020934	-0.431463	0.901888	-0.928244	-0.326705	-0.177842
132	1137115													9.081668	-0.149588	3.703516	0.371446	-0.841011	-0.393356	-0.020984	-0.431163	0.902030	-0.928217	-0.326801	-0.177801
133	1137282													9.073638	-0.123418	3.665364	0.371521	-0.841138	-0.393013	-0.021149	-0.430870	0.902166	-0.928184	-0.326862	-0.177866
134	1137448													9.058750	-0.139317	3.702279	0.371476	-0.841386	-0.392524	-0.021395	-0.430422	0.902374	-0.928196	-0.326812	-0.177893
135	1137615													9.072183	-0.174256	3.702509	0.371482	-0.841643	-0.391967	-0.021603	-0.429899	0.902618	-0.928189	-0.326838	-0.177882
136	1137782													9.071840	-0.183428	3.731381	0.371443	-0.841884	-0.391487	-0.021769	-0.429435	0.902835	-0.928201	-0.326829	-0.177838
137	1137948													9.076483	-0.150340	3.744431	0.371361	-0.842099	-0.391102	-0.021841	-0.429030	0.903026	-0.928232	-0.326807	-0.177718
138	1138115													9.057869	-0.207238	3.635128	0.371189	-0.842411	-0.390592	-0.021996	-0.428503	0.903273	-0.928297	-0.326693	-0.177585
139	1138282													9.153717	-0.222571	3.687244	0.370992	-0.842606	-0.390359	-0.022058	-0.428235	0.903398	-0.928374	-0.326543	-0.177458
140	1138448													9.145805	-0.167336	3.700091	0.370710	-0.842834	-0.390135	-0.022074	-0.427942	0.903537	-0.928486	-0.326338	-0.177247
141	1138615													9.096930	-0.140732	3.634615	0.370582	-0.842856	-0.390208	-0.021886	-0.427929	0.903548	-0.928542	-0.326299	-0.177030
142	1138782													9.071658	-0.192380	3.678818	0.370314	-0.842927	-0.390310	-0.021820	-0.427959	0.903535	-0.928650	-0.326075	-0.176872
143	1138948													9.138525	-0.201363	3.659498	0.369942	-0.843119	-0.390247	-0.021811	-0.427814	0.903604	-0.928799	-0.325770	-0.176656
144	1139115													9.112673	-0.203448	3.682548	0.369806	-0.843094	-0.390431	-0.021806	-0.427981	0.903524	-0.928853	-0.325615	-0.176655
145	1139282													9.053663	-0.156403	3.671914	0.369650	-0.843141	-0.390476	-0.021808	-0.427998	0.903517	-0.928915	-0.325470	-0.176597
146	1139448													9.087001	-0.145712	3.684582	0.369455	-0.843218	-0.390495	-0.021810	-0.427979	0.903526	-0.928993	-0.325296	-0.176509
147	1139615													9.090487	-0.153788	3.678079	0.369358	-0.843161	-0.390711	-0.021806	-0.428190	0.903426	-0.929031	-0.325168	-0.176541
148	1139782													9.077960	-0.154842	3.701296	0.369271	-0.843229	-0.390645	-0.021828	-0.428109	0.903463	-0.929065	-0.325096	-0.176494
149	1139948													9.099145	-0.162431	3.672693	0.369182	-0.843270	-0.390642	-0.021825	-0.428086	0.903474	-0.929101	-0.325021	-0.176446
150	1140115													9.128827	-0.161351	3.682943	0.369169	-0.843392	-0.390390	-0.021786	-0.427800	0.903611	-0.929107	-0.325080	-0.176304
151	1140282													9.115176	-0.146617	3.687245	0.369206	-0.843409	-0.390319	-0.021712	-0.427705	0.903657	-0.929094	-0.325161	-0.176223
152	1140448													9.099895	-0.149943	3.670026	0.369254	-0.843423	-0.390242	-0.021634	-0.427606	0.903706	-0.929077	-0.325255	-0.176141
153	1140615													9.118638	-0.136772	3.680236	0.369245	-0.843443	-0.390208	-0.021529	-0.427530	0.903745	-0.929083	-0.325302	-0.176022
154	1140782													9.121875	-0.143924	3.664397	0.369253	-0.843451	-0.390182	-0.021429	-0.427470	0.903776	-0.929082	-0.325361	-0.175918
155	1140948													9.096752	-0.155662	3.673187	0.369265	-0.843482	-0.390104	-0.021349	-0.427360	0.903829	-0.929079	-0.325424	-0.175816
156	1141115													9.111497	-0.158430	3.662465	0.369199	-0.843580	-0.389955	-0.021291	-0.427167	0.903922	-0.929106	-0.325425	-0.175671
157	1141282													9.100392	-0.163418	3.660931	0.369164	-0.843585	-0.389977	-0.021277	-0.427179	0.903917	-0.929121	-0.325396	-0.175648
158	1141448													9.101816	-0.158716	3.669250	0.369161	-0.843564	-0.390026	-0.021277	-0.427230	0.903893	-0.929122	-0.325384	-0.175665
159	1141615													9.101755	-0.153255	3.680353	0.369149	-0.843609	-0.389939	-0.021317	-0.427148	0.903930	-0.929126	-0.325373	-0.175664
160	1141782													9.114859	-0.159567	3.685493	0.369122	-0.843706	-0.389755	-0.021355	-0.426959	0.904019	-0.929136	-0.325370	-0.175617
161	1141948													9.110167	-0.143510	3.672336	0.369108	-0.843690	-0.389803	-0.021406	-0.427026	0.903986	-0.929140	-0.325324	-0.175678
162	1142115													9.101459	-0.161097	3.665237	0.369107	-0.843765	-0.389641	-0.021490	-0.426882	0.904052	-0.929138	-0.325319	-0.175697
163	1142282													9.105201	-0.172131	3.688654	0.369045	-0.843884	-0.389441	-0.021581	-0.426687	0.904142	-0.929161	-0.325265	-0.175678
164	1142448													9.112143	-0.170687	3.691530	0.369006	-0.843809	-0.389642	-0.021655	-0.426920	0.904030	-0.929175	-0.325155	-0.175809
165	1142615													9.119528	-0.164433	3.676349	0.368977	-0.843844	-0.389593	-0.021751	-0.426895	0.904040	-0.929184	-0.325096	-0.175869
166	1142782													9.110277	-0.161065	3.659755	0.368950	-0.843876	-0.389551	-0.021805	-0.426864	0.904053	-0.929194	-0.325056	-0.175892
167	1142948													9.132070	-0.158905	3.696203	0.368935	-0.843947	-0.389411	-0.021858	-0.426729	0.904115	-0.929198	-0.325048	-0.175882
168	1143115													9.120395	-0.155172	3.692248	0.368935	-0.843988	-0.389321	-0.021913	-0.426652	0.904151	-0.929197	-0.325041	-0.175901
169	1143282													9.111951	-0.151184	3.656021	0.368919	-0.844036	-0.389232	-0.021935	-0.426561	0.904193	-0.929203	-0.325036	-0.175881
170	1143448													9.116432	-0.160328	3.684262	0.368958	-0.843950	-0.389382	-0.021964	-0.426740	0.904108	-0.929187	-0.325025	-0.175986
171	1143615													9.102027	-0.161076	3.679803	0.368982	-0.843990	-0.389272	-0.021951	-0.426622	0.904163	-0.929177	-0.325075	-0.175943
172	1143782													9.109122	-0.161201	3.660470	0.369015	-0.843930	-0.389371	-0.021935	-0.426729	0.904113	-0.929164	-0.325091	-0.175981
173	1143948													9.111669	-0.158329	3.666253	0.369030	-0.843960	-0.389293	-0.021919	-0.426643	0.904154	-0.929159	-0.325127	-0.175943
174	1144115													9.119782	-0.155343	3.678651	0.369035	-0.844007	-0.389186	-0.021898	-0.426522	0.904212	-0.929158	-0.325163	-0.175884
175	1144282													9.103191	-0.163343	3.663896	0.369095	-0.844022	-0.389097	-0.021918	-0.426446	0.904247	-0.929133	-0.325225	-0.175899
176	1144448													9.098884	-0.170360	3.642464	0.369163	-0.844068	-0.388931	-0.021929	-0.426286	0.904322	-0.929106	-0.325314	-0.175879
177	1144615													9.114655	-0.167370	3.672725	0.369227	-0.844053	-0.388905	-0.021981	-0.426289	0.904320	-0.929079	-0.325351	-0.175950
178	1144782													9.139860	-0.176246	3.688790	0.369268	-0.844108	-0.388746	-0.022003	-0.426135	0.904392	-0.929062	-0.325410	-0.175931
179	1144948													9.104299	-0.185752	3.665744	0.369313	-0.844078	-0.388768	-0.022046	-0.426182	0.904369	-0.929044	-0.325424	-0.176003
180	1145115													9.076553	-0.129015	3.645446	0.369422	-0.844006	-0.388821	-0.022028	-0.426255	0.904335	-0.929001	-0.325516	-0.176060
181	1145282													9.115421	-0.210556	3.638489	0.369458	-0.843899	-0.389019	-0.022017	-0.426471	0.904233	-0.928987	-0.325511	-0.176143
182	1145448													9.163259	-0.143686	3.724034	0.369508	-0.843811	-0.389163	-0.021908	-0.426597	0.904176	-0.928969	-0.325574	-0.176117
183	1145615													9.137648	-0.092190	3.656584	0.369630	-0.843775	-0.389123	-0.021640	-0.426485	0.904235	-0.928927	-0.325811	-0.175901
184	1145782													9.075742	-0.136579	3.721223	0.369765	-0.843756	-0.389037	-0.021430	-0.426346	0.904306	-0.928878	-0.326044	-0.175730
185	1145948													9.098165	-0.159027	3.733124	0.369775	-0.843759	-0.389020	-0.021400	-0.426320	0.904319	-0.928875	-0.326070	-0.175700
186	1146115													9.093898	-0.154059	3.727738	0.369760	-0.843759	-0.389035	-0.021360	-0.426319	0.904321	-0.928882	-0.326072	-0.175659
187	1146282													9.063987	-0.133739	3.703220	0.369818	-0.843822	-0.388843	-0.021341	-0.426118	0.904416	-0.928859	-0.326171	-0.175595
188	1146448													9.072316	-0.144082	3.709739	0.369787	-0.843915	-0.388672	-0.021337	-0.425927	0.904506	-0.928872	-0.326181	-0.175509
189	1146615													9.102667	-0.194170	3.686494	0.369773	-0.843909	-0.388697	-0.021337	-0.425951	0.904494	-0.928877	-0.326164	-0.175512
190	1146782													9.067254	-0.157557	3.685986	0.369819	-0.843920	-0.388630	-0.021406	-0.425913	0.904511	-0.928857	-0.326186	-0.175576
191	1146948													9.053377	-0.164198	3.680285	0.369869	-0.843974	-0.388464	-0.021483	-0.425773	0.904575	-0.928836	-0.326228	-0.175611
192	1147115													9.091212	-0.205475	3.694433	0.369917	-0.844027	-0.388304	-0.021572	-0.425642	0.904635	-0.928814	-0.326264	-0.175659
193	1147282													9.101809	-0.180742	3.697040	0.370020	-0.844002	-0.388260	-0.021627	-0.425635	0.904637	-0.928772	-0.326337	-0.175746
194	1147449													9.061669	-0.138460	3.703703	0.370043	-0.844005	-0.388232	-0.021663	-0.425622	0.904642	-0.928762	-0.326346	-0.175782
195	1147615													9.128834	-0.210588	3.649536	0.370009	-0.843952	-0.388378	-0.021743	-0.425800	0.904556	-0.928774	-0.326250	-0.175900
196	1147782													9.133184	-0.170554	3.746754	0.369980	-0.843900	-0.388520	-0.021717	-0.425938	0.904492	-0.928786	-0.326206	-0.175916
197	1147949													9.139167	-0.125396	3.635246	0.369862	-0.843935	-0.388556	-0.021562	-0.425897	0.904515	-0.928837	-0.326167	-0.175720
198	1148115													9.070507	-0.116975	3.705031	0.369924	-0.843896	-0.388582	-0.021409	-0.425884	0.904524	-0.928815	-0.326286	-0.175611
199	1148282													9.140388	-0.174373	3.658853	0.369695	-0.843856	-0.388886	-0.021380	-0.426153	0.904398	-0.928907	-0.326037	-0.175589
200	1148449													9.144408	-0.166395	3.645645	0.369641	-0.843842	-0.388967	-0.021327	-0.426211	0.904372	-0.928930	-0.325998	-0.175542
201	1148615													9.091914	-0.134709	3.688679	0.369570	-0.843888	-0.388936	-0.021246	-0.426134	0.904410	-0.928960	-0.325980	-0.175416
202	1148782													9.099456	-0.160361	3.689373	0.369489	-0.843949	-0.388882	-0.021161	-0.426030	0.904461	-0.928994	-0.325959	-0.175272
203	1148949													9.109071	-0.163029	3.635128	0.369432	-0.843984	-0.388858	-0.021088	-0.425967	0.904493	-0.929019	-0.325948	-0.175164
204	1149115													9.086134	-0.160811	3.647470	0.369417	-0.843948	-0.388950	-0.021033	-0.426044	0.904458	-0.929026	-0.325942	-0.175139
205	1149282													9.109838	-0.166390	3.699601	0.369379	-0.843926	-0.389034	-0.020943	-0.426095	0.904436	-0.929043	-0.325932	-0.175064
206	1149449													9.117665	-0.167867	3.670283	0.369369	-0.843916	-0.389067	-0.020852	-0.426096	0.904438	-0.929049	-0.325958	-0.174984
207	1149615													9.125727	-0.144436	3.665541	0.369410	-0.843921	-0.389016	-0.020741	-0.426011	0.904480	-0.929035	-0.326056	-0.174877
208	1149782													9.114215	-0.143302	3.683483	0.369502	-0.843884	-0.389008	-0.020655	-0.425991	0.904492	-0.929000	-0.326177	-0.174835
209	1149949													9.112344	-0.126433	3.666160	0.369563	-0.843880	-0.388960	-0.020563	-0.425919	0.904528	-0.928978	-0.326282	-0.174757
210	1150115													9.126330	-0.133010	3.658664	0.369653	-0.843864	-0.388910	-0.020496	-0.425860	0.904557	-0.928944	-0.326401	-0.174716
211	1150282													9.103685	-0.138839	3.664765	0.369777	-0.843804	-0.388922	-0.020468	-0.425888	0.904544	-0.928895	-0.326519	-0.174755
212	1150449													9.107735	-0.138388	3.680740	0.369856	-0.843783	-0.388893	-0.020426	-0.425858	0.904559	-0.928865	-0.326613	-0.174741
213	1150615													9.101698	-0.151059	3.681255	0.369940	-0.843705	-0.388981	-0.020405	-0.425962	0.904511	-0.928831	-0.326678	-0.174797
214	1150782													9.094746	-0.140599	3.685804	0.370033	-0.843692	-0.388920	-0.020440	-0.425928	0.904526	-0.928794	-0.326755	-0.174853
215	1150949													9.093848	-0.151367	3.672969	0.370122	-0.843710	-0.388797	-0.020488	-0.425831	0.904571	-0.928757	-0.326836	-0.174896
216	1151115													9.094539	-0.161713	3.693747	0.370216	-0.843751	-0.388619	-0.020572	-0.425688	0.904636	-0.928718	-0.326916	-0.174954
217	1151282													9.107512	-0.155823	3.680958	0.370314	-0.843701	-0.388634	-0.020625	-0.425743	0.904609	-0.928678	-0.326974	-0.175060
218	1151449													9.094232	-0.143506	3.704872	0.370430	-0.843665	-0.388602	-0.020693	-0.425756	0.904602	-0.928630	-0.327050	-0.175170
219	1151615													9.103253	-0.158635	3.689499	0.370515	-0.843590	-0.388683	-0.020764	-0.425885	0.904539	-0.928594	-0.327075	-0.175313
220	1151782													9.112890	-0.154596	3.690668	0.370623	-0.843540	-0.388689	-0.020811	-0.425930	0.904517	-0.928550	-0.327146	-0.175414
221	1151949													9.106248	-0.151067	3.684883	0.370721	-0.843533	-0.388611	-0.020912	-0.425902	0.904528	-0.928509	-0.327200	-0.175531
222	1152115													9.099210	-0.164646	3.693746	0.370807	-0.843518	-0.388562	-0.020981	-0.425891	0.904531	-0.928473	-0.327254	-0.175621
223	1152282													9.097452	-0.130485	3.703259	0.370853	-0.843522	-0.388507	-0.021064	-0.425871	0.904539	-0.928452	-0.327268	-0.175703
224	1152449													9.107790	-0.165130	3.691500	0.370854	-0.843543	-0.388462	-0.021149	-0.425852	0.904546	-0.928450	-0.327239	-0.175769
225	1152615													9.102274	-0.164488	3.675211	0.370901	-0.843529	-0.388448	-0.021179	-0.425857	0.904543	-0.928431	-0.327269	-0.175816
226	1152782													9.109630	-0.156520	3.677031	0.370936	-0.843488	-0.388502	-0.021188	-0.425926	0.904510	-0.928417	-0.327284	-0.175863
227	1152949													9.110567	-0.175713	3.678107	0.370968	-0.843478	-0.388493	-0.021189	-0.425923	0.904511	-0.928404	-0.327313	-0.175876
228	1153115													9.101537	-0.159152	3.686504	0.371006	-0.843417	-0.388589	-0.021178	-0.426030	0.904461	-0.928389	-0.327331	-0.175922
229	1153282													9.099102	-0.140645	3.702544	0.371030	-0.843371	-0.388668	-0.021162	-0.426113	0.904422	-0.928380	-0.327343	-0.175948
230	1153449													9.097657	-0.155944	3.699894	0.371061	-0.843289	-0.388815	-0.021102	-0.426256	0.904356	-0.928369	-0.327366	-0.175962
231	1153615													9.099577	-0.145469	3.702590	0.371051	-0.843302	-0.388796	-0.021061	-0.426219	0.904375	-0.928374	-0.327381	-0.175910
232	1153782													9.108321	-0.163093	3.691293	0.371075	-0.843281	-0.388820	-0.021015	-0.426234	0.904369	-0.928365	-0.327418	-0.175886
233	1153949													9.097345	-0.171061	3.683254	0.371086	-0.843321	-0.388723	-0.021042	-0.426142	0.904412	-0.928360	-0.327435	-0.175880
234	1154115													9.095769	-0.160704	3.657233	0.371093	-0.843350	-0.388652	-0.021106	-0.426090	0.904435	-0.928356	-0.327426	-0.175918
235	1154282													9.113275	-0.178335	3.695578	0.371135	-0.843374	-0.388560	-0.021137	-0.426010	0.904472	-0.928338	-0.327468	-0.175933
236	1154449													9.112073	-0.167388	3.723239	0.371149	-0.843371	-0.388553	-0.021172	-0.426018	0.904467	-0.928332	-0.327465	-0.175972
237	1154615													9.097069	-0.194911	3.674603	0.371166	-0.843358	-0.388566	-0.021193	-0.426042	0.904455	-0.928325	-0.327468	-0.176006
238	1154782													9.075316	-0.141250	3.631542	0.371196	-0.843326	-0.388607	-0.021191	-0.426092	0.904432	-0.928313	-0.327487	-0.176034
239	1154949													9.123060	-0.208536	3.648335	0.371175	-0.843318	-0.388643	-0.021129	-0.426105	0.904427	-0.928322	-0.327489	-0.175978
240	1155115													9.151283	-0.158196	3.707940	0.371191	-0.843270	-0.388733	-0.020975	-0.426150	0.904409	-0.928320	-0.327555	-0.175871
241	1155282													9.099430	-0.105058	3.652940	0.371235	-0.843190	-0.388863	-0.020663	-0.426188	0.904398	-0.928309	-0.327709	-0.175639
242	1155449													9.080893	-0.157404	3.703917	0.371268	-0.843091	-0.389048	-0.020451	-0.426318	0.904342	-0.928300	-0.327797	-0.175520
243	1155615													9.112498	-0.183499	3.681903	0.371168	-0.843139	-0.389037	-0.020421	-0.426276	0.904363	-0.928341	-0.327726	-0.175438
244	1155782													9.093446	-0.156459	3.684550	0.371144	-0.843131	-0.389080	-0.020347	-0.426291	0.904357	-0.928353	-0.327730	-0.175370
245	1155949													9.047300	-0.112647	3.717092	0.371101	-0.843188	-0.388998	-0.020294	-0.426175	0.904413	-0.928371	-0.327734	-0.175266
246	1156115													9.098265	-0.160100	3.681616	0.371009	-0.843301	-0.388839	-0.020249	-0.425971	0.904510	-0.928408	-0.327708	-0.175115
247	1156282													9.094933	-0.159531	3.656228	0.370970	-0.843333	-0.388805	-0.020258	-0.425930	0.904529	-0.928424	-0.327677	-0.175092
248	1156449													9.083469	-0.178995	3.697506	0.370960	-0.843342	-0.388797	-0.020307	-0.425936	0.904525	-0.928427	-0.327648	-0.175131
249	1156615													9.078198	-0.181539	3.689083	0.370933	-0.843378	-0.388744	-0.020346	-0.425888	0.904547	-0.928437	-0.327617	-0.175136
250	1156782													9.093874	-0.198469	3.689302	0.370961	-0.843359	-0.388758	-0.020357	-0.425913	0.904535	-0.928425	-0.327634	-0.175165
251	1156949													9.093632	-0.171264	3.715997	0.370992	-0.843326	-0.388801	-0.020356	-0.425964	0.904511	-0.928413	-0.327652	-0.175195
252	1157115													9.073312	-0.130177	3.713635	0.370968	-0.843379	-0.388708	-0.020339	-0.425854	0.904563	-0.928423	-0.327658	-0.175132
253	1157282													9.122664	-0.184642	3.619528	0.370861	-0.843325	-0.388928	-0.020416	-0.426095	0.904448	-0.928464	-0.327484	-0.175239
254	1157449													9.140533	-0.152886	3.716264	0.370812	-0.843276	-0.389081	-0.020389	-0.426240	0.904380	-0.928484	-0.327422	-0.175248
255	1157615													9.148094	-0.104295	3.592370	0.370726	-0.843241	-0.389239	-0.020223	-0.426333	0.904340	-0.928522	-0.327390	-0.175105
256	1157782													9.082284	-0.084804	3.678615	0.370830	-0.843146	-0.389346	-0.020007	-0.426393	0.904317	-0.928485	-0.327558	-0.174989
257	1157949													9.124074	-0.147141	3.662405	0.370677	-0.843188	-0.389401	-0.019969	-0.426407	0.904311	-0.928547	-0.327432	-0.174897
258	1158115													9.137115	-0.157224	3.657011	0.370672	-0.843121	-0.389549	-0.019898	-0.426541	0.904249	-0.928551	-0.327429	-0.174884
259	1158282													9.096609	-0.149979	3.672618	0.370705	-0.843140	-0.389477	-0.019793	-0.426433	0.904303	-0.928540	-0.327520	-0.174769
260	1158449													9.094649	-0.150909	3.682345	0.370675	-0.843205	-0.389367	-0.019760	-0.426297	0.904368	-0.928553	-0.327532	-0.174679
261	1158615													9.114158	-0.165611	3.640397	0.370676	-0.843218	-0.389336	-0.019753	-0.426261	0.904384	-0.928552	-0.327543	-0.174661
262	1158782													9.094846	-0.146263	3.645711	0.370687	-0.843259	-0.389237	-0.019718	-0.426144	0.904440	-0.928549	-0.327589	-0.174593
263	1158949													9.117952	-0.159352	3.651819	0.370728	-0.843160	-0.389413	-0.019694	-0.426333	0.904352	-0.928533	-0.327599	-0.174659
264	1159115													9.126277	-0.159645	3.675200	0.370779	-0.843143	-0.389401	-0.019635	-0.426310	0.904364	-0.928514	-0.327673	-0.174622
265	1159282													9.114232	-0.157232	3.684820	0.370862	-0.843095	-0.389426	-0.019567	-0.426330	0.904356	-0.928482	-0.327771	-0.174607
266	1159449													9.115967	-0.133378	3.650499	0.370978	-0.843039	-0.389436	-0.019499	-0.426340	0.904353	-0.928437	-0.327902	-0.174601
267	1159615													9.102299	-0.132920	3.674753	0.371086	-0.842982	-0.389457	-0.019466	-0.426373	0.904338	-0.928394	-0.328006	-0.174631
268	1159782													9.116468	-0.135052	3.697516	0.371169	-0.842963	-0.389420	-0.019458	-0.426347	0.904351	-0.928362	-0.328089	-0.174649
269	1159949													9.104792	-0.137090	3.695735	0.371255	-0.842963	-0.389338	-0.019433	-0.426267	0.904389	-0.928328	-0.328192	-0.174635
270	1160115													9.108554	-0.133174	3.695424	0.371290	-0.843022	-0.389175	-0.019386	-0.426083	0.904476	-0.928315	-0.328278	-0.174543
271	1160282													9.117319	-0.152507	3.681198	0.371365	-0.843031	-0.389084	-0.019364	-0.425993	0.904519	-0.928285	-0.328373	-0.174523
272	1160449													9.118474	-0.149167	3.700641	0.371449	-0.842996	-0.389080	-0.019367	-0.426006	0.904513	-0.928251	-0.328445	-0.174566
273	1160615													9.087318	-0.163504	3.686680	0.371545	-0.843029	-0.388917	-0.019351	-0.425845	0.904589	-0.928213	-0.328570	-0.174534
274	1160782													9.103415	-0.156863	3.687935	0.371657	-0.843015	-0.388841	-0.019353	-0.425787	0.904617	-0.928169	-0.328681	-0.174561
275	1160949													9.085505	-0.147783	3.707604	0.371756	-0.843026	-0.388722	-0.019369	-0.425685	0.904664	-0.928128	-0.328785	-0.174579
276	1161115													9.085450	-0.157589	3.697684	0.371805	-0.843022	-0.388685	-0.019403	-0.425667	0.904672	-0.928108	-0.328820	-0.174622
277	1161282													9.087851	-0.167874	3.697158	0.371852	-0.843003	-0.388680	-0.019452	-0.425689	0.904661	-0.928088	-0.328839	-0.174691
278	1161449													9.087929	-0.156719	3.723039	0.371843	-0.842985	-0.388726	-0.019472	-0.425744	0.904634	-0.928091	-0.328813	-0.174725
279	1161615													9.101822	-0.150358	3.718484	0.371858	-0.842994	-0.388694	-0.019503	-0.425723	0.904643	-0.928085	-0.328818	-0.174750
280	1161782													9.070743	-0.155229	3.697480	0.371876	-0.843007	-0.388649	-0.019529	-0.425687	0.904659	-0.928077	-0.328832	-0.174766
281	1161949													9.090693	-0.153469	3.664704	0.371842	-0.842937	-0.388832	-0.019545	-0.425883	0.904567	-0.928090	-0.328757	-0.174837
282	1162115													9.109133	-0.146803	3.698524	0.371818	-0.842912	-0.388909	-0.019548	-0.425962	0.904530	-0.928100	-0.328718	-0.174857
