// Start Time: Unknown
// Update Rate: 100.0Hz
//Filter Profile: human (46.1)
// Option Flags: AHS Disabled ICC Disabled
// Firmware Version: 4.0.2
0	sampleTimeFine	Year	Month	Day	Second	UTC_Nano	UTC_Year	UTC_Month	UTC_Day	UTC_Hour	UTC_Minute	UTC_Second	UTC_Valid	Acc_X	Acc_Y	Acc_Z	Mat[1][1]	Mat[2][1]	Mat[3][1]	Mat[1][2]	Mat[2][2]	Mat[3][2]	Mat[1][3]	Mat[2][3]	Mat[3][3]
0	451563													9.340049	0.041452	-2.797518	-0.286006	-0.044810	-0.957180	-0.001171	-0.998889	0.047112	-0.958227	0.014595	0.285636
1	452063													9.349424	0.053361	-2.811363	-0.285940	-0.044048	-0.957235	-0.001577	-0.998920	0.046437	-0.958246	0.014788	0.285562
2	452563													9.380087	0.031416	-2.773746	-0.285138	-0.044120	-0.957471	-0.001657	-0.998916	0.046523	-0.958485	0.014852	0.284756
3	453063													9.330515	0.024752	-2.726433	-0.284319	-0.044356	-0.957703	-0.001388	-0.998909	0.046676	-0.958729	0.014600	0.283948
4	453563													9.345503	0.040354	-2.734823	-0.284222	-0.044498	-0.957725	-0.001063	-0.998907	0.046727	-0.958758	0.014299	0.283864
5	454063													9.377164	0.065928	-2.767394	-0.284589	-0.044710	-0.957606	-0.000935	-0.998898	0.046915	-0.958649	0.014247	0.284234
6	454563													9.338263	0.028942	-2.796338	-0.285282	-0.044808	-0.957396	-0.001082	-0.998891	0.047073	-0.958443	0.014464	0.284917
7	455063													9.330790	0.030199	-2.817514	-0.286068	-0.044789	-0.957162	-0.001060	-0.998892	0.047059	-0.958209	0.014477	0.285703
8	455563													9.355818	0.044484	-2.821725	-0.286348	-0.044452	-0.957094	-0.001247	-0.998905	0.046767	-0.958125	0.014585	0.285979
9	456063													9.332961	0.047383	-2.835963	-0.286247	-0.044460	-0.957124	-0.001110	-0.998907	0.046733	-0.958155	0.014440	0.285884
10	456563													9.355401	0.062619	-2.805648	-0.286038	-0.044871	-0.957167	-0.000925	-0.998890	0.047104	-0.958218	0.014359	0.285679
11	457063													9.335195	0.035217	-2.784218	-0.285990	-0.044941	-0.957178	-0.001204	-0.998882	0.047259	-0.958232	0.014668	0.285616
12	457563													9.345286	0.027302	-2.783933	-0.285659	-0.044526	-0.957296	-0.001338	-0.998901	0.046861	-0.958330	0.014667	0.285285
13	458063													9.371088	0.054341	-2.778131	-0.285348	-0.044295	-0.957400	-0.001627	-0.998908	0.046700	-0.958422	0.014883	0.284965
14	458563													9.350233	0.015707	-2.793821	-0.285121	-0.044053	-0.957479	-0.001922	-0.998915	0.046532	-0.958490	0.015108	0.284727
15	459063													9.389627	0.023452	-2.789410	-0.284541	-0.044050	-0.957651	-0.001770	-0.998918	0.046474	-0.958662	0.014919	0.284155
16	459563													9.338567	0.030591	-2.737370	-0.283011	-0.044075	-0.958103	-0.001721	-0.998919	0.046461	-0.959115	0.014798	0.282629
17	460063													9.319649	0.009372	-2.716949	-0.282579	-0.043898	-0.958239	-0.001738	-0.998927	0.046275	-0.959242	0.014741	0.282200
18	460563													9.369604	0.037453	-2.738274	-0.283168	-0.043656	-0.958076	-0.001557	-0.998941	0.045979	-0.959069	0.014511	0.282801
19	461063													9.328541	0.034501	-2.774214	-0.283912	-0.043737	-0.957852	-0.001568	-0.998937	0.046078	-0.958849	0.014584	0.283541
20	461563													9.363603	0.020052	-2.805972	-0.284489	-0.043934	-0.957672	-0.001528	-0.998927	0.046280	-0.958678	0.014630	0.284116
21	462063													9.362126	0.022012	-2.815497	-0.284153	-0.043945	-0.957771	-0.001475	-0.998928	0.046271	-0.958778	0.014560	0.283784
22	462563													9.325927	0.046011	-2.813012	-0.283469	-0.044464	-0.957950	-0.000865	-0.998912	0.046621	-0.958981	0.014045	0.283122
23	463063													9.342534	0.067009	-2.786912	-0.282559	-0.045141	-0.958187	-0.000400	-0.998886	0.047177	-0.959250	0.013713	0.282226
24	463563													9.356898	0.010581	-2.752764	-0.281770	-0.045289	-0.958412	-0.000554	-0.998878	0.047364	-0.959482	0.013877	0.281429
25	464063													9.354658	0.015240	-2.729661	-0.281022	-0.044360	-0.958675	-0.000687	-0.998922	0.046424	-0.959701	0.013705	0.280689
26	464563													9.374440	0.096008	-2.718723	-0.280537	-0.043918	-0.958838	-0.000862	-0.998941	0.046007	-0.959843	0.013733	0.280202
27	465063													9.340403	0.015909	-2.729699	-0.279974	-0.044468	-0.958977	-0.001299	-0.998908	0.046699	-0.960007	0.014320	0.279611
28	465563													9.416424	0.003412	-2.729774	-0.279248	-0.044968	-0.959165	-0.000913	-0.998890	0.047096	-0.960219	0.014027	0.278897
29	466063													9.364436	0.045835	-2.675881	-0.277956	-0.045349	-0.959523	-0.000629	-0.998876	0.047391	-0.960594	0.013776	0.277615
30	466563													9.327926	0.010678	-2.655187	-0.277513	-0.045740	-0.959633	-0.000485	-0.998859	0.047749	-0.960722	0.013716	0.277174
31	467063													9.373826	0.035264	-2.690528	-0.278393	-0.045858	-0.959372	-0.000334	-0.998855	0.047842	-0.960467	0.013640	0.278059
32	467563													9.387189	0.047209	-2.727100	-0.279271	-0.045770	-0.959121	-0.000310	-0.998859	0.047756	-0.960212	0.013635	0.278938
33	468063													9.336767	0.039959	-2.751516	-0.280416	-0.045847	-0.958783	-0.000580	-0.998850	0.047932	-0.959879	0.013997	0.280067
34	468563													9.408660	0.011031	-2.790386	-0.280813	-0.045928	-0.958663	-0.000787	-0.998843	0.048084	-0.959762	0.014257	0.280452
35	469063													9.351307	0.012684	-2.759343	-0.280853	-0.045842	-0.958655	-0.000904	-0.998846	0.048029	-0.959750	0.014355	0.280488
36	469563													9.335562	0.039625	-2.757275	-0.280953	-0.046158	-0.958611	-0.000414	-0.998837	0.048216	-0.959722	0.013944	0.280607
37	470063													9.376407	0.035222	-2.768198	-0.281091	-0.046791	-0.958540	-0.000233	-0.998807	0.048825	-0.959681	0.013948	0.280745
38	470563													9.367745	-0.012176	-2.750886	-0.280690	-0.046795	-0.958657	-0.000018	-0.998811	0.048760	-0.959798	0.013704	0.280355
39	471063													9.315067	0.026250	-2.757849	-0.280881	-0.046324	-0.958624	0.000718	-0.998844	0.048058	-0.959742	0.012810	0.280590
40	471563													9.413718	0.051478	-2.780033	-0.281329	-0.045493	-0.958532	0.001501	-0.998895	0.046968	-0.959610	0.011775	0.281087
41	472063													9.383948	0.172854	-2.755508	-0.280611	-0.045093	-0.958762	0.001943	-0.998920	0.046414	-0.959820	0.011161	0.280395
42	472563													9.398466	0.184482	-2.662218	-0.278612	-0.047551	-0.959226	0.001530	-0.998794	0.049068	-0.960403	0.012203	0.278349
43	473063													9.302723	-0.017017	-2.618163	-0.277278	-0.049914	-0.959492	0.000891	-0.998663	0.051694	-0.960789	0.013479	0.276951
44	473563													9.371773	-0.073612	-2.643097	-0.277397	-0.049124	-0.959499	0.000502	-0.998699	0.050986	-0.960755	0.013662	0.277060
45	474063													9.378830	-0.000153	-2.714043	-0.278636	-0.046441	-0.959273	-0.000579	-0.998822	0.048524	-0.960397	0.014076	0.278281
46	474563													9.300930	-0.000484	-2.763587	-0.280958	-0.044469	-0.958689	-0.001819	-0.998899	0.046867	-0.959718	0.014911	0.280568
47	475063													9.423252	0.032886	-2.820894	-0.283211	-0.043970	-0.958049	-0.001678	-0.998924	0.046343	-0.959056	0.014733	0.282833
48	475563													9.300478	0.045029	-2.831607	-0.283337	-0.045152	-0.957957	-0.000927	-0.998878	0.047355	-0.959020	0.014305	0.282977
49	476063													9.264357	-0.185428	-2.903329	-0.284491	-0.045111	-0.957617	0.000397	-0.998898	0.046937	-0.958679	0.012973	0.284195
50	476563													9.452764	-0.015480	-2.927807	-0.283133	-0.041815	-0.958169	0.003460	-0.999087	0.042579	-0.959074	0.008740	0.283019
51	477063													9.400352	0.326054	-2.771007	-0.279297	-0.038948	-0.959415	0.005734	-0.999227	0.038895	-0.960188	0.005362	0.279304
52	477563													9.389696	0.521379	-2.562065	-0.274853	-0.041706	-0.960581	0.004812	-0.999106	0.042002	-0.961474	0.006922	0.274807
53	478063													9.309118	0.034488	-2.475577	-0.271922	-0.046059	-0.961216	0.000631	-0.998862	0.047685	-0.962319	0.012360	0.271642
54	478563													9.435818	-0.298768	-2.493635	-0.270698	-0.044087	-0.961654	-0.003234	-0.998903	0.046705	-0.962659	0.015753	0.270259
55	479063													9.416464	-0.096740	-2.537757	-0.270274	-0.037643	-0.962047	-0.005004	-0.999167	0.040502	-0.962771	0.015761	0.269860
56	479563													9.372142	0.085699	-2.591991	-0.271851	-0.033311	-0.961763	-0.006636	-0.999312	0.036488	-0.962317	0.016302	0.271442
57	480063													9.371882	-0.011309	-2.657312	-0.274407	-0.032880	-0.961051	-0.006995	-0.999321	0.036186	-0.961588	0.016652	0.273991
58	480563													9.281030	-0.134010	-2.773923	-0.278577	-0.032865	-0.959851	-0.006305	-0.999330	0.036046	-0.960393	0.016094	0.278183
59	481063													9.440315	-0.070828	-2.818839	-0.282026	-0.031004	-0.958906	-0.006626	-0.999391	0.034262	-0.959384	0.016016	0.281649
60	481563													9.421788	0.082775	-2.772177	-0.282759	-0.030475	-0.958707	-0.007541	-0.999394	0.033993	-0.959161	0.016841	0.282358
61	482063													9.241463	-0.088869	-2.753613	-0.283030	-0.032156	-0.958572	-0.009321	-0.999298	0.036274	-0.959066	0.019202	0.282531
62	482563													9.309405	-0.463690	-2.871765	-0.285152	-0.030055	-0.958011	-0.010158	-0.999357	0.034376	-0.958429	0.019534	0.284663
63	483063													9.481285	-0.073766	-2.883059	-0.284591	-0.024690	-0.958331	-0.008065	-0.999571	0.028147	-0.958615	0.015739	0.284270
64	483563													9.346687	0.183258	-2.800230	-0.282672	-0.023566	-0.958927	-0.006717	-0.999625	0.026546	-0.959193	0.013945	0.282407
65	484063													9.358305	0.109541	-2.698327	-0.280607	-0.027145	-0.959439	-0.006905	-0.999517	0.030299	-0.959798	0.015127	0.280284
66	484563													9.407677	0.050804	-2.611305	-0.278180	-0.033358	-0.959950	-0.005938	-0.999318	0.036447	-0.960511	0.015839	0.277792
67	485064													9.230670	-0.164740	-2.651119	-0.278815	-0.038087	-0.959589	-0.005167	-0.999139	0.041158	-0.960331	0.016434	0.278378
68	485564													9.389860	-0.202476	-2.705522	-0.281123	-0.037465	-0.958940	-0.005828	-0.999153	0.040745	-0.959654	0.017043	0.280666
69	486064													9.436063	-0.082876	-2.707676	-0.282849	-0.034838	-0.958532	-0.007600	-0.999227	0.038560	-0.959134	0.018192	0.282366
70	486564													9.358446	-0.119419	-2.702623	-0.284759	-0.033183	-0.958024	-0.008353	-0.999277	0.037095	-0.958563	0.018565	0.284276
71	487064													9.361139	-0.032220	-2.760596	-0.287750	-0.033588	-0.957117	-0.006878	-0.999287	0.037136	-0.957681	0.017268	0.287313
72	487564													9.299995	0.056590	-2.894641	-0.291665	-0.037272	-0.955794	-0.004258	-0.999180	0.040263	-0.956511	0.015813	0.291267
73	488064													9.291598	0.055301	-2.981801	-0.294383	-0.042151	-0.954758	-0.000828	-0.999015	0.044360	-0.955687	0.013850	0.294058
74	488564													9.412916	0.059000	-2.966928	-0.294337	-0.046099	-0.954589	0.002200	-0.998866	0.047559	-0.955699	0.011898	0.294105
75	489064													9.239938	0.011754	-2.918522	-0.292379	-0.047269	-0.955134	0.002824	-0.998816	0.048566	-0.956298	0.011502	0.292166
76	489564													9.341374	0.034835	-2.876675	-0.292069	-0.045582	-0.955311	0.002128	-0.998892	0.047011	-0.956395	0.011698	0.291842
77	490064													9.249926	0.067731	-2.862634	-0.291864	-0.043309	-0.955479	0.001677	-0.998996	0.044769	-0.956458	0.011464	0.291644
78	490564													9.317714	-0.012544	-2.924884	-0.293191	-0.040796	-0.955183	0.001820	-0.999111	0.042114	-0.956052	0.010609	0.293004
79	491064													9.514163	0.238516	-2.882157	-0.291002	-0.039131	-0.955922	0.002691	-0.999193	0.040083	-0.956719	0.009092	0.290872
80	491564													9.258734	0.278104	-2.769466	-0.287108	-0.041645	-0.956992	0.002510	-0.999084	0.042724	-0.957895	0.009864	0.286950
81	492064													9.253164	-0.077399	-2.785411	-0.285231	-0.045140	-0.957395	0.001836	-0.998914	0.046551	-0.958457	0.011520	0.285005
82	492564													9.357502	-0.286193	-2.852168	-0.285038	-0.041686	-0.957609	0.002267	-0.999080	0.042817	-0.958513	0.010034	0.284871
83	493064													9.386567	0.104298	-2.839953	-0.283122	-0.034313	-0.958470	0.002631	-0.999384	0.035001	-0.959080	0.007387	0.283038
84	493564													9.466749	0.370982	-2.707388	-0.279433	-0.031636	-0.959644	0.000324	-0.999460	0.032854	-0.960165	0.008870	0.279293
85	494064													9.262721	0.097763	-2.618823	-0.276434	-0.035371	-0.960382	-0.002724	-0.999290	0.037588	-0.961029	0.013006	0.276142
86	494564													9.283699	-0.328151	-2.694495	-0.277059	-0.037830	-0.960108	-0.003391	-0.999180	0.040348	-0.960847	0.014434	0.276703
87	495064													9.526498	-0.131823	-2.725209	-0.276527	-0.035103	-0.960365	-0.002193	-0.999307	0.037157	-0.961004	0.012381	0.276258
88	495564													9.311611	0.058063	-2.687675	-0.274637	-0.032445	-0.961001	-0.001302	-0.999417	0.034114	-0.961547	0.010620	0.274434
89	496064													9.427248	0.091459	-2.690767	-0.273043	-0.031011	-0.961502	-0.001666	-0.999464	0.032709	-0.962000	0.010533	0.272845
90	496564													9.359921	0.116543	-2.638825	-0.271626	-0.032276	-0.961861	-0.001911	-0.999417	0.034075	-0.962401	0.011093	0.271406
91	497064													9.380867	0.144483	-2.549902	-0.271061	-0.036093	-0.961885	-0.002654	-0.999265	0.038243	-0.962558	0.012919	0.270766
92	497564													9.338259	-0.077093	-2.589745	-0.271421	-0.040518	-0.961608	-0.003725	-0.999062	0.043148	-0.962454	0.015293	0.271015
93	498064													9.417307	-0.272942	-2.648658	-0.272532	-0.040663	-0.961287	-0.004522	-0.999041	0.043542	-0.962136	0.016214	0.272087
94	498564													9.399346	-0.180430	-2.684175	-0.273304	-0.035969	-0.961255	-0.004454	-0.999243	0.038657	-0.961917	0.014847	0.272937
95	499064													9.388597	0.114417	-2.719068	-0.274535	-0.032210	-0.961038	-0.003634	-0.999397	0.034534	-0.961570	0.012973	0.274252
96	499564													9.357564	0.240409	-2.709847	-0.275005	-0.034560	-0.960821	-0.002429	-0.999326	0.036641	-0.961440	0.012410	0.274736
97	500064													9.206190	-0.012794	-2.671821	-0.278232	-0.039940	-0.959683	-0.001626	-0.999114	0.042052	-0.960513	0.013261	0.277920
98	500564													9.284938	-0.163269	-2.729758	-0.284817	-0.043356	-0.957601	-0.000980	-0.998963	0.045521	-0.958581	0.013904	0.284480
99	501064													9.454455	-0.120540	-2.810799	-0.290711	-0.042994	-0.955845	0.000266	-0.998994	0.044854	-0.956811	0.012786	0.290430
100	501564													9.403860	0.110688	-2.864549	-0.294958	-0.042329	-0.954572	0.001545	-0.999038	0.043824	-0.955509	0.011451	0.294740
101	502064													9.400748	0.128317	-2.950879	-0.296722	-0.043640	-0.953966	0.002826	-0.998991	0.044821	-0.954960	0.010604	0.296546
102	502564													9.372609	0.106498	-2.943129	-0.295907	-0.046149	-0.954101	0.004145	-0.998885	0.047030	-0.955208	0.009961	0.295768
103	503064													9.313422	0.063543	-2.880303	-0.293191	-0.048325	-0.954832	0.005085	-0.998786	0.048988	-0.956040	0.009507	0.293081
104	503564													9.218703	0.001735	-2.826603	-0.291612	-0.048938	-0.955284	0.005009	-0.998755	0.049636	-0.956524	0.009689	0.291494
105	504064													9.268993	0.014999	-2.877902	-0.292580	-0.047596	-0.955056	0.004631	-0.998819	0.048358	-0.956230	0.009725	0.292455
106	504564													9.321459	0.080037	-2.860789	-0.294594	-0.045982	-0.954516	0.004265	-0.998895	0.046804	-0.955613	0.009717	0.294465
107	505064													9.136285	0.117789	-2.837645	-0.298499	-0.045506	-0.953325	0.004676	-0.998920	0.046218	-0.954399	0.009338	0.298389
108	505564													9.295653	0.169513	-2.908952	-0.305162	-0.046736	-0.951153	0.004948	-0.998859	0.047493	-0.952288	0.009787	0.305045
109	506064													9.485797	0.099050	-3.012742	-0.310081	-0.049027	-0.949445	0.004855	-0.998738	0.049986	-0.950698	0.010890	0.309927
110	506564													9.366163	-0.003518	-3.055847	-0.310590	-0.049820	-0.949238	0.004437	-0.998691	0.050963	-0.950534	0.011617	0.310404
111	507064													9.270550	-0.053902	-3.056095	-0.309213	-0.048012	-0.949780	0.004020	-0.998782	0.049181	-0.950984	0.011390	0.309029
112	507564													9.249246	0.084972	-3.036029	-0.307638	-0.045639	-0.950408	0.004473	-0.998907	0.046520	-0.951493	0.010060	0.307506
113	508064													9.249459	0.186095	-3.016537	-0.307142	-0.045193	-0.950590	0.005429	-0.998939	0.045738	-0.951648	0.008888	0.307062
114	508564													9.256291	0.123415	-3.029827	-0.306967	-0.046485	-0.950584	0.005775	-0.998879	0.046982	-0.951702	0.008933	0.306892
115	509064													9.261774	0.017592	-3.035639	-0.306590	-0.047329	-0.950664	0.005820	-0.998838	0.047850	-0.951824	0.009137	0.306509
116	509564													9.301176	0.010546	-3.052894	-0.305110	-0.046422	-0.951185	0.005488	-0.998880	0.046989	-0.952301	0.009116	0.305023
117	510064													9.331283	0.086320	-3.047375	-0.302201	-0.045157	-0.952174	0.005230	-0.998941	0.045715	-0.953230	0.008836	0.302117
118	510564													9.353004	0.070623	-2.948045	-0.297314	-0.044480	-0.953743	0.005101	-0.998974	0.045000	-0.954766	0.008514	0.297236
119	511064													9.298885	0.030800	-2.832148	-0.292024	-0.044068	-0.955395	0.005594	-0.999000	0.044369	-0.956395	0.007612	0.291978
120	511564													9.278992	0.094811	-2.785778	-0.288102	-0.043228	-0.956624	0.006564	-0.999046	0.043168	-0.957577	0.006157	0.288111
121	512064													9.364290	0.151673	-2.736438	-0.285915	-0.043367	-0.957273	0.007023	-0.999043	0.043162	-0.958229	0.005618	0.285947
122	512564													9.315784	0.100220	-2.729118	-0.284600	-0.044112	-0.957631	0.006860	-0.999009	0.043979	-0.958622	0.005947	0.284620
123	513064													9.443817	0.071718	-2.783035	-0.283060	-0.045027	-0.958045	0.006890	-0.998967	0.044914	-0.959078	0.006112	0.283077
124	513564													9.516552	0.139053	-2.829561	-0.278598	-0.046141	-0.959299	0.006746	-0.998915	0.046087	-0.960384	0.006368	0.278607
125	514064													9.465609	0.150433	-2.817027	-0.269646	-0.049152	-0.961704	0.006407	-0.998766	0.049250	-0.962938	0.007118	0.269628
126	514564													9.400662	0.086225	-2.726398	-0.257557	-0.052386	-0.964842	0.006363	-0.998600	0.052521	-0.966242	0.007388	0.257530
127	515064													9.414317	0.055977	-2.599001	-0.244336	-0.054762	-0.968143	0.006756	-0.998476	0.054773	-0.969667	0.006842	0.244333
128	515564													9.430569	0.056575	-2.419094	-0.230706	-0.055704	-0.971428	0.007296	-0.998431	0.055520	-0.972996	0.005722	0.230751
129	516064													9.494896	0.115219	-2.287966	-0.217788	-0.056311	-0.974370	0.007826	-0.998403	0.055951	-0.975965	0.004560	0.217881
130	516564													9.621172	0.121256	-2.223408	-0.202884	-0.057262	-0.977527	0.007951	-0.998352	0.056832	-0.979171	0.003758	0.203005
131	517064													9.747011	0.099384	-2.005761	-0.182828	-0.058968	-0.981375	0.008038	-0.998256	0.058485	-0.983112	0.002804	0.182984
132	517564													9.599822	0.097794	-1.739654	-0.157565	-0.059999	-0.985684	0.008409	-0.998198	0.059417	-0.987473	0.001074	0.157785
133	518064													9.705174	0.093477	-1.471377	-0.131412	-0.061184	-0.989438	0.008818	-0.998126	0.060550	-0.991289	-0.000768	0.131705
134	518564													9.668633	0.104534	-1.219645	-0.104148	-0.062730	-0.992582	0.009239	-0.998027	0.062105	-0.994519	-0.002703	0.104522
135	519064													9.502732	0.073361	-0.907267	-0.080398	-0.064038	-0.994704	0.009845	-0.997936	0.063451	-0.996714	-0.004691	0.080862
136	519564													9.707397	0.115149	-0.652494	-0.060949	-0.065396	-0.995996	0.011092	-0.997834	0.064838	-0.998079	-0.007095	0.061542
137	520064													9.779512	0.111831	-0.478471	-0.043744	-0.067137	-0.996784	0.012609	-0.997697	0.066645	-0.998963	-0.009653	0.044489
138	520564													9.774884	0.157491	-0.290087	-0.026138	-0.069105	-0.997267	0.014277	-0.997532	0.068750	-0.999556	-0.012441	0.027060
139	521064													9.870385	0.217821	-0.112905	-0.007226	-0.071946	-0.997382	0.016695	-0.997278	0.071817	-0.999835	-0.016132	0.008407
140	521564													9.773171	0.207110	0.057707	0.013642	-0.074330	-0.997140	0.019004	-0.997034	0.074582	-0.999726	-0.019967	-0.012189
141	522064													9.849085	0.236848	0.271972	0.034305	-0.077571	-0.996396	0.020166	-0.996727	0.078291	-0.999208	-0.022779	-0.032628
142	522564													9.672606	0.219864	0.494796	0.054563	-0.079819	-0.995315	0.021540	-0.996474	0.081093	-0.998278	-0.025864	-0.052651
143	523064													9.767546	0.252533	0.685277	0.070735	-0.081746	-0.994140	0.023086	-0.996235	0.083561	-0.997228	-0.028862	-0.068581
144	523564													9.767805	0.275969	0.838846	0.084627	-0.083819	-0.992881	0.024449	-0.995981	0.086165	-0.996113	-0.031567	-0.082237
145	524064													9.719949	0.306997	0.984290	0.097718	-0.085304	-0.991551	0.025900	-0.995764	0.088219	-0.994877	-0.034302	-0.095095
146	524564													9.752751	0.313332	1.084623	0.109639	-0.086696	-0.990183	0.027195	-0.995554	0.090178	-0.993599	-0.036815	-0.106794
147	525064													9.736822	0.314147	1.203418	0.120586	-0.087905	-0.988803	0.028095	-0.995370	0.091916	-0.992305	-0.038864	-0.117558
148	525564													9.757463	0.338519	1.287897	0.129904	-0.089263	-0.987500	0.028550	-0.995190	0.093714	-0.991115	-0.040367	-0.126731
149	526064													9.722851	0.318505	1.370487	0.139397	-0.090432	-0.986099	0.028886	-0.995026	0.095334	-0.989815	-0.041774	-0.136091
150	526564													9.692513	0.331821	1.460818	0.147600	-0.091084	-0.984844	0.029203	-0.994915	0.096392	-0.988616	-0.042988	-0.144190
151	527064													9.699517	0.355301	1.499181	0.154028	-0.091958	-0.983778	0.029692	-0.994779	0.097635	-0.987620	-0.044249	-0.150493
152	527564													9.737564	0.384330	1.592404	0.160496	-0.092818	-0.982663	0.030030	-0.994649	0.098855	-0.986580	-0.045375	-0.156850
153	528064													9.669070	0.349197	1.671246	0.166251	-0.093464	-0.981644	0.030073	-0.994554	0.099786	-0.985625	-0.046110	-0.162535
154	528564													9.690269	0.342627	1.732964	0.171090	-0.093267	-0.980831	0.029776	-0.994565	0.099767	-0.984805	-0.046274	-0.167383
155	529064													9.695555	0.324027	1.697061	0.175040	-0.092362	-0.980220	0.029105	-0.994670	0.098920	-0.984131	-0.045844	-0.171419
156	529564													9.740199	0.341103	1.754973	0.179541	-0.091169	-0.979517	0.028347	-0.994803	0.097788	-0.983342	-0.045323	-0.176023
157	530064													9.677383	0.341012	1.815789	0.184451	-0.090022	-0.978710	0.027670	-0.994926	0.096728	-0.982452	-0.044922	-0.181024
158	530564													9.653547	0.319132	1.869561	0.189810	-0.088248	-0.977847	0.027453	-0.995086	0.095133	-0.981437	-0.044902	-0.186455
159	531064													9.676947	0.361117	1.898914	0.194262	-0.087201	-0.977066	0.027116	-0.995183	0.094209	-0.980575	-0.044796	-0.190961
160	531564													9.669879	0.335011	1.930607	0.198087	-0.087194	-0.976298	0.026080	-0.995214	0.094175	-0.979837	-0.044117	-0.194865
161	532064													9.654679	0.291743	1.952454	0.202246	-0.086855	-0.975476	0.025317	-0.995263	0.093866	-0.979007	-0.043680	-0.199089
162	532564													9.660133	0.268445	1.995437	0.206390	-0.086173	-0.974668	0.024555	-0.995345	0.093200	-0.978162	-0.043168	-0.203313
163	533064													9.676274	0.280841	2.009598	0.211140	-0.086155	-0.973652	0.023739	-0.995362	0.093224	-0.977168	-0.042797	-0.208115
164	533564													9.666420	0.295531	2.030951	0.217169	-0.087093	-0.972241	0.022920	-0.995282	0.094277	-0.975865	-0.042758	-0.214148
165	534064													9.628271	0.265447	2.120441	0.225793	-0.087256	-0.970260	0.022125	-0.995264	0.094654	-0.973924	-0.042839	-0.222793
166	534564													9.565125	0.247544	2.274457	0.234153	-0.087104	-0.968290	0.021206	-0.995284	0.094660	-0.971968	-0.042699	-0.231201
167	535065													9.567627	0.259632	2.356558	0.241246	-0.087100	-0.966547	0.020343	-0.995292	0.094768	-0.970251	-0.042524	-0.238338
168	535565													9.551965	0.252098	2.378018	0.247385	-0.087328	-0.964974	0.019429	-0.995283	0.095052	-0.968722	-0.042263	-0.244521
169	536065													9.565785	0.216837	2.441816	0.253397	-0.087547	-0.963393	0.018683	-0.995268	0.095358	-0.967182	-0.042162	-0.250562
170	536565													9.516386	0.239884	2.577521	0.259416	-0.087007	-0.961838	0.018533	-0.995302	0.095033	-0.965588	-0.042479	-0.256585
171	537065													9.527338	0.242334	2.607145	0.265444	-0.086599	-0.960229	0.018119	-0.995334	0.094773	-0.963956	-0.042555	-0.262637
172	537565													9.525087	0.226112	2.644482	0.272615	-0.086056	-0.958267	0.017539	-0.995382	0.094379	-0.961963	-0.042536	-0.269847
173	538065													9.511559	0.239977	2.676849	0.280876	-0.085135	-0.955961	0.017009	-0.995460	0.093650	-0.959593	-0.042564	-0.278153
174	538565													9.473245	0.253275	2.717092	0.290937	-0.084304	-0.953021	0.015942	-0.995545	0.092932	-0.956609	-0.042230	-0.288297
175	539065													9.491169	0.177969	2.858626	0.302577	-0.083274	-0.949480	0.014737	-0.995648	0.092020	-0.953011	-0.041836	-0.300033
176	539565													9.349221	0.192778	2.991716	0.313048	-0.081962	-0.946194	0.014038	-0.995761	0.090900	-0.949634	-0.041739	-0.310570
177	540065													9.375389	0.189265	3.125806	0.321644	-0.081072	-0.943384	0.013923	-0.995815	0.090324	-0.946758	-0.042187	-0.319169
178	540565													9.337557	0.189453	3.217762	0.329026	-0.080828	-0.940855	0.013846	-0.995810	0.090392	-0.944219	-0.042768	-0.326528
179	541065													9.258436	0.154640	3.319149	0.335108	-0.080646	-0.938722	0.013847	-0.995801	0.090493	-0.942078	-0.043323	-0.332584
180	541565													9.285106	0.164281	3.424636	0.340145	-0.079649	-0.936994	0.014123	-0.995861	0.089780	-0.940267	-0.043771	-0.337613
181	542065													9.282146	0.182596	3.456792	0.344577	-0.078563	-0.935465	0.013976	-0.995952	0.088791	-0.938654	-0.043670	-0.342084
182	542565													9.329239	0.181256	3.504799	0.349146	-0.077491	-0.933859	0.013669	-0.996048	0.087762	-0.936969	-0.043407	-0.346707
183	543065													9.200369	0.175119	3.547177	0.354008	-0.076356	-0.932120	0.013476	-0.996142	0.086718	-0.935145	-0.043260	-0.351613
184	543565													9.225065	0.200043	3.547899	0.358384	-0.075746	-0.930496	0.013398	-0.996183	0.086253	-0.933478	-0.043378	-0.356001
185	544065													9.315778	0.185463	3.546796	0.363825	-0.075661	-0.928389	0.013016	-0.996185	0.086287	-0.931376	-0.043477	-0.361452
186	544565													9.199733	0.154323	3.583161	0.369522	-0.075516	-0.926148	0.012637	-0.996192	0.086269	-0.929136	-0.043582	-0.367161
187	545065													9.138115	0.188336	3.621723	0.373553	-0.075002	-0.924572	0.012491	-0.996229	0.085862	-0.927525	-0.043623	-0.371208
188	545565													9.225180	0.187032	3.657889	0.376700	-0.074484	-0.923336	0.012155	-0.996279	0.085327	-0.926256	-0.043366	-0.374393
189	546065													9.158030	0.191907	3.670535	0.380429	-0.074251	-0.921825	0.011735	-0.996304	0.085093	-0.924736	-0.043189	-0.378151
190	546565													9.155059	0.212759	3.755947	0.384918	-0.074866	-0.919909	0.011451	-0.996241	0.085870	-0.922880	-0.043587	-0.382613
191	547065													9.133988	0.190950	3.835461	0.390406	-0.076366	-0.917470	0.010619	-0.996114	0.087430	-0.920582	-0.043876	-0.388078
192	547565													9.095862	0.089247	3.948666	0.395388	-0.077388	-0.915248	0.009563	-0.996043	0.088351	-0.918464	-0.043686	-0.393083
193	548065													9.117453	0.075140	3.999801	0.399623	-0.076583	-0.913475	0.009342	-0.996112	0.087598	-0.916632	-0.043540	-0.397354
194	548565													9.058259	0.109572	3.964311	0.403057	-0.074628	-0.912127	0.009656	-0.996267	0.085779	-0.915124	-0.043382	-0.400831
195	549065													9.080805	0.146116	3.996191	0.406651	-0.072855	-0.910674	0.010658	-0.996369	0.084470	-0.913521	-0.044056	-0.404398
196	549565													9.050722	0.163744	4.032732	0.411465	-0.071688	-0.908602	0.011240	-0.996427	0.083707	-0.911356	-0.044655	-0.409190
197	550065													9.016700	0.163753	4.070783	0.416341	-0.071157	-0.906420	0.011574	-0.996437	0.083540	-0.909135	-0.045272	-0.414034
198	550565													9.035542	0.177530	4.140135	0.420484	-0.071094	-0.904510	0.012115	-0.996396	0.083949	-0.907219	-0.046257	-0.418108
199	551065													8.961698	0.156037	4.167072	0.423539	-0.071281	-0.903069	0.012547	-0.996342	0.084527	-0.905791	-0.047131	-0.421095
200	551565													8.926685	0.164022	4.186184	0.424655	-0.071257	-0.902547	0.012914	-0.996320	0.084736	-0.905263	-0.047640	-0.422172
201	552065													8.954459	0.163692	4.205925	0.424042	-0.070060	-0.902929	0.013437	-0.996407	0.083623	-0.905543	-0.047593	-0.421577
202	552565													9.009107	0.227994	4.234253	0.422723	-0.068707	-0.903651	0.014281	-0.996493	0.082446	-0.906146	-0.047757	-0.420259
203	553065													8.971733	0.263503	4.216881	0.420989	-0.068137	-0.904503	0.014340	-0.996550	0.081746	-0.906952	-0.047385	-0.418559
204	553565													8.951319	0.198088	4.223321	0.418182	-0.068203	-0.905799	0.013825	-0.996584	0.081421	-0.908258	-0.046571	-0.415811
205	554065													8.934364	0.171806	4.217751	0.412971	-0.067763	-0.908220	0.013874	-0.996644	0.080669	-0.910638	-0.045915	-0.410645
206	554565													8.984475	0.236327	4.180662	0.404454	-0.068213	-0.912011	0.013992	-0.996636	0.080748	-0.914451	-0.045420	-0.402139
207	555065													8.990535	0.138151	4.109411	0.390946	-0.068992	-0.917824	0.012884	-0.996679	0.080407	-0.920324	-0.043260	-0.388759
208	555565													9.050852	0.035314	3.993784	0.371704	-0.067440	-0.925898	0.012287	-0.996913	0.077546	-0.928270	-0.040201	-0.369728
209	556065													9.153603	0.197188	3.765948	0.350165	-0.063773	-0.934514	0.013319	-0.997240	0.073044	-0.936593	-0.038024	-0.348349
210	556565													9.299649	0.293052	3.412585	0.328846	-0.060997	-0.942412	0.013199	-0.997518	0.069169	-0.944291	-0.035185	-0.327224
211	557065													9.427732	0.250617	3.097938	0.309978	-0.060659	-0.948807	0.011042	-0.997666	0.067391	-0.950680	-0.031367	-0.308585
212	557565													9.410912	0.117858	2.880473	0.294015	-0.061065	-0.953848	0.009202	-0.997730	0.066710	-0.955757	-0.028391	-0.292786
213	558065													9.456397	0.117280	2.725286	0.278720	-0.061903	-0.958375	0.008294	-0.997728	0.066857	-0.960336	-0.026583	-0.277574
214	558565													9.522346	0.129634	2.547662	0.263550	-0.063522	-0.962552	0.007647	-0.997661	0.067932	-0.964615	-0.025264	-0.262448
215	559065													9.580747	0.089915	2.381851	0.249215	-0.065498	-0.966231	0.007060	-0.997561	0.069443	-0.968422	-0.024127	-0.248145
216	559565													9.598796	0.084859	2.225655	0.235928	-0.067664	-0.969412	0.006355	-0.997444	0.071168	-0.971750	-0.022951	-0.234895
217	560065													9.602691	0.016195	2.142612	0.224355	-0.068884	-0.972070	0.005872	-0.997385	0.072033	-0.974490	-0.021868	-0.223364
218	560565													9.661905	0.039853	2.057480	0.214706	-0.069029	-0.974236	0.005944	-0.997388	0.071980	-0.976661	-0.021245	-0.213735
219	561065													9.658504	0.059344	2.008808	0.207473	-0.068621	-0.975831	0.006025	-0.997428	0.071421	-0.978222	-0.020697	-0.206526
220	561565													9.697529	0.077251	1.955876	0.201162	-0.068091	-0.977189	0.006436	-0.997468	0.070829	-0.979537	-0.020537	-0.200215
221	562065													9.650129	0.109359	1.995523	0.195131	-0.067732	-0.978436	0.007300	-0.997485	0.070507	-0.980750	-0.020901	-0.194146
222	562565													9.635800	0.129491	1.930412	0.187685	-0.068173	-0.979861	0.008167	-0.997446	0.070960	-0.982195	-0.021320	-0.186649
223	563065													9.710416	0.141369	1.841788	0.179823	-0.069262	-0.981258	0.009017	-0.997360	0.072051	-0.983658	-0.021804	-0.178724
224	563565													9.657405	0.135020	1.787275	0.171157	-0.070960	-0.982685	0.009728	-0.997233	0.073705	-0.985196	-0.022174	-0.169993
225	564065													9.639880	0.138573	1.670668	0.159962	-0.072909	-0.984427	0.010493	-0.997087	0.075552	-0.987067	-0.022415	-0.158731
226	564565													9.754786	0.124586	1.562112	0.147898	-0.074991	-0.986155	0.011209	-0.996930	0.077491	-0.988939	-0.022514	-0.146603
227	565065													9.743332	0.141628	1.419133	0.135953	-0.076521	-0.987756	0.012030	-0.996812	0.078878	-0.990642	-0.022606	-0.134599
228	565565													9.752897	0.165419	1.287431	0.123786	-0.077977	-0.989240	0.012910	-0.996697	0.080180	-0.992225	-0.022696	-0.122371
229	566065													9.750784	0.199114	1.164077	0.111602	-0.079704	-0.990551	0.013793	-0.996558	0.081742	-0.993657	-0.022785	-0.110119
230	566565													9.755816	0.166261	1.057329	0.099186	-0.081605	-0.991717	0.014484	-0.996408	0.083440	-0.994963	-0.022640	-0.097648
231	567065													9.758337	0.140573	0.913968	0.085736	-0.082935	-0.992860	0.015033	-0.996308	0.084521	-0.996205	-0.022172	-0.084172
232	567565													9.840590	0.157366	0.727523	0.072146	-0.083388	-0.993902	0.015727	-0.996280	0.084730	-0.997270	-0.021744	-0.070566
233	568065													9.831990	0.173848	0.616185	0.059930	-0.083622	-0.994694	0.016566	-0.996264	0.084752	-0.998065	-0.021557	-0.058321
234	568565													9.752666	0.218012	0.500092	0.048404	-0.083656	-0.995318	0.017519	-0.996262	0.084587	-0.998674	-0.021531	-0.046758
235	569065													9.828313	0.223120	0.401763	0.037712	-0.083366	-0.995805	0.017997	-0.996296	0.084089	-0.999127	-0.021093	-0.036072
236	569565													9.846745	0.220108	0.320913	0.027259	-0.082742	-0.996198	0.018185	-0.996362	0.083253	-0.999463	-0.020385	-0.025656
237	570065													9.714314	0.217793	0.212253	0.015765	-0.081667	-0.996535	0.018181	-0.996471	0.081950	-0.999710	-0.019410	-0.014224
238	570565													9.805910	0.210971	0.078303	0.002735	-0.080398	-0.996759	0.018012	-0.996597	0.080434	-0.999834	-0.018173	-0.001278
239	571065													9.798140	0.221556	-0.031002	-0.010442	-0.079288	-0.996797	0.017915	-0.996706	0.079094	-0.999785	-0.017032	0.011828
240	571565													9.781169	0.225043	-0.179193	-0.024337	-0.078544	-0.996614	0.018229	-0.996778	0.078112	-0.999538	-0.016266	0.025690
241	572065													9.787437	0.230823	-0.273978	-0.038428	-0.078180	-0.996198	0.018608	-0.996818	0.077511	-0.999088	-0.015559	0.039760
242	572565													9.778706	0.212813	-0.415732	-0.052554	-0.078116	-0.995558	0.018379	-0.996843	0.077247	-0.998449	-0.014238	0.053824
243	573065													9.803497	0.165787	-0.579933	-0.066451	-0.077605	-0.994767	0.017119	-0.996913	0.076629	-0.997643	-0.011937	0.067574
244	573565													9.743695	0.114234	-0.757218	-0.079567	-0.076120	-0.993919	0.015398	-0.997055	0.075128	-0.996711	-0.009327	0.080505
245	574065													9.798733	0.135260	-0.909699	-0.092005	-0.074354	-0.992979	0.014080	-0.997206	0.073366	-0.995659	-0.007231	0.092795
246	574565													9.732034	0.150755	-0.993784	-0.102755	-0.072555	-0.992057	0.013430	-0.997347	0.071551	-0.994616	-0.005971	0.103457
247	575065													9.734971	0.156581	-1.102577	-0.112804	-0.071360	-0.991051	0.013285	-0.997437	0.070308	-0.993528	-0.005235	0.113463
248	575565													9.735713	0.167046	-1.178330	-0.121375	-0.070807	-0.990078	0.013309	-0.997479	0.069705	-0.992518	-0.004716	0.122011
249	576065													9.695248	0.145939	-1.224489	-0.130963	-0.070530	-0.988875	0.013543	-0.997500	0.069351	-0.991295	-0.004310	0.131591
250	576565													9.646202	0.169733	-1.321685	-0.142094	-0.070293	-0.987354	0.014000	-0.997518	0.069002	-0.989754	-0.004019	0.142725
251	577065													9.668952	0.141694	-1.433470	-0.153617	-0.070230	-0.985632	0.014273	-0.997525	0.068853	-0.988027	-0.003491	0.154239
252	577565													9.645564	0.161456	-1.547187	-0.164799	-0.069902	-0.983847	0.014436	-0.997550	0.068458	-0.986222	-0.002921	0.165404
253	578065													9.638952	0.174703	-1.655164	-0.176081	-0.069834	-0.981895	0.014779	-0.997556	0.068298	-0.984265	-0.002486	0.176683
254	578565													9.621181	0.188275	-1.780771	-0.186762	-0.069688	-0.979930	0.014804	-0.997567	0.068120	-0.982294	-0.001785	0.187339
255	579065													9.583490	0.170995	-1.860834	-0.196957	-0.069605	-0.977938	0.014309	-0.997574	0.068121	-0.980308	-0.000576	0.197475
256	579565													9.524943	0.148435	-1.991458	-0.208269	-0.069259	-0.975616	0.013074	-0.997598	0.068029	-0.977984	0.001413	0.208674
257	580065													9.531253	0.107761	-2.127131	-0.219347	-0.068170	-0.973262	0.011737	-0.997668	0.067234	-0.975576	0.003324	0.219636
258	580565													9.540028	0.119405	-2.236879	-0.230538	-0.067033	-0.970752	0.010614	-0.997738	0.066376	-0.973005	0.004999	0.230728
259	581065													9.522843	0.090104	-2.274354	-0.239883	-0.065363	-0.968599	0.010046	-0.997845	0.064849	-0.970750	0.005826	0.240023
260	581565													9.474520	0.119118	-2.367174	-0.248337	-0.063775	-0.966572	0.009860	-0.997945	0.063312	-0.968623	0.006193	0.248456
261	582065													9.456471	0.127669	-2.488948	-0.257000	-0.062591	-0.964382	0.009772	-0.998018	0.062170	-0.966362	0.006554	0.257102
262	582565													9.415582	0.107787	-2.556574	-0.265448	-0.061981	-0.962131	0.009466	-0.998051	0.061683	-0.964079	0.007266	0.265517
263	583065													9.335196	0.121767	-2.633822	-0.274037	-0.061834	-0.959729	0.009255	-0.998054	0.061661	-0.961675	0.008015	0.274076
264	583565													9.372380	0.079570	-2.750704	-0.283496	-0.062039	-0.956965	0.008734	-0.998031	0.062114	-0.958934	0.009251	0.283480
265	584065													9.315837	0.058910	-2.839572	-0.292745	-0.061923	-0.954183	0.008501	-0.998030	0.062161	-0.956153	0.010086	0.292695
266	584565													9.356006	0.090441	-2.971099	-0.301200	-0.061971	-0.951545	0.009494	-0.998031	0.061994	-0.953514	0.009639	0.301196
267	585066													9.319105	0.106996	-3.028680	-0.307620	-0.061851	-0.949497	0.010640	-0.998046	0.061567	-0.951450	0.008837	0.307677
268	585566													9.256264	0.097617	-3.059161	-0.312476	-0.061330	-0.947944	0.011390	-0.998084	0.060819	-0.949857	0.008207	0.312576
269	586066													9.247099	0.119715	-3.054071	-0.317060	-0.060591	-0.946468	0.011641	-0.998131	0.059999	-0.948334	0.008006	0.317173
270	586566													9.161428	0.105001	-3.078896	-0.323031	-0.060068	-0.944480	0.011574	-0.998160	0.059523	-0.946318	0.008297	0.323131
271	587066													9.142334	0.132212	-3.156651	-0.331138	-0.060100	-0.941667	0.011910	-0.998156	0.059518	-0.943507	0.008494	0.331243
272	587566													9.195083	0.132484	-3.224857	-0.339858	-0.060444	-0.938532	0.012635	-0.998136	0.059707	-0.940392	0.008433	0.339988
273	588066													9.163088	0.141380	-3.314824	-0.347199	-0.060733	-0.935823	0.013331	-0.998120	0.059830	-0.937697	0.008297	0.347355
274	588566													9.119064	0.153977	-3.422106	-0.354572	-0.061370	-0.933013	0.014116	-0.998081	0.060285	-0.934922	0.008205	0.354758
275	589066													9.113313	0.152173	-3.529931	-0.362599	-0.062316	-0.929860	0.014840	-0.998021	0.061097	-0.931827	0.008355	0.362806
276	589566													9.097477	0.158291	-3.639289	-0.370087	-0.063069	-0.926854	0.015294	-0.997971	0.061802	-0.928871	0.008697	0.370301
277	590066													9.043640	0.104472	-3.695114	-0.375156	-0.062907	-0.924825	0.014949	-0.997975	0.061818	-0.926841	0.009366	0.375337
278	590566													8.990396	0.145873	-3.728420	-0.379007	-0.062802	-0.923260	0.014588	-0.997976	0.061895	-0.925279	0.009990	0.379157
279	591066													9.010306	0.168498	-3.755707	-0.382261	-0.062487	-0.921939	0.014871	-0.997998	0.061477	-0.923935	0.009790	0.382425
280	591566													8.993874	0.168249	-3.729811	-0.384938	-0.062330	-0.920835	0.015183	-0.998010	0.061207	-0.922817	0.009580	0.385118
281	592066													8.950097	0.166959	-3.743356	-0.387146	-0.062151	-0.919921	0.015316	-0.998021	0.060982	-0.921891	0.009519	0.387332
282	592566													9.023291	0.168421	-3.784276	-0.388977	-0.062115	-0.919151	0.015201	-0.998021	0.061012	-0.921122	0.009760	0.389152
283	593066													8.928082	0.116890	-3.815719	-0.390099	-0.061404	-0.918723	0.014767	-0.998063	0.060437	-0.920655	0.010010	0.390250
284	593566													8.975616	0.141665	-3.838838	-0.391057	-0.060314	-0.918388	0.014260	-0.998128	0.059478	-0.920256	0.010163	0.391185
285	594066													8.985451	0.135737	-3.800185	-0.390576	-0.059046	-0.918675	0.013662	-0.998203	0.058349	-0.920469	0.010239	0.390681
286	594566													8.924460	0.157937	-3.778034	-0.389996	-0.058081	-0.918983	0.013289	-0.998260	0.057451	-0.920720	0.010193	0.390090
287	595066													8.940567	0.145135	-3.800806	-0.390087	-0.057552	-0.918978	0.012982	-0.998289	0.057008	-0.920686	0.010308	0.390167
288	595566													8.914903	0.100583	-3.788366	-0.391102	-0.057620	-0.918542	0.012661	-0.998281	0.057231	-0.920260	0.010754	0.391159
