// General information: 
//  MT Manager version: 2022.2.0 
//  XDA version: 2022.2.0 build 7381 rev 124627 built on 2023-07-19
// Device information: 
//  DeviceId: 00B4D204
//  ProductCode: MTW2-3A7G6
//  Firmware Version: 4.6.0
//  Hardware Version: 2.0.0
// Device settings: 
//  Filter Profile: human(46.1)
//  Option Flags: Orientation Smoother Disabled, Position/Velocity Smoother Disabled, Continuous Zero Rotation Update Disabled, AHS Disabled, ICC Disabled
// Coordinate system: ENU
PacketCounter	SampleTimeFine	Year	Month	Day	Second	UTC_Nano	UTC_Year	UTC_Month	UTC_Day	UTC_Hour	UTC_Minute	UTC_Second	UTC_Valid	Acc_X	Acc_Y	Acc_Z	VelInc_X	VelInc_Y	VelInc_Z	OriInc_q0	OriInc_q1	OriInc_q2	OriInc_q3	Quat_q0	Quat_q1	Quat_q2	Quat_q3	Roll	Pitch	Yaw	Mat[1][1]	Mat[2][1]	Mat[3][1]	Mat[1][2]	Mat[2][2]	Mat[3][2]	Mat[1][3]	Mat[2][3]	Mat[3][3]
42631														7.251190	1.669883	6.551638	0.120871	0.027852	0.109169	1.000000	-0.000604	0.000066	-0.000375	-0.457094	-0.394435	0.178308	-0.776976	7.607063	-50.890457	115.439975	-0.270972	0.569640	0.775941	-0.850964	-0.518543	0.083505	0.449927	-0.637671	0.625253
42632														7.430896	1.239136	6.194383	0.123806	0.020857	0.103249	0.999997	-0.002255	-0.000457	-0.000224	-0.458171	-0.393726	0.180173	-0.776271	7.389428	-50.929944	115.377300	-0.270119	0.569452	0.776376	-0.853207	-0.515234	0.081061	0.446176	-0.640514	0.625036
42633														7.592875	0.772473	5.883853	0.126519	0.013042	0.098079	0.999999	-0.001628	-0.000282	0.000062	-0.458714	-0.393156	0.181557	-0.775917	7.199897	-50.957482	115.383323	-0.270019	0.569087	0.776679	-0.854608	-0.513237	0.078946	0.443547	-0.642439	0.624930
42634														7.692146	0.456025	5.789079	0.128176	0.007756	0.096508	0.999999	-0.000711	-0.000224	0.000680	-0.458477	-0.392830	0.182463	-0.776009	7.027671	-50.985779	115.495429	-0.270967	0.568211	0.776990	-0.854919	-0.513012	0.077020	0.442368	-0.643394	0.624784
42635														7.599430	0.172262	5.772863	0.126626	0.003022	0.096251	0.999999	-0.000433	-0.000297	0.000864	-0.457915	-0.392685	0.183235	-0.776233	6.863844	-51.027006	115.646689	-0.272224	0.566990	0.777443	-0.854805	-0.513477	0.075167	0.441818	-0.644099	0.624446
42636														7.371425	0.156915	5.851776	0.122864	0.002593	0.097522	1.000000	0.000565	0.000073	0.000264	-0.457511	-0.392826	0.182846	-0.776492	6.892235	-51.019501	115.694695	-0.272743	0.566853	0.777360	-0.854159	-0.514503	0.075488	0.442745	-0.643400	0.624510
42637														7.341110	0.683486	6.141695	0.122416	0.011123	0.102315	0.999998	0.002025	0.000568	-0.000502	-0.457138	-0.393434	0.180736	-0.776897	7.192214	-50.946450	115.623759	-0.272470	0.568083	0.776557	-0.852513	-0.516719	0.078881	0.446073	-0.640533	0.625089
42638														7.361473	1.390646	6.443967	0.122765	0.022891	0.107376	0.999998	0.002014	0.000568	-0.000575	-0.456901	-0.393950	0.178682	-0.777250	7.486463	-50.866262	115.538282	-0.272090	0.569469	0.775675	-0.851036	-0.518629	0.082231	0.449116	-0.637753	0.625753
42639														7.316447	1.556715	6.422527	0.121942	0.025906	0.107050	1.000000	0.000095	-0.000043	-0.000237	-0.457080	-0.394046	0.178504	-0.777137	7.535800	-50.862747	115.488088	-0.271612	0.569750	0.775636	-0.851105	-0.518428	0.082777	0.449274	-0.637665	0.625729
42640														7.462119	1.276449	6.160593	0.124314	0.021417	0.102713	0.999999	-0.001279	-0.000510	0.000091	-0.457424	-0.393820	0.179735	-0.776765	7.387617	-50.917705	115.492809	-0.271338	0.569056	0.776241	-0.852188	-0.516918	0.081062	0.447382	-0.639509	0.625203
42641														7.635254	0.884885	5.878257	0.127187	0.014934	0.098030	0.999999	-0.001056	-0.000589	0.000652	-0.457282	-0.393648	0.181059	-0.776628	7.190136	-50.989151	115.588321	-0.271868	0.567730	0.777027	-0.852824	-0.516221	0.078786	0.445847	-0.641248	0.624518
42642														7.684326	0.534700	5.702461	0.128009	0.009096	0.095109	0.999999	-0.000589	-0.000570	0.000999	-0.456651	-0.393584	0.182182	-0.776770	6.985548	-51.062867	115.758962	-0.273123	0.566017	0.777836	-0.852833	-0.516559	0.076434	0.445061	-0.642489	0.623802
42643														7.646205	0.215150	5.684752	0.127387	0.003747	0.094806	0.999999	-0.000387	-0.000485	0.000980	-0.456000	-0.393570	0.183077	-0.776949	6.813043	-51.126489	115.919794	-0.274333	0.564471	0.778533	-0.852685	-0.517093	0.074453	0.444600	-0.643419	0.623171
42644														7.492840	0.141885	5.761670	0.124876	0.002327	0.096034	1.000000	0.000613	-0.000041	0.000168	-0.455689	-0.393791	0.182682	-0.777112	6.860045	-51.126344	115.941881	-0.274552	0.564367	0.778532	-0.852121	-0.517949	0.074964	0.445547	-0.642821	0.623112
42645														7.417693	0.685540	6.183229	0.123729	0.011114	0.102967	0.999997	0.001873	0.000869	-0.000962	-0.455880	-0.394123	0.180424	-0.777359	7.198134	-51.009810	115.783685	-0.273681	0.566547	0.777254	-0.850984	-0.519241	0.078838	0.448247	-0.639854	0.624229
42646														7.315944	1.397976	6.619143	0.122063	0.022914	0.110255	0.999997	0.001909	0.000885	-0.001436	-0.456409	-0.394552	0.177915	-0.777409	7.608034	-50.883220	115.543038	-0.272038	0.569240	0.775862	-0.850027	-0.520074	0.083529	0.451053	-0.636780	0.625349
42647														7.254783	1.717040	6.582728	0.120978	0.028429	0.109689	0.999999	0.000229	0.000244	-0.001346	-0.457386	-0.394695	0.177045	-0.776962	7.820165	-50.830563	115.310333	-0.270029	0.570984	0.775282	-0.850500	-0.518907	0.085940	0.451369	-0.636170	0.625742
42648														7.375841	1.532969	6.262507	0.122914	0.025594	0.104384	0.999998	-0.001490	-0.000384	-0.000906	-0.458649	-0.394405	0.177998	-0.776146	7.781686	-50.851110	115.135960	-0.268172	0.571552	0.775508	-0.852364	-0.515915	0.085482	0.448954	-0.638091	0.625524
42649														7.449070	1.106772	5.912703	0.124098	0.018596	0.098584	0.999998	-0.001749	-0.000578	-0.000184	-0.459364	-0.394105	0.179486	-0.775532	7.626743	-50.912300	115.086926	-0.267331	0.571030	0.776182	-0.853977	-0.513538	0.083681	0.446383	-0.640471	0.624932
42650														7.566570	0.634318	5.755622	0.126058	0.010773	0.095972	0.999999	-0.001191	-0.000461	0.000688	-0.459288	-0.393750	0.180878	-0.775435	7.405773	-50.968995	115.190015	-0.268031	0.569853	0.776805	-0.854737	-0.512676	0.081171	0.444505	-0.642208	0.624488
42651														7.625803	0.207801	5.673183	0.127050	0.003674	0.094608	0.999999	-0.000545	-0.000446	0.001249	-0.458524	-0.393574	0.181996	-0.775715	7.177193	-51.032332	115.396170	-0.269711	0.568109	0.777501	-0.854625	-0.513267	0.078571	0.443703	-0.643280	0.623954
42652														7.571399	0.017968	5.605906	0.126161	0.000394	0.093470	0.999999	0.000366	-0.000301	0.001023	-0.457537	-0.393782	0.182207	-0.776141	7.086039	-51.077338	115.572002	-0.271190	0.566728	0.777995	-0.853727	-0.514920	0.077503	0.444528	-0.643177	0.623472
42653														7.472532	0.364018	5.889698	0.124588	0.005874	0.098116	0.999998	0.001906	0.000459	-0.000048	-0.456920	-0.394262	0.180484	-0.776664	7.300918	-51.018687	115.574983	-0.271563	0.567432	0.777351	-0.852063	-0.517299	0.079942	0.447485	-0.640643	0.623967
42654														7.399224	1.176851	6.458451	0.123465	0.019194	0.107550	0.999995	0.002838	0.001179	-0.000932	-0.456730	-0.394805	0.177335	-0.777225	7.738455	-50.867917	115.434998	-0.271054	0.569939	0.775693	-0.849990	-0.519900	0.084980	0.451716	-0.636297	0.625363
42655														7.299762	1.797397	6.735104	0.121771	0.029647	0.112216	0.999998	0.001581	0.000678	-0.001085	-0.457108	-0.395170	0.175358	-0.777266	8.059795	-50.770577	115.251298	-0.269787	0.571996	0.774620	-0.849181	-0.520604	0.088670	0.453990	-0.633870	0.626180
42656														7.312108	1.734224	6.512543	0.121875	0.028904	0.108535	0.999999	-0.001158	-0.000213	-0.001030	-0.458315	-0.394963	0.175920	-0.776533	8.074011	-50.774018	115.064752	-0.267903	0.572829	0.774658	-0.850757	-0.517999	0.088819	0.452150	-0.635251	0.626112
42657														7.392051	1.242810	6.123428	0.123154	0.020846	0.102087	0.999997	-0.002221	-0.000619	-0.000766	-0.459666	-0.394541	0.177578	-0.775571	7.940987	-50.827044	114.913487	-0.266088	0.572884	0.775243	-0.853131	-0.514346	0.087266	0.448736	-0.638163	0.625606
42658														7.468724	0.765291	5.883887	0.124439	0.012866	0.098101	0.999999	-0.001441	-0.000438	-0.000243	-0.460358	-0.394225	0.178785	-0.775044	7.816894	-50.867962	114.859499	-0.265315	0.572632	0.775694	-0.854558	-0.512213	0.085836	0.446473	-0.640102	0.625245
42659														7.520886	0.514753	5.821481	0.125306	0.008668	0.097072	1.000000	-0.000561	-0.000413	0.000271	-0.460293	-0.394207	0.179485	-0.774930	7.722650	-50.913686	114.900390	-0.265463	0.571881	0.776197	-0.854898	-0.511831	0.084724	0.445734	-0.641078	0.624772
42660														7.519938	0.337052	5.794045	0.125282	0.005721	0.096626	1.000000	-0.000153	-0.000478	0.000706	-0.459714	-0.394341	0.180058	-0.775072	7.615704	-50.971803	115.019225	-0.266315	0.570615	0.776836	-0.854632	-0.512484	0.083453	0.445736	-0.641684	0.624148
42661														7.472009	0.304285	5.773930	0.124503	0.005085	0.096270	1.000000	0.000505	-0.000286	0.000502	-0.459106	-0.394648	0.179989	-0.775293	7.605511	-51.005262	115.102262	-0.266950	0.569818	0.777204	-0.853947	-0.513652	0.083282	0.446668	-0.641459	0.623713
42662														7.423231	0.659926	6.096138	0.123762	0.010826	0.101571	0.999999	0.001652	0.000401	-0.000044	-0.458545	-0.395089	0.178480	-0.775749	7.793728	-50.955982	115.107212	-0.267282	0.570400	0.776662	-0.852462	-0.515764	0.085421	0.449298	-0.639243	0.624099
42663														7.348226	1.249572	6.372508	0.122546	0.020578	0.106169	0.999998	0.001862	0.000636	-0.000412	-0.458285	-0.395481	0.176553	-0.776144	8.054633	-50.870637	115.043791	-0.267140	0.571743	0.775723	-0.851036	-0.517608	0.088424	0.452077	-0.636547	0.624848
42664														7.352702	1.542167	6.416806	0.122574	0.025585	0.106942	1.000000	0.000574	0.000161	-0.000459	-0.458504	-0.395649	0.175840	-0.776090	8.182291	-50.838210	114.958164	-0.266471	0.572539	0.775366	-0.850823	-0.517708	0.089879	0.452872	-0.635749	0.625084
42665														7.457396	1.390861	6.220145	0.124266	0.023212	0.103690	1.000000	-0.000766	-0.000313	-0.000388	-0.459088	-0.395594	0.176385	-0.775649	8.161020	-50.862756	114.873752	-0.265487	0.572630	0.775636	-0.851736	-0.516253	0.089600	0.451732	-0.636850	0.624788
42666														7.549681	1.104393	6.007296	0.125783	0.018478	0.100165	0.999999	-0.000875	-0.000470	-0.000129	-0.459502	-0.395530	0.177218	-0.775247	8.088052	-50.907620	114.833328	-0.264828	0.572266	0.776130	-0.852645	-0.514903	0.088718	0.450402	-0.638269	0.624300
42667														7.549779	0.868591	5.893237	0.125783	0.014536	0.098272	1.000000	-0.000368	-0.000448	0.000189	-0.459436	-0.395642	0.177740	-0.775109	8.031128	-50.955047	114.854793	-0.264772	0.571583	0.776652	-0.852869	-0.514654	0.088008	0.450011	-0.639080	0.623752
42668														7.562065	0.714059	5.857640	0.125983	0.011977	0.097684	1.000000	-0.000123	-0.000460	0.000508	-0.459006	-0.395816	0.178204	-0.775168	7.955941	-51.008719	114.937025	-0.265285	0.570543	0.777242	-0.852686	-0.515114	0.087089	0.450056	-0.639640	0.623146
42669														7.530666	0.529646	5.839210	0.125466	0.008907	0.097371	1.000000	-0.000029	-0.000405	0.000608	-0.458491	-0.395975	0.178623	-0.775296	7.876422	-51.058621	115.035537	-0.265979	0.569472	0.777789	-0.852393	-0.515760	0.086131	0.450202	-0.640073	0.622595
42670														7.450995	0.597364	5.942474	0.124182	0.009900	0.099048	1.000000	0.000782	0.000007	0.000176	-0.458056	-0.396272	0.178039	-0.775536	7.944563	-51.055014	115.066407	-0.266307	0.569373	0.777750	-0.851581	-0.516974	0.086878	0.451543	-0.639180	0.622541
42671														7.442842	1.042224	6.197906	0.124102	0.017182	0.103265	0.999999	0.001423	0.000470	-0.000331	-0.457832	-0.396586	0.176546	-0.775849	8.146271	-50.990126	115.020078	-0.266219	0.570386	0.777037	-0.850448	-0.518443	0.089194	0.453724	-0.637085	0.623103
42672														7.386298	1.437587	6.359209	0.123155	0.023796	0.105966	0.999999	0.000949	0.000356	-0.000510	-0.457939	-0.396788	0.175426	-0.775936	8.318134	-50.935117	114.936704	-0.265703	0.571449	0.776433	-0.849876	-0.519036	0.091171	0.455096	-0.635648	0.623570
42673														7.382909	1.462472	6.272811	0.123057	0.024357	0.104541	1.000000	-0.000314	-0.000017	-0.000407	-0.458350	-0.396716	0.175451	-0.775725	8.343432	-50.924859	114.866785	-0.265064	0.571899	0.776320	-0.850315	-0.518264	0.091466	0.454648	-0.635872	0.623668
42674														7.444971	1.213634	6.081934	0.124057	0.020315	0.101380	0.999999	-0.001120	-0.000297	-0.000205	-0.458899	-0.396450	0.176332	-0.775336	8.252637	-50.950474	114.822744	-0.264478	0.571788	0.776602	-0.851415	-0.516638	0.090428	0.452928	-0.637294	0.623468
42675														7.502568	0.888742	5.918795	0.125004	0.014940	0.098676	0.999999	-0.001143	-0.000374	0.000118	-0.459215	-0.396166	0.177396	-0.775051	8.116149	-50.988890	114.831568	-0.264348	0.571274	0.777024	-0.852387	-0.515304	0.088869	0.451172	-0.638833	0.623166
42676														7.478773	0.653528	5.834647	0.124617	0.010974	0.097272	1.000000	-0.000486	-0.000270	0.000275	-0.459188	-0.396088	0.177965	-0.774977	8.034273	-51.019162	114.866285	-0.264521	0.570741	0.777356	-0.852700	-0.514950	0.087921	0.450479	-0.639595	0.622886
42677														7.505276	0.547392	5.816014	0.125077	0.009172	0.096943	1.000000	-0.000007	-0.000079	0.000384	-0.458912	-0.396058	0.178116	-0.775121	7.987094	-51.029046	114.927541	-0.265075	0.570337	0.777465	-0.852514	-0.515348	0.087389	0.450506	-0.639635	0.622825
42678														7.461702	0.579236	5.921028	0.124365	0.009621	0.098683	1.000000	0.000480	0.000042	0.000118	-0.458615	-0.396216	0.177713	-0.775309	8.028641	-51.021591	114.953054	-0.265371	0.570310	0.777383	-0.851962	-0.516181	0.087855	0.451375	-0.638986	0.622862
42679														7.407386	0.868128	6.108857	0.123513	0.014316	0.101767	0.999999	0.000900	0.000484	-0.000497	-0.458746	-0.396310	0.176582	-0.775441	8.191301	-50.954223	114.875278	-0.264981	0.571499	0.776643	-0.851424	-0.516742	0.089753	0.452618	-0.637469	0.623514
42680														7.418263	1.180544	6.314358	0.123717	0.019503	0.105178	0.999999	0.000701	0.000603	-0.000804	-0.459223	-0.396286	0.175389	-0.775442	8.378252	-50.866673	114.741462	-0.264142	0.573193	0.775679	-0.851210	-0.516705	0.091960	0.453508	-0.635976	0.624392
42681														7.383595	1.315872	6.400442	0.123115	0.021815	0.106634	0.999999	-0.000004	0.000326	-0.000947	-0.460008	-0.396179	0.174824	-0.775159	8.505147	-50.809009	114.582021	-0.262871	0.574636	0.775044	-0.851681	-0.515659	0.093458	0.453363	-0.635523	0.624958
42682														7.410503	1.309036	6.269739	0.123533	0.021776	0.104476	0.999999	-0.000692	0.000041	-0.000919	-0.461003	-0.395951	0.174928	-0.774661	8.554265	-50.781498	114.419957	-0.261398	0.575716	0.774740	-0.852768	-0.513753	0.094049	0.452170	-0.636089	0.625246
42683														7.470708	1.201913	6.091801	0.124502	0.020050	0.101538	0.999999	-0.000997	-0.000225	-0.000663	-0.461912	-0.395748	0.175508	-0.774091	8.540529	-50.789529	114.289461	-0.260041	0.576210	0.774829	-0.854038	-0.511668	0.093883	0.450552	-0.637320	0.625161
42684														7.568197	0.905790	5.938935	0.126092	0.015212	0.099021	0.999999	-0.001088	-0.000440	0.000065	-0.462229	-0.395568	0.176515	-0.773765	8.424351	-50.835341	114.284879	-0.259740	0.575666	0.775334	-0.854961	-0.510374	0.092524	0.448974	-0.638848	0.624737
42685														7.566529	0.514350	5.776501	0.126037	0.008746	0.096353	0.999999	-0.000785	-0.000674	0.000777	-0.461838	-0.395549	0.177715	-0.773734	8.239907	-50.918504	114.406152	-0.260493	0.574090	0.776250	-0.855269	-0.510246	0.090351	0.447948	-0.640367	0.623917
42686														7.476336	0.321224	5.684874	0.124562	0.005425	0.094801	1.000000	0.000328	-0.000411	0.000820	-0.461037	-0.395830	0.177938	-0.774017	8.173887	-50.971215	114.539024	-0.261527	0.572834	0.776830	-0.854567	-0.511566	0.089531	0.448686	-0.640438	0.623314
42687														7.510797	0.475282	5.810132	0.125183	0.007858	0.096837	0.999999	0.001511	0.000086	0.000659	-0.459963	-0.396338	0.176938	-0.774624	8.260650	-50.968146	114.654678	-0.262700	0.572343	0.776796	-0.852852	-0.514253	0.090481	0.451256	-0.638723	0.623218
42688														7.473160	0.871025	6.034718	0.124578	0.014350	0.100572	0.999998	0.001982	0.000284	0.000257	-0.459035	-0.396953	0.175353	-0.775221	8.445552	-50.935588	114.709422	-0.263431	0.572493	0.776438	-0.850920	-0.517077	0.092556	0.454466	-0.636304	0.623360
42689														7.428545	1.267977	6.211902	0.123870	0.020923	0.103502	0.999998	0.001685	0.000526	-0.000285	-0.458727	-0.397337	0.173683	-0.775582	8.669025	-50.866859	114.665977	-0.263386	0.573538	0.775681	-0.849582	-0.518808	0.095127	0.456989	-0.633950	0.623914
42690														7.398258	1.514344	6.316500	0.123369	0.025054	0.105243	0.999999	0.000960	0.000452	-0.000680	-0.459002	-0.397517	0.172426	-0.775608	8.869363	-50.797937	114.548400	-0.262596	0.574926	0.774922	-0.849095	-0.519173	0.097452	0.458346	-0.632392	0.624499
42691														7.414157	1.489740	6.330240	0.123609	0.024725	0.105482	1.000000	0.000018	0.000181	-0.000825	-0.459697	-0.397485	0.171971	-0.775313	8.983334	-50.756092	114.402927	-0.261369	0.576106	0.774460	-0.849530	-0.518209	0.098782	0.458241	-0.632108	0.624863
42692														7.453683	1.340627	6.217807	0.124234	0.022351	0.103621	0.999999	-0.000873	-0.000088	-0.000670	-0.460573	-0.397218	0.172405	-0.774834	8.976350	-50.747540	114.280244	-0.260182	0.576770	0.774365	-0.850699	-0.516299	0.098724	0.456745	-0.633066	0.624989
42693														7.510139	1.082587	6.070375	0.125147	0.018117	0.101187	0.999999	-0.001182	-0.000281	-0.000368	-0.461299	-0.396946	0.173233	-0.774356	8.907573	-50.766924	114.200783	-0.259275	0.576891	0.774579	-0.851948	-0.514387	0.097933	0.454931	-0.634510	0.624849
42694														7.559768	0.807699	5.976761	0.125962	0.013566	0.099642	1.000000	-0.000859	-0.000322	0.000147	-0.461445	-0.396764	0.174033	-0.774183	8.801094	-50.800492	114.221123	-0.259293	0.576385	0.774950	-0.852586	-0.513562	0.096702	0.453722	-0.635637	0.624581
42695														7.413247	0.609138	5.864614	0.123523	0.010214	0.097777	1.000000	-0.000195	-0.000284	0.000349	-0.461211	-0.396789	0.174433	-0.774220	8.734253	-50.832635	114.277997	-0.259686	0.575731	0.775304	-0.852583	-0.513715	0.095908	0.453503	-0.636106	0.624263
42696														7.361985	0.782166	5.934806	0.122705	0.012987	0.098913	1.000000	0.000761	0.000084	0.000209	-0.460795	-0.397023	0.173841	-0.774481	8.797529	-50.821609	114.311194	-0.260081	0.575716	0.775183	-0.851791	-0.514894	0.096620	0.454763	-0.635165	0.624305
42697														7.418458	1.063823	6.031031	0.123665	0.017659	0.100501	0.999999	0.001092	0.000290	0.000314	-0.460163	-0.397222	0.172939	-0.774956	8.874970	-50.788624	114.377442	-0.260931	0.575822	0.774819	-0.850602	-0.516685	0.097532	0.456499	-0.633613	0.624614
42698														7.390345	1.162987	6.061606	0.123169	0.019393	0.101030	1.000000	0.000509	0.000057	0.000497	-0.459606	-0.397275	0.172700	-0.775313	8.860811	-50.784354	114.468609	-0.261871	0.575458	0.774772	-0.849895	-0.517875	0.097387	0.457277	-0.632972	0.624695
42699														7.353208	1.120653	6.062707	0.122552	0.018706	0.101041	1.000000	0.000114	0.000050	0.000328	-0.459349	-0.397212	0.172706	-0.775496	8.829484	-50.781211	114.523827	-0.262443	0.575244	0.774737	-0.849648	-0.518343	0.097052	0.457408	-0.632783	0.624791
42700														7.412507	1.124145	6.135916	0.123568	0.018714	0.102238	1.000000	0.000282	0.000266	0.000058	-0.459242	-0.397089	0.172367	-0.775698	8.846607	-50.746886	114.543675	-0.262835	0.575575	0.774358	-0.849356	-0.518773	0.097310	0.457726	-0.632129	0.625220
42701														7.454184	1.221283	6.194868	0.124258	0.020322	0.103229	1.000000	0.000108	0.000172	-0.000173	-0.459390	-0.397009	0.172094	-0.775712	8.883731	-50.718584	114.513385	-0.262689	0.576062	0.774046	-0.849353	-0.518690	0.097774	0.457814	-0.631754	0.625535
42702														7.492795	1.146650	6.157364	0.124877	0.019126	0.102624	1.000000	-0.000449	-0.000075	-0.000250	-0.459773	-0.396858	0.172338	-0.775507	8.869982	-50.714964	114.465081	-0.262224	0.576328	0.774006	-0.849903	-0.517816	0.097632	0.457061	-0.632228	0.625606
42703														7.488552	0.996543	6.112340	0.124804	0.016649	0.101872	1.000000	-0.000624	-0.000078	-0.000189	-0.460218	-0.396607	0.172797	-0.775270	8.823254	-50.714796	114.423406	-0.261805	0.576521	0.774004	-0.850651	-0.516682	0.097122	0.455906	-0.632980	0.625688
42704														7.439452	0.916318	6.134803	0.123996	0.015288	0.102239	1.000000	-0.000360	0.000021	-0.000164	-0.460488	-0.396406	0.172968	-0.775174	8.802415	-50.702376	114.398732	-0.261626	0.576786	0.773866	-0.851048	-0.516066	0.096920	0.455268	-0.633241	0.625889
42705														7.417025	0.957006	6.124835	0.123616	0.015954	0.102081	1.000000	-0.000183	-0.000030	-0.000117	-0.460710	-0.396329	0.173065	-0.775060	8.801084	-50.698425	114.368106	-0.261340	0.576975	0.773823	-0.851337	-0.515590	0.096913	0.454892	-0.633457	0.625944
42706														7.359853	1.019577	6.113119	0.122663	0.017011	0.101884	1.000000	-0.000166	-0.000009	0.000012	-0.460760	-0.396233	0.173147	-0.775061	8.784049	-50.693506	114.371213	-0.261399	0.577021	0.773768	-0.851448	-0.515440	0.096737	0.454651	-0.633536	0.626039
42707														7.376643	1.021758	6.101985	0.122938	0.017073	0.101700	1.000000	-0.000199	-0.000026	0.000190	-0.460729	-0.396089	0.173367	-0.775104	8.737190	-50.693735	114.399726	-0.261685	0.576888	0.773771	-0.851563	-0.515346	0.096225	0.454271	-0.633734	0.626114
42708														7.376651	0.950615	6.027800	0.122931	0.015905	0.100470	1.000000	-0.000191	-0.000078	0.000341	-0.460517	-0.395967	0.173638	-0.775232	8.670421	-50.701649	114.462234	-0.262270	0.576505	0.773858	-0.851524	-0.515549	0.095479	0.454006	-0.633918	0.626120
42709														7.408539	0.893538	6.006712	0.123464	0.014944	0.100119	1.000000	-0.000044	-0.000063	0.000385	-0.460239	-0.395914	0.173795	-0.775389	8.620103	-50.709799	114.525962	-0.262865	0.576113	0.773949	-0.851344	-0.515951	0.094913	0.454000	-0.633947	0.626095
42710														7.441958	0.923781	6.033996	0.124034	0.015412	0.100563	1.000000	0.000194	0.000057	0.000281	-0.459935	-0.395888	0.173677	-0.775608	8.604382	-50.702572	114.581513	-0.263464	0.575946	0.773869	-0.850973	-0.516592	0.094756	0.454348	-0.633576	0.626218
42711														7.478800	0.985865	6.083960	0.124657	0.016423	0.101388	1.000000	0.000248	0.000120	0.000139	-0.459792	-0.395828	0.173471	-0.775770	8.609562	-50.684094	114.606898	-0.263823	0.576056	0.773664	-0.850715	-0.516998	0.094849	0.454622	-0.633145	0.626456
42712														7.461812	1.062890	6.157796	0.124366	0.017705	0.102628	1.000000	0.000105	0.000027	0.000005	-0.459787	-0.395819	0.173350	-0.775805	8.622816	-50.675077	114.604264	-0.263847	0.576179	0.773565	-0.850640	-0.517092	0.095013	0.454748	-0.632956	0.626554
42713														7.453902	1.049519	6.137945	0.124224	0.017488	0.102309	1.000000	-0.000012	-0.000081	-0.000041	-0.459839	-0.395836	0.173355	-0.775764	8.628869	-50.676575	114.592895	-0.263725	0.576213	0.773581	-0.850694	-0.516992	0.095076	0.454719	-0.633007	0.626524
42714														7.460656	1.039058	6.120272	0.124336	0.017309	0.102016	1.000000	-0.000036	-0.000094	-0.000099	-0.459942	-0.395871	0.173359	-0.775684	8.641816	-50.679328	114.570048	-0.263479	0.576284	0.773612	-0.850795	-0.516800	0.095212	0.454672	-0.633099	0.626466
42715														7.484017	1.034442	6.091059	0.124722	0.017237	0.101532	1.000000	-0.000048	-0.000124	-0.000069	-0.460032	-0.395919	0.173412	-0.775595	8.649086	-50.686959	114.550269	-0.263238	0.576282	0.773696	-0.850911	-0.516598	0.095276	0.454596	-0.633266	0.626352
42716														7.459697	1.031115	6.069333	0.124316	0.017191	0.101169	1.000000	-0.000086	-0.000123	-0.000020	-0.460072	-0.395964	0.173467	-0.775536	8.651292	-50.694840	114.540271	-0.263093	0.576231	0.773783	-0.850978	-0.516486	0.095284	0.454554	-0.633404	0.626243
42717														7.434066	1.006962	6.074042	0.123892	0.016797	0.101243	1.000000	-0.000091	-0.000087	0.000041	-0.460151	-0.395933	0.173606	-0.775474	8.637663	-50.700041	114.533606	-0.262997	0.576197	0.773841	-0.851142	-0.516244	0.095124	0.454301	-0.633631	0.626196
42718														7.438566	0.991007	6.070855	0.123969	0.016534	0.101187	1.000000	-0.000065	-0.000060	0.000087	-0.460137	-0.395924	0.173673	-0.775471	8.627146	-50.703788	114.539672	-0.263037	0.576124	0.773882	-0.851168	-0.516224	0.095002	0.454229	-0.633715	0.626164
42719														7.414668	0.968780	6.062265	0.123574	0.016165	0.101040	1.000000	-0.000080	-0.000027	0.000086	-0.460167	-0.395876	0.173750	-0.775461	8.614628	-50.703637	114.541661	-0.263057	0.576116	0.773880	-0.851250	-0.516115	0.094865	0.454064	-0.633811	0.626187
42720														7.395094	0.975364	6.075706	0.123251	0.016264	0.101261	1.000000	-0.000029	0.000003	0.000042	-0.460180	-0.395816	0.173751	-0.775483	8.608445	-50.697391	114.545238	-0.263128	0.576177	0.773811	-0.851271	-0.516090	0.094810	0.453984	-0.633776	0.626280
42721														7.448856	0.984264	6.101654	0.124149	0.016401	0.101693	1.000000	0.000023	0.000011	-0.000012	-0.460221	-0.395777	0.173712	-0.775488	8.612249	-50.690247	114.539864	-0.263114	0.576289	0.773732	-0.851294	-0.516041	0.094866	0.453948	-0.633713	0.626369
42722														7.456938	0.998773	6.121132	0.124283	0.016645	0.102018	1.000000	0.000032	0.000013	0.000016	-0.460170	-0.395777	0.173614	-0.775540	8.619705	-50.684218	114.545904	-0.263209	0.576335	0.773666	-0.851185	-0.516204	0.094960	0.454099	-0.633538	0.626437
42723														7.431334	0.995846	6.100919	0.123852	0.016595	0.101687	1.000000	-0.000008	-0.000038	-0.000027	-0.460216	-0.395800	0.173582	-0.775508	8.630531	-50.683927	114.533600	-0.263087	0.576395	0.773662	-0.851210	-0.516141	0.095079	0.454122	-0.633535	0.626423
42724														7.440198	1.010022	6.119499	0.123996	0.016837	0.102000	1.000000	-0.000052	-0.000074	-0.000019	-0.460272	-0.395799	0.173619	-0.775467	8.630789	-50.685719	114.524566	-0.262986	0.576415	0.773682	-0.851288	-0.516012	0.095078	0.454034	-0.633622	0.626399
42725														7.459940	0.981861	6.130789	0.124321	0.016365	0.102193	1.000000	0.000007	-0.000105	0.000011	-0.460252	-0.395868	0.173620	-0.775443	8.637169	-50.693224	114.521480	-0.262913	0.576337	0.773765	-0.851260	-0.516048	0.095133	0.454129	-0.633664	0.626288
42726														7.417973	0.983438	6.045254	0.123601	0.016401	0.100791	1.000000	-0.000040	-0.000304	0.000055	-0.460163	-0.396067	0.173750	-0.775366	8.637183	-50.723442	114.523326	-0.262762	0.575957	0.774099	-0.851223	-0.516122	0.095072	0.454287	-0.633950	0.625885
42727														7.390445	0.930879	6.024858	0.123136	0.015527	0.100459	1.000000	0.000033	-0.000360	0.000129	-0.459991	-0.396298	0.173905	-0.775315	8.630534	-50.759811	114.538667	-0.262712	0.575440	0.774501	-0.851112	-0.516331	0.094925	0.454522	-0.634249	0.625410
42728														7.393928	0.984807	5.969140	0.123193	0.016395	0.099537	1.000000	0.000247	-0.000386	0.000049	-0.459861	-0.396652	0.173902	-0.775212	8.661678	-50.797734	114.527819	-0.262390	0.575023	0.774919	-0.850937	-0.516572	0.095188	0.455037	-0.634431	0.624851
42729														7.508704	1.081977	5.923848	0.125105	0.018006	0.098787	1.000000	0.000333	-0.000398	0.000047	-0.459672	-0.397041	0.173837	-0.775139	8.699385	-50.835878	114.522239	-0.262120	0.574579	0.775340	-0.850661	-0.516964	0.095521	0.455707	-0.634513	0.624278
42730														7.627365	1.172622	6.014335	0.127086	0.019542	0.100286	1.000000	0.000231	-0.000337	0.000168	-0.459457	-0.397342	0.173873	-0.775104	8.711846	-50.871960	114.534244	-0.262038	0.574080	0.775738	-0.850428	-0.517335	0.095583	0.456189	-0.634663	0.623775
42731														7.644011	1.148265	5.975227	0.127351	0.019171	0.099644	1.000000	-0.000047	-0.000451	0.000226	-0.459176	-0.397605	0.174130	-0.775079	8.686700	-50.919607	114.570901	-0.262137	0.573325	0.776262	-0.850265	-0.517673	0.095212	0.456437	-0.635070	0.623179
42732														7.665788	1.054014	5.983652	0.127718	0.017604	0.099778	1.000000	-0.000102	-0.000412	0.000212	-0.459026	-0.397811	0.174458	-0.774988	8.657895	-50.964712	114.590962	-0.262083	0.572677	0.776758	-0.850282	-0.517719	0.094806	0.456436	-0.635616	0.622622
42733														7.707099	1.055203	6.016226	0.128436	0.017584	0.100291	1.000000	0.000117	-0.000147	0.000074	-0.458896	-0.397910	0.174423	-0.775021	8.662406	-50.974183	114.604316	-0.262163	0.572499	0.776862	-0.850118	-0.517981	0.094836	0.456694	-0.635563	0.622488
42734														7.710826	1.140550	6.062748	0.128518	0.019000	0.101042	1.000000	0.000116	0.000043	0.000021	-0.458856	-0.397879	0.174281	-0.775093	8.672532	-50.961818	114.609644	-0.262286	0.572627	0.776726	-0.849998	-0.518154	0.094971	0.456847	-0.635306	0.622637
42735														7.666662	1.133213	6.132228	0.127796	0.018918	0.102175	1.000000	-0.000185	0.000195	0.000094	-0.458905	-0.397606	0.174321	-0.775196	8.639054	-50.935638	114.629463	-0.262632	0.572859	0.776439	-0.850104	-0.518038	0.094661	0.456452	-0.635192	0.623043
42736														7.492440	0.970449	6.092857	0.124899	0.016239	0.101507	1.000000	-0.000416	0.000275	0.000183	-0.458944	-0.397162	0.174527	-0.775354	8.563943	-50.902834	114.674296	-0.263266	0.573057	0.776078	-0.850319	-0.517821	0.093910	0.455685	-0.635190	0.623606
42737														7.348695	0.880228	6.120707	0.122526	0.014722	0.101947	1.000000	-0.000340	0.000486	0.000134	-0.459092	-0.396584	0.174581	-0.775550	8.501349	-50.844790	114.706038	-0.263911	0.573625	0.775438	-0.850569	-0.517512	0.093345	0.454844	-0.634929	0.624485
42738														7.277517	0.895263	6.199091	0.121366	0.014937	0.103229	1.000000	-0.000162	0.000715	-0.000009	-0.459305	-0.395906	0.174349	-0.775822	8.467791	-50.756429	114.724357	-0.264595	0.574627	0.774464	-0.850730	-0.517282	0.093155	0.454146	-0.634211	0.625722
42739														7.247094	0.995804	6.211112	0.120856	0.016593	0.103436	1.000000	-0.000165	0.000661	-0.000171	-0.459610	-0.395319	0.174060	-0.776006	8.460442	-50.672732	114.714083	-0.264964	0.575701	0.773539	-0.850938	-0.516924	0.093241	0.453540	-0.633528	0.626852
42740														7.271509	1.043224	6.160613	0.121261	0.017406	0.102592	1.000000	-0.000440	0.000637	-0.000216	-0.460070	-0.394642	0.173974	-0.776097	8.431430	-50.591620	114.690825	-0.265188	0.576803	0.772641	-0.851432	-0.516138	0.093084	0.452481	-0.633166	0.627982
42741														7.233837	0.953300	6.104003	0.120648	0.015908	0.101630	1.000000	-0.000480	0.000791	-0.000239	-0.460555	-0.393838	0.173806	-0.776256	8.399542	-50.491621	114.672168	-0.265562	0.578114	0.771532	-0.851919	-0.515361	0.092932	0.451343	-0.632603	0.629367
42742														7.209662	0.890182	6.100866	0.120242	0.014832	0.101586	1.000000	-0.000324	0.000754	-0.000307	-0.461072	-0.393114	0.173555	-0.776372	8.390153	-50.394107	114.636453	-0.265749	0.579472	0.770448	-0.852380	-0.514583	0.093020	0.450362	-0.631994	0.630680
42743														7.195854	0.884923	6.139755	0.120000	0.014744	0.102249	1.000000	-0.000241	0.000643	-0.000248	-0.461488	-0.392502	0.173318	-0.776487	8.383575	-50.310195	114.609100	-0.265942	0.580624	0.769513	-0.852734	-0.513979	0.093112	0.449577	-0.631428	0.631807
42744														7.161090	0.861899	6.154754	0.119412	0.014372	0.102508	1.000000	-0.000231	0.000569	-0.000142	-0.461832	-0.391951	0.173142	-0.776600	8.370233	-50.237568	114.591783	-0.266172	0.581591	0.768703	-0.853043	-0.513467	0.093107	0.448854	-0.630954	0.632793
42745														7.181593	0.847322	6.194070	0.119736	0.014127	0.103184	1.000000	-0.000128	0.000406	-0.000071	-0.462037	-0.391580	0.172970	-0.776704	8.365521	-50.185393	114.582992	-0.266374	0.582268	0.768120	-0.853194	-0.513207	0.093157	0.448447	-0.630541	0.633493
42746														7.290146	0.908726	6.184802	0.121524	0.015130	0.103056	1.000000	0.000067	0.000202	-0.000070	-0.462151	-0.391433	0.172768	-0.776755	8.382780	-50.155333	114.568374	-0.266393	0.582702	0.767784	-0.853210	-0.513135	0.093406	0.448405	-0.630199	0.633863
42747														7.351740	0.953531	6.206020	0.122532	0.015878	0.103432	1.000000	0.000116	0.000029	-0.000016	-0.462155	-0.391446	0.172612	-0.776780	8.403632	-50.146197	114.560606	-0.266365	0.582850	0.767682	-0.853123	-0.513235	0.093655	0.448588	-0.629981	0.633950
42748														7.383848	0.946084	6.208992	0.123051	0.015772	0.103498	1.000000	-0.000003	-0.000120	0.000028	-0.462147	-0.391524	0.172630	-0.776742	8.409835	-50.155610	114.555297	-0.266258	0.582760	0.767787	-0.853115	-0.513238	0.093705	0.448665	-0.630061	0.633815
42749														7.329983	0.949952	6.181343	0.122125	0.015847	0.103069	1.000000	-0.000081	-0.000396	0.000051	-0.462155	-0.391731	0.172905	-0.776571	8.401536	-50.195359	114.543641	-0.265919	0.582329	0.768232	-0.853258	-0.513032	0.093535	0.448596	-0.630627	0.633302
42750														7.313223	0.947841	6.139658	0.121821	0.015815	0.102403	1.000000	-0.000113	-0.000635	0.000053	-0.462073	-0.392110	0.173279	-0.776346	8.393500	-50.260628	114.535878	-0.265476	0.581569	0.768960	-0.853346	-0.512925	0.093319	0.448690	-0.631415	0.632449
42751														7.421964	0.946681	6.087129	0.123631	0.015805	0.101531	1.000000	-0.000240	-0.000667	0.000020	-0.462051	-0.392490	0.173734	-0.776066	8.380948	-50.330799	114.519836	-0.264922	0.580786	0.769743	-0.853540	-0.512652	0.093043	0.448648	-0.632358	0.631537
42752														7.521392	0.970758	6.052938	0.125289	0.016196	0.100963	1.000000	-0.000239	-0.000676	-0.000058	-0.462015	-0.392871	0.174145	-0.775802	8.372850	-50.398337	114.504393	-0.264389	0.580031	0.770495	-0.853697	-0.512432	0.092821	0.448665	-0.633228	0.630652
42753														7.533309	0.991128	6.002811	0.125484	0.016543	0.100132	1.000000	-0.000162	-0.000702	0.000064	-0.461878	-0.393313	0.174552	-0.775567	8.363469	-50.473072	114.501844	-0.263946	0.579128	0.771326	-0.853743	-0.512400	0.092572	0.448838	-0.634080	0.629672
42754														7.508639	0.938219	6.053538	0.125079	0.015683	0.100965	1.000000	-0.000216	-0.000611	0.000190	-0.461772	-0.393578	0.175085	-0.775376	8.320454	-50.537468	114.515690	-0.263726	0.578275	0.772040	-0.853913	-0.512224	0.091973	0.448644	-0.634999	0.628884
42755														7.485857	0.900909	6.003042	0.124700	0.015073	0.100123	1.000000	-0.000311	-0.000615	0.000211	-0.461626	-0.393852	0.175642	-0.775198	8.271901	-50.604941	114.537008	-0.263564	0.577349	0.772788	-0.854058	-0.512102	0.091310	0.448464	-0.635940	0.628061
42756														7.439233	0.825998	5.956570	0.123927	0.013823	0.099343	1.000000	-0.000237	-0.000565	0.000268	-0.461404	-0.394067	0.176176	-0.775100	8.212410	-50.665549	114.577843	-0.263635	0.576418	0.773459	-0.854118	-0.512137	0.090541	0.448307	-0.636756	0.627346
42757														7.494245	0.786739	6.042026	0.124869	0.013144	0.100740	1.000000	0.000020	-0.000311	0.000268	-0.461148	-0.394246	0.176368	-0.775117	8.187314	-50.699784	114.615886	-0.263825	0.575822	0.773838	-0.853952	-0.512474	0.090200	0.448511	-0.637023	0.626928
42758														7.527021	0.796538	6.105919	0.125432	0.013266	0.101789	1.000000	0.000305	-0.000160	0.000168	-0.460925	-0.394459	0.176243	-0.775170	8.207939	-50.715817	114.632360	-0.263900	0.575550	0.774015	-0.853632	-0.512972	0.090395	0.449075	-0.636869	0.626681
42759														7.597991	0.890996	6.118463	0.126626	0.014800	0.101990	1.000000	0.000465	-0.000069	-0.000019	-0.460766	-0.394721	0.175849	-0.775221	8.273234	-50.718267	114.621737	-0.263780	0.575568	0.774042	-0.853214	-0.513543	0.091104	0.449941	-0.636392	0.626545
42760														7.628262	1.041831	6.121238	0.127138	0.017301	0.102031	1.000000	0.000542	-0.000006	-0.000058	-0.460586	-0.394942	0.175360	-0.775326	8.343442	-50.710344	114.615547	-0.263762	0.575694	0.773955	-0.852723	-0.514219	0.091887	0.450881	-0.635732	0.626539
42761														7.584901	1.078819	6.150190	0.126421	0.017933	0.102504	1.000000	0.000349	0.000042	-0.000091	-0.460607	-0.395031	0.175041	-0.775340	8.394982	-50.697902	114.590721	-0.263583	0.575961	0.773817	-0.852548	-0.514403	0.092475	0.451316	-0.635341	0.626622
42762														7.504032	1.048716	6.054779	0.125074	0.017456	0.100909	1.000000	0.000152	0.000056	-0.000061	-0.460591	-0.395071	0.174791	-0.775385	8.429004	-50.685485	114.580336	-0.263548	0.576161	0.773680	-0.852381	-0.514607	0.092872	0.451650	-0.634994	0.626733
42763														7.452015	1.028870	6.028137	0.124219	0.017118	0.100451	1.000000	0.000221	0.000175	-0.000062	-0.460589	-0.395019	0.174472	-0.775485	8.461501	-50.658663	114.574122	-0.263636	0.576519	0.773383	-0.852199	-0.514835	0.093281	0.451943	-0.634484	0.627039
42764														7.342458	0.983310	6.079847	0.122409	0.016356	0.101294	1.000000	0.000271	0.000334	-0.000043	-0.460541	-0.394868	0.174026	-0.775691	8.493937	-50.613514	114.581358	-0.263963	0.577040	0.772883	-0.851909	-0.515235	0.093726	0.452300	-0.633686	0.627588
42765														7.307799	1.000605	6.143107	0.121838	0.016647	0.102341	1.000000	0.000179	0.000386	-0.000090	-0.460612	-0.394609	0.173660	-0.775863	8.514065	-50.561229	114.579939	-0.264241	0.577688	0.772304	-0.851798	-0.515358	0.094051	0.452345	-0.632995	0.628252
42766														7.295510	0.973167	6.141146	0.121636	0.016188	0.102304	1.000000	0.000139	0.000413	-0.000141	-0.460757	-0.394334	0.173271	-0.776003	8.541648	-50.505058	114.565282	-0.264408	0.578444	0.771681	-0.851751	-0.515361	0.094465	0.452337	-0.632302	0.628956
42767														7.307631	1.025823	6.159734	0.121843	0.017053	0.102612	1.000000	0.000180	0.000441	-0.000213	-0.460954	-0.394091	0.172803	-0.776114	8.587429	-50.446260	114.534556	-0.264427	0.579305	0.771028	-0.851706	-0.515321	0.095086	0.452410	-0.631546	0.629663
42768														7.266924	1.053581	6.164259	0.121161	0.017510	0.102692	1.000000	0.000200	0.000408	-0.000239	-0.461115	-0.393891	0.172293	-0.776233	8.640091	-50.389500	114.505017	-0.264445	0.580136	0.770396	-0.851595	-0.515376	0.095780	0.452609	-0.630737	0.630330
42769														7.232542	1.091135	6.201946	0.120584	0.018166	0.103321	1.000000	0.000002	0.000372	-0.000161	-0.461277	-0.393606	0.171983	-0.776351	8.658189	-50.337320	114.491316	-0.264597	0.580838	0.769815	-0.851612	-0.515292	0.096084	0.452489	-0.630160	0.630993
42770														7.161686	1.062071	6.189838	0.119389	0.017721	0.103128	1.000000	-0.000282	0.000257	-0.000076	-0.461585	-0.393214	0.172071	-0.776347	8.628108	-50.299259	114.475144	-0.264645	0.581378	0.769391	-0.852021	-0.514662	0.095830	0.451690	-0.630177	0.631549
42771														7.164354	0.988335	6.165445	0.119429	0.016509	0.102725	1.000000	-0.000553	0.000197	-0.000170	-0.461992	-0.392807	0.172303	-0.776259	8.587514	-50.268246	114.447021	-0.264532	0.581887	0.769045	-0.852614	-0.513750	0.095444	0.450635	-0.630451	0.632028
42772														7.299634	0.972209	6.176077	0.121701	0.016232	0.102882	1.000000	-0.000674	0.000341	-0.000334	-0.462558	-0.392276	0.172459	-0.776156	8.555353	-50.217503	114.398479	-0.264320	0.582731	0.768479	-0.853337	-0.512597	0.095191	0.449391	-0.630610	0.632755
42773														7.481849	0.976266	6.155650	0.124758	0.016269	0.102521	1.000000	-0.000551	0.000516	-0.000471	-0.463238	-0.391650	0.172433	-0.776072	8.544095	-50.143556	114.331009	-0.264042	0.583945	0.767653	-0.854078	-0.511356	0.095214	0.448143	-0.630495	0.633754
42774														7.655403	1.047867	6.104251	0.127660	0.017453	0.101652	1.000000	-0.000376	0.000621	-0.000390	-0.463792	-0.391041	0.172230	-0.776093	8.545214	-50.060805	114.279026	-0.263967	0.585194	0.766726	-0.854590	-0.510467	0.095391	0.447211	-0.630056	0.634848
42775														7.632929	1.040241	6.048711	0.127271	0.017338	0.100741	1.000000	-0.000163	0.000532	-0.000126	-0.464051	-0.390554	0.172005	-0.776234	8.537472	-49.992469	114.269920	-0.264250	0.586069	0.765960	-0.854778	-0.510143	0.095441	0.446684	-0.629506	0.635764
42776														7.498581	0.994580	6.130423	0.125010	0.016589	0.102130	1.000000	0.000021	0.000353	0.000115	-0.464092	-0.390203	0.171871	-0.776415	8.516040	-49.946798	114.291366	-0.264721	0.586527	0.765447	-0.854785	-0.510158	0.095293	0.446391	-0.629067	0.636404
42777														7.487628	0.970842	6.264629	0.124813	0.016172	0.104389	1.000000	0.000296	0.000208	0.000175	-0.463897	-0.390099	0.171587	-0.776647	8.521220	-49.919050	114.327657	-0.265245	0.586697	0.765136	-0.854441	-0.510714	0.095406	0.446740	-0.628457	0.636762
