// General information: 
//  MT Manager version: 2022.2.0 
//  XDA version: 2022.2.0 build 7381 rev 124627 built on 2023-07-19
// Device information: 
//  DeviceId: 00B4D200
//  ProductCode: MTW2-3A7G6
//  Firmware Version: 4.6.0
//  Hardware Version: 2.0.0
// Device settings: 
//  Filter Profile: human(46.1)
//  Option Flags: Orientation Smoother Disabled, Position/Velocity Smoother Disabled, Continuous Zero Rotation Update Disabled, AHS Disabled, ICC Disabled
// Coordinate system: ENU
PacketCounter	SampleTimeFine	Year	Month	Day	Second	UTC_Nano	UTC_Year	UTC_Month	UTC_Day	UTC_Hour	UTC_Minute	UTC_Second	UTC_Valid	Acc_X	Acc_Y	Acc_Z	VelInc_X	VelInc_Y	VelInc_Z	OriInc_q0	OriInc_q1	OriInc_q2	OriInc_q3	Quat_q0	Quat_q1	Quat_q2	Quat_q3	Roll	Pitch	Yaw	Mat[1][1]	Mat[2][1]	Mat[3][1]	Mat[1][2]	Mat[2][2]	Mat[3][2]	Mat[1][3]	Mat[2][3]	Mat[3][3]
42631														10.128738	0.092593	0.592098	0.168815	0.001584	0.009807	1.000000	0.000465	0.000366	0.000266	-0.336244	-0.606444	0.317425	-0.646844	-2.568154	-86.388106	127.478360	-0.038332	0.049994	0.998014	-0.819996	-0.572363	-0.002823	0.571085	-0.818475	0.062934
42632														9.937499	0.299330	0.684585	0.165634	0.004990	0.011284	1.000000	0.000189	0.000768	0.000022	-0.336361	-0.605997	0.317068	-0.647377	-2.538469	-86.299877	127.469115	-0.039258	0.051220	0.997915	-0.819790	-0.572658	-0.002858	0.571318	-0.818193	0.064471
42633														9.661683	0.325673	0.740877	0.161039	0.005412	0.012206	1.000000	-0.000147	0.000878	-0.000108	-0.336774	-0.605465	0.316780	-0.647801	-2.260118	-86.205552	127.177762	-0.039990	0.052728	0.997808	-0.819923	-0.572467	-0.002610	0.571075	-0.818230	0.066126
42634														9.307264	0.081332	0.679022	0.155128	0.001350	0.011216	1.000000	-0.000437	0.000650	-0.000065	-0.337321	-0.604941	0.316831	-0.647980	-2.110110	-86.136832	126.971868	-0.040520	0.053827	0.997728	-0.820483	-0.571665	-0.002481	0.570233	-0.818719	0.067328
42635														9.210791	-0.317055	0.588806	0.153515	-0.005253	0.009794	1.000000	-0.000474	0.000141	0.000172	-0.337557	-0.604653	0.317207	-0.647942	-2.419452	-86.123328	127.224925	-0.040900	0.053835	0.997712	-0.821036	-0.570869	-0.002854	0.569409	-0.819274	0.067549
42636														9.419865	-0.495309	0.551018	0.156998	-0.008192	0.009229	1.000000	-0.000189	-0.000280	0.000391	-0.337336	-0.604678	0.317664	-0.647810	-3.090234	-86.158022	127.874788	-0.041137	0.052891	0.997753	-0.821229	-0.570588	-0.003612	0.569114	-0.819532	0.066907
42637														9.850139	-0.428116	0.522952	0.164169	-0.007076	0.008772	1.000000	0.000112	-0.000349	0.000368	-0.336912	-0.604861	0.317925	-0.647733	-3.712899	-86.200055	128.513121	-0.041268	0.051856	0.997802	-0.821058	-0.570828	-0.004292	0.569351	-0.819430	0.066134
42638														10.119885	-0.184536	0.574932	0.168665	-0.003056	0.009592	1.000000	0.000308	-0.000063	0.000135	-0.336671	-0.604984	0.317873	-0.647768	-3.867345	-86.212762	128.694554	-0.041293	0.051553	0.997816	-0.820786	-0.571218	-0.004455	0.569741	-0.819178	0.065901
42639														10.037090	0.134678	0.673868	0.167288	0.002200	0.011186	1.000000	0.000270	0.000273	-0.000246	-0.336792	-0.604968	0.317498	-0.647904	-3.378088	-86.185186	128.228099	-0.041170	0.052264	0.997784	-0.820570	-0.571533	-0.003920	0.570061	-0.818913	0.066416
42640														9.869017	0.267599	0.696863	0.164492	0.004366	0.011529	1.000000	0.000033	0.000521	-0.000566	-0.337298	-0.604854	0.316955	-0.648013	-2.336452	-86.133141	127.188905	-0.040763	0.053724	0.997723	-0.820570	-0.571539	-0.002749	0.570090	-0.818814	0.067382
42641														9.538748	0.288566	0.675509	0.158987	0.004701	0.011187	1.000000	-0.000157	0.000448	-0.000693	-0.338000	-0.604771	0.316496	-0.647950	-1.111755	-86.090664	125.941241	-0.040017	0.055198	0.997673	-0.820829	-0.571173	-0.001323	0.569771	-0.818972	0.068165
42642														9.292988	0.084002	0.616481	0.154885	0.001316	0.010259	1.000000	-0.000284	0.000100	-0.000562	-0.338582	-0.604810	0.316320	-0.647695	-0.170627	-86.083983	124.962856	-0.039136	0.055969	0.997665	-0.821223	-0.570608	-0.000203	0.569264	-0.819313	0.068294
42643														9.203888	-0.334486	0.468793	0.153394	-0.005602	0.007882	1.000000	-0.000122	-0.000441	-0.000186	-0.338673	-0.605133	0.316465	-0.647275	0.173969	-86.139499	124.597680	-0.038229	0.055421	0.997731	-0.821435	-0.570302	0.000204	0.569019	-0.819564	0.067327
42644														9.509334	-0.536988	0.363227	0.158486	-0.008917	0.006182	1.000000	0.000321	-0.000830	0.000218	-0.338094	-0.605705	0.316693	-0.646931	-0.161975	-86.235619	124.967409	-0.037627	0.053802	0.997842	-0.821092	-0.570796	-0.000186	0.569555	-0.819327	0.065653
42645														9.951799	-0.500042	0.333036	0.165862	-0.008266	0.005679	0.999999	0.000797	-0.000817	0.000435	-0.337067	-0.606380	0.316720	-0.646821	-0.842673	-86.331064	125.741181	-0.037379	0.051939	0.997950	-0.820149	-0.572149	-0.000941	0.570927	-0.818503	0.063984
42646														10.323257	-0.200513	0.436545	0.172053	-0.003279	0.007329	0.999999	0.001075	-0.000332	0.000412	-0.336048	-0.606843	0.316397	-0.647075	-1.456847	-86.371395	126.478653	-0.037627	0.050889	0.997995	-0.818903	-0.573929	-0.001609	0.572697	-0.817322	0.063268
42647														10.227631	0.194674	0.512787	0.170463	0.003265	0.008495	0.999999	0.000996	0.000324	0.000167	-0.335430	-0.606925	0.315749	-0.647635	-1.629619	-86.335435	126.766537	-0.038257	0.051201	0.997955	-0.817744	-0.575579	-0.001818	0.574309	-0.816142	0.063889
42648														9.988825	0.453249	0.657700	0.166492	0.007506	0.010816	0.999999	0.000633	0.000902	-0.000246	-0.335503	-0.606654	0.314903	-0.648263	-1.056947	-86.237286	126.262807	-0.038816	0.052914	0.997844	-0.817062	-0.576548	-0.001211	0.575241	-0.815348	0.065613
42649														9.634169	0.579760	0.706050	0.160588	0.009572	0.011583	0.999999	0.000096	0.001156	-0.000559	-0.336175	-0.606148	0.314118	-0.648769	-0.031683	-86.110624	125.245702	-0.039144	0.055396	0.997697	-0.817003	-0.576633	-0.000038	0.575303	-0.815123	0.067830
42650														9.309598	0.402843	0.711153	0.155177	0.006614	0.011690	0.999999	-0.000397	0.001031	-0.000675	-0.337174	-0.605590	0.313619	-0.649013	1.061225	-85.996290	124.105002	-0.039149	0.057813	0.997560	-0.817510	-0.575913	0.001293	0.574582	-0.815464	0.069809
42651														9.130100	-0.006548	0.615069	0.152174	-0.000176	0.010165	1.000000	-0.000598	0.000564	-0.000478	-0.337988	-0.605242	0.313492	-0.648975	1.806440	-85.937529	123.295965	-0.038891	0.059215	0.997487	-0.818169	-0.574973	0.002233	0.573661	-0.816026	0.070809
42652														9.257540	-0.466741	0.528618	0.154292	-0.007785	0.008811	1.000000	-0.000344	0.000016	-0.000061	-0.338251	-0.605106	0.313693	-0.648868	1.829267	-85.932959	123.230694	-0.038867	0.059326	0.997482	-0.818595	-0.574366	0.002264	0.573054	-0.816446	0.070888
42653														9.634455	-0.528056	0.484793	0.160574	-0.008758	0.008130	1.000000	0.000141	-0.000323	0.000273	-0.337889	-0.605313	0.313878	-0.648774	1.458853	-85.975901	123.618044	-0.038853	0.058439	0.997535	-0.818416	-0.574623	0.001787	0.573311	-0.816329	0.070153
42654														10.100347	-0.393122	0.507669	0.168339	-0.006504	0.008494	1.000000	0.000581	-0.000219	0.000314	-0.337227	-0.605602	0.313734	-0.648919	1.049233	-86.006318	124.101898	-0.039048	0.057670	0.997572	-0.817661	-0.575698	0.001275	0.574374	-0.815626	0.069635
42655														10.314722	-0.051815	0.636650	0.171914	-0.000842	0.010574	1.000000	0.000808	0.000212	0.000177	-0.336701	-0.605692	0.313263	-0.649335	0.858211	-85.985158	124.383567	-0.039540	0.057782	0.997546	-0.816745	-0.576998	0.001049	0.575642	-0.814699	0.070007
42656														10.092138	0.188196	0.705982	0.168211	0.003107	0.011655	0.999999	0.000736	0.000676	-0.000124	-0.336550	-0.605548	0.312494	-0.649918	1.127129	-85.909524	124.197257	-0.040092	0.058999	0.997453	-0.815920	-0.578163	0.001403	0.576773	-0.813785	0.071318
42657														9.809425	0.355808	0.822009	0.163505	0.005867	0.013548	0.999999	0.000496	0.000947	-0.000345	-0.336774	-0.605214	0.311657	-0.650515	1.695167	-85.801930	123.683092	-0.040599	0.060915	0.997317	-0.815392	-0.578906	0.002166	0.577484	-0.813116	0.073173
42658														9.478407	0.406229	0.840908	0.157990	0.006690	0.013870	0.999999	0.000167	0.000925	-0.000497	-0.337300	-0.604793	0.310965	-0.650964	2.395137	-85.692045	122.996196	-0.040908	0.063001	0.997175	-0.815280	-0.579059	0.003139	0.577621	-0.812848	0.075052
42659														9.298378	0.261227	0.871560	0.154983	0.004286	0.014433	1.000000	-0.000106	0.000595	-0.000447	-0.337843	-0.604527	0.310568	-0.651120	3.032748	-85.624337	122.343977	-0.040818	0.064458	0.997085	-0.815446	-0.578820	0.004037	0.577393	-0.812904	0.076189
42660														9.222057	-0.029919	0.769315	0.153702	-0.000530	0.012808	1.000000	-0.000221	0.000090	-0.000223	-0.338182	-0.604483	0.310576	-0.650981	3.370152	-85.617268	121.974661	-0.040467	0.064824	0.997076	-0.815776	-0.578350	0.004492	0.576950	-0.813209	0.076286
42661														9.385878	-0.311098	0.675561	0.156427	-0.005169	0.011324	1.000000	-0.000022	-0.000415	0.000100	-0.338076	-0.604688	0.310864	-0.650708	3.261748	-85.666953	122.067547	-0.040113	0.064026	0.997142	-0.815928	-0.578137	0.004299	0.576760	-0.813424	0.075431
42662														9.721242	-0.315098	0.580886	0.162016	-0.005213	0.009781	1.000000	0.000333	-0.000625	0.000257	-0.337525	-0.605140	0.311028	-0.650495	2.977659	-85.742783	122.388352	-0.039764	0.062686	0.997241	-0.815548	-0.578676	0.003856	0.577322	-0.813145	0.074134
42663														10.014038	-0.187917	0.634190	0.166896	-0.003106	0.010644	1.000000	0.000637	-0.000458	0.000193	-0.336915	-0.605565	0.310935	-0.650460	2.773148	-85.796072	122.658066	-0.039558	0.061717	0.997309	-0.814882	-0.579616	0.003547	0.578275	-0.812550	0.073221
42664														10.036946	0.036345	0.657558	0.167280	0.000597	0.010992	1.000000	0.000739	-0.000191	-0.000004	-0.336454	-0.605908	0.310567	-0.650555	2.859056	-85.817289	122.648141	-0.039348	0.061413	0.997337	-0.814114	-0.580693	0.003638	0.579370	-0.811803	0.072846
42665														9.862467	0.206733	0.668705	0.164376	0.003403	0.011130	1.000000	0.000681	0.000107	-0.000216	-0.336226	-0.606133	0.309976	-0.650745	3.263716	-85.804852	122.317978	-0.039109	0.061822	0.997321	-0.813368	-0.581734	0.004165	0.580433	-0.811026	0.073035
42666														9.723992	0.306989	0.701569	0.162071	0.005049	0.011664	1.000000	0.000497	0.000193	-0.000380	-0.336213	-0.606333	0.309342	-0.650868	3.926077	-85.784451	121.714226	-0.038642	0.062533	0.997295	-0.812788	-0.582537	0.005033	0.581276	-0.810395	0.073336
42667														9.567930	0.317403	0.682930	0.159470	0.005217	0.011360	1.000000	0.000277	0.000149	-0.000441	-0.336405	-0.606483	0.308870	-0.650853	4.655370	-85.767843	121.010124	-0.038020	0.063250	0.997273	-0.812549	-0.582862	0.005990	0.581652	-0.810105	0.073554
42668														9.467284	0.167415	0.648488	0.157788	0.002731	0.010821	1.000000	0.000114	-0.000076	-0.000371	-0.336546	-0.606682	0.308597	-0.650724	5.236962	-85.772444	120.440599	-0.037349	0.063556	0.997279	-0.812438	-0.583009	0.006729	0.581850	-0.809976	0.073410
42669														9.499627	-0.094948	0.551515	0.158324	-0.001604	0.009245	1.000000	0.000142	-0.000339	-0.000129	-0.336487	-0.606971	0.308591	-0.650488	5.502791	-85.810629	120.181458	-0.036727	0.063150	0.997328	-0.812373	-0.583096	0.007005	0.581981	-0.809945	0.072717
42670														9.668453	-0.188469	0.545326	0.161136	-0.003122	0.009173	1.000000	0.000339	-0.000527	0.000140	-0.336066	-0.607374	0.308675	-0.650290	5.405823	-85.873754	120.310358	-0.036314	0.062118	0.997408	-0.812042	-0.583560	0.006779	0.582468	-0.809691	0.071634
42671														9.889026	-0.085379	0.498133	0.164814	-0.001392	0.008373	1.000000	0.000570	-0.000432	0.000218	-0.335427	-0.607792	0.308571	-0.650278	5.189669	-85.926421	120.595154	-0.036156	0.061148	0.997474	-0.811335	-0.584546	0.006426	0.583462	-0.809053	0.070746
42672														9.960533	0.045935	0.607106	0.166007	0.000790	0.010152	1.000000	0.000634	-0.000201	0.000187	-0.334862	-0.608103	0.308347	-0.650385	5.020146	-85.955224	120.836945	-0.036157	0.060564	0.997509	-0.810592	-0.585578	0.006172	0.584494	-0.808350	0.070265
42673														9.905686	0.174596	0.604749	0.165095	0.002910	0.010069	1.000000	0.000606	0.000071	0.000037	-0.334511	-0.608243	0.307978	-0.650609	5.019884	-85.948699	120.902625	-0.036284	0.060620	0.997501	-0.809924	-0.586503	0.006182	0.585412	-0.807675	0.070379
42674														9.743369	0.256140	0.619981	0.162393	0.004245	0.010291	1.000000	0.000465	0.000271	-0.000121	-0.334447	-0.608249	0.307571	-0.650829	5.241211	-85.919121	120.723655	-0.036358	0.061176	0.997465	-0.809496	-0.587090	0.006501	0.585999	-0.807207	0.070867
42675														9.581758	0.236442	0.642270	0.159700	0.003904	0.010661	1.000000	0.000300	0.000278	-0.000213	-0.334467	-0.608260	0.307138	-0.651013	5.589637	-85.887636	120.412257	-0.036302	0.061845	0.997425	-0.809125	-0.587596	0.006985	0.586515	-0.806788	0.071372
42676														9.492406	0.158705	0.635364	0.158209	0.002607	0.010570	1.000000	0.000207	0.000127	-0.000230	-0.334546	-0.608327	0.306840	-0.651050	5.974270	-85.873117	120.047259	-0.036034	0.062294	0.997407	-0.808931	-0.587856	0.007490	0.586798	-0.806564	0.071575
42677														9.405043	-0.118229	0.569110	0.156750	-0.001986	0.009500	1.000000	0.000267	-0.000099	-0.000083	-0.334388	-0.608544	0.306631	-0.651027	6.186034	-85.887197	119.869202	-0.035718	0.062193	0.997425	-0.808588	-0.588324	0.007728	0.587290	-0.806230	0.071303
42678														9.580255	-0.285236	0.554728	0.159669	-0.004736	0.009293	1.000000	0.000510	-0.000312	0.000144	-0.333889	-0.608881	0.306498	-0.651031	6.074362	-85.925986	120.039100	-0.035565	0.061503	0.997473	-0.807985	-0.589155	0.007518	0.588128	-0.805676	0.070646
42679														9.753734	-0.273143	0.533124	0.162560	-0.004516	0.008945	1.000000	0.000796	-0.000391	0.000270	-0.333117	-0.609357	0.306285	-0.651081	5.846390	-85.979668	120.357567	-0.035433	0.060497	0.997539	-0.807046	-0.590445	0.007142	0.589424	-0.804807	0.069746
42680														9.962750	-0.197070	0.558902	0.166044	-0.003249	0.009354	0.999999	0.001049	-0.000258	0.000274	-0.332220	-0.609810	0.305861	-0.651315	5.580866	-86.015225	120.743759	-0.035524	0.059725	0.997583	-0.805794	-0.592157	0.006758	0.591130	-0.803606	0.069162
42681														10.027907	-0.056318	0.636434	0.167132	-0.000919	0.010601	0.999999	0.001142	0.000030	0.000193	-0.331452	-0.610123	0.305275	-0.651688	5.426781	-86.018978	121.020957	-0.035779	0.059497	0.997587	-0.804517	-0.593894	0.006566	0.592851	-0.802341	0.069115
42682														9.948580	0.159698	0.700328	0.165813	0.002652	0.011622	0.999999	0.001075	0.000318	0.000020	-0.330856	-0.610280	0.304465	-0.652222	5.467060	-85.983931	121.107635	-0.036184	0.059965	0.997544	-0.803202	-0.595670	0.006673	0.594607	-0.800988	0.069718
42683														9.815105	0.346900	0.744851	0.163593	0.005734	0.012337	0.999999	0.000879	0.000503	-0.000222	-0.330639	-0.610333	0.303617	-0.652678	5.878759	-85.928907	120.791616	-0.036343	0.060986	0.997477	-0.802217	-0.596988	0.007271	0.595926	-0.799928	0.070621
42684														9.551184	0.335617	0.759646	0.159195	0.005520	0.012586	1.000000	0.000584	0.000490	-0.000414	-0.330736	-0.610368	0.302860	-0.652947	6.576462	-85.875329	120.152802	-0.036129	0.062194	0.997410	-0.801619	-0.597778	0.008238	0.596742	-0.799245	0.071454
42685														9.450000	0.174762	0.694973	0.157505	0.002841	0.011538	1.000000	0.000443	0.000293	-0.000423	-0.330835	-0.610467	0.302226	-0.653098	7.253936	-85.839031	119.523234	-0.035755	0.063137	0.997364	-0.801134	-0.598415	0.009162	0.597416	-0.798695	0.071978
42686														9.415654	-0.022614	0.624491	0.156927	-0.000422	0.010410	1.000000	0.000459	-0.000013	-0.000259	-0.330721	-0.610723	0.301777	-0.653124	7.732443	-85.839265	119.095829	-0.035281	0.063399	0.997364	-0.800608	-0.599109	0.009762	0.598149	-0.798154	0.071895
42687														9.519419	-0.234049	0.541392	0.158655	-0.003897	0.009055	1.000000	0.000678	-0.000217	0.000062	-0.330230	-0.611088	0.301478	-0.653170	7.791981	-85.869345	119.108467	-0.035041	0.062934	0.997402	-0.799851	-0.600119	0.009766	0.599174	-0.797431	0.071366
42688														9.770435	-0.226097	0.468840	0.162839	-0.003728	0.007865	0.999999	0.000987	-0.000335	0.000292	-0.329363	-0.611525	0.301156	-0.653347	7.502341	-85.911645	119.506660	-0.035114	0.062048	0.997455	-0.798705	-0.601651	0.009309	0.600698	-0.796345	0.070684
42689														9.960728	-0.104704	0.471806	0.166012	-0.001691	0.007887	0.999999	0.001221	-0.000155	0.000384	-0.328369	-0.611890	0.300700	-0.653715	7.056104	-85.935680	120.084591	-0.035529	0.061328	0.997485	-0.797310	-0.603507	0.008707	0.602523	-0.794996	0.070339
42690														10.043289	0.061659	0.551798	0.167389	0.001079	0.009182	0.999999	0.001291	0.000095	0.000380	-0.327375	-0.612144	0.300080	-0.654261	6.589165	-85.932432	120.697602	-0.036212	0.060993	0.997481	-0.795761	-0.605556	0.008139	0.604527	-0.793462	0.070464
42691														9.982213	0.227638	0.637528	0.166374	0.003837	0.010557	0.999999	0.001160	0.000436	0.000334	-0.326616	-0.612145	0.299429	-0.654937	6.135969	-85.891136	121.277592	-0.037201	0.061238	0.997430	-0.794413	-0.607329	0.007659	0.606237	-0.792087	0.071241
42692														9.867127	0.356096	0.685942	0.164459	0.005966	0.011321	0.999999	0.000863	0.000705	0.000246	-0.326166	-0.611910	0.298820	-0.655659	5.761719	-85.818615	121.746318	-0.038364	0.062005	0.997338	-0.793409	-0.608645	0.007320	0.607479	-0.791016	0.072546
42693														9.680529	0.395485	0.698940	0.161351	0.006608	0.011522	1.000000	0.000478	0.000807	0.000135	-0.326045	-0.611529	0.298354	-0.656286	5.524995	-85.734446	122.034583	-0.039453	0.063053	0.997230	-0.792861	-0.609360	0.007161	0.608124	-0.790383	0.074034
42694														9.495063	0.254139	0.721300	0.158260	0.004244	0.011905	1.000000	0.000103	0.000738	0.000060	-0.326230	-0.611043	0.298154	-0.656738	5.347713	-85.653262	122.211655	-0.040401	0.064127	0.997124	-0.792865	-0.609356	0.007064	0.608057	-0.790299	0.075462
42695														9.477136	0.116359	0.718903	0.157959	0.001955	0.011894	1.000000	-0.000130	0.000551	0.000088	-0.326430	-0.610631	0.298131	-0.657032	5.148280	-85.595035	122.393981	-0.041148	0.064853	0.997046	-0.793046	-0.609123	0.006892	0.607770	-0.790420	0.076496
42696														9.519089	0.010921	0.703431	0.158655	0.000200	0.011670	1.000000	-0.000231	0.000338	0.000094	-0.326669	-0.610262	0.298286	-0.657186	4.920363	-85.555249	122.585532	-0.041737	0.065299	0.996993	-0.793430	-0.608626	0.006647	0.607229	-0.790766	0.077212
42697														9.602480	0.002209	0.711059	0.160044	0.000038	0.011820	1.000000	-0.000242	0.000193	-0.000012	-0.326903	-0.610073	0.298401	-0.657193	4.905744	-85.536650	122.568318	-0.041892	0.065584	0.996967	-0.793768	-0.608184	0.006655	0.606776	-0.791082	0.077536
42698														9.655904	0.030742	0.717039	0.160933	0.000496	0.011934	1.000000	-0.000220	0.000104	-0.000121	-0.327187	-0.609960	0.298480	-0.657120	5.049518	-85.525243	122.391394	-0.041795	0.065881	0.996952	-0.794124	-0.607716	0.006867	0.606316	-0.791417	0.077717
42699														9.703779	0.020262	0.701017	0.161730	0.000304	0.011677	1.000000	-0.000150	0.000041	-0.000221	-0.327437	-0.609951	0.298432	-0.657026	5.350101	-85.518565	122.072402	-0.041490	0.066211	0.996943	-0.794327	-0.607446	0.007286	0.606071	-0.791597	0.077796
42700														9.787599	0.010645	0.684358	0.163127	0.000151	0.011402	1.000000	-0.000104	0.000027	-0.000170	-0.327693	-0.609945	0.298468	-0.656888	5.602512	-85.518271	121.793619	-0.041170	0.066416	0.996942	-0.794613	-0.607068	0.007629	0.605719	-0.791869	0.077768
42701														9.799198	0.040745	0.720113	0.163320	0.000666	0.011997	1.000000	-0.000026	0.000028	-0.000080	-0.327765	-0.609973	0.298431	-0.656843	5.737469	-85.518556	121.655434	-0.041007	0.066511	0.996943	-0.794650	-0.607017	0.007811	0.605681	-0.791900	0.077745
42702														9.744573	0.128407	0.749489	0.162410	0.002142	0.012484	1.000000	-0.000036	0.000043	0.000009	-0.327773	-0.609948	0.298427	-0.656864	5.722596	-85.514907	121.669952	-0.041057	0.066555	0.996938	-0.794654	-0.607013	0.007797	0.605673	-0.791900	0.077810
42703														9.714453	0.175121	0.703769	0.161907	0.002941	0.011728	1.000000	-0.000112	0.000010	0.000128	-0.327738	-0.609896	0.298556	-0.656871	5.541766	-85.517924	121.842371	-0.041229	0.066386	0.996942	-0.794739	-0.606905	0.007547	0.605550	-0.791997	0.077782
42704														9.690667	0.144636	0.733116	0.161511	0.002447	0.012217	1.000000	-0.000237	0.000007	0.000205	-0.327757	-0.609738	0.298836	-0.656881	5.206333	-85.517386	122.150725	-0.041591	0.066171	0.996941	-0.795017	-0.606545	0.007092	0.605159	-0.792290	0.077834
42705														9.726736	0.115669	0.740422	0.162112	0.001972	0.012338	1.000000	-0.000325	0.000009	0.000248	-0.327809	-0.609568	0.299218	-0.656838	4.827073	-85.522501	122.490782	-0.041935	0.065848	0.996948	-0.795423	-0.606020	0.006569	0.604603	-0.792719	0.077791
42706														9.708759	0.112982	0.750946	0.161813	0.001929	0.012507	1.000000	-0.000403	0.000047	0.000252	-0.327948	-0.609300	0.299660	-0.656817	4.398792	-85.517999	122.866423	-0.042408	0.065638	0.996942	-0.795969	-0.605308	0.005994	0.603851	-0.793280	0.077916
42707														9.655086	0.061831	0.775585	0.160919	0.001065	0.012918	1.000000	-0.000454	0.000051	0.000181	-0.328172	-0.609048	0.300103	-0.656736	4.083597	-85.515172	123.121181	-0.042727	0.065490	0.996938	-0.796599	-0.604483	0.005568	0.602997	-0.793922	0.077997
42708														9.595386	0.044091	0.758473	0.159923	0.000761	0.012637	1.000000	-0.000482	0.000021	0.000123	-0.328443	-0.608841	0.300545	-0.656590	3.867071	-85.517901	123.273188	-0.042874	0.065336	0.996942	-0.797273	-0.603596	0.005270	0.602094	-0.794609	0.077970
42709														9.589913	-0.029832	0.724498	0.159831	-0.000475	0.012081	1.000000	-0.000443	-0.000038	0.000104	-0.328650	-0.608690	0.300928	-0.656451	3.675968	-85.524143	123.411004	-0.042971	0.065142	0.996950	-0.797829	-0.602863	0.005003	0.601351	-0.795181	0.077878
42710														9.656364	-0.108819	0.669341	0.160938	-0.001790	0.011176	1.000000	-0.000347	-0.000122	0.000121	-0.328787	-0.608613	0.301312	-0.656278	3.480147	-85.540937	123.559946	-0.042979	0.064787	0.996973	-0.798316	-0.602221	0.004719	0.600704	-0.795697	0.077603
42711														9.710396	-0.114492	0.656618	0.161838	-0.001879	0.010972	1.000000	-0.000240	-0.000174	0.000162	-0.328795	-0.608618	0.301653	-0.656112	3.251271	-85.566413	123.757643	-0.042956	0.064270	0.997008	-0.798636	-0.601798	0.004384	0.600279	-0.796058	0.077179
42712														9.764288	-0.090319	0.656444	0.162736	-0.001479	0.010970	1.000000	-0.000105	-0.000180	0.000152	-0.328704	-0.608681	0.301879	-0.655995	3.050488	-85.591850	123.946689	-0.042921	0.063760	0.997042	-0.798753	-0.601645	0.004090	0.600126	-0.796215	0.076752
42713														9.812163	-0.070945	0.669204	0.163535	-0.001164	0.011170	1.000000	-0.000053	-0.000102	0.000111	-0.328641	-0.608708	0.302026	-0.655935	2.898786	-85.606331	124.091117	-0.042940	0.063443	0.997061	-0.798825	-0.601551	0.003874	0.600029	-0.796311	0.076511
42714														9.782076	-0.007285	0.681526	0.163034	-0.000114	0.011369	1.000000	-0.000008	-0.000063	0.000047	-0.328607	-0.608730	0.302089	-0.655902	2.836603	-85.614165	124.150763	-0.042930	0.063286	0.997072	-0.798850	-0.601519	0.003784	0.599997	-0.796348	0.076379
42715														9.734040	0.055018	0.684691	0.162234	0.000911	0.011414	1.000000	-0.000033	-0.000015	-0.000040	-0.328662	-0.608767	0.302116	-0.655828	2.916852	-85.620866	124.063300	-0.042768	0.063255	0.997081	-0.798927	-0.601415	0.003885	0.599905	-0.796429	0.076257
42716														9.709998	0.096878	0.672989	0.161833	0.001600	0.011219	1.000000	-0.000088	-0.000015	-0.000094	-0.328772	-0.608813	0.302132	-0.655722	3.077206	-85.627817	123.891596	-0.042510	0.063282	0.997090	-0.799050	-0.601250	0.004092	0.599760	-0.796551	0.076125
42717														9.662281	0.076754	0.657214	0.161038	0.001261	0.010956	1.000000	-0.000171	-0.000013	-0.000122	-0.328968	-0.608820	0.302197	-0.655587	3.261157	-85.632540	123.684082	-0.042235	0.063367	0.997096	-0.799302	-0.600914	0.004332	0.599444	-0.796798	0.076029
42718														9.662368	0.073125	0.636763	0.161039	0.001204	0.010619	1.000000	-0.000217	-0.000041	-0.000103	-0.329177	-0.608824	0.302318	-0.655424	3.415637	-85.640743	123.499867	-0.041953	0.063384	0.997107	-0.799617	-0.600493	0.004529	0.599043	-0.797114	0.075875
42719														9.716197	0.077413	0.646083	0.161936	0.001283	0.010775	1.000000	-0.000248	-0.000043	-0.000059	-0.329311	-0.608868	0.302440	-0.655259	3.527758	-85.654929	123.364767	-0.041667	0.063276	0.997126	-0.799860	-0.600168	0.004662	0.598738	-0.797367	0.075620
42720														9.698490	0.045074	0.622326	0.161641	0.000750	0.010375	1.000000	-0.000229	-0.000017	-0.000023	-0.329475	-0.608802	0.302590	-0.655169	3.538578	-85.656021	123.325595	-0.041614	0.063289	0.997127	-0.800157	-0.599772	0.004675	0.598345	-0.797664	0.075600
42721														9.722418	0.033953	0.646731	0.162040	0.000575	0.010778	1.000000	-0.000234	0.000003	0.000040	-0.329611	-0.608758	0.302807	-0.655040	3.492879	-85.665264	123.339394	-0.041540	0.063144	0.997139	-0.800490	-0.599329	0.004605	0.597905	-0.798009	0.075443
42722														9.716466	0.008273	0.685750	0.161941	0.000151	0.011429	1.000000	-0.000180	0.000003	0.000068	-0.329701	-0.608675	0.302989	-0.654988	3.378686	-85.666835	123.428965	-0.041624	0.063057	0.997142	-0.800744	-0.598990	0.004453	0.597559	-0.798270	0.075425
42723														9.716299	0.036555	0.699104	0.161938	0.000624	0.011650	1.000000	-0.000134	0.000010	0.000084	-0.329711	-0.608655	0.303123	-0.654940	3.273289	-85.673824	123.521423	-0.041658	0.062888	0.997151	-0.800876	-0.598814	0.004307	0.597379	-0.798415	0.075311
42724														9.740270	0.018434	0.703865	0.162338	0.000324	0.011729	1.000000	-0.000129	0.000011	0.000094	-0.329746	-0.608596	0.303282	-0.654904	3.135045	-85.677249	123.642159	-0.041758	0.062750	0.997155	-0.801056	-0.598575	0.004122	0.597131	-0.798605	0.075262
42725														9.829891	0.006151	0.760808	0.163831	0.000118	0.012681	1.000000	-0.000092	-0.000003	0.000088	-0.329766	-0.608556	0.303427	-0.654864	3.012162	-85.682245	123.750206	-0.041828	0.062599	0.997162	-0.801207	-0.598374	0.003956	0.596923	-0.798768	0.075184
42726														9.704376	0.001261	0.750089	0.161739	0.000033	0.012509	1.000000	-0.000053	-0.000044	0.000070	-0.329737	-0.608577	0.303526	-0.654813	2.926956	-85.692399	123.829161	-0.041816	0.062395	0.997175	-0.801270	-0.598290	0.003835	0.596840	-0.798846	0.075013
42727														9.674402	0.059487	0.742547	0.161238	0.001004	0.012398	1.000000	-0.000040	-0.000138	0.000076	-0.329679	-0.608679	0.303673	-0.654679	2.855826	-85.717225	123.892747	-0.041644	0.061990	0.997208	-0.801346	-0.598189	0.003721	0.596749	-0.798954	0.074586
42728														9.591057	0.035926	0.723451	0.159848	0.000610	0.012093	1.000000	-0.000045	-0.000222	0.000068	-0.329629	-0.608795	0.303857	-0.654510	2.780762	-85.746731	123.956147	-0.041426	0.061518	0.997246	-0.801465	-0.598031	0.003598	0.596605	-0.799109	0.074078
42729														9.549550	0.086568	0.649292	0.159154	0.001443	0.010890	1.000000	-0.000034	-0.000430	0.000001	-0.329512	-0.609095	0.304022	-0.654214	2.831154	-85.800047	123.902473	-0.040850	0.060786	0.997315	-0.801499	-0.597986	0.003617	0.596600	-0.799199	0.073148
42730														9.645985	0.059461	0.604023	0.160760	0.000993	0.010163	1.000000	-0.000053	-0.000596	0.000009	-0.329371	-0.609458	0.304266	-0.653833	2.861672	-85.867966	123.863773	-0.040151	0.059832	0.997401	-0.801582	-0.597873	0.003597	0.596535	-0.799354	0.071965
42731														9.712261	0.110832	0.523752	0.161865	0.001851	0.008839	1.000000	-0.000073	-0.000682	0.000022	-0.329209	-0.609904	0.304580	-0.653352	2.903677	-85.952369	123.809528	-0.039276	0.058649	0.997506	-0.801708	-0.597705	0.003576	0.596424	-0.799568	0.070495
42732														9.766560	0.115187	0.433968	0.162771	0.001934	0.007340	1.000000	-0.000123	-0.000659	0.000080	-0.329075	-0.610263	0.304971	-0.652903	2.825155	-86.030308	123.866133	-0.038578	0.057484	0.997601	-0.801932	-0.597405	0.003412	0.596168	-0.799877	0.069145
42733														9.814535	0.132433	0.330422	0.163572	0.002223	0.005605	1.000000	-0.000196	-0.000600	0.000088	-0.328969	-0.610616	0.305388	-0.652431	2.752335	-86.109429	123.912142	-0.037856	0.056309	0.997695	-0.802208	-0.597036	0.003258	0.595844	-0.800236	0.067773
42734														9.862500	0.135987	0.275569	0.164373	0.002284	0.004665	1.000000	-0.000259	-0.000444	0.000098	-0.328983	-0.610780	0.305819	-0.652067	2.607110	-86.163287	124.017795	-0.037435	0.055462	0.997759	-0.802615	-0.596489	0.003044	0.595321	-0.800703	0.066844
42735														9.868712	0.114938	0.263373	0.164477	0.001932	0.004428	1.000000	-0.000327	-0.000236	0.000091	-0.329076	-0.610831	0.306207	-0.651791	2.466524	-86.198080	124.115300	-0.037189	0.054897	0.997799	-0.803060	-0.595892	0.002854	0.594737	-0.801186	0.066246
42736														9.827214	0.058821	0.287331	0.163787	0.000991	0.004782	1.000000	-0.000342	0.000042	0.000054	-0.329299	-0.610717	0.306511	-0.651643	2.376584	-86.203717	124.157546	-0.037174	0.054788	0.997806	-0.803553	-0.595226	0.002746	0.594071	-0.801688	0.066152
42737														9.935210	0.025030	0.364640	0.165589	0.000430	0.006007	1.000000	-0.000341	0.000424	0.000067	-0.329597	-0.610346	0.306653	-0.651772	2.226641	-86.162161	124.266881	-0.037686	0.055315	0.997757	-0.803973	-0.594660	0.002601	0.593470	-0.802072	0.066882
42738														9.959143	-0.021356	0.475481	0.165993	-0.000322	0.007774	1.000000	-0.000271	0.000910	0.000193	-0.329909	-0.609641	0.306654	-0.652274	1.842988	-86.064220	124.620431	-0.038996	0.056485	0.997642	-0.804280	-0.594247	0.002207	0.592970	-0.802297	0.068603
42739														9.862455	0.011457	0.573137	0.164386	0.000239	0.009340	0.999999	-0.000230	0.001290	0.000282	-0.330295	-0.608662	0.306600	-0.653018	1.326023	-85.924364	125.104761	-0.040872	0.058145	0.997471	-0.804609	-0.593803	0.001645	0.592397	-0.802507	0.071054
42740														9.711135	0.026759	0.713510	0.161871	0.000498	0.011636	0.999999	-0.000199	0.001580	0.000305	-0.330732	-0.607487	0.306437	-0.653967	0.797530	-85.749314	125.605153	-0.043153	0.060263	0.997249	-0.804888	-0.593425	0.001032	0.591855	-0.802630	0.074113
42741														9.642611	-0.001643	0.826500	0.160734	0.000027	0.013495	0.999998	-0.000204	0.001741	0.000324	-0.331205	-0.606208	0.306235	-0.655008	0.285575	-85.557037	126.088809	-0.045631	0.062601	0.996995	-0.805168	-0.593047	0.000386	0.591289	-0.802731	0.077466
42742														9.501839	-0.041042	0.899688	0.158390	-0.000629	0.014724	0.999998	-0.000198	0.001709	0.000331	-0.331666	-0.604913	0.306031	-0.656066	-0.209185	-85.362548	126.556293	-0.048156	0.064945	0.996726	-0.805434	-0.592685	-0.000295	0.590726	-0.802812	0.080850
42743														9.378352	-0.096849	1.006776	0.156332	-0.001559	0.016539	0.999999	-0.000160	0.001538	0.000338	-0.332020	-0.603771	0.305848	-0.657024	-0.663983	-85.190580	126.991955	-0.050448	0.066966	0.996479	-0.805615	-0.592439	-0.000972	0.590288	-0.802827	0.083836
42744														9.500078	-0.138705	1.097969	0.158358	-0.002265	0.018099	0.999999	-0.000128	0.001269	0.000281	-0.332329	-0.602837	0.305725	-0.657782	-1.010118	-85.051972	127.318249	-0.052290	0.068595	0.996273	-0.805804	-0.592180	-0.001521	0.589869	-0.802881	0.086239
42745														9.598639	-0.144512	1.153130	0.159997	-0.002363	0.019062	0.999999	-0.000091	0.000980	0.000271	-0.332480	-0.602117	0.305609	-0.658419	-1.334927	-84.943307	127.637487	-0.053825	0.069798	0.996108	-0.805846	-0.592121	-0.002053	0.589673	-0.802821	0.088117
42746														9.591315	-0.141248	1.134301	0.159868	-0.002315	0.018801	1.000000	0.000008	0.000654	0.000244	-0.332555	-0.601621	0.305578	-0.658848	-1.612474	-84.871911	127.909365	-0.054918	0.070521	0.995997	-0.805891	-0.592058	-0.002515	0.589511	-0.802804	0.089347
42747														9.519038	-0.125840	1.114944	0.158655	-0.002071	0.018545	1.000000	0.000055	0.000237	0.000174	-0.332495	-0.601452	0.305592	-0.659027	-1.803896	-84.848853	128.104448	-0.055405	0.070649	0.995961	-0.805844	-0.592121	-0.002826	0.589530	-0.802746	0.089739
42748														9.632898	-0.098931	1.099600	0.160547	-0.001630	0.018343	1.000000	0.000112	-0.000103	0.000132	-0.332305	-0.601568	0.305647	-0.658991	-1.940388	-84.868455	128.253688	-0.055378	0.070237	0.995992	-0.805707	-0.592307	-0.003029	0.589720	-0.802645	0.089391
42749														9.610289	-0.095057	1.050411	0.160165	-0.001573	0.017563	1.000000	0.000166	-0.000353	0.000086	-0.332063	-0.601861	0.305741	-0.658802	-2.026872	-84.915341	128.354666	-0.054996	0.069500	0.996065	-0.805555	-0.592513	-0.003135	0.589964	-0.802557	0.088572
42750														9.612637	-0.063881	0.968216	0.160201	-0.001047	0.016231	1.000000	0.000174	-0.000589	0.000126	-0.331726	-0.602268	0.305926	-0.658514	-2.187805	-84.984251	128.530982	-0.054463	0.068394	0.996171	-0.805391	-0.592735	-0.003338	0.590237	-0.802489	0.087366
42751														9.657031	-0.023110	0.890031	0.160938	-0.000356	0.014965	1.000000	0.000157	-0.000813	0.000194	-0.331273	-0.602808	0.306230	-0.658106	-2.455789	-85.079729	128.814533	-0.053760	0.066830	0.996315	-0.805222	-0.592962	-0.003675	0.590532	-0.802452	0.085691
42752														9.647875	0.014339	0.797225	0.160785	0.000270	0.013443	1.000000	0.000070	-0.000971	0.000198	-0.330791	-0.603453	0.306626	-0.657573	-2.754487	-85.196055	129.123585	-0.052844	0.064969	0.996487	-0.805107	-0.593116	-0.004025	0.590771	-0.802492	0.083650
42753														9.656318	-0.000133	0.705015	0.160925	0.000029	0.011929	0.999999	-0.000016	-0.001110	0.000194	-0.330349	-0.604127	0.307137	-0.656938	-3.089675	-85.324423	129.455178	-0.051800	0.062938	0.996672	-0.805137	-0.593073	-0.004393	0.590823	-0.802685	0.081395
42754														9.676406	-0.023202	0.613498	0.161262	-0.000350	0.010408	0.999999	-0.000076	-0.001136	0.000225	-0.329910	-0.604816	0.307722	-0.656250	-3.488132	-85.460023	129.843147	-0.050713	0.060775	0.996862	-0.805237	-0.592933	-0.004816	0.590780	-0.802955	0.079008
42755														9.684192	-0.038255	0.520008	0.161394	-0.000603	0.008839	0.999999	-0.000136	-0.001067	0.000209	-0.329545	-0.605438	0.308320	-0.655579	-3.888212	-85.587090	130.224595	-0.049689	0.058748	0.997035	-0.805422	-0.592678	-0.005218	0.590615	-0.803294	0.076767
42756														9.685184	-0.077621	0.467009	0.161412	-0.001260	0.007938	1.000000	-0.000196	-0.000953	0.000197	-0.329247	-0.605960	0.308894	-0.654976	-4.293620	-85.698481	130.607070	-0.048818	0.056943	0.997183	-0.805652	-0.592362	-0.005615	0.590374	-0.803657	0.074795
42757														9.685730	-0.146714	0.402987	0.161424	-0.002413	0.006849	1.000000	-0.000180	-0.000816	0.000195	-0.328976	-0.606405	0.309407	-0.654458	-4.695828	-85.794847	130.989075	-0.048097	0.055350	0.997308	-0.805853	-0.592085	-0.006003	0.590158	-0.803973	0.073082
42758														9.835275	-0.219259	0.396942	0.163918	-0.003628	0.006717	1.000000	-0.000122	-0.000617	0.000156	-0.328750	-0.606751	0.309788	-0.654071	-5.023283	-85.868465	131.303792	-0.047554	0.054123	0.997401	-0.805979	-0.591910	-0.006308	0.590030	-0.804185	0.071770
42759														9.949267	-0.216794	0.375725	0.165819	-0.003602	0.006314	1.000000	-0.000031	-0.000314	0.000065	-0.328634	-0.606952	0.309966	-0.653858	-5.160357	-85.908395	131.435952	-0.047219	0.053492	0.997451	-0.806029	-0.591842	-0.006418	0.589990	-0.804277	0.071062
42760														9.931308	-0.227946	0.428994	0.165521	-0.003807	0.007153	1.000000	0.000090	-0.000020	-0.000044	-0.328576	-0.607025	0.309865	-0.653867	-5.080661	-85.912020	131.370726	-0.047116	0.053498	0.997456	-0.805882	-0.592043	-0.006313	0.590198	-0.804129	0.071008
42761														9.866098	-0.135016	0.438800	0.164436	-0.002288	0.007281	1.000000	0.000158	0.000196	-0.000223	-0.328708	-0.607039	0.309593	-0.653917	-4.665689	-85.897059	130.968263	-0.046910	0.054024	0.997437	-0.805765	-0.592207	-0.005820	0.590375	-0.803973	0.071312
42762														9.776504	-0.055527	0.521503	0.162945	-0.000983	0.008625	1.000000	0.000181	0.000409	-0.000344	-0.328958	-0.606944	0.309143	-0.654091	-4.043559	-85.855184	130.363456	-0.046809	0.055072	0.997385	-0.805603	-0.592434	-0.005097	0.590603	-0.803735	0.072098
42763														9.650699	0.015613	0.567103	0.160850	0.000185	0.009368	1.000000	0.000139	0.000523	-0.000459	-0.329332	-0.606814	0.308610	-0.654276	-3.246020	-85.802740	129.579462	-0.046633	0.056411	0.997318	-0.805486	-0.592601	-0.004144	0.590777	-0.803519	0.073073
42764														9.662053	0.081754	0.626948	0.161041	0.001284	0.010353	1.000000	0.000052	0.000595	-0.000483	-0.329831	-0.606635	0.308140	-0.654413	-2.417294	-85.747330	128.747124	-0.046412	0.057835	0.997247	-0.805547	-0.592523	-0.003128	0.590711	-0.803475	0.074089
42765														9.714629	0.049664	0.682662	0.161918	0.000756	0.011269	1.000000	-0.000020	0.000671	-0.000447	-0.330373	-0.606308	0.307683	-0.654656	-1.698753	-85.671406	128.019304	-0.046488	0.059461	0.997148	-0.805664	-0.592369	-0.002237	0.590546	-0.803470	0.075443
42766														9.719347	0.019241	0.717521	0.161998	0.000264	0.011837	1.000000	-0.000060	0.000751	-0.000354	-0.330850	-0.605966	0.307265	-0.654928	-1.122325	-85.595281	127.436110	-0.046686	0.060983	0.997046	-0.805751	-0.592253	-0.001504	0.590412	-0.803441	0.076786
42767														9.706104	0.069022	0.763361	0.161778	0.001102	0.012599	1.000000	-0.000083	0.000763	-0.000307	-0.331363	-0.605558	0.306919	-0.655209	-0.640730	-85.514550	126.937723	-0.046998	0.062509	0.996937	-0.805939	-0.591998	-0.000875	0.590130	-0.803511	0.078201
42768														9.674463	0.071295	0.832257	0.161252	0.001152	0.013748	1.000000	-0.000114	0.000759	-0.000236	-0.331832	-0.605136	0.306631	-0.655496	-0.276363	-85.435742	126.555361	-0.047396	0.063923	0.996829	-0.806136	-0.591730	-0.000384	0.589829	-0.803598	0.079576
42769														9.679541	-0.003476	0.813167	0.161334	-0.000088	0.013454	1.000000	-0.000137	0.000615	-0.000201	-0.332281	-0.604760	0.306446	-0.655703	0.018163	-85.370423	126.235554	-0.047710	0.065103	0.996737	-0.806407	-0.591361	0.000026	0.589433	-0.803775	0.080713
42770														9.536556	-0.159776	0.711991	0.158944	-0.002694	0.011838	1.000000	-0.000004	0.000178	-0.000198	-0.332493	-0.604733	0.306309	-0.655684	0.321827	-85.356936	125.924826	-0.047494	0.065551	0.996718	-0.806490	-0.591248	0.000455	0.589337	-0.803822	0.080947
42771														9.465807	-0.328957	0.647263	0.157756	-0.005529	0.010871	1.000000	0.000276	-0.000538	-0.000276	-0.332315	-0.605314	0.306136	-0.655319	0.772974	-85.425266	125.506950	-0.046324	0.064928	0.996814	-0.806161	-0.591696	0.001076	0.589881	-0.803542	0.079752
42772														9.567789	-0.201963	0.719374	0.159449	-0.003445	0.012154	0.999999	0.000671	-0.001044	-0.000445	-0.331916	-0.606352	0.305806	-0.654715	1.537126	-85.545509	124.811390	-0.044338	0.063768	0.996979	-0.805473	-0.592629	0.002083	0.590972	-0.802948	0.077639
42773														9.754552	-0.046233	0.714957	0.162562	-0.000881	0.012097	0.999999	0.000889	-0.001118	-0.000615	-0.331448	-0.607577	0.305238	-0.654081	2.628108	-85.673534	123.817053	-0.041985	0.062676	0.997150	-0.804499	-0.593945	0.003459	0.592469	-0.802061	0.075360
42774														9.928078	0.172762	0.803374	0.165460	0.002747	0.013511	0.999999	0.000949	-0.000720	-0.000721	-0.331101	-0.608611	0.304411	-0.653681	3.910369	-85.754717	122.642922	-0.039930	0.062334	0.997256	-0.803404	-0.595413	0.005048	0.594094	-0.800998	0.073854
42775														9.981908	0.295128	0.796723	0.166365	0.004783	0.013324	0.999999	0.000805	-0.000249	-0.000753	-0.331037	-0.609283	0.303525	-0.653500	5.209608	-85.779306	121.430343	-0.038379	0.062800	0.997288	-0.802530	-0.596574	0.006683	0.595376	-0.800097	0.073294
42776														9.915905	0.333879	0.755079	0.165269	0.005454	0.012579	1.000000	0.000616	0.000056	-0.000620	-0.331093	-0.609664	0.302747	-0.653477	6.254342	-85.770712	120.450907	-0.037375	0.063575	0.997277	-0.801871	-0.597443	0.008034	0.596327	-0.799387	0.073309
