// Start Time: Unknown
// Update Rate: 20.0Hz
// Filter Profile: human (46.1)
// Option Flags: AHS Disabled ICC Disabled
// Firmware Version: 4.0.2
0	sampleTimeFine	Year	Month	Day	Second	UTC_Nano	UTC_Year	UTC_Month	UTC_Day	UTC_Hour	UTC_Minute	UTC_Second	UTC_Valid	Acc_X	Acc_Y	Acc_Z	Mat[1][1]	Mat[2][1]	Mat[3][1]	Mat[1][2]	Mat[2][2]	Mat[3][2]	Mat[1][3]	Mat[2][3]	Mat[3][3]
0	5766642270.000000													9.452365	-1.837380	-1.961162	-0.200468	-0.509181	-0.836987	-0.188491	-0.818323	0.542972	-0.961397	0.266613	0.068072
1	5766692273.000000													9.431063	-1.820004	-1.936658	-0.200510	-0.509179	-0.836978	-0.188538	-0.818304	0.542985	-0.961379	0.266676	0.068079
2	5766742275.000000													9.449083	-1.817821	-1.942145	-0.200670	-0.509274	-0.836882	-0.188706	-0.818167	0.543133	-0.961312	0.266915	0.068079
3	5766792277.000000													9.456738	-1.860506	-1.990047	-0.200817	-0.509445	-0.836743	-0.188819	-0.817998	0.543348	-0.961260	0.267106	0.068075
4	5766842279.000000													9.445087	-1.850156	-1.949402	-0.200866	-0.509515	-0.836688	-0.188836	-0.817938	0.543431	-0.961246	0.267154	0.068081
5	5766892281.000000													9.440093	-1.829234	-1.937310	-0.200966	-0.509545	-0.836646	-0.188791	-0.817913	0.543485	-0.961234	0.267173	0.068176
6	5766942283.000000													9.464280	-1.822192	-1.954901	-0.201109	-0.509548	-0.836609	-0.188844	-0.817871	0.543531	-0.961194	0.267298	0.068256
7	5766992286.000000													9.433390	-1.847246	-1.977226	-0.201266	-0.509809	-0.836413	-0.188916	-0.817653	0.543834	-0.961147	0.267467	0.068254
8	5767042288.000000													9.436500	-1.851285	-1.997636	-0.201322	-0.509894	-0.836348	-0.188839	-0.817609	0.543926	-0.961150	0.267440	0.068314
9	5767092290.000000													9.453376	-1.808748	-1.958879	-0.201368	-0.510006	-0.836269	-0.188767	-0.817548	0.544042	-0.961155	0.267412	0.068356
10	5767142292.000000													9.441222	-1.835034	-1.961254	-0.201539	-0.510233	-0.836089	-0.188758	-0.817372	0.544311	-0.961120	0.267518	0.068422
11	5767192294.000000													9.446084	-1.826058	-1.977411	-0.201794	-0.509908	-0.836225	-0.188795	-0.817527	0.544065	-0.961060	0.267664	0.068704
12	5767242297.000000													9.445986	-1.839154	-1.955624	-0.202145	-0.509415	-0.836441	-0.188945	-0.817742	0.543690	-0.960957	0.267945	0.069051
13	5767292299.000000													9.434547	-1.836390	-1.996563	-0.202379	-0.509259	-0.836479	-0.189067	-0.817767	0.543610	-0.960883	0.268166	0.069215
14	5767342301.000000													9.438379	-1.853032	-1.992050	-0.202623	-0.509196	-0.836459	-0.189106	-0.817752	0.543617	-0.960824	0.268329	0.069403
15	5767392303.000000													9.436246	-1.858634	-1.996094	-0.202681	-0.509407	-0.836316	-0.189026	-0.817627	0.543834	-0.960828	0.268310	0.069426
16	5767442305.000000													9.427969	-1.838428	-1.988030	-0.202685	-0.509524	-0.836244	-0.188844	-0.817601	0.543936	-0.960862	0.268168	0.069494
17	5767492307.000000													9.458751	-1.814279	-1.994705	-0.202699	-0.509875	-0.836027	-0.188686	-0.817414	0.544271	-0.960891	0.268070	0.069483
18	5767542310.000000													9.433362	-1.851158	-1.984524	-0.202735	-0.510102	-0.835880	-0.188520	-0.817307	0.544491	-0.960916	0.267967	0.069532
19	5767592312.000000													9.437756	-1.804955	-1.973780	-0.202939	-0.509816	-0.836004	-0.188500	-0.817461	0.544266	-0.960876	0.268040	0.069794
20	5767642314.000000													9.455081	-1.820754	-1.982941	-0.203169	-0.509583	-0.836091	-0.188590	-0.817546	0.544107	-0.960810	0.268224	0.069997
21	5767692316.000000													9.424711	-1.841174	-2.010060	-0.203339	-0.509360	-0.836186	-0.188615	-0.817653	0.543937	-0.960769	0.268320	0.070188
22	5767742318.000000													9.427528	-1.830864	-1.986560	-0.203601	-0.508908	-0.836397	-0.188674	-0.817883	0.543571	-0.960702	0.268478	0.070504
23	5767792320.000000													9.434462	-1.838020	-1.984724	-0.203761	-0.508692	-0.836489	-0.188807	-0.817957	0.543413	-0.960642	0.268661	0.070623
24	5767842323.000000													9.442352	-1.842239	-2.018712	-0.203896	-0.508370	-0.836652	-0.188825	-0.818136	0.543137	-0.960610	0.268725	0.070822
25	5767892325.000000													9.429258	-1.820879	-1.974864	-0.204037	-0.508399	-0.836600	-0.188812	-0.818096	0.543203	-0.960583	0.268793	0.070930
26	5767942327.000000													9.433125	-1.842090	-2.011240	-0.204147	-0.508523	-0.836498	-0.188820	-0.817993	0.543355	-0.960558	0.268872	0.070971
27	5767992329.000000													9.432294	-1.829226	-1.992817	-0.204323	-0.508188	-0.836658	-0.188832	-0.818175	0.543077	-0.960518	0.268951	0.071210
28	5768042331.000000													9.435288	-1.835537	-2.010737	-0.204463	-0.508162	-0.836640	-0.188878	-0.818154	0.543092	-0.960479	0.269065	0.071302
29	5768092333.000000													9.426800	-1.842727	-2.019258	-0.204611	-0.508162	-0.836604	-0.188924	-0.818114	0.543137	-0.960438	0.269186	0.071391
30	5768142336.000000													9.429783	-1.840737	-1.995686	-0.204799	-0.508063	-0.836618	-0.188978	-0.818128	0.543096	-0.960388	0.269328	0.071539
31	5768192338.000000													9.439479	-1.848662	-2.022524	-0.204843	-0.508198	-0.836525	-0.188991	-0.818029	0.543241	-0.960376	0.269375	0.071523
32	5768242340.000000													9.434668	-1.847702	-2.005313	-0.204857	-0.508444	-0.836372	-0.188818	-0.817915	0.543472	-0.960407	0.269256	0.071553
33	5768292342.000000													9.433915	-1.816298	-1.990963	-0.204860	-0.508475	-0.836353	-0.188618	-0.817951	0.543488	-0.960445	0.269091	0.071658
34	5768342344.000000													9.452907	-1.809667	-1.985128	-0.205018	-0.508431	-0.836341	-0.188570	-0.817964	0.543485	-0.960421	0.269133	0.071823
35	5768392347.000000													9.423778	-1.845040	-2.027646	-0.205192	-0.508096	-0.836502	-0.188626	-0.818134	0.543209	-0.960373	0.269248	0.072034
36	5768442349.000000													9.438510	-1.832336	-2.016599	-0.205335	-0.507918	-0.836574	-0.188666	-0.818213	0.543078	-0.960335	0.269346	0.072181
37	5768492351.000000													9.434593	-1.831675	-2.032444	-0.205464	-0.507873	-0.836570	-0.188753	-0.818194	0.543075	-0.960290	0.269487	0.072247
38	5768542353.000000													9.429598	-1.857004	-2.023298	-0.205511	-0.508032	-0.836462	-0.188718	-0.818092	0.543241	-0.960287	0.269498	0.072252
39	5768592355.000000													9.434422	-1.833985	-2.009502	-0.205589	-0.508056	-0.836428	-0.188700	-0.818067	0.543285	-0.960274	0.269528	0.072315
40	5768642357.000000													9.419947	-1.843194	-2.024494	-0.205602	-0.508045	-0.836432	-0.188679	-0.818078	0.543276	-0.960275	0.269515	0.072341
41	5768692360.000000													9.436858	-1.811346	-2.013803	-0.205670	-0.508074	-0.836397	-0.188744	-0.818029	0.543328	-0.960248	0.269611	0.072348
42	5768742362.000000													9.434430	-1.858359	-2.038442	-0.205653	-0.508086	-0.836394	-0.188848	-0.817995	0.543342	-0.960231	0.269691	0.072272
43	5768792364.000000													9.428374	-1.843196	-2.024100	-0.205536	-0.508398	-0.836233	-0.188679	-0.817861	0.543603	-0.960289	0.269510	0.072176
44	5768842366.000000													9.441641	-1.815935	-2.010117	-0.205447	-0.508477	-0.836207	-0.188565	-0.817858	0.543647	-0.960330	0.269370	0.072146
45	5768892368.000000													9.445333	-1.816864	-2.008236	-0.205423	-0.508225	-0.836366	-0.188566	-0.818025	0.543395	-0.960336	0.269336	0.072207
46	5768942370.000000													9.427601	-1.867436	-2.021163	-0.205382	-0.508415	-0.836261	-0.188503	-0.817927	0.543564	-0.960357	0.269276	0.072150
47	5768992373.000000													9.438534	-1.838974	-2.014593	-0.205272	-0.508355	-0.836325	-0.188384	-0.818020	0.543466	-0.960404	0.269108	0.072151
48	5769042375.000000													9.442043	-1.805237	-1.989892	-0.205248	-0.508048	-0.836517	-0.188436	-0.818209	0.543164	-0.960398	0.269113	0.072201
49	5769092377.000000													9.440332	-1.829588	-2.003052	-0.205440	-0.507341	-0.836899	-0.188719	-0.818553	0.542545	-0.960302	0.269399	0.072418
50	5769142379.000000													9.423032	-1.863678	-2.026207	-0.205620	-0.506976	-0.837076	-0.188824	-0.818727	0.542246	-0.960243	0.269556	0.072617
51	5769192381.000000													9.429228	-1.847613	-2.017969	-0.205613	-0.507104	-0.837000	-0.188824	-0.818646	0.542369	-0.960244	0.269564	0.072571
52	5769242383.000000													9.434177	-1.830419	-2.031897	-0.205529	-0.507322	-0.836889	-0.188711	-0.818552	0.542551	-0.960284	0.269440	0.072499
53	5769292386.000000													9.443010	-1.838708	-2.010358	-0.205487	-0.507677	-0.836684	-0.188635	-0.818350	0.542881	-0.960308	0.269383	0.072395
54	5769342388.000000													9.436980	-1.859200	-2.017872	-0.205416	-0.507624	-0.836733	-0.188451	-0.818449	0.542796	-0.960360	0.269182	0.072460
55	5769392390.000000													9.441195	-1.820306	-2.009897	-0.205418	-0.507452	-0.836837	-0.188393	-0.818577	0.542623	-0.960371	0.269118	0.072550
56	5769442392.000000													9.434487	-1.854873	-1.990595	-0.205397	-0.507276	-0.836949	-0.188311	-0.818717	0.542440	-0.960391	0.269022	0.072636
57	5769492394.000000													9.411491	-1.904436	-2.023908	-0.204955	-0.506039	-0.837806	-0.188064	-0.819667	0.541090	-0.960534	0.268460	0.072827
58	5769542396.000000													9.466353	-1.724679	-2.025457	-0.204713	-0.504607	-0.838728	-0.188050	-0.820637	0.539622	-0.960588	0.268190	0.073103
59	5769592399.000000													9.441187	-1.825449	-2.043466	-0.204804	-0.504796	-0.838592	-0.188135	-0.820476	0.539838	-0.960552	0.268330	0.073067
60	5769642401.000000													9.426468	-1.844478	-2.038451	-0.204774	-0.505417	-0.838225	-0.188038	-0.820108	0.540430	-0.960578	0.268284	0.072899
61	5769692403.000000													9.428710	-1.835697	-1.993643	-0.204692	-0.505975	-0.837908	-0.187882	-0.819806	0.540942	-0.960626	0.268154	0.072744
62	5769742405.000000													9.454797	-1.825659	-1.973740	-0.204571	-0.506111	-0.837856	-0.187751	-0.819777	0.541031	-0.960677	0.267988	0.072680
63	5769792407.000000													9.438855	-1.819695	-1.996131	-0.204599	-0.506303	-0.837733	-0.187696	-0.819663	0.541223	-0.960682	0.267972	0.072671
64	5769842410.000000													9.428136	-1.857305	-2.031646	-0.204515	-0.506193	-0.837820	-0.187577	-0.819782	0.541084	-0.960723	0.267816	0.072708
65	5769892412.000000													9.432068	-1.824375	-2.018084	-0.204182	-0.505691	-0.838204	-0.187456	-0.820200	0.540492	-0.960817	0.267485	0.072675
66	5769942414.000000													9.451031	-1.788996	-2.012632	-0.204059	-0.505619	-0.838278	-0.187376	-0.820291	0.540382	-0.960859	0.267343	0.072647
67	5769992416.000000													9.446209	-1.816281	-1.980528	-0.203998	-0.505685	-0.838252	-0.187446	-0.820240	0.540436	-0.960858	0.267375	0.072539
68	5770042418.000000													9.433699	-1.834757	-2.016126	-0.203946	-0.505749	-0.838227	-0.187567	-0.820174	0.540493	-0.960846	0.267455	0.072409
69	5770092420.000000													9.434843	-1.819287	-2.002322	-0.203833	-0.505761	-0.838247	-0.187678	-0.820156	0.540482	-0.960848	0.267489	0.072254
70	5770142423.000000													9.437072	-1.817700	-2.006686	-0.203886	-0.506073	-0.838045	-0.187816	-0.819906	0.540813	-0.960810	0.267663	0.072119
71	5770192425.000000													9.440919	-1.838565	-1.995432	-0.203843	-0.506444	-0.837832	-0.187966	-0.819633	0.541175	-0.960790	0.267799	0.071882
72	5770242427.000000													9.432819	-1.814662	-1.992396	-0.203891	-0.506936	-0.837523	-0.188108	-0.819267	0.541680	-0.960752	0.267989	0.071683
73	5770292429.000000													9.461980	-1.849159	-2.012563	-0.203907	-0.507133	-0.837400	-0.188331	-0.819075	0.541893	-0.960705	0.268204	0.071506
74	5770342431.000000													9.427114	-1.853156	-1.993433	-0.203839	-0.507304	-0.837313	-0.188416	-0.818952	0.542049	-0.960703	0.268253	0.071350
75	5770392433.000000													9.438653	-1.807675	-1.966942	-0.203867	-0.507417	-0.837237	-0.188449	-0.818865	0.542169	-0.960690	0.268307	0.071317
76	5770442436.000000													9.456923	-1.816775	-1.987023	-0.204007	-0.507408	-0.837208	-0.188805	-0.818746	0.542226	-0.960590	0.268687	0.071229
77	5770492438.000000													9.421816	-1.873260	-2.039854	-0.204154	-0.507669	-0.837015	-0.189002	-0.818495	0.542535	-0.960520	0.268959	0.071149
78	5770542440.000000													9.423664	-1.864976	-2.022606	-0.204090	-0.507759	-0.836976	-0.189064	-0.818431	0.542610	-0.960522	0.268983	0.071035
79	5770592442.000000													9.448853	-1.819925	-2.000228	-0.203981	-0.507638	-0.837075	-0.189129	-0.818510	0.542467	-0.960532	0.268968	0.070951
80	5770642444.000000													9.432383	-1.831340	-1.991308	-0.203993	-0.507583	-0.837106	-0.189353	-0.818482	0.542432	-0.960486	0.269161	0.070852
81	5770692446.000000													9.439207	-1.852337	-2.012309	-0.203976	-0.507320	-0.837270	-0.189541	-0.818602	0.542185	-0.960452	0.269289	0.070817
82	5770742449.000000													9.429718	-1.867636	-1.994608	-0.203986	-0.507134	-0.837380	-0.189730	-0.818668	0.542020	-0.960412	0.269441	0.070778
83	5770792451.000000													9.434387	-1.836450	-1.993055	-0.203999	-0.506970	-0.837476	-0.189857	-0.818736	0.541872	-0.960385	0.269542	0.070770
84	5770842453.000000													9.423187	-1.864136	-1.985367	-0.204050	-0.506901	-0.837506	-0.189951	-0.818745	0.541825	-0.960355	0.269644	0.070779
85	5770892455.000000													9.431306	-1.871738	-2.023600	-0.204061	-0.507090	-0.837388	-0.189956	-0.818619	0.542014	-0.960352	0.269671	0.070724
86	5770942457.000000													9.438088	-1.869615	-2.009780	-0.203980	-0.507303	-0.837279	-0.189851	-0.818525	0.542192	-0.960390	0.269555	0.070651
87	5770992459.000000													9.445177	-1.831620	-1.994453	-0.203942	-0.507455	-0.837196	-0.189732	-0.818467	0.542322	-0.960421	0.269445	0.070639
88	5771042462.000000													9.426186	-1.840887	-1.981856	-0.203916	-0.507685	-0.837063	-0.189540	-0.818377	0.542525	-0.960465	0.269287	0.070653
89	5771092464.000000													9.433198	-1.815922	-1.964849	-0.204002	-0.507596	-0.837096	-0.189584	-0.818406	0.542465	-0.960438	0.269364	0.070724
90	5771142466.000000													9.447206	-1.847869	-2.015059	-0.204272	-0.507501	-0.837088	-0.189761	-0.818370	0.542459	-0.960346	0.269656	0.070866
91	5771192468.000000													9.416605	-1.875886	-2.018927	-0.204377	-0.507538	-0.837040	-0.189810	-0.818313	0.542528	-0.960314	0.269759	0.070909
92	5771242470.000000													9.430952	-1.860809	-2.003930	-0.204439	-0.507578	-0.837000	-0.189823	-0.818272	0.542585	-0.960298	0.269808	0.070937
93	5771292473.000000													9.438030	-1.851549	-2.002054	-0.204465	-0.507586	-0.836989	-0.189792	-0.818271	0.542598	-0.960298	0.269796	0.070972
94	5771342475.000000													9.425425	-1.844226	-1.989822	-0.204522	-0.507745	-0.836878	-0.189826	-0.818147	0.542772	-0.960279	0.269870	0.070946
95	5771392477.000000													9.440482	-1.861427	-2.014206	-0.204590	-0.507821	-0.836816	-0.189787	-0.818097	0.542862	-0.960273	0.269881	0.070997
96	5771442479.000000													9.421942	-1.847659	-2.000940	-0.204692	-0.507839	-0.836780	-0.189693	-0.818093	0.542900	-0.960270	0.269859	0.071123
97	5771492481.000000													9.430454	-1.853093	-1.998001	-0.204857	-0.507773	-0.836779	-0.189679	-0.818109	0.542880	-0.960237	0.269932	0.071281
98	5771542483.000000													9.438695	-1.861202	-1.998840	-0.204959	-0.507899	-0.836678	-0.189590	-0.818034	0.543025	-0.960233	0.269924	0.071371
99	5771592486.000000													9.446249	-1.829651	-2.022856	-0.205122	-0.507783	-0.836709	-0.189535	-0.818095	0.542952	-0.960209	0.269957	0.071567
100	5771642488.000000													9.440269	-1.822561	-2.003768	-0.205312	-0.507365	-0.836916	-0.189615	-0.818309	0.542602	-0.960153	0.270094	0.071804
101	5771692490.000000													9.432871	-1.862662	-2.023682	-0.205492	-0.507336	-0.836889	-0.189642	-0.818287	0.542625	-0.960109	0.270215	0.071939
102	5771742492.000000													9.433771	-1.833368	-1.982842	-0.205709	-0.507077	-0.836993	-0.189638	-0.818417	0.542431	-0.960063	0.270309	0.072195
103	5771792494.000000													9.432159	-1.865348	-2.016663	-0.205920	-0.506790	-0.837115	-0.189653	-0.818560	0.542210	-0.960015	0.270413	0.072444
104	5771842496.000000													9.428555	-1.851567	-2.044770	-0.206095	-0.506655	-0.837153	-0.189671	-0.818611	0.542127	-0.959974	0.270513	0.072614
105	5771892499.000000													9.432099	-1.852316	-2.027898	-0.206219	-0.506507	-0.837212	-0.189624	-0.818697	0.542013	-0.959956	0.270529	0.072785
106	5771942501.000000													9.431023	-1.817115	-2.017267	-0.206312	-0.506286	-0.837323	-0.189626	-0.818823	0.541822	-0.959936	0.270563	0.072928
107	5771992503.000000													9.442105	-1.829553	-2.033188	-0.206472	-0.506386	-0.837223	-0.189674	-0.818715	0.541969	-0.959892	0.270701	0.072993
108	5772042505.000000													9.421862	-1.841665	-2.024955	-0.206637	-0.506383	-0.837184	-0.189801	-0.818651	0.542021	-0.959832	0.270900	0.073051
109	5772092507.000000													9.437218	-1.834737	-2.047901	-0.206751	-0.506276	-0.837221	-0.189928	-0.818663	0.541957	-0.959782	0.271062	0.073104
110	5772142509.000000													9.429709	-1.855053	-2.046966	-0.206880	-0.506104	-0.837293	-0.190073	-0.818711	0.541835	-0.959725	0.271242	0.073179
111	5772192512.000000													9.414332	-1.851523	-2.020858	-0.207002	-0.506154	-0.837232	-0.190186	-0.818624	0.541927	-0.959677	0.271410	0.073193
112	5772242514.000000													9.421837	-1.850701	-2.017067	-0.207091	-0.505809	-0.837419	-0.190393	-0.818772	0.541630	-0.959617	0.271605	0.073258
113	5772292516.000000													9.421944	-1.843462	-2.023466	-0.207263	-0.506156	-0.837167	-0.190569	-0.818466	0.542030	-0.959545	0.271880	0.073180
114	5772342518.000000													9.420858	-1.884848	-2.046349	-0.207407	-0.505798	-0.837347	-0.190756	-0.818619	0.541734	-0.959476	0.272088	0.073303
115	5772392520.000000													9.439905	-1.862199	-2.043545	-0.207436	-0.505768	-0.837358	-0.190881	-0.818597	0.541723	-0.959445	0.272209	0.073265
116	5772442523.000000													9.443867	-1.826954	-2.020530	-0.207397	-0.505947	-0.837260	-0.191031	-0.818446	0.541898	-0.959424	0.272331	0.073091
117	5772492525.000000													9.409048	-1.859708	-2.032012	-0.207488	-0.505962	-0.837228	-0.191259	-0.818355	0.541955	-0.959359	0.272577	0.073029
118	5772542527.000000													9.425951	-1.876800	-2.039798	-0.207585	-0.505884	-0.837251	-0.191491	-0.818321	0.541924	-0.959291	0.272821	0.072999
119	5772592529.000000													9.444191	-1.856589	-2.058316	-0.207705	-0.505858	-0.837237	-0.191694	-0.818258	0.541947	-0.959225	0.273058	0.072986
120	5772642531.000000													9.401831	-1.872831	-2.059106	-0.207779	-0.505901	-0.837193	-0.191947	-0.818145	0.542028	-0.959158	0.273319	0.072887
121	5772692533.000000													9.418195	-1.863664	-2.035617	-0.207931	-0.505444	-0.837431	-0.192247	-0.818327	0.541648	-0.959065	0.273619	0.072985
122	5772742536.000000													9.431394	-1.883172	-2.056734	-0.208036	-0.505384	-0.837442	-0.192490	-0.818277	0.541636	-0.958994	0.273879	0.072950
123	5772792538.000000													9.404284	-1.880936	-2.050316	-0.208143	-0.505243	-0.837500	-0.192672	-0.818296	0.541543	-0.958934	0.274081	0.072976
124	5772842540.000000													9.409812	-1.889348	-2.064274	-0.208261	-0.505261	-0.837460	-0.192792	-0.818229	0.541602	-0.958884	0.274250	0.072995
125	5772892542.000000													9.418590	-1.860045	-2.048092	-0.208297	-0.505507	-0.837302	-0.192832	-0.818052	0.541856	-0.958868	0.274325	0.072920
126	5772942544.000000													9.426074	-1.871149	-2.050648	-0.208387	-0.505692	-0.837168	-0.192899	-0.817896	0.542066	-0.958835	0.274448	0.072892
127	5772992546.000000													9.418302	-1.878603	-2.065100	-0.208403	-0.505636	-0.837198	-0.193028	-0.817892	0.542027	-0.958806	0.274563	0.072849
128	5773042549.000000													9.400674	-1.892499	-2.036867	-0.208453	-0.505536	-0.837246	-0.193242	-0.817886	0.541959	-0.958752	0.274764	0.072800
129	5773092551.000000													9.410871	-1.901849	-2.060271	-0.208526	-0.505605	-0.837186	-0.193262	-0.817822	0.542048	-0.958732	0.274827	0.072823
130	5773142553.000000													9.412506	-1.889167	-2.039579	-0.208558	-0.505670	-0.837139	-0.193303	-0.817763	0.542124	-0.958717	0.274886	0.072803
131	5773192555.000000													9.422205	-1.900309	-2.072792	-0.208533	-0.505160	-0.837453	-0.193349	-0.818084	0.541622	-0.958713	0.274866	0.072925
132	5773242557.000000													9.401397	-1.889968	-2.038417	-0.208414	-0.504916	-0.837630	-0.193166	-0.818317	0.541336	-0.958776	0.274623	0.073016
133	5773292559.000000													9.427815	-1.842468	-2.021485	-0.208302	-0.504816	-0.837718	-0.193046	-0.818436	0.541199	-0.958824	0.274451	0.073029
134	5773342562.000000													9.410623	-1.881986	-2.053836	-0.208325	-0.504799	-0.837722	-0.193062	-0.818438	0.541189	-0.958816	0.274476	0.073043
135	5773392564.000000													9.419001	-1.880439	-2.057685	-0.208323	-0.504902	-0.837661	-0.193027	-0.818382	0.541286	-0.958823	0.274454	0.073028
136	5773442566.000000													9.419402	-1.880973	-2.049758	-0.208215	-0.505009	-0.837623	-0.193036	-0.818331	0.541361	-0.958845	0.274411	0.072904
137	5773492568.000000													9.425999	-1.885754	-2.063371	-0.208097	-0.505144	-0.837571	-0.193046	-0.818262	0.541461	-0.958868	0.274367	0.072762
138	5773542570.000000													9.410682	-1.868724	-2.033927	-0.207980	-0.505227	-0.837550	-0.193076	-0.818221	0.541512	-0.958888	0.274335	0.072626
139	5773592572.000000													9.419201	-1.893682	-2.054192	-0.207895	-0.505320	-0.837515	-0.193082	-0.818175	0.541580	-0.958905	0.274301	0.072526
140	5773642575.000000													9.409360	-1.884429	-2.035005	-0.207836	-0.505379	-0.837494	-0.192977	-0.818178	0.541613	-0.958939	0.274184	0.072521
141	5773692577.000000													9.420341	-1.874563	-2.038739	-0.207789	-0.505435	-0.837472	-0.192982	-0.818149	0.541655	-0.958948	0.274167	0.072463
142	5773742579.000000													9.399365	-1.905929	-2.059414	-0.207653	-0.505423	-0.837513	-0.192898	-0.818206	0.541598	-0.958995	0.274019	0.072408
143	5773792581.000000													9.408126	-1.887867	-2.057811	-0.207487	-0.505575	-0.837462	-0.192694	-0.818196	0.541686	-0.959071	0.273767	0.072344
144	5773842583.000000													9.418330	-1.878587	-2.034916	-0.207288	-0.506123	-0.837180	-0.192355	-0.817975	0.542140	-0.959183	0.273415	0.072201
145	5773892586.000000													9.422337	-1.890900	-2.038112	-0.207021	-0.507015	-0.836707	-0.191900	-0.817576	0.542903	-0.959331	0.272956	0.071959
146	5773942588.000000													9.432299	-1.900798	-2.083081	-0.206507	-0.508171	-0.836132	-0.191090	-0.817150	0.543830	-0.959604	0.272081	0.071641
147	5773992590.000000													9.434575	-1.815178	-1.971239	-0.206142	-0.508738	-0.835877	-0.190378	-0.817050	0.544229	-0.959824	0.271321	0.071576
148	5774042592.000000													9.449455	-1.807373	-2.003795	-0.206048	-0.508955	-0.835768	-0.190043	-0.817020	0.544391	-0.959910	0.271002	0.071622
149	5774092594.000000													9.433566	-1.836917	-2.021396	-0.206110	-0.508844	-0.835821	-0.189973	-0.817101	0.544294	-0.959911	0.270968	0.071746
150	5774142596.000000													9.423689	-1.860703	-2.056617	-0.206128	-0.508894	-0.835786	-0.189839	-0.817103	0.544338	-0.959934	0.270868	0.071820
151	5774192599.000000													9.427800	-1.847966	-2.028534	-0.206088	-0.508696	-0.835916	-0.189734	-0.817269	0.544125	-0.959963	0.270740	0.071912
152	5774242601.000000													9.419054	-1.832087	-2.013412	-0.206105	-0.508720	-0.835897	-0.189640	-0.817276	0.544147	-0.959978	0.270671	0.071971
153	5774292603.000000													9.435149	-1.834134	-2.026675	-0.206159	-0.508842	-0.835810	-0.189717	-0.817166	0.544287	-0.959951	0.270777	0.071930
154	5774342605.000000													9.423438	-1.865770	-2.024112	-0.206212	-0.508695	-0.835886	-0.189799	-0.817228	0.544164	-0.959924	0.270863	0.071972
155	5774392607.000000													9.424552	-1.851745	-2.041464	-0.206300	-0.508230	-0.836147	-0.189957	-0.817470	0.543745	-0.959873	0.271007	0.072102
156	5774442609.000000													9.438871	-1.853421	-2.033791	-0.206441	-0.507995	-0.836256	-0.190037	-0.817575	0.543560	-0.959827	0.271133	0.072243
157	5774492612.000000													9.409105	-1.848019	-2.023494	-0.206501	-0.508103	-0.836175	-0.190082	-0.817480	0.543686	-0.959805	0.271214	0.072230
158	5774542614.000000													9.434745	-1.845188	-2.036294	-0.206554	-0.508097	-0.836166	-0.190124	-0.817463	0.543698	-0.959786	0.271278	0.072249
159	5774592616.000000													9.426266	-1.842061	-2.005605	-0.206684	-0.508109	-0.836126	-0.190221	-0.817404	0.543753	-0.959738	0.271433	0.072292
160	5774642618.000000													9.425792	-1.849022	-2.047777	-0.206778	-0.508038	-0.836146	-0.190336	-0.817401	0.543718	-0.959695	0.271577	0.072323
161	5774692620.000000													9.431737	-1.868980	-2.053605	-0.206805	-0.508039	-0.836139	-0.190409	-0.817374	0.543732	-0.959675	0.271655	0.072301
162	5774742622.000000													9.419855	-1.867406	-2.043401	-0.206799	-0.507773	-0.836302	-0.190450	-0.817536	0.543474	-0.959668	0.271664	0.072360
163	5774792625.000000													9.425422	-1.852420	-2.005661	-0.206827	-0.507693	-0.836343	-0.190426	-0.817590	0.543401	-0.959667	0.271652	0.072422
164	5774842627.000000													9.438813	-1.841768	-2.020148	-0.206836	-0.507609	-0.836392	-0.190484	-0.817626	0.543326	-0.959653	0.271699	0.072423
165	5774892629.000000													9.409892	-1.853020	-2.050217	-0.206867	-0.507619	-0.836378	-0.190522	-0.817603	0.543347	-0.959639	0.271749	0.072422
166	5774942631.000000													9.404177	-1.876853	-2.055892	-0.206872	-0.507768	-0.836287	-0.190513	-0.817508	0.543494	-0.959640	0.271758	0.072383
167	5774992633.000000													9.438545	-1.847826	-2.049847	-0.206857	-0.507763	-0.836294	-0.190496	-0.817519	0.543483	-0.959647	0.271734	0.072383
168	5775042635.000000													9.427218	-1.851578	-2.052323	-0.206905	-0.507436	-0.836480	-0.190531	-0.817713	0.543179	-0.959629	0.271762	0.072506
169	5775092638.000000													9.423347	-1.844553	-2.027435	-0.206958	-0.507419	-0.836477	-0.190575	-0.817701	0.543181	-0.959609	0.271828	0.072528
170	5775142640.000000													9.431642	-1.836539	-2.032067	-0.207108	-0.507206	-0.836569	-0.190747	-0.817764	0.543027	-0.959542	0.272038	0.072618
171	5775192642.000000													9.415622	-1.856003	-2.033539	-0.207240	-0.507289	-0.836487	-0.190898	-0.817643	0.543156	-0.959484	0.272247	0.072608
172	5775242644.000000													9.428594	-1.868629	-2.035633	-0.207432	-0.507316	-0.836422	-0.191158	-0.817516	0.543255	-0.959391	0.272577	0.072602
173	5775292646.000000													9.417376	-1.874199	-2.057148	-0.207578	-0.507361	-0.836359	-0.191310	-0.817417	0.543351	-0.959329	0.272792	0.072614
174	5775342649.000000													9.420246	-1.856802	-2.047612	-0.207703	-0.507338	-0.836342	-0.191471	-0.817363	0.543376	-0.959270	0.272996	0.072629
175	5775392651.000000													9.417379	-1.865609	-2.053814	-0.207767	-0.507131	-0.836452	-0.191585	-0.817453	0.543200	-0.959233	0.273110	0.072681
176	5775442653.000000													9.429656	-1.864662	-2.043192	-0.207875	-0.507184	-0.836393	-0.191702	-0.817365	0.543291	-0.959186	0.273274	0.072681
177	5775492655.000000													9.437113	-1.863204	-2.048660	-0.207898	-0.507111	-0.836431	-0.191774	-0.817387	0.543232	-0.959167	0.273342	0.072682
178	5775542657.000000													9.426025	-1.862414	-2.037903	-0.207952	-0.507464	-0.836204	-0.191812	-0.817138	0.543594	-0.959148	0.273435	0.072588
179	5775592659.000000													9.427480	-1.844012	-2.035163	-0.207949	-0.507795	-0.836003	-0.191820	-0.816920	0.543918	-0.959147	0.273469	0.072473
180	5775642662.000000													9.420580	-1.864187	-2.011468	-0.208127	-0.507847	-0.835928	-0.192006	-0.816801	0.544032	-0.959071	0.273730	0.072488
181	5775692664.000000													9.436137	-1.868335	-2.070287	-0.208377	-0.507788	-0.835901	-0.192272	-0.816716	0.544064	-0.958963	0.274091	0.072551
182	5775742666.000000													9.406349	-1.887075	-2.057935	-0.208537	-0.507702	-0.835914	-0.192389	-0.816710	0.544033	-0.958905	0.274271	0.072638
183	5775792668.000000													9.408607	-1.896613	-2.070162	-0.208684	-0.507367	-0.836080	-0.192603	-0.816838	0.543764	-0.958830	0.274506	0.072741
184	5775842670.000000													9.429032	-1.853099	-2.044190	-0.208818	-0.507208	-0.836143	-0.192780	-0.816866	0.543659	-0.958765	0.274717	0.072797
185	5775892672.000000													9.415127	-1.858306	-2.019203	-0.209058	-0.507091	-0.836154	-0.193123	-0.816799	0.543638	-0.958644	0.275132	0.072828
186	5775942675.000000													9.400756	-1.935664	-2.102720	-0.209284	-0.506938	-0.836190	-0.193389	-0.816780	0.543572	-0.958541	0.275471	0.072903
187	5775992677.000000													9.404425	-1.956260	-2.108072	-0.209268	-0.507095	-0.836099	-0.193231	-0.816727	0.543709	-0.958576	0.275341	0.072928
188	5776042679.000000													9.431233	-1.911356	-2.005337	-0.209225	-0.507303	-0.835983	-0.192884	-0.816698	0.543874	-0.958656	0.275040	0.073023
189	5776092681.000000													9.397516	-1.813846	-2.067175	-0.209421	-0.508071	-0.835468	-0.192499	-0.816272	0.544650	-0.958690	0.274888	0.073142
190	5776142683.000000													9.425678	-1.765657	-2.008969	-0.209807	-0.507405	-0.835776	-0.192751	-0.816562	0.544127	-0.958555	0.275258	0.073517
191	5776192685.000000													9.388880	-1.973831	-2.148019	-0.210201	-0.508006	-0.835312	-0.192859	-0.816066	0.544833	-0.958447	0.275621	0.073564
192	5776242688.000000													9.384766	-2.023636	-2.223140	-0.209753	-0.508700	-0.835002	-0.192163	-0.815896	0.545332	-0.958685	0.274841	0.073383
193	5776292690.000000													9.425133	-1.877885	-2.082199	-0.208946	-0.508886	-0.835091	-0.191170	-0.816209	0.545212	-0.959060	0.273564	0.073260
194	5776342692.000000													9.448585	-1.792138	-2.013670	-0.208160	-0.509722	-0.834777	-0.190271	-0.816066	0.545742	-0.959409	0.272435	0.072887
195	5776392694.000000													9.416660	-1.802920	-1.989374	-0.207778	-0.509898	-0.834765	-0.189853	-0.816139	0.545777	-0.959575	0.271883	0.072770
196	5776442696.000000													9.451647	-1.780531	-1.980041	-0.207725	-0.509365	-0.835103	-0.189942	-0.816472	0.545248	-0.959569	0.271883	0.072852
197	5776492699.000000													9.423899	-1.851816	-2.042978	-0.207860	-0.508847	-0.835385	-0.190299	-0.816684	0.544806	-0.959469	0.272217	0.072923
198	5776542701.000000													9.414505	-1.868131	-2.058071	-0.208010	-0.508439	-0.835597	-0.190603	-0.816836	0.544472	-0.959376	0.272523	0.073000
199	5776592703.000000													9.417715	-1.857839	-2.057260	-0.208187	-0.508449	-0.835546	-0.190788	-0.816744	0.544545	-0.959301	0.272780	0.073030
200	5776642705.000000													9.422514	-1.881879	-2.072847	-0.208327	-0.508233	-0.835643	-0.190949	-0.816813	0.544385	-0.959238	0.272975	0.073118
201	5776692707.000000													9.419384	-1.873299	-2.065906	-0.208426	-0.508177	-0.835652	-0.190969	-0.816826	0.544359	-0.959213	0.273043	0.073202
202	5776742709.000000													9.405590	-1.891978	-2.071685	-0.208449	-0.508269	-0.835590	-0.190850	-0.816795	0.544447	-0.959232	0.272962	0.073257
203	5776792712.000000													9.426977	-1.861002	-2.048551	-0.208406	-0.508494	-0.835464	-0.190589	-0.816730	0.544635	-0.959293	0.272736	0.073298
204	5776842714.000000													9.428291	-1.847743	-2.042751	-0.208397	-0.508426	-0.835508	-0.190404	-0.816830	0.544551	-0.959332	0.272567	0.073419
205	5776892716.000000													9.413289	-1.862834	-2.056398	-0.208445	-0.508523	-0.835437	-0.190254	-0.816800	0.544648	-0.959351	0.272475	0.073510
206	5776942718.000000													9.419496	-1.863075	-2.068494	-0.208413	-0.508774	-0.835292	-0.189965	-0.816724	0.544862	-0.959415	0.272233	0.073567
207	5776992720.000000													9.420789	-1.867842	-2.062838	-0.208378	-0.509159	-0.835067	-0.189549	-0.816598	0.545197	-0.959505	0.271892	0.073651
208	5777042722.000000													9.429083	-1.848527	-2.063325	-0.208274	-0.509413	-0.834937	-0.189104	-0.816577	0.545382	-0.959615	0.271479	0.073740
209	5777092725.000000													9.428677	-1.819664	-2.049152	-0.208220	-0.509643	-0.834810	-0.188818	-0.816517	0.545571	-0.959683	0.271226	0.073786
210	5777142727.000000													9.405635	-1.841292	-2.046917	-0.208181	-0.509748	-0.834756	-0.188552	-0.816531	0.545642	-0.959744	0.270987	0.073873
211	5777192729.000000													9.425438	-1.855850	-2.053815	-0.208038	-0.509929	-0.834681	-0.188114	-0.816563	0.545746	-0.959861	0.270551	0.073952
212	5777242731.000000													9.418283	-1.862977	-2.090782	-0.207731	-0.510720	-0.834274	-0.187473	-0.816282	0.546386	-0.960053	0.269905	0.073821
213	5777292733.000000													9.418832	-1.854276	-2.092085	-0.207107	-0.511734	-0.833807	-0.186535	-0.815995	0.547135	-0.960371	0.268849	0.073542
214	5777342735.000000													9.433795	-1.774047	-2.011831	-0.206436	-0.512822	-0.833305	-0.185592	-0.815667	0.547945	-0.960698	0.267770	0.073208
215	5777392738.000000													9.446319	-1.772548	-1.998973	-0.206008	-0.513457	-0.833020	-0.184981	-0.815498	0.548403	-0.960907	0.267069	0.073019
216	5777442740.000000													9.434570	-1.784548	-2.004012	-0.205727	-0.513659	-0.832965	-0.184570	-0.815530	0.548493	-0.961046	0.266580	0.072970
217	5777492742.000000													9.429065	-1.783699	-2.026143	-0.205588	-0.513608	-0.833031	-0.184275	-0.815671	0.548383	-0.961133	0.266247	0.073047
218	5777542744.000000													9.428163	-1.790612	-2.029789	-0.205552	-0.513344	-0.833203	-0.184029	-0.815919	0.548096	-0.961188	0.265996	0.073243
219	5777592746.000000													9.447828	-1.787191	-2.019022	-0.205493	-0.513234	-0.833284	-0.183807	-0.816063	0.547956	-0.961243	0.265765	0.073360
220	5777642748.000000													9.434514	-1.784563	-2.027261	-0.205416	-0.513185	-0.833334	-0.183563	-0.816177	0.547868	-0.961306	0.265510	0.073454
221	5777692751.000000													9.428149	-1.786265	-2.043748	-0.205303	-0.512898	-0.833538	-0.183404	-0.816430	0.547544	-0.961360	0.265287	0.073548
222	5777742753.000000													9.436756	-1.783375	-2.038581	-0.205144	-0.512680	-0.833712	-0.183204	-0.816657	0.547272	-0.961432	0.265009	0.073607
223	5777792755.000000													9.448526	-1.765535	-2.044124	-0.205013	-0.512487	-0.833863	-0.183048	-0.816851	0.547036	-0.961490	0.264786	0.073655
224	5777842757.000000													9.432315	-1.781221	-2.023045	-0.204869	-0.512383	-0.833962	-0.182870	-0.816994	0.546881	-0.961554	0.264546	0.073677
225	5777892759.000000													9.445655	-1.778774	-1.993980	-0.204729	-0.512322	-0.834034	-0.182739	-0.817095	0.546774	-0.961609	0.264351	0.073662
226	5777942762.000000													9.457937	-1.749556	-2.008173	-0.204700	-0.512279	-0.834067	-0.182746	-0.817127	0.546725	-0.961614	0.264338	0.073649
227	5777992764.000000													9.442273	-1.784119	-2.026861	-0.204743	-0.512233	-0.834085	-0.182797	-0.817135	0.546695	-0.961595	0.264400	0.073668
228	5778042766.000000													9.432871	-1.778009	-2.022876	-0.204785	-0.512214	-0.834086	-0.182848	-0.817126	0.546692	-0.961577	0.264465	0.073678
229	5778092768.000000													9.450550	-1.774520	-2.031441	-0.204806	-0.512183	-0.834100	-0.183033	-0.817092	0.546681	-0.961537	0.264631	0.073599
230	5778142770.000000													9.438277	-1.791440	-2.020754	-0.204835	-0.512211	-0.834076	-0.183200	-0.817022	0.546729	-0.961499	0.264791	0.073518
231	5778192772.000000													9.446234	-1.778506	-2.019096	-0.204792	-0.512287	-0.834040	-0.183329	-0.816945	0.546801	-0.961484	0.264884	0.073387
232	5778242775.000000													9.436174	-1.760295	-2.005760	-0.204858	-0.512402	-0.833953	-0.183572	-0.816790	0.546951	-0.961423	0.265138	0.073264
233	5778292777.000000													9.460717	-1.728965	-1.966893	-0.205398	-0.511172	-0.834575	-0.184345	-0.817285	0.545951	-0.961160	0.265987	0.073637
234	5778342779.000000													9.425058	-1.842181	-2.061524	-0.205808	-0.510788	-0.834709	-0.185045	-0.817267	0.545740	-0.960938	0.266776	0.073681
235	5778392781.000000													9.425329	-1.829214	-2.069526	-0.206000	-0.510766	-0.834675	-0.185407	-0.817146	0.545799	-0.960827	0.267189	0.073633
236	5778442783.000000													9.428354	-1.820271	-2.054928	-0.206177	-0.510318	-0.834905	-0.185751	-0.817311	0.545434	-0.960722	0.267541	0.073719
237	5778492785.000000													9.436531	-1.830701	-2.069654	-0.206169	-0.510331	-0.834899	-0.185894	-0.817265	0.545456	-0.960697	0.267659	0.073627
238	5778542788.000000													9.425565	-1.827678	-2.044626	-0.206075	-0.510545	-0.834792	-0.185933	-0.817131	0.545643	-0.960709	0.267658	0.073463
239	5778592790.000000													9.433050	-1.826705	-2.034905	-0.205898	-0.510834	-0.834658	-0.185738	-0.817028	0.545863	-0.960785	0.267420	0.073343
240	5778642792.000000													9.448202	-1.806616	-2.024297	-0.205664	-0.511007	-0.834610	-0.185552	-0.817009	0.545954	-0.960871	0.267147	0.073211
241	5778692794.000000													9.437623	-1.800356	-2.019798	-0.205541	-0.511289	-0.834468	-0.185398	-0.816890	0.546185	-0.960927	0.266973	0.073112
242	5778742796.000000													9.431449	-1.796716	-2.014378	-0.205365	-0.511868	-0.834156	-0.185286	-0.816574	0.546695	-0.960986	0.266830	0.072854
243	5778792798.000000													9.436104	-1.806507	-2.025107	-0.205332	-0.511814	-0.834198	-0.185343	-0.816600	0.546638	-0.960982	0.266855	0.072813
244	5778842801.000000													9.434806	-1.776097	-2.026299	-0.205488	-0.510932	-0.834700	-0.185537	-0.817095	0.545832	-0.960911	0.267029	0.073106
245	5778892803.000000													9.434551	-1.802029	-2.017636	-0.205727	-0.510457	-0.834931	-0.185816	-0.817284	0.545453	-0.960806	0.267358	0.073286
246	5778942805.000000													9.414965	-1.837216	-2.048118	-0.205837	-0.510322	-0.834987	-0.186051	-0.817287	0.545369	-0.960737	0.267607	0.073282
247	5778992807.000000													9.421406	-1.849009	-2.058153	-0.205821	-0.510373	-0.834960	-0.185985	-0.817275	0.545409	-0.960754	0.267546	0.073291
248	5779042809.000000													9.428437	-1.823947	-2.037519	-0.205591	-0.510621	-0.834864	-0.185795	-0.817207	0.545575	-0.960839	0.267279	0.073140
249	5779092811.000000													9.432742	-1.816189	-2.035157	-0.205357	-0.510877	-0.834765	-0.185619	-0.817131	0.545749	-0.960924	0.267022	0.072975
250	5779142814.000000													9.438112	-1.821023	-2.030363	-0.205034	-0.511308	-0.834580	-0.185295	-0.816998	0.546059	-0.961055	0.266605	0.072770
251	5779192816.000000													9.439083	-1.805620	-2.011987	-0.204731	-0.511802	-0.834352	-0.184919	-0.816834	0.546431	-0.961192	0.266159	0.072589
252	5779242818.000000													9.449447	-1.779691	-2.000969	-0.204624	-0.511708	-0.834437	-0.184778	-0.816955	0.546299	-0.961242	0.265971	0.072616
253	5779292820.000000													9.444859	-1.791646	-2.011055	-0.204614	-0.511724	-0.834429	-0.184762	-0.816950	0.546311	-0.961247	0.265954	0.072612
254	5779342822.000000													9.422997	-1.788276	-1.989357	-0.204725	-0.511039	-0.834821	-0.184846	-0.817354	0.545677	-0.961207	0.266027	0.072870
255	5779392825.000000													9.447062	-1.786792	-1.998546	-0.204932	-0.510499	-0.835101	-0.185162	-0.817582	0.545229	-0.961103	0.266364	0.073023
256	5779442827.000000													9.436347	-1.829931	-2.051765	-0.205127	-0.510464	-0.835074	-0.185348	-0.817518	0.545261	-0.961025	0.266627	0.073082
257	5779492829.000000													9.438409	-1.837447	-2.036422	-0.205214	-0.510255	-0.835181	-0.185320	-0.817647	0.545078	-0.961012	0.266633	0.073232
258	5779542831.000000													9.418845	-1.859255	-2.069260	-0.205073	-0.510568	-0.835024	-0.185161	-0.817512	0.545334	-0.961072	0.266448	0.073113
259	5779592833.000000													9.440938	-1.789924	-2.021187	-0.204803	-0.511059	-0.834790	-0.184808	-0.817338	0.545715	-0.961198	0.266040	0.072946
260	5779642835.000000													9.444783	-1.793040	-2.006240	-0.204542	-0.511528	-0.834567	-0.184421	-0.817186	0.546073	-0.961328	0.265607	0.072812
261	5779692838.000000													9.438673	-1.789239	-2.013109	-0.204377	-0.512057	-0.834283	-0.184139	-0.816947	0.546526	-0.961417	0.265321	0.072675
262	5779742840.000000													9.436465	-1.785253	-2.006494	-0.204224	-0.512324	-0.834156	-0.183929	-0.816857	0.546730	-0.961490	0.265081	0.072590
263	5779792842.000000													9.449782	-1.768884	-2.013368	-0.204368	-0.512175	-0.834212	-0.183946	-0.816924	0.546625	-0.961456	0.265163	0.072740
