// Start Time: Unknown
// Update Rate: 60.0Hz
//Filter Profile: human (46.1)
// Option Flags: AHS Disabled ICC Disabled
// Firmware Version: 4.0.2
0	sampleTimeFine	Year	Month	Day	Second	UTC_Nano	UTC_Year	UTC_Month	UTC_Day	UTC_Hour	UTC_Minute	UTC_Second	UTC_Valid	Acc_X	Acc_Y	Acc_Z	Mat[1][1]	Mat[2][1]	Mat[3][1]	Mat[1][2]	Mat[2][2]	Mat[3][2]	Mat[1][3]	Mat[2][3]	Mat[3][3]
0	299718													0.000000	0.000000	0.000000	-0.295351	-0.953226	0.064245	-0.038749	0.079141	0.996110	-0.954603	0.291713	-0.060311
1	299884													9.313643	-0.316055	-2.878544	-0.295356	-0.953235	0.064090	-0.038130	0.078791	0.996162	-0.954626	0.291779	-0.059618
2	300051													9.296449	-0.307958	-2.877667	-0.295355	-0.953192	0.064729	-0.037047	0.079127	0.996176	-0.954669	0.291827	-0.058684
3	300218													9.258937	-0.280099	-2.879283	-0.295368	-0.953214	0.064343	-0.035938	0.078386	0.996275	-0.954707	0.291956	-0.057409
4	300718													9.283852	-0.289555	-2.857819	-0.295570	-0.953142	0.064489	-0.034859	0.078220	0.996326	-0.954685	0.292236	-0.056345
5	300884													9.302530	-0.319441	-2.874620	-0.295577	-0.953109	0.064934	-0.034075	0.078446	0.996336	-0.954711	0.292282	-0.055664
6	301051													9.297767	-0.322120	-2.876200	-0.295506	-0.953130	0.064958	-0.033609	0.078325	0.996361	-0.954749	0.292248	-0.055180
7	301218													9.277822	-0.316187	-2.878768	-0.295462	-0.953167	0.064617	-0.033323	0.077878	0.996406	-0.954773	0.292247	-0.054772
8	301384													9.267394	-0.314038	-2.878836	-0.295453	-0.953158	0.064779	-0.033120	0.077985	0.996404	-0.954783	0.292246	-0.054610
9	301551													9.280230	-0.337251	-2.870042	-0.295503	-0.953114	0.065202	-0.033005	0.078394	0.996376	-0.954771	0.292280	-0.054623
10	301718													9.302311	-0.346956	-2.875357	-0.295568	-0.953080	0.065405	-0.033058	0.078627	0.996356	-0.954750	0.292329	-0.054747
11	301884													9.221601	-0.334551	-2.897200	-0.295621	-0.953085	0.065098	-0.033247	0.078366	0.996370	-0.954727	0.292384	-0.054854
12	302051													9.280647	-0.373986	-2.906291	-0.295871	-0.953024	0.064847	-0.033553	0.078213	0.996372	-0.954639	0.292621	-0.055118
13	302218													9.309930	-0.326540	-2.920580	-0.296069	-0.952971	0.064717	-0.033840	0.078177	0.996365	-0.954567	0.292803	-0.055394
14	302384													9.326391	-0.314678	-2.891954	-0.296216	-0.952949	0.064369	-0.033968	0.077862	0.996385	-0.954517	0.292959	-0.055434
15	302551													9.304676	-0.312060	-2.903741	-0.296264	-0.952945	0.064222	-0.034024	0.077728	0.996394	-0.954500	0.293010	-0.055451
16	302718													9.290629	-0.286401	-2.888939	-0.296266	-0.952953	0.064082	-0.034060	0.077592	0.996403	-0.954498	0.293018	-0.055445
17	302884													9.291462	-0.257912	-2.874824	-0.296230	-0.952950	0.064296	-0.034122	0.077834	0.996382	-0.954507	0.292964	-0.055573
18	303051													9.291274	-0.257600	-2.888067	-0.296116	-0.952971	0.064516	-0.034142	0.078062	0.996364	-0.954542	0.292836	-0.055652
19	303218													9.244608	-0.305814	-2.862322	-0.295946	-0.953008	0.064748	-0.034163	0.078302	0.996344	-0.954593	0.292652	-0.055731
20	303384													9.263781	-0.356533	-2.903702	-0.295817	-0.953031	0.064992	-0.034251	0.078576	0.996320	-0.954630	0.292502	-0.055886
21	303551													9.275660	-0.373754	-2.868087	-0.295649	-0.953078	0.065076	-0.034390	0.078696	0.996305	-0.954678	0.292318	-0.056043
22	303718													9.290825	-0.384830	-2.896342	-0.295495	-0.953122	0.065126	-0.034544	0.078785	0.996293	-0.954719	0.292150	-0.056205
23	303884													9.309511	-0.366332	-2.870668	-0.295311	-0.953185	0.065044	-0.034729	0.078745	0.996290	-0.954770	0.291956	-0.056357
24	304051													9.310406	-0.325945	-2.852255	-0.295124	-0.953270	0.064632	-0.034887	0.078351	0.996315	-0.954822	0.291782	-0.056380
25	304218													9.309927	-0.300543	-2.829246	-0.294944	-0.953363	0.064089	-0.034995	0.077806	0.996354	-0.954873	0.291626	-0.056312
26	304384													9.289696	-0.275243	-2.824717	-0.294715	-0.953446	0.063896	-0.035151	0.077637	0.996362	-0.954938	0.291397	-0.056395
27	304551													9.218522	-0.299497	-2.835546	-0.294622	-0.953478	0.063848	-0.035338	0.077639	0.996355	-0.954960	0.291292	-0.056568
28	304718													9.260244	-0.306472	-2.828256	-0.294605	-0.953475	0.063977	-0.035577	0.077845	0.996330	-0.954957	0.291248	-0.056855
29	304885													9.227670	-0.276491	-2.833447	-0.294701	-0.953444	0.064008	-0.035679	0.077914	0.996321	-0.954923	0.291333	-0.056979
30	305051													9.257014	-0.336053	-2.857165	-0.294876	-0.953375	0.064223	-0.035645	0.078139	0.996305	-0.954870	0.291497	-0.057025
31	305218													9.284780	-0.351412	-2.854766	-0.295063	-0.953302	0.064447	-0.035619	0.078377	0.996287	-0.954814	0.291672	-0.057082
32	305385													9.336072	-0.333045	-2.862342	-0.295188	-0.953260	0.064490	-0.035659	0.078443	0.996281	-0.954774	0.291790	-0.057148
33	305551													9.339348	-0.268165	-2.852069	-0.295202	-0.953247	0.064623	-0.035755	0.078612	0.996264	-0.954766	0.291789	-0.057289
34	305718													9.328311	-0.286165	-2.854325	-0.295092	-0.953271	0.064765	-0.035807	0.078770	0.996250	-0.954798	0.291666	-0.057379
35	305885													9.279806	-0.319348	-2.860096	-0.294925	-0.953309	0.064974	-0.035831	0.078984	0.996232	-0.954848	0.291486	-0.057452
36	306051													9.267130	-0.331572	-2.880363	-0.294790	-0.953349	0.064989	-0.035862	0.079002	0.996229	-0.954889	0.291348	-0.057478
37	306218													9.247003	-0.317764	-2.855630	-0.294715	-0.953364	0.065112	-0.035918	0.079142	0.996216	-0.954910	0.291261	-0.057567
38	306385													9.286255	-0.301871	-2.855355	-0.294735	-0.953358	0.065108	-0.036016	0.079169	0.996210	-0.954900	0.291274	-0.057670
39	306551													9.285040	-0.299997	-2.837556	-0.294753	-0.953355	0.065082	-0.036089	0.079165	0.996208	-0.954892	0.291287	-0.057740
40	306718													9.293983	-0.294182	-2.863705	-0.294753	-0.953335	0.065363	-0.036215	0.079498	0.996177	-0.954887	0.291259	-0.057957
41	306885													9.266919	-0.275575	-2.874273	-0.294795	-0.953325	0.065330	-0.036374	0.079514	0.996170	-0.954868	0.291289	-0.058116
42	307051													9.303074	-0.297910	-2.855912	-0.294847	-0.953313	0.065273	-0.036632	0.079536	0.996159	-0.954842	0.291323	-0.058373
43	307218													9.302356	-0.299583	-2.888535	-0.294857	-0.953321	0.065111	-0.036993	0.079478	0.996150	-0.954825	0.291313	-0.058701
44	307385													9.285259	-0.322597	-2.874172	-0.294842	-0.953331	0.065020	-0.037350	0.079490	0.996136	-0.954816	0.291274	-0.059044
45	307551													9.268123	-0.334194	-2.847259	-0.294841	-0.953342	0.064868	-0.037710	0.079441	0.996126	-0.954802	0.291253	-0.059373
46	307718													9.280675	-0.342102	-2.870580	-0.294860	-0.953362	0.064491	-0.037999	0.079137	0.996139	-0.954785	0.291271	-0.059562
47	307885													9.267929	-0.346809	-2.871059	-0.294910	-0.953366	0.064195	-0.038248	0.078907	0.996148	-0.954759	0.291318	-0.059735
48	308051													9.295055	-0.354342	-2.870398	-0.294935	-0.953384	0.063822	-0.038467	0.078586	0.996165	-0.954743	0.291349	-0.059851
49	308218													9.274708	-0.323821	-2.869333	-0.294924	-0.953403	0.063580	-0.038660	0.078391	0.996173	-0.954738	0.291338	-0.059978
50	308385													9.296948	-0.325857	-2.879269	-0.294903	-0.953420	0.063422	-0.038808	0.078270	0.996177	-0.954739	0.291314	-0.060083
51	308551													9.314826	-0.324872	-2.873447	-0.294848	-0.953441	0.063360	-0.039019	0.078266	0.996169	-0.954747	0.291246	-0.060279
52	308718													9.289248	-0.310036	-2.848435	-0.294746	-0.953470	0.063408	-0.039163	0.078354	0.996156	-0.954773	0.291130	-0.060435
53	308885													9.292392	-0.316553	-2.848342	-0.294600	-0.953502	0.063603	-0.039289	0.078585	0.996133	-0.954813	0.290962	-0.060613
54	309051													9.296887	-0.331831	-2.871388	-0.294428	-0.953539	0.063838	-0.039397	0.078853	0.996107	-0.954861	0.290767	-0.060783
55	309218													9.281507	-0.364544	-2.823784	-0.294287	-0.953567	0.064067	-0.039504	0.079115	0.996082	-0.954900	0.290604	-0.060952
56	309385													9.261934	-0.392834	-2.835736	-0.294214	-0.953582	0.064177	-0.039659	0.079273	0.996064	-0.954916	0.290510	-0.061141
57	309551													9.211236	-0.373101	-2.858099	-0.294171	-0.953585	0.064334	-0.039856	0.079494	0.996038	-0.954921	0.290441	-0.061391
58	309718													9.247621	-0.391210	-2.861374	-0.294348	-0.953544	0.064131	-0.040055	0.079353	0.996042	-0.954859	0.290614	-0.061551
59	309885													9.318646	-0.356595	-2.873414	-0.294484	-0.953514	0.063961	-0.040191	0.079227	0.996046	-0.954811	0.290749	-0.061654
60	310051													9.380853	-0.352585	-2.854278	-0.294531	-0.953506	0.063861	-0.040184	0.079124	0.996055	-0.954797	0.290803	-0.061620
61	310218													9.353827	-0.360578	-2.856810	-0.294359	-0.953556	0.063902	-0.040185	0.079154	0.996052	-0.954850	0.290629	-0.061618
62	310385													9.294850	-0.310928	-2.855262	-0.294113	-0.953636	0.063850	-0.040242	0.079101	0.996054	-0.954923	0.290383	-0.061640
63	310551													9.287280	-0.298786	-2.853352	-0.293840	-0.953724	0.063794	-0.040379	0.079066	0.996051	-0.955001	0.290103	-0.061744
64	310718													9.258062	-0.294208	-2.825707	-0.293625	-0.953787	0.063835	-0.040518	0.079137	0.996040	-0.955062	0.289876	-0.061882
65	310885													9.264234	-0.318437	-2.816620	-0.293411	-0.953857	0.063779	-0.040636	0.079100	0.996038	-0.955122	0.289657	-0.061970
66	311051													9.251635	-0.367887	-2.841361	-0.293180	-0.953907	0.064087	-0.040744	0.079439	0.996007	-0.955189	0.289398	-0.062156
67	311218													9.301828	-0.374320	-2.849800	-0.292964	-0.953977	0.064036	-0.040865	0.079407	0.996004	-0.955250	0.289176	-0.062248
68	311385													9.309884	-0.373242	-2.837769	-0.292751	-0.954048	0.063945	-0.040974	0.079330	0.996006	-0.955310	0.288962	-0.062315
69	311551													9.307323	-0.327938	-2.847634	-0.292585	-0.954108	0.063811	-0.041027	0.079195	0.996015	-0.955359	0.288801	-0.062316
70	311718													9.297760	-0.314195	-2.851146	-0.292425	-0.954160	0.063765	-0.041065	0.079147	0.996017	-0.955406	0.288642	-0.062328
71	311885													9.332953	-0.313691	-2.824960	-0.292325	-0.954184	0.063865	-0.041090	0.079253	0.996007	-0.955436	0.288534	-0.062374
72	312051													9.258733	-0.330061	-2.842979	-0.292149	-0.954214	0.064215	-0.041138	0.079620	0.995976	-0.955488	0.288332	-0.062515
73	312218													9.254964	-0.372673	-2.846997	-0.292142	-0.954208	0.064346	-0.041272	0.079797	0.995956	-0.955484	0.288305	-0.062694
74	312385													9.257552	-0.330774	-2.832045	-0.292190	-0.954193	0.064345	-0.041413	0.079842	0.995947	-0.955463	0.288341	-0.062845
75	312551													9.252857	-0.313104	-2.845223	-0.292319	-0.954159	0.064267	-0.041414	0.079770	0.995953	-0.955424	0.288474	-0.062834
76	312718													9.264737	-0.360121	-2.846772	-0.292520	-0.954093	0.064340	-0.041401	0.079856	0.995946	-0.955363	0.288670	-0.062860
77	312885													9.309093	-0.344860	-2.841354	-0.292733	-0.954035	0.064222	-0.041473	0.079769	0.995950	-0.955294	0.288884	-0.062918
78	313051													9.340053	-0.326965	-2.844831	-0.292868	-0.953988	0.064313	-0.041625	0.079920	0.995932	-0.955247	0.288999	-0.063116
79	313218													9.331619	-0.302823	-2.868243	-0.292917	-0.953972	0.064315	-0.041786	0.079974	0.995921	-0.955224	0.289034	-0.063289
80	313385													9.303166	-0.311609	-2.852898	-0.292900	-0.953984	0.064218	-0.041941	0.079918	0.995919	-0.955223	0.289011	-0.063419
81	313551													9.271839	-0.339826	-2.842105	-0.292841	-0.953997	0.064299	-0.042029	0.080025	0.995906	-0.955237	0.288940	-0.063530
82	313718													9.270999	-0.332501	-2.842520	-0.292797	-0.954013	0.064259	-0.042092	0.079999	0.995906	-0.955248	0.288894	-0.063580
83	313885													9.283992	-0.330084	-2.843264	-0.292779	-0.954022	0.064201	-0.042168	0.079960	0.995906	-0.955250	0.288873	-0.063640
84	314051													9.303750	-0.302243	-2.845313	-0.292751	-0.954030	0.064208	-0.042198	0.079975	0.995903	-0.955257	0.288842	-0.063671
85	314218													9.281331	-0.306478	-2.844054	-0.292678	-0.954039	0.064417	-0.042206	0.080190	0.995886	-0.955279	0.288755	-0.063736
86	314385													9.246559	-0.331457	-2.842645	-0.292658	-0.954035	0.064564	-0.042225	0.080349	0.995872	-0.955284	0.288724	-0.063798
87	314551													9.299119	-0.339586	-2.828683	-0.292675	-0.954008	0.064883	-0.042281	0.080699	0.995841	-0.955277	0.288714	-0.063955
88	314718													9.329308	-0.350479	-2.835332	-0.292647	-0.954012	0.064951	-0.042409	0.080807	0.995827	-0.955280	0.288672	-0.064106
89	314885													9.316216	-0.344739	-2.854750	-0.292601	-0.954023	0.064997	-0.042537	0.080890	0.995815	-0.955288	0.288611	-0.064250
90	315051													9.311345	-0.364223	-2.844286	-0.292490	-0.954049	0.065108	-0.042706	0.081049	0.995795	-0.955314	0.288480	-0.064450
91	315218													9.279712	-0.362811	-2.842920	-0.292386	-0.954090	0.064976	-0.042865	0.080953	0.995796	-0.955339	0.288372	-0.064567
92	315385													9.256201	-0.357051	-2.821841	-0.292342	-0.954120	0.064736	-0.043062	0.080758	0.995803	-0.955344	0.288327	-0.064696
93	315551													9.275022	-0.340377	-2.832941	-0.292336	-0.954141	0.064453	-0.043269	0.080525	0.995813	-0.955336	0.288323	-0.064825
94	315718													9.286529	-0.328309	-2.831668	-0.292410	-0.954130	0.064289	-0.043454	0.080415	0.995814	-0.955305	0.288392	-0.064975
95	315885													9.247338	-0.353718	-2.852718	-0.292480	-0.954131	0.063957	-0.043631	0.080126	0.995829	-0.955276	0.288469	-0.065065
96	316051													9.285179	-0.336032	-2.825408	-0.292663	-0.954088	0.063748	-0.043836	0.079983	0.995832	-0.955210	0.288648	-0.065232
97	316218													9.251381	-0.331180	-2.878711	-0.292864	-0.954037	0.063589	-0.044040	0.079894	0.995830	-0.955139	0.288842	-0.065414
98	316385													9.334558	-0.362335	-2.857189	-0.293137	-0.953954	0.063580	-0.044263	0.079971	0.995814	-0.955045	0.289095	-0.065668
99	316551													9.329145	-0.297440	-2.860492	-0.293345	-0.953890	0.063577	-0.044350	0.080009	0.995807	-0.954977	0.289295	-0.065775
100	316718													9.360612	-0.339343	-2.876061	-0.293429	-0.953846	0.063847	-0.044246	0.080266	0.995791	-0.954956	0.289369	-0.065756
101	316885													9.341311	-0.372394	-2.844862	-0.293330	-0.953856	0.064157	-0.044145	0.080552	0.995772	-0.954992	0.289257	-0.065736
102	317051													9.314064	-0.363677	-2.853456	-0.293125	-0.953912	0.064263	-0.044087	0.080630	0.995769	-0.955057	0.289052	-0.065690
103	317218													9.265128	-0.336663	-2.842103	-0.292907	-0.953972	0.064365	-0.044032	0.080705	0.995765	-0.955127	0.288832	-0.065644
104	317385													9.241523	-0.341321	-2.829927	-0.292683	-0.954037	0.064419	-0.043989	0.080731	0.995765	-0.955197	0.288610	-0.065596
105	317551													9.236510	-0.346470	-2.808027	-0.292537	-0.954079	0.064465	-0.043985	0.080769	0.995762	-0.955242	0.288462	-0.065593
106	317718													9.272320	-0.359813	-2.827170	-0.292426	-0.954122	0.064325	-0.043996	0.080617	0.995774	-0.955276	0.288360	-0.065553
107	317885													9.291627	-0.370953	-2.833372	-0.292360	-0.954165	0.063987	-0.044079	0.080285	0.995797	-0.955292	0.288310	-0.065531
108	318051													9.320814	-0.335955	-2.836922	-0.292289	-0.954203	0.063747	-0.044184	0.080061	0.995810	-0.955309	0.288247	-0.065562
109	318218													9.323383	-0.301195	-2.854786	-0.292277	-0.954214	0.063633	-0.044297	0.079976	0.995812	-0.955307	0.288234	-0.065644
110	318385													9.347402	-0.299243	-2.840507	-0.292262	-0.954221	0.063595	-0.044371	0.079956	0.995810	-0.955308	0.288216	-0.065708
111	318551													9.293836	-0.312410	-2.848456	-0.292189	-0.954235	0.063724	-0.044430	0.080104	0.995796	-0.955328	0.288130	-0.065803
112	318718													9.227259	-0.370788	-2.855044	-0.292265	-0.954223	0.063556	-0.044548	0.079970	0.995801	-0.955299	0.288207	-0.065881
113	318885													9.283847	-0.341758	-2.841495	-0.292369	-0.954198	0.063462	-0.044678	0.079918	0.995800	-0.955261	0.288306	-0.065997
114	319051													9.247761	-0.285149	-2.826888	-0.292520	-0.954147	0.063531	-0.044648	0.079992	0.995795	-0.955216	0.288454	-0.066000
115	319218													9.273245	-0.324205	-2.859965	-0.292711	-0.954068	0.063833	-0.044504	0.080277	0.995779	-0.955165	0.288634	-0.065958
116	319385													9.312530	-0.334987	-2.857096	-0.292911	-0.953997	0.063973	-0.044370	0.080398	0.995775	-0.955110	0.288835	-0.065878
117	319551													9.334692	-0.345558	-2.866258	-0.293013	-0.953969	0.063933	-0.044331	0.080351	0.995780	-0.955080	0.288942	-0.065834
118	319718													9.326390	-0.308694	-2.872750	-0.292987	-0.953966	0.064090	-0.044462	0.080553	0.995758	-0.955082	0.288895	-0.066016
119	319885													9.303446	-0.299822	-2.851911	-0.292915	-0.953988	0.064098	-0.044520	0.080574	0.995754	-0.955102	0.288817	-0.066072
120	320051													9.290952	-0.332082	-2.832676	-0.292784	-0.954024	0.064159	-0.044549	0.080636	0.995748	-0.955140	0.288681	-0.066109
121	320218													9.287847	-0.357242	-2.864560	-0.292637	-0.954061	0.064277	-0.044493	0.080732	0.995742	-0.955188	0.288531	-0.066074
122	320385													9.290153	-0.358726	-2.839748	-0.292489	-0.954106	0.064274	-0.044428	0.080699	0.995748	-0.955236	0.288390	-0.065993
123	320551													9.287460	-0.326522	-2.859389	-0.292298	-0.954155	0.064416	-0.044351	0.080810	0.995742	-0.955298	0.288196	-0.065939
124	320718													9.272129	-0.275883	-2.830042	-0.292095	-0.954202	0.064644	-0.044248	0.081002	0.995731	-0.955365	0.287988	-0.065882
125	320885													9.270330	-0.279123	-2.842470	-0.291951	-0.954225	0.064962	-0.044094	0.081278	0.995716	-0.955416	0.287835	-0.065805
126	321051													9.303310	-0.309202	-2.832009	-0.291856	-0.954238	0.065193	-0.043989	0.081480	0.995704	-0.955450	0.287735	-0.065757
127	321218													9.312234	-0.330073	-2.827844	-0.291785	-0.954256	0.065254	-0.044039	0.081553	0.995696	-0.955470	0.287655	-0.065820
128	321385													9.301912	-0.320975	-2.853105	-0.291699	-0.954281	0.065262	-0.044111	0.081578	0.995690	-0.955492	0.287563	-0.065890
129	321552													9.287931	-0.327323	-2.807184	-0.291662	-0.954277	0.065492	-0.044171	0.081832	0.995667	-0.955501	0.287505	-0.066019
130	321718													9.290008	-0.361308	-2.827460	-0.291635	-0.954281	0.065553	-0.044224	0.081910	0.995658	-0.955507	0.287470	-0.066090
131	321885													9.277430	-0.336797	-2.822100	-0.291660	-0.954282	0.065426	-0.044246	0.081786	0.995667	-0.955498	0.287501	-0.066077
132	322052													9.288980	-0.310844	-2.821042	-0.291643	-0.954301	0.065227	-0.044275	0.081587	0.995682	-0.955502	0.287496	-0.066046
133	322218													9.301451	-0.308741	-2.837627	-0.291650	-0.954305	0.065137	-0.044335	0.081510	0.995686	-0.955497	0.287504	-0.066081
134	322385													9.298886	-0.315371	-2.803925	-0.291681	-0.954296	0.065128	-0.044407	0.081525	0.995681	-0.955484	0.287529	-0.066157
135	322552													9.304913	-0.329923	-2.846143	-0.291734	-0.954280	0.065122	-0.044498	0.081551	0.995675	-0.955464	0.287575	-0.066254
136	322718													9.286843	-0.332386	-2.821470	-0.291733	-0.954284	0.065065	-0.044670	0.081542	0.995668	-0.955456	0.287563	-0.066416
137	322885													9.207049	-0.365320	-2.834885	-0.291863	-0.954242	0.065098	-0.044786	0.081621	0.995657	-0.955411	0.287680	-0.066559
138	323052													9.303747	-0.365338	-2.853915	-0.292072	-0.954193	0.064888	-0.044962	0.081471	0.995661	-0.955339	0.287887	-0.066698
139	323218													9.328623	-0.308963	-2.839762	-0.292235	-0.954140	0.064927	-0.044934	0.081515	0.995659	-0.955290	0.288049	-0.066695
140	323385													9.344032	-0.321326	-2.838758	-0.292266	-0.954116	0.065133	-0.044752	0.081677	0.995654	-0.955289	0.288081	-0.066570
141	323552													9.357028	-0.350654	-2.845456	-0.292187	-0.954123	0.065386	-0.044568	0.081880	0.995645	-0.955322	0.288000	-0.066448
142	323718													9.335257	-0.314273	-2.834964	-0.292031	-0.954157	0.065594	-0.044409	0.082037	0.995639	-0.955377	0.287844	-0.066331
143	323885													9.298728	-0.290565	-2.827913	-0.291769	-0.954213	0.065942	-0.044272	0.082340	0.995620	-0.955464	0.287571	-0.066269
144	324052													9.263034	-0.298520	-2.807356	-0.291524	-0.954269	0.066211	-0.044141	0.082564	0.995608	-0.955545	0.287321	-0.066192
145	324218													9.247734	-0.329125	-2.805344	-0.291323	-0.954315	0.066437	-0.044086	0.082769	0.995593	-0.955608	0.287110	-0.066184
146	324385													9.258901	-0.341642	-2.827163	-0.291200	-0.954345	0.066553	-0.044062	0.082873	0.995586	-0.955647	0.286982	-0.066182
147	324552													9.295278	-0.351530	-2.812558	-0.291124	-0.954358	0.066689	-0.044154	0.083037	0.995568	-0.955666	0.286889	-0.066313
148	324718													9.328206	-0.328289	-2.827909	-0.291057	-0.954387	0.066566	-0.044264	0.082938	0.995571	-0.955681	0.286821	-0.066385
149	324885													9.320738	-0.306122	-2.827040	-0.290964	-0.954419	0.066518	-0.044373	0.082914	0.995568	-0.955705	0.286723	-0.066476
150	325052													9.297963	-0.302758	-2.810571	-0.290889	-0.954464	0.066196	-0.044471	0.082602	0.995590	-0.955723	0.286662	-0.066474
151	325218													9.342345	-0.311339	-2.836107	-0.290840	-0.954487	0.066080	-0.044595	0.082514	0.995592	-0.955732	0.286611	-0.066564
152	325385													9.259375	-0.320403	-2.814134	-0.290725	-0.954522	0.066083	-0.044702	0.082541	0.995585	-0.955762	0.286488	-0.066665
153	325552													9.255835	-0.364395	-2.834286	-0.290801	-0.954509	0.065938	-0.044833	0.082435	0.995588	-0.955733	0.286562	-0.066766
154	325718													9.241830	-0.313700	-2.830722	-0.290846	-0.954493	0.065971	-0.044940	0.082504	0.995577	-0.955714	0.286595	-0.066891
155	325885													9.236443	-0.287910	-2.833229	-0.291009	-0.954444	0.065961	-0.044801	0.082463	0.995587	-0.955671	0.286769	-0.066757
156	326052													9.272937	-0.329021	-2.859084	-0.291243	-0.954357	0.066179	-0.044600	0.082648	0.995580	-0.955609	0.287005	-0.066635
157	326218													9.334627	-0.340398	-2.845556	-0.291436	-0.954302	0.066130	-0.044456	0.082568	0.995593	-0.955557	0.287212	-0.066488
158	326385													9.371472	-0.311162	-2.842863	-0.291488	-0.954284	0.066156	-0.044443	0.082595	0.995592	-0.955542	0.287263	-0.066487
159	326552													9.338937	-0.297118	-2.826223	-0.291395	-0.954309	0.066209	-0.044448	0.082645	0.995587	-0.955570	0.287167	-0.066499
160	326718													9.295485	-0.312116	-2.828559	-0.291253	-0.954335	0.066461	-0.044404	0.082884	0.995569	-0.955615	0.287011	-0.066516
161	326885													9.260159	-0.348706	-2.834462	-0.291098	-0.954366	0.066694	-0.044341	0.083097	0.995554	-0.955665	0.286847	-0.066507
162	327052													9.263761	-0.348376	-2.829839	-0.291002	-0.954390	0.066766	-0.044257	0.083140	0.995555	-0.955698	0.286753	-0.066433
163	327218													9.288763	-0.335176	-2.824199	-0.290966	-0.954393	0.066880	-0.044137	0.083221	0.995553	-0.955715	0.286720	-0.066339
164	327385													9.295782	-0.299114	-2.819450	-0.290892	-0.954412	0.066931	-0.043980	0.083221	0.995560	-0.955745	0.286657	-0.066183
165	327552													9.283992	-0.286393	-2.813889	-0.290860	-0.954416	0.067003	-0.043833	0.083250	0.995564	-0.955761	0.286633	-0.066049
166	327718													9.286341	-0.282950	-2.791723	-0.290849	-0.954405	0.067210	-0.043685	0.083421	0.995556	-0.955771	0.286620	-0.065956
167	327885													9.296671	-0.299278	-2.833139	-0.290907	-0.954377	0.067363	-0.043675	0.083581	0.995543	-0.955754	0.286669	-0.065997
168	328052													9.334538	-0.315618	-2.808286	-0.290916	-0.954364	0.067505	-0.043761	0.083756	0.995525	-0.955747	0.286660	-0.066130
169	328218													9.308391	-0.319849	-2.798815	-0.290919	-0.954357	0.067592	-0.043907	0.083891	0.995507	-0.955740	0.286644	-0.066309
170	328385													9.288221	-0.349816	-2.796011	-0.290909	-0.954361	0.067586	-0.044079	0.083935	0.995496	-0.955735	0.286620	-0.066485
171	328552													9.279193	-0.362800	-2.811733	-0.290929	-0.954356	0.067563	-0.044210	0.083952	0.995489	-0.955723	0.286630	-0.066616
172	328718													9.268922	-0.363619	-2.830953	-0.291010	-0.954345	0.067371	-0.044312	0.083788	0.995498	-0.955693	0.286715	-0.066673
173	328885													9.291342	-0.353831	-2.818260	-0.291135	-0.954325	0.067117	-0.044402	0.083560	0.995513	-0.955651	0.286849	-0.066701
174	329052													9.285325	-0.328150	-2.840463	-0.291264	-0.954302	0.066889	-0.044475	0.083352	0.995527	-0.955608	0.286986	-0.066720
175	329218													9.279254	-0.304411	-2.831921	-0.291389	-0.954271	0.066773	-0.044504	0.083250	0.995534	-0.955569	0.287116	-0.066727
176	329385													9.314476	-0.296292	-2.822375	-0.291472	-0.954252	0.066690	-0.044498	0.083168	0.995542	-0.955544	0.287205	-0.066704
177	329552													9.311800	-0.302479	-2.838775	-0.291513	-0.954231	0.066814	-0.044492	0.083298	0.995531	-0.955531	0.287238	-0.066738
178	329718													9.316560	-0.308838	-2.862303	-0.291475	-0.954232	0.066957	-0.044507	0.083449	0.995518	-0.955543	0.287188	-0.066793
179	330218													9.290687	-0.325024	-2.857898	-0.291398	-0.954244	0.067125	-0.044473	0.083608	0.995506	-0.955568	0.287103	-0.066801
180	330385													9.286144	-0.306892	-2.850670	-0.291355	-0.954243	0.067324	-0.044414	0.083795	0.995493	-0.955584	0.287051	-0.066796
181	330552													9.310574	-0.329573	-2.831931	-0.291294	-0.954251	0.067476	-0.044327	0.083923	0.995486	-0.955606	0.286988	-0.066746
182	330718													9.318885	-0.321351	-2.839312	-0.291157	-0.954285	0.067580	-0.044231	0.083993	0.995484	-0.955652	0.286853	-0.066664
183	330885													9.287199	-0.310125	-2.820186	-0.291025	-0.954313	0.067765	-0.044089	0.084133	0.995479	-0.955699	0.286721	-0.066559
184	331052													9.281906	-0.294823	-2.836344	-0.290909	-0.954332	0.067987	-0.043987	0.084326	0.995467	-0.955739	0.286599	-0.066510
185	331218													9.283870	-0.293828	-2.803103	-0.290844	-0.954347	0.068059	-0.043896	0.084369	0.995467	-0.955763	0.286539	-0.066430
186	331385													9.296211	-0.324430	-2.816993	-0.290822	-0.954356	0.068032	-0.043907	0.084343	0.995469	-0.955769	0.286517	-0.066431
187	331552													9.242247	-0.335795	-2.813903	-0.290788	-0.954362	0.068087	-0.044010	0.084429	0.995457	-0.955775	0.286470	-0.066553
188	331718													9.274497	-0.381545	-2.847336	-0.290901	-0.954338	0.067932	-0.044181	0.084326	0.995458	-0.955733	0.286579	-0.066694
189	331885													9.307841	-0.308803	-2.838056	-0.290977	-0.954324	0.067816	-0.044318	0.084252	0.995458	-0.955703	0.286650	-0.066809
190	332052													9.324617	-0.338320	-2.825015	-0.290992	-0.954321	0.067782	-0.044237	0.084193	0.995467	-0.955702	0.286675	-0.066716
191	332218													9.335367	-0.332741	-2.833104	-0.290933	-0.954341	0.067759	-0.044141	0.084137	0.995476	-0.955725	0.286626	-0.066604
192	332385													9.338386	-0.323393	-2.825779	-0.290795	-0.954391	0.067644	-0.044015	0.083968	0.995496	-0.955772	0.286508	-0.066425
193	332552													9.316407	-0.275609	-2.791757	-0.290559	-0.954472	0.067521	-0.043959	0.083807	0.995512	-0.955847	0.286287	-0.066309
194	332718													9.297374	-0.267453	-2.791242	-0.290320	-0.954529	0.067741	-0.043857	0.083988	0.995501	-0.955924	0.286043	-0.066246
195	332885													9.278497	-0.303542	-2.787637	-0.290055	-0.954592	0.067990	-0.043714	0.084186	0.995491	-0.956011	0.285775	-0.066148
196	333052													9.281651	-0.353770	-2.806867	-0.289788	-0.954652	0.068289	-0.043652	0.084460	0.995470	-0.956095	0.285494	-0.066148
197	333218													9.283401	-0.374966	-2.785642	-0.289603	-0.954703	0.068359	-0.043661	0.084522	0.995465	-0.956151	0.285305	-0.066161
198	333385													9.292873	-0.345729	-2.808403	-0.289459	-0.954744	0.068390	-0.043703	0.084556	0.995460	-0.956192	0.285156	-0.066201
199	333552													9.283044	-0.339260	-2.798583	-0.289360	-0.954788	0.068200	-0.043705	0.084352	0.995477	-0.956222	0.285071	-0.066137
200	333718													9.297971	-0.339940	-2.802370	-0.289321	-0.954808	0.068081	-0.043648	0.084208	0.995492	-0.956237	0.285045	-0.066039
201	333885													9.296104	-0.314942	-2.797756	-0.289372	-0.954806	0.067898	-0.043572	0.083998	0.995513	-0.956225	0.285115	-0.065910
202	334052													9.324478	-0.312346	-2.780430	-0.289440	-0.954792	0.067807	-0.043467	0.083877	0.995528	-0.956209	0.285198	-0.065779
203	334218													9.244617	-0.321283	-2.802570	-0.289537	-0.954760	0.067834	-0.043367	0.083882	0.995532	-0.956184	0.285302	-0.065692
204	334385													9.262867	-0.328960	-2.796579	-0.289812	-0.954684	0.067728	-0.043377	0.083794	0.995538	-0.956100	0.285581	-0.065696
205	334552													9.239366	-0.282057	-2.795221	-0.290118	-0.954601	0.067594	-0.043356	0.083670	0.995550	-0.956008	0.285897	-0.065662
206	334718													9.270549	-0.269155	-2.828282	-0.290523	-0.954471	0.067683	-0.043130	0.083724	0.995555	-0.955896	0.286312	-0.065490
207	334885													9.330939	-0.336376	-2.861763	-0.290895	-0.954346	0.067850	-0.042877	0.083849	0.995556	-0.955794	0.286693	-0.065311
208	335052													9.344063	-0.344830	-2.855332	-0.291187	-0.954249	0.067959	-0.042769	0.083952	0.995552	-0.955710	0.286985	-0.065258
209	335218													9.342667	-0.295050	-2.848816	-0.291365	-0.954191	0.068016	-0.042757	0.084019	0.995546	-0.955656	0.287159	-0.065279
210	335385													9.346129	-0.286335	-2.849535	-0.291460	-0.954163	0.067995	-0.042772	0.084009	0.995547	-0.955626	0.287254	-0.065297
211	335552													9.303403	-0.297498	-2.828662	-0.291445	-0.954163	0.068067	-0.042696	0.084061	0.995546	-0.955634	0.287240	-0.065238
212	335718													9.289771	-0.337741	-2.848860	-0.291384	-0.954178	0.068121	-0.042612	0.084088	0.995547	-0.955657	0.287184	-0.065161
213	335885													9.266853	-0.316738	-2.818992	-0.291320	-0.954200	0.068085	-0.042514	0.084016	0.995557	-0.955680	0.287131	-0.065042
214	336052													9.266095	-0.281508	-2.830930	-0.291306	-0.954201	0.068132	-0.042397	0.084029	0.995561	-0.955690	0.287124	-0.064934
215	336218													9.287693	-0.289776	-2.839226	-0.291317	-0.954191	0.068219	-0.042238	0.084072	0.995564	-0.955694	0.287143	-0.064795
216	336385													9.288347	-0.246926	-2.812719	-0.291346	-0.954181	0.068244	-0.042031	0.084038	0.995576	-0.955694	0.287188	-0.064589
217	336552													9.287575	-0.255785	-2.830951	-0.291387	-0.954159	0.068374	-0.041836	0.084119	0.995577	-0.955690	0.287237	-0.064430
218	336718													9.283972	-0.282316	-2.841797	-0.291465	-0.954120	0.068584	-0.041747	0.084316	0.995564	-0.955670	0.287309	-0.064407
219	336885													9.309834	-0.287729	-2.833697	-0.291576	-0.954078	0.068700	-0.041721	0.084437	0.995555	-0.955638	0.287413	-0.064425
220	337052													9.283251	-0.315796	-2.854025	-0.291675	-0.954038	0.068833	-0.041766	0.084597	0.995540	-0.955605	0.287499	-0.064521
221	337218													9.281448	-0.340464	-2.855713	-0.291807	-0.953995	0.068857	-0.041819	0.084647	0.995533	-0.955563	0.287624	-0.064595
222	337385													9.288176	-0.354170	-2.850601	-0.291945	-0.953965	0.068689	-0.041902	0.084506	0.995541	-0.955517	0.287765	-0.064645
223	337552													9.281875	-0.349392	-2.856508	-0.292070	-0.953943	0.068464	-0.042002	0.084310	0.995554	-0.955474	0.287895	-0.064691
224	337718													9.288628	-0.321993	-2.860435	-0.292181	-0.953926	0.068226	-0.042070	0.084090	0.995570	-0.955437	0.288016	-0.064702
225	337885													9.297483	-0.311269	-2.854868	-0.292225	-0.953930	0.067983	-0.042104	0.083850	0.995588	-0.955422	0.288073	-0.064668
226	338052													9.306475	-0.294983	-2.865332	-0.292232	-0.953942	0.067792	-0.042109	0.083652	0.995605	-0.955420	0.288093	-0.064615
227	338219													9.308320	-0.284616	-2.855355	-0.292196	-0.953959	0.067699	-0.042107	0.083553	0.995613	-0.955431	0.288064	-0.064582
228	338385													9.285751	-0.301242	-2.842706	-0.292119	-0.953985	0.067665	-0.042123	0.083516	0.995616	-0.955454	0.287988	-0.064581
229	338552													9.279250	-0.303387	-2.845066	-0.292060	-0.954001	0.067706	-0.042122	0.083554	0.995613	-0.955472	0.287926	-0.064587
230	338719													9.280111	-0.316755	-2.853077	-0.292042	-0.953995	0.067852	-0.042061	0.083688	0.995604	-0.955480	0.287905	-0.064566
231	338885													9.296612	-0.320493	-2.844444	-0.292042	-0.953985	0.068006	-0.041991	0.083826	0.995595	-0.955483	0.287900	-0.064540
232	339052													9.289896	-0.330281	-2.839290	-0.292009	-0.953987	0.068113	-0.041836	0.083890	0.995596	-0.955500	0.287873	-0.064407
233	339219													9.274404	-0.327305	-2.855376	-0.291972	-0.953989	0.068238	-0.041667	0.083967	0.995597	-0.955519	0.287843	-0.064266
234	339385													9.282490	-0.295195	-2.840961	-0.291981	-0.953982	0.068304	-0.041485	0.083981	0.995603	-0.955524	0.287864	-0.064097
235	339552													9.286148	-0.298545	-2.831802	-0.292010	-0.953961	0.068475	-0.041285	0.084101	0.995602	-0.955524	0.287898	-0.063943
236	339719													9.316505	-0.316340	-2.839627	-0.292096	-0.953924	0.068617	-0.041202	0.084230	0.995594	-0.955501	0.287982	-0.063907
237	339885													9.267686	-0.318254	-2.829578	-0.292085	-0.953930	0.068591	-0.041253	0.084218	0.995593	-0.955502	0.287968	-0.063951
238	340052													9.261725	-0.358687	-2.862921	-0.292226	-0.953888	0.068567	-0.041389	0.084244	0.995585	-0.955453	0.288098	-0.064098
239	340219													9.302075	-0.331958	-2.876618	-0.292345	-0.953859	0.068466	-0.041573	0.084202	0.995581	-0.955409	0.288206	-0.064271
240	340385													9.303231	-0.317263	-2.843568	-0.292458	-0.953830	0.068384	-0.041545	0.084116	0.995590	-0.955375	0.288327	-0.064227
241	340552													9.327281	-0.321515	-2.849590	-0.292519	-0.953818	0.068287	-0.041416	0.083980	0.995606	-0.955362	0.288406	-0.064069
242	340719													9.302076	-0.299937	-2.855770	-0.292546	-0.953818	0.068185	-0.041256	0.083828	0.995626	-0.955361	0.288453	-0.063874
243	340885													9.321019	-0.283636	-2.836400	-0.292539	-0.953822	0.068156	-0.041111	0.083753	0.995638	-0.955369	0.288461	-0.063714
244	341052													9.301379	-0.239205	-2.837939	-0.292476	-0.953838	0.068198	-0.041006	0.083761	0.995642	-0.955393	0.288405	-0.063611
245	341219													9.302628	-0.241006	-2.827388	-0.292326	-0.953869	0.068403	-0.040853	0.083918	0.995635	-0.955446	0.288255	-0.063499
246	341385													9.244738	-0.297129	-2.839688	-0.292197	-0.953896	0.068584	-0.040764	0.084071	0.995626	-0.955489	0.288123	-0.063450
247	341552													9.282278	-0.328263	-2.834858	-0.292114	-0.953910	0.068740	-0.040801	0.084240	0.995610	-0.955513	0.288027	-0.063528
248	341719													9.292336	-0.340389	-2.807818	-0.292047	-0.953922	0.068863	-0.040886	0.084389	0.995594	-0.955530	0.287945	-0.063647
249	341885													9.287396	-0.335919	-2.830630	-0.292028	-0.953930	0.068819	-0.040950	0.084361	0.995593	-0.955533	0.287923	-0.063700
250	342052													9.297206	-0.341910	-2.839337	-0.292019	-0.953945	0.068661	-0.040970	0.084202	0.995606	-0.955535	0.287923	-0.063672
251	342219													9.294448	-0.315468	-2.822518	-0.292040	-0.953951	0.068491	-0.040976	0.084027	0.995621	-0.955528	0.287954	-0.063628
252	342385													9.305592	-0.286876	-2.832931	-0.292118	-0.953941	0.068291	-0.040954	0.083817	0.995639	-0.955505	0.288047	-0.063552
253	342552													9.241599	-0.295409	-2.857830	-0.292179	-0.953925	0.068257	-0.040895	0.083769	0.995646	-0.955489	0.288115	-0.063486
254	342719													9.260959	-0.302447	-2.846231	-0.292425	-0.953850	0.068245	-0.040909	0.083777	0.995644	-0.955413	0.288359	-0.063520
255	342885													9.250387	-0.271410	-2.859077	-0.292642	-0.953792	0.068129	-0.040951	0.083684	0.995651	-0.955345	0.288579	-0.063548
256	343052													9.244750	-0.263477	-2.867399	-0.292940	-0.953698	0.068165	-0.040790	0.083694	0.995656	-0.955260	0.288887	-0.063419
257	343219													9.312564	-0.303986	-2.899774	-0.293194	-0.953607	0.068338	-0.040573	0.083825	0.995654	-0.955192	0.289147	-0.063268
258	343385													9.332311	-0.324820	-2.887111	-0.293360	-0.953545	0.068490	-0.040421	0.083950	0.995650	-0.955147	0.289316	-0.063171
259	343552													9.339544	-0.317764	-2.901652	-0.293440	-0.953512	0.068607	-0.040411	0.084075	0.995640	-0.955123	0.289388	-0.063203
260	343719													9.316335	-0.286633	-2.879531	-0.293395	-0.953522	0.068665	-0.040448	0.084143	0.995632	-0.955135	0.289336	-0.063255
261	343885													9.297817	-0.313440	-2.905506	-0.293268	-0.953558	0.068708	-0.040457	0.084182	0.995629	-0.955174	0.289206	-0.063266
262	344052													9.280206	-0.327971	-2.892768	-0.293077	-0.953618	0.068693	-0.040443	0.084149	0.995632	-0.955233	0.289018	-0.063230
263	344219													9.257435	-0.341208	-2.875874	-0.292880	-0.953683	0.068624	-0.040413	0.084054	0.995641	-0.955295	0.288830	-0.063159
264	344385													9.247749	-0.313944	-2.876920	-0.292722	-0.953734	0.068600	-0.040339	0.083995	0.995649	-0.955346	0.288681	-0.063060
265	344552													9.269798	-0.275879	-2.846886	-0.292606	-0.953768	0.068620	-0.040202	0.083967	0.995657	-0.955388	0.288576	-0.062913
266	344719													9.286802	-0.239066	-2.826437	-0.292478	-0.953801	0.068704	-0.040050	0.084000	0.995661	-0.955433	0.288457	-0.062768
267	344885													9.299587	-0.241508	-2.852049	-0.292356	-0.953825	0.068887	-0.039903	0.084138	0.995655	-0.955477	0.288337	-0.062659
268	345052													9.304849	-0.264777	-2.849252	-0.292247	-0.953841	0.069133	-0.039843	0.084370	0.995638	-0.955512	0.288218	-0.062661
269	345219													9.305633	-0.298337	-2.840565	-0.292113	-0.953864	0.069377	-0.039877	0.084626	0.995615	-0.955552	0.288066	-0.062758
270	345385													9.306818	-0.332278	-2.848945	-0.291922	-0.953912	0.069526	-0.040015	0.084809	0.995593	-0.955605	0.287854	-0.062929
271	345552													9.290133	-0.371473	-2.827575	-0.291722	-0.953969	0.069575	-0.040113	0.084877	0.995584	-0.955662	0.287643	-0.063027
272	345719													9.267955	-0.380879	-2.828920	-0.291597	-0.954020	0.069405	-0.040223	0.084724	0.995592	-0.955695	0.287521	-0.063079
273	345885													9.266555	-0.374953	-2.843066	-0.291530	-0.954065	0.069070	-0.040309	0.084395	0.995617	-0.955712	0.287468	-0.063061
274	346052													9.297669	-0.330074	-2.820799	-0.291499	-0.954106	0.068633	-0.040347	0.083948	0.995653	-0.955720	0.287462	-0.062966
275	346219													9.289507	-0.275148	-2.825641	-0.291501	-0.954130	0.068283	-0.040372	0.083590	0.995682	-0.955718	0.287485	-0.062887
276	346385													9.314260	-0.275006	-2.816148	-0.291479	-0.954155	0.068033	-0.040389	0.083334	0.995703	-0.955724	0.287479	-0.062827
277	346552													9.327507	-0.264073	-2.822824	-0.291385	-0.954190	0.067948	-0.040442	0.083255	0.995707	-0.955751	0.287386	-0.062848
278	346719													9.289897	-0.268937	-2.812760	-0.291251	-0.954225	0.068030	-0.040490	0.083345	0.995698	-0.955790	0.287243	-0.062910
279	346885													9.304761	-0.308954	-2.827682	-0.291099	-0.954257	0.068222	-0.040511	0.083541	0.995681	-0.955835	0.287078	-0.062977
280	347052													9.313498	-0.328098	-2.832138	-0.290894	-0.954300	0.068494	-0.040482	0.083802	0.995660	-0.955898	0.286859	-0.063010
281	347219													9.288656	-0.349886	-2.820933	-0.290693	-0.954346	0.068718	-0.040375	0.083990	0.995648	-0.955964	0.286654	-0.062947
282	347385													9.300084	-0.321268	-2.803244	-0.290519	-0.954382	0.068947	-0.040251	0.084181	0.995637	-0.956022	0.286477	-0.062871
283	347552													9.291142	-0.314505	-2.806980	-0.290404	-0.954404	0.069123	-0.040147	0.084325	0.995629	-0.956062	0.286359	-0.062805
284	347719													9.276137	-0.324487	-2.816149	-0.290336	-0.954414	0.069270	-0.040140	0.084472	0.995617	-0.956082	0.286283	-0.062836
285	347885													9.239093	-0.318725	-2.805167	-0.290319	-0.954424	0.069207	-0.040223	0.084429	0.995617	-0.956084	0.286263	-0.062901
286	348052													9.207944	-0.355958	-2.842803	-0.290544	-0.954359	0.069156	-0.040339	0.084426	0.995613	-0.956011	0.286480	-0.063028
