// Start Time: Unknown
// Update Rate: 60.0Hz
//Filter Profile: human (46.1)
// Option Flags: AHS Disabled ICC Disabled
// Firmware Version: 4.0.2
0	sampleTimeFine	Year	Month	Day	Second	UTC_Nano	UTC_Year	UTC_Month	UTC_Day	UTC_Hour	UTC_Minute	UTC_Second	UTC_Valid	Acc_X	Acc_Y	Acc_Z	Mat[1][1]	Mat[2][1]	Mat[3][1]	Mat[1][2]	Mat[2][2]	Mat[3][2]	Mat[1][3]	Mat[2][3]	Mat[3][3]
0	2900899													-0.049241	-0.162468	-0.107058	0.219766	-0.941958	-0.253809	0.010499	-0.257870	0.966122	-0.975496	-0.214985	-0.046782
1	2901066													9.643133	0.101817	2.142734	0.219126	-0.942193	-0.253489	0.010005	-0.257619	0.966195	-0.975645	-0.214255	-0.047025
2	2901233													9.577146	0.162775	2.171908	0.219296	-0.941971	-0.254163	0.010151	-0.258287	0.966015	-0.975605	-0.214423	-0.047080
3	2901399													9.615934	0.152854	2.211185	0.220374	-0.941556	-0.254769	0.011238	-0.258722	0.965886	-0.975351	-0.215720	-0.046435
4	2901566													9.589300	0.159447	2.210139	0.221610	-0.941106	-0.255361	0.012134	-0.259191	0.965750	-0.975060	-0.217118	-0.046020
5	2901733													9.562023	0.164359	2.244978	0.222579	-0.940790	-0.255682	0.012853	-0.259407	0.965683	-0.974830	-0.218227	-0.045647
6	2901899													9.534298	0.195441	2.290857	0.223462	-0.940417	-0.256280	0.013543	-0.259908	0.965538	-0.974618	-0.219232	-0.045344
7	2902066													9.576738	0.203967	2.263982	0.224335	-0.939971	-0.257153	0.014167	-0.260705	0.965314	-0.974409	-0.220197	-0.045169
8	2902233													9.561680	0.164844	2.253343	0.225069	-0.939646	-0.257701	0.014687	-0.261185	0.965177	-0.974232	-0.221016	-0.044984
9	2902399													9.530705	0.168140	2.270879	0.225739	-0.939413	-0.257965	0.014998	-0.261418	0.965109	-0.974072	-0.221731	-0.044923
10	2902566													9.536702	0.182693	2.231146	0.226250	-0.939200	-0.258292	0.015166	-0.261739	0.965019	-0.973951	-0.222253	-0.044974
11	2902733													9.571977	0.170953	2.212900	0.226673	-0.939127	-0.258186	0.015283	-0.261623	0.965049	-0.973851	-0.222696	-0.044950
12	2902899													9.561418	0.188331	2.239311	0.227081	-0.938965	-0.258416	0.015375	-0.261859	0.964984	-0.973755	-0.223103	-0.045027
13	2903066													9.536404	0.167350	2.196189	0.227399	-0.938892	-0.258401	0.015330	-0.261869	0.964982	-0.973681	-0.223397	-0.045156
14	2903233													9.564924	0.183242	2.248014	0.227629	-0.938868	-0.258286	0.015259	-0.261777	0.965008	-0.973628	-0.223604	-0.045262
15	2903399													9.627028	0.195831	2.165624	0.227526	-0.938887	-0.258308	0.015262	-0.261794	0.965003	-0.973652	-0.223505	-0.045236
16	2903566													9.607066	0.200010	2.204120	0.227617	-0.938875	-0.258270	0.015325	-0.261745	0.965015	-0.973630	-0.223612	-0.045189
17	2903733													9.652077	0.200747	2.239292	0.227735	-0.938815	-0.258385	0.015363	-0.261860	0.964984	-0.973602	-0.223731	-0.045211
18	2903899													9.620822	0.166419	2.316798	0.227913	-0.938824	-0.258195	0.015323	-0.261682	0.965032	-0.973561	-0.223900	-0.045255
19	2904066													9.540169	0.171681	2.349426	0.228179	-0.938769	-0.258161	0.015312	-0.261663	0.965038	-0.973499	-0.224154	-0.045332
20	2904233													9.495476	0.178785	2.368312	0.228427	-0.938674	-0.258287	0.015311	-0.261804	0.965000	-0.973441	-0.224386	-0.045431
21	2904399													9.494685	0.151055	2.360302	0.228544	-0.938622	-0.258371	0.015229	-0.261915	0.964971	-0.973414	-0.224474	-0.045565
22	2904566													9.492962	0.144370	2.335226	0.228605	-0.938572	-0.258499	0.015066	-0.262088	0.964926	-0.973403	-0.224481	-0.045774
23	2904733													9.525795	0.131213	2.305457	0.228634	-0.938532	-0.258620	0.014857	-0.262262	0.964882	-0.973399	-0.224448	-0.046018
24	2904899													9.542822	0.143229	2.317460	0.228699	-0.938439	-0.258900	0.014663	-0.262598	0.964794	-0.973387	-0.224443	-0.046295
25	2905066													9.575251	0.142748	2.263519	0.228801	-0.938352	-0.259125	0.014517	-0.262867	0.964723	-0.973365	-0.224492	-0.046523
26	2905233													9.558742	0.157834	2.261081	0.228941	-0.938264	-0.259320	0.014374	-0.263108	0.964659	-0.973334	-0.224577	-0.046750
27	2905399													9.579864	0.173706	2.240282	0.229064	-0.938172	-0.259545	0.014276	-0.263368	0.964590	-0.973307	-0.224658	-0.046935
28	2905566													9.572317	0.172333	2.244459	0.229215	-0.938051	-0.259848	0.014205	-0.263703	0.964499	-0.973272	-0.224769	-0.047120
29	2905733													9.567495	0.157346	2.236951	0.229270	-0.937979	-0.260059	0.014124	-0.263942	0.964435	-0.973260	-0.224789	-0.047266
30	2905899													9.550566	0.148028	2.205719	0.229268	-0.937891	-0.260379	0.014092	-0.264278	0.964343	-0.973261	-0.224762	-0.047373
31	2906066													9.555820	0.147389	2.222140	0.229223	-0.937832	-0.260631	0.014126	-0.264527	0.964275	-0.973271	-0.224716	-0.047388
32	2906233													9.564993	0.173678	2.233632	0.229153	-0.937780	-0.260879	0.014206	-0.264761	0.964210	-0.973287	-0.224658	-0.047349
33	2906399													9.581712	0.192660	2.210547	0.229089	-0.937723	-0.261141	0.014313	-0.265001	0.964142	-0.973300	-0.224612	-0.047287
34	2906566													9.568486	0.166269	2.211112	0.228973	-0.937715	-0.261269	0.014419	-0.265103	0.964112	-0.973326	-0.224523	-0.047181
35	2906733													9.579604	0.191923	2.209975	0.228726	-0.937776	-0.261268	0.014470	-0.265078	0.964118	-0.973383	-0.224299	-0.047060
36	2906899													9.616502	0.199775	2.228345	0.228487	-0.937800	-0.261392	0.014487	-0.265190	0.964087	-0.973439	-0.224068	-0.047007
37	2907066													9.621013	0.149796	2.210444	0.228259	-0.937853	-0.261398	0.014439	-0.265196	0.964087	-0.973493	-0.223836	-0.046991
38	2907233													9.567776	0.141731	2.182554	0.228055	-0.937967	-0.261169	0.014296	-0.264983	0.964147	-0.973543	-0.223612	-0.047022
39	2907399													9.656008	0.121521	2.172376	0.227711	-0.938108	-0.260961	0.014243	-0.264764	0.964208	-0.973625	-0.223277	-0.046928
40	2907566													9.595102	0.173371	2.158784	0.227501	-0.938229	-0.260710	0.014393	-0.264461	0.964289	-0.973671	-0.223129	-0.046661
41	2907733													9.580838	0.158619	2.183153	0.227482	-0.938214	-0.260781	0.014562	-0.264494	0.964277	-0.973673	-0.223153	-0.046505
42	2907899													9.624929	0.155679	2.215096	0.227537	-0.938214	-0.260731	0.014673	-0.264421	0.964296	-0.973659	-0.223238	-0.046399
43	2908066													9.598154	0.180799	2.232165	0.227567	-0.938155	-0.260920	0.014720	-0.264606	0.964244	-0.973651	-0.223271	-0.046406
44	2908233													9.532757	0.195299	2.324222	0.227717	-0.938102	-0.260977	0.014770	-0.264660	0.964229	-0.973615	-0.223426	-0.046412
45	2908399													9.516932	0.225591	2.326777	0.227806	-0.938100	-0.260908	0.014794	-0.264588	0.964248	-0.973594	-0.223522	-0.046396
46	2908566													9.549597	0.208722	2.328458	0.227764	-0.938118	-0.260880	0.014777	-0.264561	0.964256	-0.973604	-0.223478	-0.046395
47	2908733													9.533135	0.179323	2.321357	0.227654	-0.938146	-0.260874	0.014749	-0.264556	0.964258	-0.973630	-0.223365	-0.046390
48	2908899													9.519528	0.197851	2.330759	0.227411	-0.938174	-0.260987	0.014716	-0.264668	0.964227	-0.973688	-0.223117	-0.046382
49	2909066													9.566214	0.161952	2.279806	0.227202	-0.938276	-0.260802	0.014651	-0.264482	0.964279	-0.973737	-0.222908	-0.046344
50	2909233													9.575015	0.191248	2.287696	0.227108	-0.938317	-0.260735	0.014592	-0.264422	0.964297	-0.973760	-0.222804	-0.046360
51	2909399													9.551510	0.179529	2.284832	0.227046	-0.938317	-0.260791	0.014411	-0.264519	0.964273	-0.973777	-0.222693	-0.046536
52	2909566													9.559025	0.148873	2.257438	0.227028	-0.938381	-0.260574	0.014192	-0.264345	0.964324	-0.973785	-0.222626	-0.046696
53	2909733													9.572844	0.140337	2.255912	0.226741	-0.938513	-0.260350	0.014029	-0.264137	0.964383	-0.973854	-0.222318	-0.046724
54	2909899													9.607411	0.200022	2.327133	0.226524	-0.938640	-0.260080	0.013915	-0.263875	0.964457	-0.973906	-0.222092	-0.046713
55	2910066													9.550006	0.174820	2.323633	0.226076	-0.938895	-0.259550	0.013777	-0.263340	0.964605	-0.974012	-0.221650	-0.046600
56	2910233													9.589365	0.131761	2.281008	0.225562	-0.939219	-0.258825	0.013598	-0.262610	0.964806	-0.974134	-0.221143	-0.046463
57	2910399													9.557254	0.151403	2.242704	0.225056	-0.939481	-0.258314	0.013468	-0.262090	0.964949	-0.974253	-0.220647	-0.046332
58	2910566													9.546885	0.168644	2.275934	0.224568	-0.939729	-0.257834	0.013355	-0.261599	0.965084	-0.974367	-0.220171	-0.046197
59	2910733													9.548028	0.144072	2.201344	0.224035	-0.939964	-0.257442	0.013273	-0.261189	0.965196	-0.974491	-0.219655	-0.046039
60	2910899													9.555534	0.143358	2.191643	0.223518	-0.940148	-0.257219	0.013236	-0.260944	0.965263	-0.974610	-0.219159	-0.045882
61	2911066													9.578162	0.162225	2.171172	0.223007	-0.940304	-0.257093	0.013203	-0.260797	0.965303	-0.974727	-0.218664	-0.045744
62	2911233													9.582004	0.172851	2.168700	0.222504	-0.940456	-0.256971	0.013189	-0.260650	0.965343	-0.974842	-0.218182	-0.045592
63	2911399													9.591291	0.171960	2.158156	0.222083	-0.940550	-0.256991	0.013183	-0.260653	0.965343	-0.974939	-0.217774	-0.045488
64	2911566													9.588917	0.164006	2.151182	0.221755	-0.940605	-0.257073	0.013160	-0.260726	0.965323	-0.975014	-0.217448	-0.045439
65	2911733													9.613386	0.175939	2.174521	0.221457	-0.940693	-0.257009	0.013136	-0.260651	0.965344	-0.975082	-0.217158	-0.045366
66	2911899													9.620648	0.171831	2.154155	0.221162	-0.940718	-0.257173	0.013106	-0.260812	0.965301	-0.975149	-0.216858	-0.045353
67	2912066													9.609286	0.151790	2.209889	0.220953	-0.940808	-0.257021	0.013071	-0.260654	0.965344	-0.975197	-0.216655	-0.045295
68	2912233													9.583398	0.143610	2.216091	0.220654	-0.940922	-0.256860	0.012984	-0.260494	0.965388	-0.975266	-0.216352	-0.045262
69	2912399													9.583285	0.126656	2.201524	0.220304	-0.941017	-0.256813	0.012860	-0.260457	0.965400	-0.975346	-0.215984	-0.045278
70	2912566													9.575050	0.136045	2.204562	0.219949	-0.941141	-0.256665	0.012719	-0.260319	0.965439	-0.975429	-0.215612	-0.045286
71	2912733													9.556987	0.166056	2.223530	0.219452	-0.941323	-0.256422	0.012537	-0.260087	0.965504	-0.975543	-0.215096	-0.045275
72	2912900													9.569791	0.149259	2.249633	0.218849	-0.941552	-0.256095	0.012316	-0.259771	0.965592	-0.975681	-0.214473	-0.045254
73	2913066													9.577216	0.159927	2.212486	0.218135	-0.941849	-0.255614	0.012098	-0.259291	0.965723	-0.975844	-0.213750	-0.045166
74	2913233													9.597175	0.164785	2.214183	0.217425	-0.942179	-0.255002	0.011932	-0.258667	0.965893	-0.976004	-0.213052	-0.044999
75	2913400													9.615099	0.158241	2.169770	0.216637	-0.942581	-0.254182	0.011693	-0.257841	0.966116	-0.976182	-0.212269	-0.044836
76	2913566													9.580450	0.116051	2.088211	0.215910	-0.942862	-0.253758	0.011462	-0.257423	0.966231	-0.976346	-0.211528	-0.044773
77	2913733													9.642353	0.120799	2.051167	0.215199	-0.943154	-0.253279	0.011354	-0.256922	0.966366	-0.976504	-0.210837	-0.044580
78	2913900													9.638129	0.140177	2.060773	0.214479	-0.943400	-0.252971	0.011409	-0.256561	0.966461	-0.976662	-0.210171	-0.044264
79	2914066													9.617104	0.180375	2.053774	0.214136	-0.943491	-0.252925	0.011619	-0.256452	0.966487	-0.976735	-0.209898	-0.043953
80	2914233													9.664304	0.146409	2.087368	0.213978	-0.943571	-0.252760	0.011826	-0.256232	0.966543	-0.976767	-0.209808	-0.043669
81	2914400													9.625072	0.149192	2.167371	0.213891	-0.943596	-0.252739	0.011949	-0.256180	0.966555	-0.976784	-0.209758	-0.043520
82	2914566													9.556780	0.178865	2.201298	0.213737	-0.943607	-0.252830	0.012077	-0.256239	0.966538	-0.976817	-0.209638	-0.043371
83	2914733													9.538899	0.207823	2.229728	0.213570	-0.943625	-0.252904	0.012205	-0.256279	0.966526	-0.976852	-0.209508	-0.043216
84	2914900													9.574106	0.190281	2.225862	0.213280	-0.943717	-0.252802	0.012269	-0.256149	0.966560	-0.976914	-0.209249	-0.043053
85	2915066													9.533573	0.150472	2.200378	0.212859	-0.943833	-0.252724	0.012261	-0.256051	0.966585	-0.977006	-0.208845	-0.042931
86	2915233													9.543700	0.160445	2.188496	0.212397	-0.943880	-0.252938	0.012248	-0.256252	0.966532	-0.977107	-0.208387	-0.042866
87	2915400													9.588299	0.145847	2.184016	0.211891	-0.944000	-0.252915	0.012213	-0.256213	0.966543	-0.977217	-0.207890	-0.042761
88	2915566													9.613241	0.162127	2.179179	0.211452	-0.944125	-0.252818	0.012163	-0.256105	0.966572	-0.977313	-0.207458	-0.042670
89	2915733													9.583488	0.143899	2.120477	0.210997	-0.944227	-0.252816	0.012070	-0.256102	0.966574	-0.977412	-0.206996	-0.042640
90	2915900													9.587347	0.110243	2.085646	0.210569	-0.944339	-0.252756	0.011905	-0.256057	0.966588	-0.977507	-0.206542	-0.042675
91	2916066													9.607604	0.125028	2.061678	0.209977	-0.944459	-0.252799	0.011757	-0.256105	0.966577	-0.977636	-0.205931	-0.042672
92	2916233													9.691436	0.193101	2.063385	0.209614	-0.944572	-0.252676	0.011687	-0.255978	0.966612	-0.977714	-0.205568	-0.042617
93	2916400													9.569879	0.158042	2.086882	0.209314	-0.944723	-0.252361	0.011575	-0.255666	0.966696	-0.977780	-0.205264	-0.042580
94	2916566													9.625520	0.139313	2.063813	0.208994	-0.944881	-0.252036	0.011387	-0.255358	0.966779	-0.977851	-0.204921	-0.042609
95	2916733													9.620894	0.134041	2.065123	0.208666	-0.945059	-0.251639	0.011220	-0.254973	0.966883	-0.977923	-0.204579	-0.042601
96	2916900													9.612627	0.166637	2.067223	0.208342	-0.945227	-0.251276	0.011089	-0.254614	0.966979	-0.977993	-0.204249	-0.042566
97	2917066													9.623002	0.179031	2.039037	0.208011	-0.945401	-0.250894	0.010962	-0.254235	0.967080	-0.978065	-0.203914	-0.042520
98	2917233													9.586234	0.165246	2.060527	0.207744	-0.945513	-0.250696	0.010862	-0.254041	0.967132	-0.978123	-0.203639	-0.042506
99	2917400													9.602365	0.159301	2.081733	0.207504	-0.945627	-0.250463	0.010789	-0.253808	0.967194	-0.978175	-0.203399	-0.042464
100	2917566													9.619833	0.194124	2.077945	0.207341	-0.945696	-0.250336	0.010751	-0.253679	0.967229	-0.978210	-0.203238	-0.042431
101	2917733													9.608607	0.180573	2.067917	0.207171	-0.945748	-0.250279	0.010728	-0.253618	0.967245	-0.978246	-0.203071	-0.042396
102	2917900													9.609065	0.173843	2.073878	0.206979	-0.945830	-0.250131	0.010729	-0.253457	0.967287	-0.978286	-0.202892	-0.042313
103	2918066													9.632046	0.164059	2.044507	0.206871	-0.945889	-0.249997	0.010716	-0.253319	0.967324	-0.978310	-0.202790	-0.042268
104	2918233													9.632689	0.134576	2.069161	0.206772	-0.945939	-0.249889	0.010687	-0.253210	0.967352	-0.978331	-0.202692	-0.042248
105	2918400													9.609792	0.122584	2.094435	0.206597	-0.945989	-0.249844	0.010695	-0.253154	0.967367	-0.978368	-0.202527	-0.042183
106	2918566													9.605001	0.125813	2.062442	0.206419	-0.946006	-0.249926	0.010764	-0.253216	0.967350	-0.978405	-0.202370	-0.042085
107	2918733													9.611970	0.131062	2.091542	0.206248	-0.946007	-0.250065	0.010862	-0.253330	0.967319	-0.978439	-0.202224	-0.041973
108	2918900													9.588306	0.147630	2.088465	0.206084	-0.946040	-0.250076	0.010923	-0.253322	0.967320	-0.978473	-0.202081	-0.041872
109	2919066													9.592728	0.159992	2.094054	0.205974	-0.946074	-0.250038	0.010961	-0.253270	0.967333	-0.978496	-0.201986	-0.041797
110	2919233													9.596262	0.161587	2.044682	0.205918	-0.946067	-0.250110	0.010980	-0.253337	0.967316	-0.978508	-0.201934	-0.041779
111	2919400													9.584493	0.171182	2.068453	0.205940	-0.946078	-0.250050	0.011019	-0.253269	0.967333	-0.978503	-0.201968	-0.041733
112	2919566													9.598826	0.156455	2.075305	0.205937	-0.946085	-0.250026	0.010968	-0.253254	0.967338	-0.978504	-0.201953	-0.041777
113	2919733													9.575284	0.141911	2.076782	0.205922	-0.946148	-0.249801	0.010903	-0.253038	0.967395	-0.978508	-0.201931	-0.041791
114	2919900													9.606762	0.122296	1.957180	0.205715	-0.946229	-0.249665	0.010853	-0.252900	0.967432	-0.978552	-0.201724	-0.041756
115	2920066													9.605657	0.149117	2.040416	0.205704	-0.946226	-0.249685	0.010943	-0.252902	0.967430	-0.978553	-0.201736	-0.041669
116	2920233													9.775760	0.184947	2.024698	0.205691	-0.946203	-0.249782	0.011102	-0.252967	0.967411	-0.978554	-0.201761	-0.041528
117	2920400													9.607780	0.150456	2.099727	0.205960	-0.946132	-0.249829	0.011217	-0.253003	0.967400	-0.978496	-0.202048	-0.041496
118	2920566													9.582505	0.165403	2.133996	0.206320	-0.946006	-0.250008	0.011325	-0.253180	0.967353	-0.978419	-0.202416	-0.041522
119	2920733													9.551885	0.207874	2.164325	0.206597	-0.945931	-0.250064	0.011418	-0.253230	0.967339	-0.978360	-0.202704	-0.041516
120	2920900													9.554406	0.203622	2.183149	0.206789	-0.945915	-0.249967	0.011495	-0.253123	0.967366	-0.978318	-0.202914	-0.041470
121	2921066													9.610499	0.181295	2.168973	0.206922	-0.945882	-0.249979	0.011505	-0.253139	0.967362	-0.978290	-0.203045	-0.041497
122	2921233													9.556405	0.185069	2.151307	0.206925	-0.945885	-0.249966	0.011479	-0.253131	0.967364	-0.978289	-0.203041	-0.041521
123	2921400													9.543980	0.163441	2.093351	0.206972	-0.945868	-0.249992	0.011396	-0.253177	0.967353	-0.978280	-0.203064	-0.041622
124	2921566													9.631087	0.189199	2.108371	0.207108	-0.945867	-0.249885	0.011313	-0.253090	0.967377	-0.978253	-0.203178	-0.041716
125	2921733													9.651951	0.196577	2.114923	0.207342	-0.945831	-0.249826	0.011245	-0.253055	0.967387	-0.978204	-0.203389	-0.041832
126	2921900													9.620445	0.163316	2.062424	0.207617	-0.945853	-0.249512	0.011015	-0.252794	0.967458	-0.978148	-0.203609	-0.042066
127	2922066													9.618566	0.172750	2.125002	0.208007	-0.945874	-0.249108	0.010733	-0.252456	0.967549	-0.978068	-0.203930	-0.042361
128	2922233													9.668910	0.166726	2.037308	0.208128	-0.945911	-0.248865	0.010498	-0.252262	0.967602	-0.978045	-0.203998	-0.042573
129	2922400													9.610693	0.203332	2.049959	0.208389	-0.945966	-0.248441	0.010256	-0.251890	0.967701	-0.977992	-0.204206	-0.042790
130	2922566													9.568198	0.172719	2.052509	0.208553	-0.945997	-0.248185	0.009966	-0.251696	0.967755	-0.977960	-0.204302	-0.043064
131	2922733													9.616007	0.159982	2.043972	0.208813	-0.946011	-0.247913	0.009643	-0.251497	0.967810	-0.977908	-0.204482	-0.043393
132	2922900													9.617920	0.194451	2.057572	0.209162	-0.945960	-0.247813	0.009370	-0.251468	0.967820	-0.977836	-0.204754	-0.043734
133	2923066													9.560415	0.190851	2.088406	0.209539	-0.945887	-0.247772	0.009143	-0.251491	0.967817	-0.977758	-0.205060	-0.044049
134	2923233													9.595061	0.163875	2.057986	0.209852	-0.945819	-0.247768	0.008930	-0.251546	0.967804	-0.977692	-0.205308	-0.044341
135	2923400													9.622089	0.152717	2.076802	0.210136	-0.945783	-0.247662	0.008659	-0.251508	0.967816	-0.977634	-0.205518	-0.044661
136	2923566													9.630780	0.148388	2.122890	0.210394	-0.945741	-0.247607	0.008407	-0.251516	0.967817	-0.977580	-0.205705	-0.044967
137	2923733													9.630666	0.122152	2.111727	0.210612	-0.945711	-0.247533	0.008200	-0.251495	0.967824	-0.977535	-0.205865	-0.045213
138	2923900													9.622005	0.120331	2.100526	0.210752	-0.945693	-0.247483	0.008019	-0.251489	0.967827	-0.977507	-0.205956	-0.045418
139	2924066													9.618224	0.122492	2.092180	0.210906	-0.945632	-0.247586	0.007855	-0.251636	0.967790	-0.977475	-0.206058	-0.045643
140	2924233													9.599296	0.096493	2.118799	0.210997	-0.945578	-0.247713	0.007677	-0.251808	0.967747	-0.977456	-0.206094	-0.045872
141	2924400													9.598439	0.123642	2.093648	0.211032	-0.945500	-0.247983	0.007467	-0.252130	0.967665	-0.977451	-0.206060	-0.046148
142	2924566													9.595762	0.098402	2.127409	0.211061	-0.945474	-0.248057	0.007116	-0.252280	0.967628	-0.977447	-0.205994	-0.046518
143	2924733													9.596905	0.086634	2.135732	0.211135	-0.945497	-0.247906	0.006621	-0.252234	0.967644	-0.977435	-0.205945	-0.046995
144	2924900													9.586255	0.096242	2.108987	0.211142	-0.945528	-0.247780	0.006099	-0.252215	0.967652	-0.977436	-0.205824	-0.047486
145	2925066													9.584085	0.113053	2.123278	0.211231	-0.945529	-0.247704	0.005565	-0.252254	0.967645	-0.977420	-0.205776	-0.048022
146	2925233													9.602945	0.096734	2.141671	0.211481	-0.945539	-0.247449	0.005013	-0.252123	0.967682	-0.977369	-0.205887	-0.048579
147	2925400													9.601147	0.105158	2.179184	0.211802	-0.945544	-0.247158	0.004427	-0.251965	0.967726	-0.977302	-0.206061	-0.049181
148	2925566													9.607432	0.093256	2.214294	0.212106	-0.945531	-0.246946	0.003889	-0.251877	0.967751	-0.977239	-0.206226	-0.049747
149	2925733													9.606332	0.070137	2.212661	0.212244	-0.945586	-0.246616	0.003325	-0.251666	0.967808	-0.977211	-0.206231	-0.050271
150	2925900													9.555557	0.050584	2.138523	0.212341	-0.945682	-0.246163	0.002744	-0.251329	0.967898	-0.977192	-0.206200	-0.050773
151	2926066													9.590503	0.044955	2.076015	0.212314	-0.945766	-0.245866	0.002287	-0.251121	0.967953	-0.977199	-0.206073	-0.051153
152	2926233													9.582506	0.066688	2.127238	0.212278	-0.945837	-0.245622	0.002051	-0.250918	0.968006	-0.977207	-0.205990	-0.051325
153	2926400													9.629267	0.078855	2.095025	0.212306	-0.945852	-0.245540	0.002044	-0.250837	0.968027	-0.977201	-0.206020	-0.051321
154	2926566													9.618339	0.039296	2.143729	0.212524	-0.945808	-0.245520	0.002090	-0.250819	0.968032	-0.977154	-0.206243	-0.051328
155	2926733													9.604513	0.077180	2.182029	0.212760	-0.945729	-0.245621	0.002121	-0.250928	0.968003	-0.977102	-0.206473	-0.051382
156	2926900													9.565129	0.090953	2.193852	0.212996	-0.945632	-0.245789	0.002210	-0.251094	0.967960	-0.977051	-0.206715	-0.051392
157	2927066													9.553638	0.119349	2.240441	0.213173	-0.945536	-0.246006	0.002349	-0.251297	0.967907	-0.977012	-0.206909	-0.051349
158	2927233													9.559870	0.112445	2.248781	0.213135	-0.945487	-0.246228	0.002499	-0.251490	0.967857	-0.977019	-0.206900	-0.051239
159	2927400													9.550112	0.093173	2.224787	0.213058	-0.945448	-0.246445	0.002638	-0.251679	0.967807	-0.977036	-0.206849	-0.051128
160	2927566													9.548599	0.085513	2.223014	0.212926	-0.945459	-0.246514	0.002756	-0.251718	0.967797	-0.977064	-0.206748	-0.050992
161	2927733													9.582594	0.087862	2.172673	0.212761	-0.945470	-0.246614	0.002900	-0.251781	0.967780	-0.977100	-0.206621	-0.050827
162	2927900													9.601530	0.088182	2.172224	0.212669	-0.945465	-0.246714	0.003026	-0.251852	0.967761	-0.977120	-0.206559	-0.050700
163	2928066													9.602624	0.088264	2.162350	0.212629	-0.945458	-0.246776	0.003173	-0.251881	0.967753	-0.977128	-0.206556	-0.050557
164	2928233													9.578202	0.062008	2.120305	0.212505	-0.945470	-0.246835	0.003222	-0.251926	0.967741	-0.977155	-0.206445	-0.050489
165	2928400													9.584655	0.072751	2.176973	0.212396	-0.945496	-0.246832	0.003304	-0.251899	0.967748	-0.977178	-0.206362	-0.050379
166	2928566													9.677184	0.092976	2.050756	0.212185	-0.945504	-0.246983	0.003473	-0.252006	0.967719	-0.977223	-0.206194	-0.050188
167	2928733													9.597457	0.105909	2.087829	0.212222	-0.945496	-0.246981	0.003620	-0.251976	0.967727	-0.977215	-0.206267	-0.050052
168	2928900													9.640435	0.093010	2.080652	0.212209	-0.945464	-0.247112	0.003752	-0.252081	0.967699	-0.977217	-0.206282	-0.049946
169	2929066													9.631813	0.077403	2.046585	0.212215	-0.945432	-0.247232	0.003807	-0.252192	0.967670	-0.977216	-0.206295	-0.049920
170	2929233													9.596028	0.119074	2.097608	0.212250	-0.945377	-0.247412	0.003899	-0.252359	0.967626	-0.977208	-0.206343	-0.049877
171	2929400													9.601742	0.106421	2.128678	0.212215	-0.945304	-0.247720	0.003957	-0.252660	0.967547	-0.977215	-0.206308	-0.049878
172	2929567													9.588296	0.081891	2.127922	0.212149	-0.945267	-0.247919	0.003881	-0.252877	0.967491	-0.977230	-0.206214	-0.049979
173	2929733													9.578754	0.081437	2.124665	0.212022	-0.945243	-0.248117	0.003700	-0.253111	0.967430	-0.977258	-0.206034	-0.050168
174	2929900													9.620996	0.077124	2.141368	0.211948	-0.945258	-0.248125	0.003510	-0.253156	0.967419	-0.977275	-0.205913	-0.050338
175	2930067													9.618619	0.089892	2.144239	0.211937	-0.945259	-0.248130	0.003316	-0.253201	0.967408	-0.977278	-0.205852	-0.050528
176	2930233													9.609328	0.087020	2.128430	0.211955	-0.945276	-0.248051	0.003101	-0.253166	0.967418	-0.977275	-0.205818	-0.050728
177	2930400													9.604892	0.093628	2.112420	0.212011	-0.945257	-0.248074	0.002926	-0.253230	0.967402	-0.977263	-0.205826	-0.050922
178	2930567													9.612918	0.100372	2.125591	0.212116	-0.945231	-0.248084	0.002780	-0.253276	0.967390	-0.977241	-0.205888	-0.051096
179	2930733													9.597863	0.084961	2.173968	0.212257	-0.945226	-0.247983	0.002630	-0.253212	0.967407	-0.977210	-0.205992	-0.051260
180	2930900													9.587029	0.089344	2.148921	0.212447	-0.945216	-0.247855	0.002504	-0.253118	0.967432	-0.977169	-0.206149	-0.051407
181	2931067													9.587151	0.082196	2.152240	0.212645	-0.945194	-0.247770	0.002408	-0.253062	0.967447	-0.977126	-0.206320	-0.051536
182	2931233													9.590415	0.082836	2.170518	0.212820	-0.945161	-0.247745	0.002325	-0.253063	0.967447	-0.977089	-0.206468	-0.051659
183	2931400													9.601226	0.077754	2.180857	0.213018	-0.945115	-0.247752	0.002336	-0.253079	0.967443	-0.977046	-0.206661	-0.051703
184	2931567													9.599603	0.092845	2.191750	0.213280	-0.945081	-0.247655	0.002342	-0.252992	0.967466	-0.976988	-0.206921	-0.051745
185	2931733													9.604156	0.097932	2.226649	0.213583	-0.945011	-0.247663	0.002400	-0.253004	0.967462	-0.976922	-0.207228	-0.051769
186	2931900													9.585129	0.088404	2.222824	0.213794	-0.944963	-0.247664	0.002481	-0.253000	0.967463	-0.976876	-0.207452	-0.051746
187	2932067													9.565675	0.087360	2.200219	0.213922	-0.944940	-0.247641	0.002523	-0.252974	0.967470	-0.976848	-0.207587	-0.051733
188	2932233													9.610103	0.099308	2.204070	0.213992	-0.944945	-0.247562	0.002543	-0.252893	0.967491	-0.976832	-0.207665	-0.051714
189	2932400													9.602560	0.065995	2.186608	0.214107	-0.944940	-0.247479	0.002519	-0.252819	0.967510	-0.976807	-0.207774	-0.051750
190	2932567													9.575567	0.038981	2.125386	0.214103	-0.944938	-0.247492	0.002510	-0.252834	0.967506	-0.976808	-0.207767	-0.051761
191	2932733													9.621226	0.044559	2.124000	0.214020	-0.944924	-0.247616	0.002589	-0.252940	0.967479	-0.976826	-0.207701	-0.051688
192	2932900													9.578399	0.102315	2.092329	0.214160	-0.944815	-0.247909	0.002765	-0.253211	0.967407	-0.976795	-0.207866	-0.051615
193	2933067													9.607506	0.082202	2.083498	0.214413	-0.944699	-0.248133	0.002968	-0.253410	0.967354	-0.976738	-0.208150	-0.051530
194	2933233													9.615384	0.091987	2.138372	0.214704	-0.944579	-0.248340	0.003104	-0.253609	0.967302	-0.976674	-0.208455	-0.051519
195	2933400													9.588915	0.091596	2.168646	0.215036	-0.944446	-0.248559	0.003198	-0.253831	0.967243	-0.976601	-0.208787	-0.051562
196	2933567													9.546644	0.122361	2.189546	0.215396	-0.944311	-0.248758	0.003276	-0.254038	0.967189	-0.976521	-0.209144	-0.051625
197	2933733													9.575914	0.101664	2.202093	0.215635	-0.944196	-0.248991	0.003309	-0.254281	0.967125	-0.976468	-0.209370	-0.051708
198	2933900													9.554113	0.094464	2.223182	0.215792	-0.944070	-0.249329	0.003239	-0.254652	0.967027	-0.976434	-0.209484	-0.051894
199	2934067													9.561200	0.100011	2.228739	0.215906	-0.943936	-0.249740	0.003060	-0.255117	0.966905	-0.976409	-0.209524	-0.052193
200	2934233													9.595374	0.087485	2.253242	0.216046	-0.943833	-0.250007	0.002781	-0.255459	0.966816	-0.976379	-0.209572	-0.052566
201	2934400													9.569527	0.110898	2.266432	0.216133	-0.943801	-0.250054	0.002418	-0.255589	0.966783	-0.976361	-0.209558	-0.052959
202	2934567													9.576243	0.092477	2.294670	0.216191	-0.943875	-0.249724	0.001953	-0.255354	0.966846	-0.976349	-0.209511	-0.053362
203	2934733													9.595052	0.064701	2.316594	0.216191	-0.943972	-0.249356	0.001432	-0.255089	0.966917	-0.976350	-0.209396	-0.053796
204	2934900													9.574138	0.022870	2.225289	0.216059	-0.944114	-0.248931	0.000823	-0.254777	0.967000	-0.976380	-0.209134	-0.054270
205	2935067													9.532557	0.022327	2.183244	0.215730	-0.944262	-0.248657	0.000319	-0.254585	0.967050	-0.976453	-0.208701	-0.054620
206	2935233													9.611814	0.040672	2.145544	0.215534	-0.944305	-0.248661	-0.000012	-0.254649	0.967034	-0.976496	-0.208426	-0.054896
207	2935400													9.558049	0.014012	2.119354	0.215348	-0.944321	-0.248765	-0.000311	-0.254808	0.966992	-0.976537	-0.208162	-0.055166
208	2935567													9.584213	-0.014765	2.089846	0.215224	-0.944322	-0.248866	-0.000652	-0.254977	0.966947	-0.976564	-0.207948	-0.055493
209	2935733													9.593155	-0.020609	2.099266	0.215211	-0.944230	-0.249226	-0.000986	-0.255416	0.966831	-0.976567	-0.207827	-0.055900
210	2935900													9.580191	0.021014	2.100710	0.215344	-0.944102	-0.249596	-0.001290	-0.255867	0.966711	-0.976537	-0.207854	-0.056317
211	2936067													9.586260	0.027193	2.099833	0.215518	-0.944000	-0.249831	-0.001558	-0.256176	0.966629	-0.976499	-0.207937	-0.056681
212	2936233													9.611281	0.018236	2.109556	0.215721	-0.943871	-0.250145	-0.001850	-0.256572	0.966523	-0.976453	-0.208036	-0.057094
213	2936400													9.617319	0.028413	2.145274	0.215869	-0.943804	-0.250268	-0.002066	-0.256752	0.966475	-0.976420	-0.208115	-0.057375
214	2936567													9.641156	0.042923	2.160327	0.215924	-0.943759	-0.250391	-0.002157	-0.256901	0.966435	-0.976408	-0.208137	-0.057507
215	2936733													9.610626	0.038279	2.178413	0.215871	-0.943749	-0.250473	-0.002158	-0.256982	0.966414	-0.976419	-0.208080	-0.057512
216	2936900													9.612631	0.047453	2.162997	0.215806	-0.943774	-0.250437	-0.002117	-0.256932	0.966427	-0.976434	-0.208030	-0.057445
217	2937067													9.589997	0.057294	2.191794	0.215617	-0.943840	-0.250352	-0.002077	-0.256825	0.966456	-0.976476	-0.207864	-0.057336
218	2937233													9.582978	0.087465	2.153365	0.215313	-0.943954	-0.250183	-0.002024	-0.256622	0.966510	-0.976543	-0.207596	-0.057164
219	2937400													9.596852	0.083372	2.108210	0.214904	-0.944107	-0.249956	-0.001952	-0.256351	0.966582	-0.976633	-0.207234	-0.056933
220	2937567													9.617533	0.054889	2.132006	0.214617	-0.944264	-0.249612	-0.001868	-0.255963	0.966685	-0.976697	-0.207000	-0.056698
221	2937733													9.608597	0.032733	2.147824	0.214448	-0.944409	-0.249206	-0.001765	-0.255516	0.966803	-0.976734	-0.206889	-0.056461
222	2937900													9.626439	0.035302	2.178857	0.214363	-0.944565	-0.248689	-0.001649	-0.254957	0.966951	-0.976753	-0.206868	-0.056211
223	2938067													9.560102	0.039073	2.229508	0.214226	-0.944716	-0.248233	-0.001429	-0.254436	0.967089	-0.976783	-0.206821	-0.055857
224	2938233													9.566710	0.032187	2.183668	0.214005	-0.944872	-0.247830	-0.001180	-0.253958	0.967215	-0.976832	-0.206696	-0.055464
225	2938400													9.593239	0.016841	2.158265	0.213787	-0.945007	-0.247502	-0.000937	-0.253558	0.967320	-0.976880	-0.206568	-0.055093
226	2938567													9.596194	0.028630	2.145429	0.213546	-0.945134	-0.247225	-0.000685	-0.253207	0.967412	-0.976933	-0.206418	-0.054719
227	2938733													9.579596	0.050431	2.149710	0.213378	-0.945216	-0.247056	-0.000423	-0.252969	0.967474	-0.976970	-0.206334	-0.054377
228	2938900													9.575768	0.062637	2.156068	0.213225	-0.945277	-0.246954	-0.000182	-0.252805	0.967517	-0.977003	-0.206254	-0.054077
229	2939067													9.580932	0.044638	2.110449	0.213130	-0.945311	-0.246905	0.000030	-0.252705	0.967543	-0.977024	-0.206220	-0.053831
230	2939233													9.570704	0.049995	2.117154	0.213055	-0.945360	-0.246783	0.000185	-0.252543	0.967586	-0.977040	-0.206195	-0.053631
231	2939400													9.598841	0.060159	2.135546	0.212978	-0.945377	-0.246783	0.000333	-0.252508	0.967595	-0.977057	-0.206158	-0.053464
232	2939567													9.627948	0.043558	2.124134	0.212807	-0.945430	-0.246731	0.000424	-0.252425	0.967616	-0.977094	-0.206020	-0.053317
233	2939733													9.569499	0.025539	2.061955	0.212606	-0.945482	-0.246703	0.000436	-0.252383	0.967627	-0.977138	-0.205831	-0.053246
234	2939900													9.634298	0.007809	2.059167	0.212375	-0.945529	-0.246723	0.000499	-0.252378	0.967629	-0.977188	-0.205623	-0.053127
235	2940067													9.697035	0.072240	2.061697	0.212116	-0.945568	-0.246795	0.000679	-0.252399	0.967623	-0.977244	-0.205416	-0.052896
236	2940233													9.572649	0.078004	2.044321	0.212148	-0.945541	-0.246870	0.000896	-0.252432	0.967614	-0.977237	-0.205498	-0.052706
237	2940400													9.687055	0.042196	2.050833	0.212286	-0.945474	-0.247009	0.001085	-0.252542	0.967585	-0.977207	-0.205673	-0.052585
238	2940567													9.625627	0.061815	2.148328	0.212459	-0.945428	-0.247038	0.001220	-0.252553	0.967582	-0.977169	-0.205873	-0.052503
239	2940733													9.567181	0.101192	2.170318	0.212623	-0.945404	-0.246987	0.001356	-0.252481	0.967601	-0.977133	-0.206069	-0.052401
240	2940900													9.575974	0.118065	2.185292	0.212676	-0.945435	-0.246822	0.001491	-0.252286	0.967651	-0.977122	-0.206164	-0.052246
241	2941067													9.582005	0.097778	2.216437	0.212639	-0.945494	-0.246628	0.001550	-0.252073	0.967707	-0.977130	-0.206154	-0.052135
242	2941233													9.543080	0.087404	2.185025	0.212470	-0.945596	-0.246384	0.001563	-0.251812	0.967775	-0.977166	-0.206009	-0.052025
243	2941400													9.563551	0.065535	2.181773	0.212321	-0.945696	-0.246129	0.001601	-0.251534	0.967847	-0.977199	-0.205889	-0.051892
244	2941567													9.597922	0.065660	2.157155	0.212185	-0.945770	-0.245960	0.001614	-0.251351	0.967895	-0.977228	-0.205770	-0.051807
245	2941733													9.601058	0.046201	2.129303	0.212176	-0.945827	-0.245751	0.001670	-0.251125	0.967953	-0.977230	-0.205787	-0.051703
246	2941900													9.615938	0.071453	2.146630	0.212264	-0.945852	-0.245575	0.001720	-0.250940	0.968001	-0.977211	-0.205895	-0.051639
247	2942067													9.575978	0.039467	2.107398	0.212342	-0.945895	-0.245345	0.001641	-0.250725	0.968057	-0.977194	-0.205962	-0.051687
248	2942233													9.587296	0.040780	2.129081	0.212493	-0.945925	-0.245097	0.001564	-0.250496	0.968116	-0.977161	-0.206102	-0.051749
249	2942400													9.648642	0.047496	2.076574	0.212432	-0.945971	-0.244974	0.001562	-0.250367	0.968150	-0.977175	-0.206048	-0.051708
250	2942567													9.626904	0.072025	2.116439	0.212661	-0.945941	-0.244891	0.001595	-0.250287	0.968170	-0.977125	-0.206282	-0.051717
251	2942733													9.627030	0.034860	2.137939	0.212942	-0.945901	-0.244798	0.001548	-0.250218	0.968188	-0.977064	-0.206547	-0.051818
252	2942900													9.631683	0.022625	2.153208	0.213289	-0.945885	-0.244559	0.001411	-0.250021	0.968239	-0.976988	-0.206860	-0.051992
253	2943067													9.584840	0.067459	2.225796	0.213672	-0.945848	-0.244370	0.001263	-0.249879	0.968276	-0.976905	-0.207202	-0.052198
254	2943233													9.557583	0.077632	2.209002	0.213952	-0.945845	-0.244136	0.001089	-0.249692	0.968325	-0.976844	-0.207441	-0.052392
255	2943400													9.556622	0.062545	2.194880	0.214055	-0.945874	-0.243934	0.000903	-0.249530	0.968367	-0.976821	-0.207503	-0.052559
256	2943567													9.538698	0.048865	2.170551	0.214005	-0.945913	-0.243824	0.000704	-0.249457	0.968386	-0.976832	-0.207411	-0.052720
257	2943733													9.590789	0.069906	2.134489	0.213919	-0.945941	-0.243793	0.000503	-0.249464	0.968384	-0.976851	-0.207278	-0.052889
258	2943900													9.595039	0.049504	2.137206	0.213892	-0.945973	-0.243690	0.000363	-0.249386	0.968404	-0.976857	-0.207222	-0.052998
259	2944067													9.588447	0.049815	2.091963	0.213854	-0.946012	-0.243572	0.000263	-0.249284	0.968430	-0.976866	-0.207166	-0.053062
260	2944233													9.584958	0.032208	2.102963	0.213860	-0.946029	-0.243501	0.000248	-0.249215	0.968448	-0.976864	-0.207172	-0.053063
261	2944400													9.603744	0.031027	2.118595	0.213881	-0.946033	-0.243467	0.000248	-0.249182	0.968457	-0.976860	-0.207195	-0.053061
262	2944567													9.602409	0.034142	2.104283	0.213951	-0.946044	-0.243365	0.000316	-0.249067	0.968486	-0.976844	-0.207285	-0.052989
263	2944733													9.595125	0.020156	2.111025	0.214052	-0.946074	-0.243159	0.000397	-0.248845	0.968543	-0.976822	-0.207415	-0.052890
264	2944900													9.603018	0.041109	2.139970	0.214267	-0.946088	-0.242915	0.000486	-0.248588	0.968609	-0.976775	-0.207659	-0.052804
265	2945067													9.579715	0.024644	2.154765	0.214323	-0.946098	-0.242826	0.000552	-0.248486	0.968635	-0.976763	-0.207735	-0.052734
266	2945233													9.572502	0.020856	2.131681	0.214329	-0.946108	-0.242782	0.000632	-0.248424	0.968651	-0.976761	-0.207764	-0.052647
267	2945400													9.587358	0.035998	2.125987	0.214366	-0.946089	-0.242824	0.000769	-0.248439	0.968647	-0.976753	-0.207832	-0.052529
268	2945567													9.567473	0.034042	2.159310	0.214389	-0.946067	-0.242886	0.000946	-0.248467	0.968640	-0.976748	-0.207896	-0.052373
269	2945733													9.570056	0.023335	2.128684	0.214421	-0.946038	-0.242972	0.001072	-0.248530	0.968624	-0.976741	-0.207954	-0.052276
270	2945900													9.589178	0.028845	2.122225	0.214425	-0.946026	-0.243015	0.001225	-0.248542	0.968620	-0.976740	-0.207994	-0.052135
271	2946067													9.575038	0.062188	2.134612	0.214401	-0.945970	-0.243254	0.001405	-0.248746	0.968568	-0.976745	-0.208004	-0.052002
272	2946234													9.565438	0.095798	2.124969	0.214380	-0.945918	-0.243476	0.001577	-0.248936	0.968519	-0.976749	-0.208015	-0.051876
273	2946400													9.619118	0.067808	2.128977	0.214442	-0.945870	-0.243606	0.001699	-0.249046	0.968490	-0.976735	-0.208099	-0.051799
274	2946567													9.647892	0.070351	2.125369	0.214442	-0.945861	-0.243644	0.001816	-0.249060	0.968486	-0.976735	-0.208127	-0.051692
275	2946734													9.604973	0.056790	2.108631	0.214463	-0.945862	-0.243619	0.001946	-0.249009	0.968499	-0.976730	-0.208181	-0.051562
276	2946900													9.606340	0.089423	2.148778	0.214563	-0.945855	-0.243557	0.002096	-0.248918	0.968522	-0.976708	-0.208320	-0.051426
277	2947067													9.590520	0.024486	2.109329	0.214656	-0.945885	-0.243362	0.002102	-0.248722	0.968573	-0.976688	-0.208421	-0.051402
278	2947234													9.535253	0.030523	2.020926	0.214722	-0.945918	-0.243174	0.002165	-0.248519	0.968624	-0.976673	-0.208511	-0.051314
279	2947400													9.594821	0.058006	2.092664	0.214986	-0.945882	-0.243082	0.002351	-0.248400	0.968655	-0.976614	-0.208819	-0.051179
280	2947567													9.649820	0.099828	2.103873	0.215257	-0.945823	-0.243072	0.002606	-0.248350	0.968667	-0.976554	-0.209146	-0.050994
281	2947734													9.633543	0.053663	2.153324	0.215784	-0.945728	-0.242971	0.002832	-0.248226	0.968698	-0.976437	-0.209718	-0.050885
282	2947900													9.558258	0.075787	2.185666	0.216431	-0.945615	-0.242837	0.003043	-0.248078	0.968735	-0.976293	-0.210403	-0.050815
283	2948067													9.572045	0.111646	2.226627	0.217043	-0.945471	-0.242852	0.003287	-0.248073	0.968736	-0.976156	-0.211056	-0.050735
284	2948234													9.550093	0.129475	2.304440	0.217550	-0.945368	-0.242800	0.003546	-0.247991	0.968756	-0.976043	-0.211614	-0.050598
285	2948400													9.594592	0.109701	2.257350	0.217958	-0.945303	-0.242688	0.003733	-0.247857	0.968789	-0.975951	-0.212061	-0.050494
286	2948567													9.562265	0.093568	2.276359	0.218197	-0.945279	-0.242564	0.003854	-0.247716	0.968825	-0.975897	-0.212329	-0.050408
