// Start Time: Unknown
// Update Rate: 60.0Hz
//Filter Profile: human (46.1)
// Option Flags: AHS Disabled ICC Disabled
// Firmware Version: 4.0.2
0	sampleTimeFine	Year	Month	Day	Second	UTC_Nano	UTC_Year	UTC_Month	UTC_Day	UTC_Hour	UTC_Minute	UTC_Second	UTC_Valid	Acc_X	Acc_Y	Acc_Z	Mat[1][1]	Mat[2][1]	Mat[3][1]	Mat[1][2]	Mat[2][2]	Mat[3][2]	Mat[1][3]	Mat[2][3]	Mat[3][3]
0	2657197													-0.271695	0.090682	-0.382826	0.490347	-0.829156	-0.268440	-0.079685	-0.349374	0.933589	-0.867877	-0.436392	-0.237386
1	2657364													8.508083	-0.816942	4.801795	0.490369	-0.829576	-0.267098	-0.080190	-0.348124	0.934012	-0.867818	-0.436592	-0.237233
2	2657531													8.517045	-0.824301	4.795951	0.490326	-0.829807	-0.266460	-0.081010	-0.347805	0.934061	-0.867766	-0.436408	-0.237760
3	2657697													8.487520	-0.829104	4.796456	0.490169	-0.830198	-0.265529	-0.081897	-0.347154	0.934225	-0.867772	-0.436182	-0.238155
4	2658198													8.508491	-0.837476	4.827054	0.490354	-0.830468	-0.264340	-0.083480	-0.346670	0.934265	-0.867516	-0.436054	-0.239319
5	2658364													8.540397	-0.838621	4.756320	0.490366	-0.830720	-0.263524	-0.083854	-0.345944	0.934501	-0.867473	-0.436150	-0.239298
6	2658531													8.476393	-0.819270	4.843883	0.490460	-0.830557	-0.263863	-0.084086	-0.346470	0.934285	-0.867398	-0.436042	-0.239768
7	2658698													8.513997	-0.781217	4.790340	0.490246	-0.830612	-0.264088	-0.084247	-0.346738	0.934171	-0.867503	-0.435725	-0.239963
8	2658864													8.584319	-0.779450	4.784099	0.490287	-0.830670	-0.263829	-0.084206	-0.346439	0.934286	-0.867484	-0.435852	-0.239802
9	2659031													8.505054	-0.814315	4.843050	0.490375	-0.830585	-0.263934	-0.084161	-0.346562	0.934244	-0.867439	-0.435917	-0.239848
10	2659198													8.514835	-0.805988	4.807406	0.490247	-0.830738	-0.263688	-0.084185	-0.346258	0.934354	-0.867508	-0.435866	-0.239688
11	2659364													8.522339	-0.805887	4.815145	0.490133	-0.830766	-0.263815	-0.084173	-0.346359	0.934318	-0.867574	-0.435734	-0.239690
12	2659531													8.498324	-0.770966	4.785273	0.490094	-0.830789	-0.263814	-0.084193	-0.346356	0.934317	-0.867594	-0.435692	-0.239694
13	2659698													8.518714	-0.797448	4.775095	0.490006	-0.830835	-0.263832	-0.084148	-0.346326	0.934333	-0.867648	-0.435627	-0.239615
14	2659864													8.541800	-0.816320	4.763772	0.489970	-0.830845	-0.263869	-0.084067	-0.346315	0.934344	-0.867676	-0.435618	-0.239531
15	2660031													8.550451	-0.833385	4.784734	0.489912	-0.830797	-0.264126	-0.083993	-0.346550	0.934264	-0.867716	-0.435523	-0.239560
16	2660198													8.527065	-0.812850	4.826603	0.489812	-0.830816	-0.264253	-0.083942	-0.346636	0.934236	-0.867778	-0.435418	-0.239527
17	2660364													8.506052	-0.818265	4.811526	0.489780	-0.830799	-0.264366	-0.083880	-0.346721	0.934210	-0.867802	-0.435382	-0.239505
18	2660531													8.501732	-0.804818	4.791610	0.489760	-0.830790	-0.264430	-0.083868	-0.346782	0.934189	-0.867814	-0.435351	-0.239516
19	2660698													8.526376	-0.805677	4.799284	0.489695	-0.830835	-0.264408	-0.083883	-0.346744	0.934201	-0.867849	-0.435294	-0.239492
20	2660864													8.534318	-0.818340	4.788102	0.489688	-0.830813	-0.264490	-0.083885	-0.346836	0.934167	-0.867853	-0.435264	-0.239534
21	2661031													8.521802	-0.810429	4.805936	0.489656	-0.830792	-0.264617	-0.083906	-0.346978	0.934112	-0.867869	-0.435191	-0.239608
22	2661198													8.501457	-0.795291	4.780030	0.489658	-0.830816	-0.264537	-0.083972	-0.346923	0.934127	-0.867861	-0.435189	-0.239639
23	2661364													8.514331	-0.813573	4.808347	0.489684	-0.830851	-0.264378	-0.084034	-0.346784	0.934173	-0.867841	-0.435233	-0.239634
24	2661531													8.509332	-0.816784	4.818807	0.489708	-0.830845	-0.264351	-0.084067	-0.346777	0.934173	-0.867824	-0.435249	-0.239666
25	2661698													8.547211	-0.803978	4.721877	0.489670	-0.830848	-0.264413	-0.084058	-0.346829	0.934154	-0.867846	-0.435201	-0.239671
26	2661864													8.568849	-0.837725	4.768208	0.489895	-0.830660	-0.264589	-0.083986	-0.347062	0.934074	-0.867727	-0.435376	-0.239788
27	2662031													8.465980	-0.773120	4.883886	0.490126	-0.830476	-0.264739	-0.083893	-0.347255	0.934011	-0.867605	-0.435573	-0.239870
28	2662198													8.612281	-0.772545	4.808127	0.490133	-0.830383	-0.265017	-0.083763	-0.347505	0.933929	-0.867614	-0.435551	-0.239879
29	2662364													8.528622	-0.811314	4.872213	0.490531	-0.830073	-0.265253	-0.083643	-0.347834	0.933818	-0.867400	-0.435880	-0.240053
30	2662531													8.407142	-0.801780	4.896959	0.490650	-0.830025	-0.265183	-0.083645	-0.347793	0.933833	-0.867333	-0.436003	-0.240072
31	2662698													8.467005	-0.791146	4.824981	0.490423	-0.830151	-0.265206	-0.083603	-0.347728	0.933861	-0.867465	-0.435814	-0.239937
32	2662864													8.495202	-0.778984	4.820963	0.490432	-0.830158	-0.265167	-0.083591	-0.347680	0.933879	-0.867461	-0.435838	-0.239907
33	2663031													8.470379	-0.795781	4.845983	0.490517	-0.830184	-0.264932	-0.083606	-0.347449	0.933964	-0.867412	-0.435975	-0.239838
34	2663198													8.485442	-0.822527	4.865152	0.490431	-0.830194	-0.265056	-0.083576	-0.347548	0.933930	-0.867463	-0.435876	-0.239833
35	2663364													8.500115	-0.818072	4.812756	0.490396	-0.830247	-0.264956	-0.083624	-0.347448	0.933963	-0.867479	-0.435855	-0.239816
36	2663531													8.494526	-0.814263	4.811469	0.490400	-0.830265	-0.264894	-0.083668	-0.347402	0.933976	-0.867472	-0.435858	-0.239832
37	2663698													8.500016	-0.814338	4.827483	0.490434	-0.830272	-0.264807	-0.083707	-0.347334	0.933998	-0.867449	-0.435898	-0.239844
38	2663864													8.503492	-0.814693	4.846622	0.490503	-0.830273	-0.264675	-0.083708	-0.347208	0.934045	-0.867410	-0.435997	-0.239807
39	2664031													8.489673	-0.803760	4.844133	0.490465	-0.830270	-0.264755	-0.083709	-0.347286	0.934015	-0.867431	-0.435940	-0.239833
40	2664198													8.554811	-0.817325	4.777265	0.490368	-0.830370	-0.264624	-0.083793	-0.347151	0.934058	-0.867478	-0.435858	-0.239811
41	2664364													8.492790	-0.829442	4.817791	0.490481	-0.830271	-0.264725	-0.083772	-0.347289	0.934009	-0.867416	-0.435937	-0.239892
42	2664531													8.477958	-0.771728	4.836930	0.490283	-0.830476	-0.264445	-0.083788	-0.346921	0.934144	-0.867526	-0.435838	-0.239674
43	2664698													8.598892	-0.768187	4.785997	0.490202	-0.830444	-0.264699	-0.083711	-0.347142	0.934069	-0.867580	-0.435724	-0.239687
44	2664864													8.518714	-0.803898	4.844599	0.490412	-0.830320	-0.264698	-0.083698	-0.347200	0.934048	-0.867462	-0.435914	-0.239767
45	2665031													8.494947	-0.790923	4.812776	0.490316	-0.830394	-0.264642	-0.083723	-0.347120	0.934076	-0.867514	-0.435836	-0.239721
46	2665198													8.517764	-0.790220	4.807796	0.490216	-0.830499	-0.264497	-0.083711	-0.346920	0.934151	-0.867572	-0.435795	-0.239588
47	2665364													8.507562	-0.759576	4.806494	0.490229	-0.830640	-0.264033	-0.083789	-0.346441	0.934322	-0.867557	-0.435909	-0.239433
48	2665531													8.518847	-0.788747	4.798812	0.490169	-0.830739	-0.263832	-0.083847	-0.346226	0.934397	-0.867585	-0.435891	-0.239364
49	2665698													8.510025	-0.802304	4.798920	0.490132	-0.830781	-0.263768	-0.083831	-0.346134	0.934432	-0.867607	-0.435883	-0.239297
50	2665864													8.510497	-0.791529	4.798007	0.490148	-0.830806	-0.263660	-0.083811	-0.346008	0.934481	-0.867600	-0.435936	-0.239226
51	2666031													8.537591	-0.791307	4.804259	0.490188	-0.830832	-0.263505	-0.083741	-0.345810	0.934560	-0.867585	-0.436044	-0.239087
52	2666198													8.529826	-0.793263	4.839466	0.490207	-0.830847	-0.263422	-0.083644	-0.345674	0.934619	-0.867583	-0.436123	-0.238947
53	2666364													8.502193	-0.783501	4.821099	0.490176	-0.830973	-0.263080	-0.083581	-0.345248	0.934782	-0.867607	-0.436219	-0.238686
54	2666531													8.517306	-0.809882	4.825194	0.490156	-0.831018	-0.262975	-0.083538	-0.345102	0.934840	-0.867622	-0.436249	-0.238575
55	2666698													8.508202	-0.805698	4.830733	0.490192	-0.831015	-0.262918	-0.083547	-0.345054	0.934857	-0.867601	-0.436294	-0.238572
56	2666864													8.497033	-0.783057	4.808336	0.490189	-0.831032	-0.262868	-0.083594	-0.345021	0.934865	-0.867598	-0.436286	-0.238595
57	2667031													8.516151	-0.787470	4.821560	0.490161	-0.831100	-0.262708	-0.083629	-0.344849	0.934925	-0.867611	-0.436294	-0.238535
58	2667198													8.491299	-0.797372	4.830483	0.490195	-0.831143	-0.262506	-0.083694	-0.344666	0.934987	-0.867585	-0.436356	-0.238515
59	2667364													8.475886	-0.806817	4.801720	0.490179	-0.831263	-0.262158	-0.083832	-0.344338	0.935096	-0.867581	-0.436387	-0.238474
60	2667531													8.500531	-0.815307	4.815817	0.490162	-0.831297	-0.262080	-0.083937	-0.344298	0.935101	-0.867581	-0.436352	-0.238538
61	2667698													8.532634	-0.823214	4.854208	0.490190	-0.831300	-0.262021	-0.084012	-0.344278	0.935101	-0.867557	-0.436364	-0.238601
62	2667864													8.497759	-0.816094	4.798187	0.490199	-0.831324	-0.261926	-0.084048	-0.344192	0.935130	-0.867549	-0.436385	-0.238594
63	2668031													8.561550	-0.819282	4.758267	0.490231	-0.831322	-0.261875	-0.084039	-0.344140	0.935150	-0.867532	-0.436431	-0.238572
64	2668198													8.433924	-0.769731	4.924159	0.490584	-0.831109	-0.261887	-0.084002	-0.344244	0.935115	-0.867336	-0.436753	-0.238696
65	2668364													8.551967	-0.786645	4.825140	0.490469	-0.831162	-0.261935	-0.083976	-0.344249	0.935115	-0.867403	-0.436648	-0.238641
66	2668531													8.578377	-0.790891	4.843808	0.490794	-0.830934	-0.262050	-0.083924	-0.344453	0.935045	-0.867225	-0.436922	-0.238791
67	2668698													8.411048	-0.773420	4.932517	0.491084	-0.830774	-0.262012	-0.084028	-0.344553	0.934999	-0.867050	-0.437147	-0.239012
68	2668864													8.411693	-0.776722	4.864216	0.490867	-0.830946	-0.261875	-0.084120	-0.344378	0.935055	-0.867164	-0.436959	-0.238943
69	2669031													8.484628	-0.752688	4.852527	0.490796	-0.831048	-0.261682	-0.084147	-0.344152	0.935136	-0.867201	-0.436941	-0.238839
70	2669198													8.472894	-0.781934	4.822283	0.490853	-0.831127	-0.261325	-0.084243	-0.343816	0.935250	-0.867160	-0.437056	-0.238780
71	2669364													8.468884	-0.806327	4.815685	0.490773	-0.831251	-0.261082	-0.084295	-0.343544	0.935346	-0.867200	-0.437035	-0.238673
72	2669531													8.509213	-0.814485	4.835064	0.490787	-0.831297	-0.260910	-0.084288	-0.343352	0.935417	-0.867193	-0.437099	-0.238581
73	2669698													8.478622	-0.810565	4.829650	0.490855	-0.831321	-0.260706	-0.084345	-0.343171	0.935478	-0.867149	-0.437195	-0.238565
74	2669864													8.490767	-0.815393	4.842985	0.490875	-0.831299	-0.260738	-0.084348	-0.343216	0.935461	-0.867137	-0.437202	-0.238595
75	2670031													8.498217	-0.817292	4.853035	0.490941	-0.831337	-0.260491	-0.084359	-0.342964	0.935553	-0.867099	-0.437326	-0.238506
76	2670198													8.493328	-0.817818	4.865219	0.490983	-0.831328	-0.260441	-0.084306	-0.342894	0.935583	-0.867080	-0.437398	-0.238441
77	2670364													8.523493	-0.795563	4.830279	0.490943	-0.831370	-0.260382	-0.084310	-0.342817	0.935611	-0.867103	-0.437379	-0.238397
78	2670531													8.545135	-0.827015	4.800823	0.491037	-0.831249	-0.260592	-0.084239	-0.343046	0.935534	-0.867056	-0.437430	-0.238471
79	2670698													8.452785	-0.762440	4.888583	0.491098	-0.831181	-0.260694	-0.084171	-0.343146	0.935503	-0.867028	-0.437480	-0.238480
80	2670864													8.548004	-0.761242	4.784305	0.490885	-0.831235	-0.260923	-0.084024	-0.343263	0.935473	-0.867163	-0.437286	-0.238346
81	2671031													8.551263	-0.780203	4.826483	0.491091	-0.831076	-0.261041	-0.083957	-0.343427	0.935419	-0.867053	-0.437460	-0.238429
82	2671198													8.483615	-0.775292	4.835932	0.491156	-0.830994	-0.261177	-0.083945	-0.343594	0.935359	-0.867017	-0.437483	-0.238516
83	2671364													8.521230	-0.794379	4.846201	0.491087	-0.831012	-0.261252	-0.083947	-0.343657	0.935336	-0.867056	-0.437400	-0.238526
84	2671531													8.503309	-0.765380	4.828996	0.491144	-0.830991	-0.261211	-0.083956	-0.343633	0.935344	-0.867023	-0.437459	-0.238540
85	2671698													8.485965	-0.764446	4.817448	0.491152	-0.831048	-0.261017	-0.084019	-0.343449	0.935405	-0.867013	-0.437495	-0.238510
86	2671864													8.517077	-0.791279	4.807667	0.491150	-0.831082	-0.260910	-0.084028	-0.343334	0.935447	-0.867012	-0.437521	-0.238463
87	2672031													8.509131	-0.820042	4.824243	0.491183	-0.831070	-0.260887	-0.084023	-0.343314	0.935455	-0.866995	-0.437558	-0.238460
88	2672198													8.506127	-0.811610	4.827336	0.491230	-0.831038	-0.260899	-0.084021	-0.343342	0.935445	-0.866968	-0.437598	-0.238485
89	2672364													8.512346	-0.788196	4.817659	0.491305	-0.830991	-0.260909	-0.084017	-0.343375	0.935433	-0.866926	-0.437662	-0.238519
90	2672531													8.493689	-0.782682	4.844452	0.491380	-0.830959	-0.260868	-0.084018	-0.343352	0.935441	-0.866883	-0.437740	-0.238532
91	2672698													8.500180	-0.788325	4.839839	0.491417	-0.830940	-0.260858	-0.083993	-0.343340	0.935448	-0.866865	-0.437785	-0.238516
92	2672864													8.509853	-0.804153	4.835386	0.491509	-0.830867	-0.260918	-0.084002	-0.343440	0.935410	-0.866811	-0.437845	-0.238599
93	2673031													8.501168	-0.801136	4.860396	0.491605	-0.830781	-0.261013	-0.084053	-0.343602	0.935346	-0.866752	-0.437882	-0.238746
94	2673198													8.484405	-0.790396	4.846801	0.491655	-0.830740	-0.261049	-0.084147	-0.343706	0.935300	-0.866715	-0.437878	-0.238889
95	2673364													8.491926	-0.787838	4.812077	0.491679	-0.830734	-0.261023	-0.084253	-0.343738	0.935279	-0.866691	-0.437865	-0.239000
96	2673531													8.491404	-0.797530	4.832289	0.491794	-0.830665	-0.261024	-0.084326	-0.343812	0.935245	-0.866619	-0.437937	-0.239131
97	2673698													8.476981	-0.799744	4.837446	0.491877	-0.830610	-0.261043	-0.084412	-0.343902	0.935204	-0.866563	-0.437970	-0.239272
98	2673864													8.493600	-0.795695	4.829518	0.491922	-0.830587	-0.261031	-0.084491	-0.343943	0.935181	-0.866530	-0.437982	-0.239370
99	2674031													8.500743	-0.803878	4.864142	0.492037	-0.830496	-0.261104	-0.084531	-0.344081	0.935127	-0.866461	-0.438046	-0.239503
100	2674198													8.496733	-0.805855	4.857512	0.492128	-0.830424	-0.261163	-0.084560	-0.344190	0.935084	-0.866406	-0.438097	-0.239606
101	2674364													8.556337	-0.771180	4.761004	0.492096	-0.830427	-0.261214	-0.084564	-0.344240	0.935066	-0.866424	-0.438053	-0.239623
102	2674531													8.494508	-0.817180	4.875462	0.492476	-0.830142	-0.261405	-0.084491	-0.344537	0.934963	-0.866215	-0.438360	-0.239816
103	2674698													8.445083	-0.756324	4.909966	0.492553	-0.830033	-0.261603	-0.084411	-0.344743	0.934894	-0.866179	-0.438403	-0.239868
104	2674865													8.600060	-0.766522	4.799031	0.492681	-0.829918	-0.261730	-0.084331	-0.344885	0.934849	-0.866114	-0.438510	-0.239905
105	2675031													8.469527	-0.776375	4.912676	0.493166	-0.829586	-0.261868	-0.084249	-0.345151	0.934758	-0.865846	-0.438929	-0.240108
106	2675198													8.395304	-0.783522	4.922542	0.493189	-0.829577	-0.261852	-0.084319	-0.345175	0.934743	-0.865826	-0.438926	-0.240185
107	2675365													8.455338	-0.758159	4.857312	0.493075	-0.829655	-0.261820	-0.084331	-0.345109	0.934766	-0.865890	-0.438830	-0.240130
108	2675531													8.492276	-0.773240	4.887870	0.493140	-0.829666	-0.261661	-0.084400	-0.344986	0.934806	-0.865846	-0.438906	-0.240150
109	2675698													8.474717	-0.799508	4.865541	0.493140	-0.829720	-0.261491	-0.084524	-0.344858	0.934842	-0.865834	-0.438906	-0.240195
110	2675865													8.483497	-0.852489	4.828031	0.493127	-0.829732	-0.261477	-0.084568	-0.344860	0.934837	-0.865837	-0.438881	-0.240229
111	2676031													8.472872	-0.836382	4.833359	0.493192	-0.829689	-0.261489	-0.084646	-0.344934	0.934802	-0.865792	-0.438903	-0.240349
112	2676198													8.481627	-0.835706	4.850088	0.493192	-0.829696	-0.261470	-0.084792	-0.344986	0.934770	-0.865778	-0.438851	-0.240496
113	2676365													8.483686	-0.828024	4.837264	0.493225	-0.829681	-0.261454	-0.084900	-0.345033	0.934743	-0.865749	-0.438841	-0.240619
114	2676531													8.476252	-0.823525	4.874481	0.493265	-0.829646	-0.261490	-0.084976	-0.345124	0.934702	-0.865719	-0.438835	-0.240738
115	2676698													8.479470	-0.793218	4.858891	0.493205	-0.829642	-0.261616	-0.085047	-0.345284	0.934637	-0.865746	-0.438718	-0.240854
116	2676865													8.548425	-0.805827	4.798619	0.493138	-0.829615	-0.261827	-0.085130	-0.345542	0.934534	-0.865776	-0.438565	-0.241025
117	2677031													8.460211	-0.793038	4.894275	0.493318	-0.829426	-0.262086	-0.085106	-0.345879	0.934412	-0.865676	-0.438657	-0.241217
118	2677198													8.485449	-0.739812	4.844780	0.493127	-0.829485	-0.262262	-0.085075	-0.346001	0.934369	-0.865788	-0.438450	-0.241191
119	2677365													8.534568	-0.737597	4.820211	0.493184	-0.829389	-0.262456	-0.084981	-0.346190	0.934307	-0.865764	-0.438482	-0.241218
120	2677531													8.481337	-0.761615	4.906618	0.493354	-0.829277	-0.262490	-0.084973	-0.346278	0.934276	-0.865668	-0.438624	-0.241304
121	2677698													8.500487	-0.746144	4.867459	0.493231	-0.829388	-0.262371	-0.085039	-0.346137	0.934322	-0.865732	-0.438525	-0.241256
122	2677865													8.499668	-0.773491	4.883054	0.493152	-0.829454	-0.262311	-0.085049	-0.346051	0.934353	-0.865776	-0.438469	-0.241200
123	2678031													8.456904	-0.768463	4.905255	0.493088	-0.829572	-0.262059	-0.085124	-0.345784	0.934445	-0.865805	-0.438456	-0.241118
124	2678198													8.471089	-0.806874	4.876093	0.492933	-0.829728	-0.261855	-0.085173	-0.345531	0.934534	-0.865888	-0.438360	-0.240994
125	2678365													8.486365	-0.827531	4.872922	0.492783	-0.829856	-0.261733	-0.085229	-0.345375	0.934587	-0.865968	-0.438241	-0.240923
126	2678531													8.494669	-0.838227	4.849873	0.492683	-0.829936	-0.261667	-0.085319	-0.345315	0.934601	-0.866016	-0.438137	-0.240940
127	2678698													8.496449	-0.840420	4.850612	0.492524	-0.830004	-0.261753	-0.085325	-0.345364	0.934582	-0.866106	-0.437970	-0.240920
128	2678865													8.487113	-0.833957	4.857675	0.492384	-0.830052	-0.261863	-0.085305	-0.345435	0.934558	-0.866188	-0.437823	-0.240894
129	2679031													8.491138	-0.819885	4.844339	0.492276	-0.830065	-0.262024	-0.085288	-0.345574	0.934508	-0.866251	-0.437688	-0.240912
130	2679198													8.497684	-0.819736	4.886709	0.492162	-0.830045	-0.262303	-0.085268	-0.345842	0.934410	-0.866317	-0.437515	-0.240986
131	2679365													8.480911	-0.804091	4.859007	0.492056	-0.830024	-0.262565	-0.085244	-0.346092	0.934320	-0.866380	-0.437355	-0.241052
132	2679531													8.473846	-0.779970	4.896336	0.491897	-0.830040	-0.262812	-0.085269	-0.346333	0.934228	-0.866468	-0.437135	-0.241137
133	2679698													8.472405	-0.772096	4.872544	0.491712	-0.830087	-0.263012	-0.085278	-0.346505	0.934164	-0.866572	-0.436910	-0.241169
134	2679865													8.490664	-0.769534	4.873958	0.491557	-0.830132	-0.263159	-0.085297	-0.346631	0.934115	-0.866658	-0.436724	-0.241196
135	2680031													8.461831	-0.773480	4.844180	0.491376	-0.830176	-0.263358	-0.085305	-0.346802	0.934051	-0.866760	-0.436504	-0.241228
136	2680198													8.491651	-0.788391	4.857863	0.491185	-0.830217	-0.263587	-0.085279	-0.346986	0.933985	-0.866871	-0.436281	-0.241234
137	2680365													8.500925	-0.815839	4.845490	0.490993	-0.830232	-0.263894	-0.085156	-0.347210	0.933913	-0.866991	-0.436073	-0.241177
138	2680531													8.493447	-0.803488	4.802711	0.490767	-0.830269	-0.264197	-0.085041	-0.347423	0.933845	-0.867131	-0.435833	-0.241111
139	2680698													8.546629	-0.786645	4.733510	0.490534	-0.830303	-0.264525	-0.084924	-0.347660	0.933767	-0.867274	-0.435580	-0.241052
140	2680865													8.478039	-0.785902	4.889902	0.490676	-0.830132	-0.264797	-0.084735	-0.347916	0.933689	-0.867212	-0.435701	-0.241055
141	2681031													8.547794	-0.774868	4.879960	0.490420	-0.830186	-0.265103	-0.084516	-0.348069	0.933651	-0.867379	-0.435475	-0.240864
142	2681198													8.580091	-0.793016	4.876526	0.490532	-0.830015	-0.265431	-0.084323	-0.348377	0.933554	-0.867334	-0.435557	-0.240880
143	2681365													8.401448	-0.784801	4.923069	0.490654	-0.829881	-0.265624	-0.084289	-0.348615	0.933468	-0.867268	-0.435621	-0.240999
144	2681531													8.394992	-0.763878	4.885204	0.490249	-0.830091	-0.265717	-0.084349	-0.348623	0.933460	-0.867492	-0.435214	-0.240929
145	2681698													8.488423	-0.745437	4.838770	0.489859	-0.830307	-0.265761	-0.084392	-0.348572	0.933475	-0.867708	-0.434843	-0.240822
146	2681865													8.482555	-0.751839	4.839611	0.489666	-0.830465	-0.265623	-0.084527	-0.348424	0.933518	-0.867803	-0.434660	-0.240808
147	2682031													8.475780	-0.779114	4.854419	0.489385	-0.830691	-0.265432	-0.084661	-0.348189	0.933593	-0.867949	-0.434415	-0.240726
148	2682198													8.489820	-0.803868	4.820444	0.489121	-0.830910	-0.265235	-0.084792	-0.347950	0.933671	-0.868084	-0.434188	-0.240644
149	2682365													8.494616	-0.808542	4.834737	0.488910	-0.831096	-0.265042	-0.084948	-0.347747	0.933732	-0.868188	-0.433996	-0.240617
150	2682531													8.499433	-0.805118	4.811365	0.488676	-0.831275	-0.264912	-0.085094	-0.347600	0.933774	-0.868306	-0.433770	-0.240600
151	2682698													8.507430	-0.818416	4.843728	0.488464	-0.831432	-0.264809	-0.085210	-0.347477	0.933809	-0.868414	-0.433568	-0.240576
152	2682865													8.511342	-0.824254	4.830750	0.488249	-0.831568	-0.264779	-0.085321	-0.347431	0.933816	-0.868523	-0.433344	-0.240583
153	2683031													8.524482	-0.813430	4.769362	0.487958	-0.831759	-0.264713	-0.085508	-0.347360	0.933825	-0.868668	-0.433033	-0.240620
154	2683198													8.534304	-0.853690	4.732454	0.487800	-0.831842	-0.264744	-0.085612	-0.347397	0.933802	-0.868747	-0.432843	-0.240676
155	2683365													8.477174	-0.782411	4.828187	0.487562	-0.831975	-0.264765	-0.085716	-0.347398	0.933792	-0.868871	-0.432587	-0.240691
156	2683531													8.610100	-0.799785	4.738317	0.487163	-0.832147	-0.264961	-0.085740	-0.347506	0.933749	-0.869092	-0.432170	-0.240640
157	2683698													8.583454	-0.823469	4.765175	0.487141	-0.832137	-0.265032	-0.085806	-0.347613	0.933704	-0.869098	-0.432104	-0.240739
158	2683865													8.531522	-0.831641	4.792480	0.486940	-0.832224	-0.265127	-0.085913	-0.347710	0.933658	-0.869200	-0.431857	-0.240813
159	2684031													8.564259	-0.816059	4.764945	0.486615	-0.832391	-0.265201	-0.086010	-0.347740	0.933638	-0.869373	-0.431512	-0.240809
160	2684198													8.545549	-0.765758	4.771487	0.486435	-0.832464	-0.265301	-0.086067	-0.347824	0.933601	-0.869468	-0.431302	-0.240842
161	2684365													8.522538	-0.761254	4.755576	0.486227	-0.832580	-0.265318	-0.086114	-0.347802	0.933605	-0.869579	-0.431096	-0.240808
162	2684531													8.546870	-0.804362	4.754489	0.486055	-0.832647	-0.265425	-0.086063	-0.347844	0.933594	-0.869680	-0.430934	-0.240731
163	2684698													8.548257	-0.799433	4.763625	0.485994	-0.832628	-0.265596	-0.085990	-0.347980	0.933550	-0.869722	-0.430861	-0.240714
164	2684865													8.520225	-0.776954	4.772141	0.485906	-0.832626	-0.265764	-0.085901	-0.348096	0.933515	-0.869780	-0.430771	-0.240665
165	2685031													8.515401	-0.776958	4.792901	0.485868	-0.832590	-0.265943	-0.085768	-0.348221	0.933481	-0.869814	-0.430738	-0.240599
166	2685198													8.503473	-0.774002	4.795872	0.485911	-0.832517	-0.266094	-0.085602	-0.348320	0.933459	-0.869806	-0.430800	-0.240518
167	2685365													8.506488	-0.786501	4.839452	0.485983	-0.832437	-0.266213	-0.085428	-0.348390	0.933449	-0.869783	-0.430898	-0.240425
168	2685531													8.497119	-0.804872	4.843852	0.486054	-0.832383	-0.266252	-0.085314	-0.348399	0.933456	-0.869755	-0.430995	-0.240355
169	2685698													8.519963	-0.805573	4.818821	0.486049	-0.832384	-0.266258	-0.085278	-0.348387	0.933464	-0.869761	-0.431003	-0.240317
170	2685865													8.531550	-0.807812	4.829879	0.486028	-0.832406	-0.266228	-0.085303	-0.348359	0.933472	-0.869770	-0.430983	-0.240319
171	2686031													8.514518	-0.806070	4.795325	0.486001	-0.832431	-0.266196	-0.085340	-0.348333	0.933478	-0.869781	-0.430955	-0.240330
172	2686198													8.491475	-0.810494	4.777952	0.485965	-0.832464	-0.266161	-0.085439	-0.348331	0.933470	-0.869792	-0.430893	-0.240401
173	2686365													8.505437	-0.817571	4.796806	0.485909	-0.832522	-0.266083	-0.085574	-0.348294	0.933471	-0.869810	-0.430812	-0.240482
174	2686531													8.508963	-0.834011	4.787887	0.485808	-0.832581	-0.266080	-0.085660	-0.348302	0.933460	-0.869858	-0.430690	-0.240526
175	2686698													8.531068	-0.810519	4.754552	0.485705	-0.832612	-0.266173	-0.085666	-0.348377	0.933432	-0.869915	-0.430570	-0.240535
176	2686865													8.591416	-0.831071	4.727005	0.485686	-0.832585	-0.266292	-0.085675	-0.348509	0.933382	-0.869925	-0.430516	-0.240597
177	2687031													8.485432	-0.811781	4.858825	0.485872	-0.832437	-0.266416	-0.085656	-0.348696	0.933314	-0.869823	-0.430651	-0.240725
178	2687198													8.570768	-0.793490	4.826273	0.485689	-0.832475	-0.266630	-0.085613	-0.348858	0.933257	-0.869929	-0.430446	-0.240707
179	2687365													8.547985	-0.807015	4.846417	0.485891	-0.832277	-0.266881	-0.085547	-0.349169	0.933147	-0.869823	-0.430576	-0.240857
180	2687531													8.421410	-0.810006	4.836567	0.485905	-0.832215	-0.267048	-0.085599	-0.349386	0.933061	-0.869810	-0.430520	-0.241006
181	2687698													8.462862	-0.802085	4.806154	0.485531	-0.832354	-0.267296	-0.085624	-0.349561	0.932993	-0.870016	-0.430110	-0.240992
182	2687865													8.501402	-0.772466	4.799466	0.485352	-0.832386	-0.267520	-0.085618	-0.349753	0.932921	-0.870117	-0.429891	-0.241021
183	2688031													8.503149	-0.777773	4.754288	0.485215	-0.832456	-0.267550	-0.085665	-0.349768	0.932912	-0.870188	-0.429743	-0.241025
184	2688198													8.537159	-0.800709	4.797293	0.485044	-0.832540	-0.267601	-0.085657	-0.349768	0.932912	-0.870285	-0.429581	-0.240966
185	2688365													8.531769	-0.804833	4.807324	0.484948	-0.832601	-0.267584	-0.085642	-0.349712	0.932935	-0.870340	-0.429508	-0.240897
186	2688531													8.499959	-0.792584	4.773944	0.484864	-0.832663	-0.267543	-0.085614	-0.349626	0.932969	-0.870389	-0.429458	-0.240809
187	2688698													8.544732	-0.809103	4.773786	0.484807	-0.832715	-0.267483	-0.085558	-0.349513	0.933017	-0.870426	-0.429448	-0.240692
188	2688865													8.552335	-0.819477	4.801094	0.484852	-0.832698	-0.267455	-0.085515	-0.349475	0.933035	-0.870405	-0.429512	-0.240652
189	2689031													8.535713	-0.789330	4.809194	0.484841	-0.832698	-0.267477	-0.085483	-0.349480	0.933036	-0.870415	-0.429509	-0.240624
190	2689198													8.565199	-0.818576	4.686909	0.484778	-0.832708	-0.267559	-0.085444	-0.349533	0.933020	-0.870454	-0.429446	-0.240596
191	2689365													8.527075	-0.837937	4.747874	0.485024	-0.832520	-0.267697	-0.085338	-0.349712	0.932963	-0.870327	-0.429664	-0.240664
192	2689531													8.542247	-0.798692	4.786696	0.484920	-0.832560	-0.267762	-0.085292	-0.349730	0.932960	-0.870389	-0.429573	-0.240601
193	2689698													8.639203	-0.804719	4.718772	0.484972	-0.832443	-0.268032	-0.085134	-0.349970	0.932884	-0.870376	-0.429604	-0.240595
194	2689865													8.533404	-0.815249	4.791196	0.485252	-0.832246	-0.268136	-0.085111	-0.350162	0.932814	-0.870222	-0.429829	-0.240750
195	2690031													8.507216	-0.801621	4.792336	0.485249	-0.832239	-0.268163	-0.085132	-0.350202	0.932797	-0.870222	-0.429809	-0.240785
196	2690198													8.535978	-0.798573	4.754079	0.485264	-0.832187	-0.268296	-0.085100	-0.350341	0.932748	-0.870216	-0.429797	-0.240827
197	2690365													8.523515	-0.765902	4.745881	0.485338	-0.832121	-0.268371	-0.085073	-0.350433	0.932716	-0.870178	-0.429851	-0.240869
198	2690531													8.529843	-0.773788	4.772492	0.485367	-0.832096	-0.268392	-0.085047	-0.350454	0.932711	-0.870164	-0.429881	-0.240866
199	2690698													8.534258	-0.795202	4.793488	0.485518	-0.831999	-0.268421	-0.084987	-0.350503	0.932697	-0.870086	-0.430029	-0.240885
200	2690865													8.538274	-0.786966	4.746969	0.485676	-0.831889	-0.268476	-0.084900	-0.350571	0.932680	-0.870006	-0.430187	-0.240891
201	2691031													8.579171	-0.782195	4.768540	0.485822	-0.831793	-0.268509	-0.084809	-0.350608	0.932674	-0.869934	-0.430342	-0.240877
202	2691198													8.553362	-0.778583	4.784304	0.486018	-0.831660	-0.268566	-0.084700	-0.350679	0.932657	-0.869835	-0.430541	-0.240878
203	2691365													8.543488	-0.778716	4.798188	0.486236	-0.831507	-0.268647	-0.084573	-0.350775	0.932633	-0.869725	-0.430759	-0.240883
204	2691532													8.521935	-0.780463	4.810044	0.486464	-0.831355	-0.268704	-0.084472	-0.350860	0.932610	-0.869608	-0.430983	-0.240907
205	2691698													8.535093	-0.780136	4.806848	0.486666	-0.831227	-0.268732	-0.084413	-0.350924	0.932591	-0.869500	-0.431176	-0.240949
206	2691865													8.511328	-0.797232	4.800595	0.486879	-0.831098	-0.268746	-0.084393	-0.350996	0.932566	-0.869383	-0.431367	-0.241031
207	2692032													8.511360	-0.803114	4.817659	0.487097	-0.830956	-0.268791	-0.084359	-0.351098	0.932531	-0.869264	-0.431558	-0.241117
208	2692198													8.497538	-0.793055	4.799440	0.487301	-0.830807	-0.268883	-0.084323	-0.351247	0.932478	-0.869153	-0.431725	-0.241219
209	2692365													8.493059	-0.797945	4.814939	0.487531	-0.830655	-0.268936	-0.084289	-0.351361	0.932438	-0.869028	-0.431924	-0.241314
210	2692532													8.502704	-0.797151	4.817297	0.487740	-0.830519	-0.268974	-0.084284	-0.351467	0.932399	-0.868911	-0.432098	-0.241423
211	2692698													8.507465	-0.780662	4.760708	0.487880	-0.830406	-0.269071	-0.084247	-0.351600	0.932352	-0.868836	-0.432208	-0.241498
212	2692865													8.609106	-0.809987	4.732136	0.488098	-0.830246	-0.269168	-0.084189	-0.351749	0.932301	-0.868719	-0.432393	-0.241586
213	2693032													8.502351	-0.763312	4.899495	0.488567	-0.829970	-0.269168	-0.084141	-0.351872	0.932259	-0.868460	-0.432823	-0.241747
214	2693198													8.591513	-0.765122	4.816236	0.488681	-0.829866	-0.269284	-0.084045	-0.351989	0.932223	-0.868405	-0.432928	-0.241757
215	2693365													8.535106	-0.792380	4.843454	0.489163	-0.829550	-0.269382	-0.083963	-0.352210	0.932147	-0.868142	-0.433353	-0.241940
216	2693532													8.425179	-0.776523	4.903121	0.489433	-0.829437	-0.269239	-0.084011	-0.352158	0.932163	-0.867985	-0.433613	-0.242039
217	2693698													8.460241	-0.789422	4.834556	0.489346	-0.829466	-0.269307	-0.084025	-0.352214	0.932140	-0.868033	-0.433510	-0.242051
218	2693865													8.489122	-0.747427	4.840804	0.489391	-0.829447	-0.269283	-0.084006	-0.352191	0.932150	-0.868009	-0.433564	-0.242038
219	2694032													8.481659	-0.790767	4.832489	0.489516	-0.829413	-0.269163	-0.084044	-0.352114	0.932176	-0.867935	-0.433694	-0.242072
220	2694198													8.487620	-0.805319	4.824790	0.489518	-0.829428	-0.269113	-0.084024	-0.352049	0.932203	-0.867936	-0.433718	-0.242026
221	2694365													8.506571	-0.822034	4.826522	0.489585	-0.829436	-0.268966	-0.083994	-0.351890	0.932265	-0.867900	-0.433832	-0.241948
222	2694532													8.493543	-0.803903	4.841416	0.489706	-0.829354	-0.268997	-0.084019	-0.351975	0.932231	-0.867830	-0.433919	-0.242046
223	2694698													8.487091	-0.796300	4.827801	0.489801	-0.829322	-0.268925	-0.084019	-0.351924	0.932250	-0.867776	-0.434022	-0.242052
224	2694865													8.519198	-0.797973	4.843508	0.489896	-0.829241	-0.269000	-0.083963	-0.352010	0.932223	-0.867728	-0.434106	-0.242074
225	2695032													8.513172	-0.779932	4.870261	0.489992	-0.829144	-0.269125	-0.083933	-0.352166	0.932167	-0.867677	-0.434165	-0.242151
226	2695198													8.536530	-0.782921	4.751532	0.489952	-0.829214	-0.268983	-0.083965	-0.352009	0.932223	-0.867697	-0.434159	-0.242092
227	2695365													8.528803	-0.814963	4.792921	0.490153	-0.829087	-0.269008	-0.083875	-0.352055	0.932214	-0.867591	-0.434364	-0.242100
228	2695532													8.504518	-0.734063	4.843905	0.490177	-0.829110	-0.268892	-0.083872	-0.351931	0.932261	-0.867578	-0.434420	-0.242048
229	2695698													8.597807	-0.741673	4.776078	0.490205	-0.829032	-0.269083	-0.083743	-0.352090	0.932212	-0.867575	-0.434441	-0.242022
230	2695865													8.529050	-0.783574	4.826391	0.490547	-0.828846	-0.269030	-0.083718	-0.352126	0.932201	-0.867384	-0.434766	-0.242123
231	2696032													8.498370	-0.782674	4.847513	0.490590	-0.828815	-0.269049	-0.083751	-0.352177	0.932179	-0.867357	-0.434784	-0.242188
232	2696198													8.536492	-0.800298	4.805800	0.490562	-0.828845	-0.269006	-0.083770	-0.352129	0.932195	-0.867370	-0.434765	-0.242174
233	2696365													8.522751	-0.759341	4.808611	0.490750	-0.828812	-0.268767	-0.083858	-0.351963	0.932250	-0.867256	-0.434963	-0.242228
234	2696532													8.492049	-0.792164	4.824256	0.490892	-0.828823	-0.268471	-0.083935	-0.351713	0.932337	-0.867168	-0.435143	-0.242220
235	2696698													8.507969	-0.817578	4.815599	0.491016	-0.828803	-0.268309	-0.083991	-0.351598	0.932376	-0.867092	-0.435276	-0.242253
236	2696865													8.524949	-0.822581	4.831187	0.491127	-0.828859	-0.267929	-0.084047	-0.351235	0.932508	-0.867024	-0.435461	-0.242164
237	2697032													8.530939	-0.805076	4.787786	0.491225	-0.828839	-0.267813	-0.084088	-0.351155	0.932534	-0.866965	-0.435564	-0.242192
238	2697198													8.519230	-0.778286	4.814097	0.491364	-0.828756	-0.267816	-0.084072	-0.351194	0.932521	-0.866887	-0.435691	-0.242239
239	2697365													8.525234	-0.773437	4.817152	0.491560	-0.828614	-0.267894	-0.084009	-0.351312	0.932482	-0.866782	-0.435865	-0.242302
240	2697532													8.507324	-0.802216	4.862617	0.491784	-0.828502	-0.267831	-0.083952	-0.351282	0.932498	-0.866661	-0.436103	-0.242309
241	2697698													8.509096	-0.781433	4.861419	0.491954	-0.828404	-0.267820	-0.083918	-0.351307	0.932492	-0.866568	-0.436268	-0.242344
242	2697865													8.530713	-0.785254	4.849376	0.492109	-0.828324	-0.267784	-0.083875	-0.351293	0.932501	-0.866484	-0.436432	-0.242350
243	2698032													8.510444	-0.793396	4.847513	0.492262	-0.828280	-0.267640	-0.083869	-0.351176	0.932546	-0.866397	-0.436610	-0.242337
244	2698198													8.469610	-0.800237	4.813536	0.492406	-0.828213	-0.267579	-0.083879	-0.351158	0.932551	-0.866314	-0.436750	-0.242382
245	2698365													8.472021	-0.792995	4.830866	0.492534	-0.828174	-0.267467	-0.083949	-0.351107	0.932564	-0.866235	-0.436867	-0.242456
246	2698532													8.473343	-0.828614	4.880011	0.492644	-0.828141	-0.267366	-0.083973	-0.351041	0.932587	-0.866170	-0.436982	-0.242479
247	2698698													8.478079	-0.838821	4.858839	0.492769	-0.828102	-0.267255	-0.083949	-0.350943	0.932626	-0.866101	-0.437134	-0.242452
248	2698865													8.507003	-0.803216	4.785484	0.492774	-0.828057	-0.267386	-0.083958	-0.351096	0.932568	-0.866098	-0.437096	-0.242533
249	2699032													8.471889	-0.809537	4.887433	0.493164	-0.827771	-0.267552	-0.083891	-0.351373	0.932469	-0.865882	-0.437415	-0.242728
250	2699198													8.471586	-0.763688	4.929815	0.493269	-0.827730	-0.267486	-0.083791	-0.351281	0.932513	-0.865832	-0.437567	-0.242633
251	2699365													8.601028	-0.781350	4.864229	0.493476	-0.827772	-0.266974	-0.083555	-0.350649	0.932772	-0.865737	-0.437993	-0.242201
252	2699532													8.462820	-0.785538	4.931392	0.493961	-0.827410	-0.267201	-0.083368	-0.350964	0.932670	-0.865478	-0.438426	-0.242342
253	2699698													8.410978	-0.779610	4.920000	0.493974	-0.827352	-0.267356	-0.083284	-0.351100	0.932627	-0.865479	-0.438427	-0.242339
254	2699865													8.451455	-0.760298	4.842626	0.493817	-0.827532	-0.267088	-0.083148	-0.350680	0.932797	-0.865582	-0.438423	-0.241979
255	2700032													8.472879	-0.752835	4.868602	0.493883	-0.827408	-0.267349	-0.083097	-0.350968	0.932693	-0.865549	-0.438425	-0.242092
256	2700198													8.465673	-0.797151	4.865409	0.493906	-0.827509	-0.266994	-0.083111	-0.350584	0.932836	-0.865534	-0.438543	-0.241931
257	2700365													8.477557	-0.816899	4.863817	0.493834	-0.827636	-0.266735	-0.083080	-0.350252	0.932964	-0.865578	-0.438569	-0.241726
258	2700532													8.456919	-0.824201	4.869983	0.493803	-0.827859	-0.266097	-0.083132	-0.349550	0.933222	-0.865591	-0.438706	-0.241431
259	2700698													8.464870	-0.823829	4.853757	0.493772	-0.828030	-0.265621	-0.083223	-0.349050	0.933401	-0.865600	-0.438782	-0.241262
260	2700865													8.492885	-0.815854	4.869414	0.493787	-0.828086	-0.265422	-0.083233	-0.348836	0.933480	-0.865590	-0.438848	-0.241175
261	2701032													8.485310	-0.811949	4.909070	0.493800	-0.827798	-0.266294	-0.083248	-0.349830	0.933107	-0.865582	-0.438600	-0.241659
262	2701198													8.478152	-0.808100	4.861840	0.493765	-0.827824	-0.266276	-0.083262	-0.349807	0.933115	-0.865600	-0.438569	-0.241649
263	2701365													8.540033	-0.812498	4.789396	0.493660	-0.827866	-0.266342	-0.083275	-0.349854	0.933096	-0.865658	-0.438453	-0.241650
264	2701532													8.465562	-0.798206	4.860291	0.493820	-0.827653	-0.266706	-0.083187	-0.350269	0.932948	-0.865576	-0.438522	-0.241820
265	2701698													8.512087	-0.767695	4.848964	0.493593	-0.827791	-0.266700	-0.083173	-0.350184	0.932981	-0.865707	-0.438330	-0.241698
266	2701865													8.558977	-0.749376	4.815438	0.493613	-0.827838	-0.266515	-0.083074	-0.349933	0.933084	-0.865705	-0.438442	-0.241504
267	2702032													8.500112	-0.768086	4.843394	0.493774	-0.827895	-0.266041	-0.083024	-0.349423	0.933279	-0.865618	-0.438741	-0.241271
268	2702198													8.508393	-0.760986	4.846837	0.493683	-0.828136	-0.265459	-0.083055	-0.348754	0.933527	-0.865667	-0.438819	-0.240955
269	2702365													8.485494	-0.766011	4.845872	0.493635	-0.828196	-0.265361	-0.083051	-0.348627	0.933575	-0.865694	-0.438807	-0.240877
270	2702532													8.469561	-0.735032	4.843512	0.493660	-0.828197	-0.265312	-0.083100	-0.348604	0.933579	-0.865676	-0.438823	-0.240915
271	2702698													8.484878	-0.768541	4.833852	0.493607	-0.828327	-0.265003	-0.083100	-0.348239	0.933715	-0.865706	-0.438866	-0.240728
272	2702865													8.498009	-0.784205	4.836853	0.493565	-0.828517	-0.264487	-0.083103	-0.347646	0.933936	-0.865730	-0.438978	-0.240438
273	2703032													8.518126	-0.775214	4.815624	0.493574	-0.828664	-0.264008	-0.083091	-0.347103	0.934139	-0.865725	-0.439130	-0.240175
274	2703198													8.530510	-0.777485	4.843561	0.493622	-0.828990	-0.262895	-0.083025	-0.345830	0.934617	-0.865705	-0.439520	-0.239536
275	2703365													8.503369	-0.792867	4.824869	0.493652	-0.829044	-0.262666	-0.082997	-0.345567	0.934716	-0.865690	-0.439624	-0.239398
276	2703532													8.496357	-0.798127	4.837972	0.493675	-0.828919	-0.263016	-0.082979	-0.345959	0.934573	-0.865678	-0.439551	-0.239574
277	2703698													8.493653	-0.798395	4.849945	0.493746	-0.829058	-0.262447	-0.082989	-0.345345	0.934799	-0.865637	-0.439773	-0.239316
278	2703865													8.492297	-0.791444	4.869918	0.493802	-0.829328	-0.261487	-0.083065	-0.344318	0.935171	-0.865598	-0.440069	-0.238913
279	2704032													8.499712	-0.775253	4.851419	0.493803	-0.829436	-0.261142	-0.083154	-0.343975	0.935290	-0.865589	-0.440134	-0.238827
280	2704198													8.500604	-0.780796	4.853579	0.493863	-0.829527	-0.260736	-0.083263	-0.343592	0.935421	-0.865544	-0.440260	-0.238756
281	2704365													8.473913	-0.790405	4.848266	0.493967	-0.829605	-0.260292	-0.083413	-0.343200	0.935551	-0.865470	-0.440420	-0.238730
282	2704532													8.460032	-0.783927	4.861571	0.493995	-0.829713	-0.259896	-0.083567	-0.342839	0.935670	-0.865439	-0.440498	-0.238697
