// General information: 
//  MT Manager version: 2022.2.0 
//  XDA version: 2022.2.0 build 7381 rev 124627 built on 2023-07-19
// Device information: 
//  DeviceId: 00B4D204
//  ProductCode: MTW2-3A7G6
//  Firmware Version: 4.6.0
//  Hardware Version: 2.0.0
// Device settings: 
//  Filter Profile: human(46.1)
//  Option Flags: Orientation Smoother Disabled, Position/Velocity Smoother Disabled, Continuous Zero Rotation Update Disabled, AHS Disabled, ICC Disabled
// Coordinate system: ENU
PacketCounter	SampleTimeFine	Acc_X	Acc_Y	Acc_Z	Quat_q0	Quat_q1	Quat_q2	Quat_q3	Roll	Pitch	Yaw	Mat[1][1]	Mat[2][1]	Mat[3][1]	Mat[1][2]	Mat[2][2]	Mat[3][2]	Mat[1][3]	Mat[2][3]	Mat[3][3]	Latitude	Longitude	Altitude	Vel_E	Vel_N	Vel_U
27069		9.552493	0.005012	1.786847	0.654646	0.333608	-0.542476	0.407264	-1.538295	-79.110295	65.043230	0.079711	0.171279	0.981993	-0.895177	0.445682	-0.005072	-0.438526	-0.878653	0.188851						
27070		9.533712	-0.022638	1.778916	0.654720	0.333534	-0.542395	0.407314	-1.546871	-79.094257	65.050388	0.079806	0.171538	0.981940	-0.895167	0.445701	-0.005107	-0.438527	-0.878593	0.189125						
27071		9.484059	-0.039756	1.798157	0.654773	0.333439	-0.542343	0.407376	-1.579161	-79.080083	65.080344	0.079819	0.171800	0.981893	-0.895154	0.445727	-0.005221	-0.438553	-0.878529	0.189365						
27072		9.494205	-0.088820	1.854193	0.654805	0.333359	-0.542321	0.407418	-1.611444	-79.070896	65.109581	0.079797	0.171984	0.981863	-0.895135	0.445764	-0.005332	-0.438596	-0.878474	0.189519						
27073		9.441199	-0.076003	1.855233	0.654816	0.333324	-0.542317	0.407435	-1.627191	-79.067552	65.123793	0.079779	0.172055	0.981851	-0.895125	0.445783	-0.005385	-0.438620	-0.878450	0.189575						
27074		9.490542	-0.060455	1.837691	0.654782	0.333299	-0.542385	0.407420	-1.656983	-79.074070	65.149435	0.079655	0.171990	0.981873	-0.895096	0.445840	-0.005481	-0.438701	-0.878434	0.189461						
27075		9.521646	-0.072641	1.809276	0.654730	0.333285	-0.542476	0.407394	-1.688112	-79.084320	65.176018	0.079501	0.171867	0.981907	-0.895064	0.445903	-0.005578	-0.438794	-0.878426	0.189282						
27076		9.518656	-0.085876	1.786899	0.654712	0.333228	-0.542537	0.407388	-1.728144	-79.087427	65.209836	0.079377	0.171866	0.981917	-0.895020	0.445989	-0.005709	-0.438905	-0.878383	0.189225						
27077		9.534286	-0.113747	1.770990	0.654701	0.333185	-0.542550	0.407423	-1.761948	-79.085450	65.243043	0.079292	0.171943	0.981911	-0.895020	0.445988	-0.005822	-0.438921	-0.878368	0.189255						
27078		9.522215	-0.118176	1.803707	0.654726	0.333123	-0.542528	0.407463	-1.788006	-79.077796	65.267480	0.079273	0.172095	0.981885	-0.895011	0.446005	-0.005912	-0.438943	-0.878329	0.189384						
27079		9.521656	-0.076826	1.809049	0.654761	0.333074	-0.542492	0.407495	-1.800069	-79.069255	65.278357	0.079302	0.172244	0.981857	-0.895004	0.446019	-0.005956	-0.438953	-0.878293	0.189529						
27080		9.524628	-0.065206	1.831448	0.654824	0.333005	-0.542441	0.407518	-1.808026	-79.057367	65.282636	0.079374	0.172434	0.981818	-0.894976	0.446073	-0.005989	-0.438995	-0.878228	0.189732						
27081		9.471783	-0.093931	1.829256	0.654880	0.332950	-0.542371	0.407565	-1.814463	-79.044301	65.289102	0.079448	0.172647	0.981774	-0.894978	0.446070	-0.006018	-0.438979	-0.878188	0.189955						
27082		9.440583	-0.083224	1.858053	0.654947	0.332871	-0.542300	0.407617	-1.829630	-79.029082	65.302617	0.079517	0.172902	0.981724	-0.894968	0.446090	-0.006076	-0.438987	-0.878128	0.190214						
27083		9.462291	-0.086397	1.886174	0.654988	0.332803	-0.542277	0.407638	-1.847953	-79.020697	65.316839	0.079534	0.173053	0.981696	-0.894938	0.446147	-0.006142	-0.439044	-0.878069	0.190355						
27084		9.455695	-0.111014	1.844830	0.655003	0.332775	-0.542275	0.407640	-1.855862	-79.018198	65.322374	0.079535	0.173099	0.981688	-0.894921	0.446182	-0.006169	-0.439079	-0.878042	0.190397						
27085		9.526707	-0.055548	1.858347	0.654981	0.332775	-0.542295	0.407646	-1.867380	-79.020760	65.334463	0.079480	0.173076	0.981696	-0.894927	0.446170	-0.006206	-0.439077	-0.878053	0.190352						
27086		9.479497	-0.062919	1.783873	0.654970	0.332774	-0.542306	0.407652	-1.874872	-79.021910	65.342352	0.079448	0.173069	0.981700	-0.894931	0.446162	-0.006230	-0.439075	-0.878059	0.190332						
27087		9.523493	-0.068237	1.837229	0.654999	0.332751	-0.542243	0.407707	-1.878958	-79.012195	65.350058	0.079494	0.173231	0.981668	-0.894960	0.446103	-0.006249	-0.439007	-0.878056	0.190498						
27088		9.519563	-0.038321	1.822394	0.655064	0.332714	-0.542142	0.407768	-1.872782	-78.996474	65.347037	0.079616	0.173472	0.981615	-0.894984	0.446054	-0.006238	-0.438935	-0.878034	0.190767						
27089		9.529495	-0.086249	1.879007	0.655150	0.332646	-0.542069	0.407782	-1.866925	-78.981956	65.336936	0.079750	0.173684	0.981567	-0.894951	0.446120	-0.006226	-0.438979	-0.877958	0.191017						
27090		9.510670	-0.113637	1.871084	0.655207	0.332614	-0.542001	0.407807	-1.857977	-78.970974	65.327941	0.079856	0.173842	0.981530	-0.894950	0.446123	-0.006203	-0.438961	-0.877926	0.191206						
27091		9.454248	-0.111626	1.852196	0.655265	0.332612	-0.541887	0.407868	-1.836692	-78.956449	65.313160	0.080005	0.174048	0.981482	-0.894999	0.446026	-0.006139	-0.438835	-0.877934	0.191457						
27092		9.437945	-0.042437	1.873888	0.655287	0.332642	-0.541776	0.407954	-1.818931	-78.944908	65.307230	0.080105	0.174219	0.981443	-0.895089	0.445845	-0.006086	-0.438632	-0.877992	0.191656						
27093		9.462740	0.009833	1.926058	0.655265	0.332716	-0.541756	0.407957	-1.791061	-78.948291	65.286468	0.080144	0.174137	0.981455	-0.895141	0.445743	-0.005991	-0.438520	-0.878060	0.191601						
27094		9.468690	-0.009821	1.850142	0.655241	0.332787	-0.541830	0.407838	-1.750038	-78.963456	65.240024	0.080176	0.173836	0.981505	-0.895093	0.445841	-0.005846	-0.438612	-0.878070	0.191346						
27095		9.493519	-0.043603	1.779207	0.655247	0.332857	-0.541862	0.407730	-1.695821	-78.973216	65.181536	0.080284	0.173603	0.981538	-0.895052	0.445925	-0.005660	-0.438675	-0.878073	0.191184						
27096		9.552519	0.010413	1.824810	0.655296	0.332890	-0.541781	0.407731	-1.652296	-78.965801	65.141770	0.080458	0.173662	0.981513	-0.895076	0.445879	-0.005519	-0.438594	-0.878085	0.191315						
27097		9.581012	-0.008578	1.890646	0.655413	0.332870	-0.541669	0.407708	-1.599658	-78.950351	65.085974	0.080738	0.173824	0.981461	-0.895046	0.445942	-0.005350	-0.438605	-0.878021	0.191585						
27098		9.577788	-0.061389	1.867400	0.655500	0.332850	-0.541590	0.407691	-1.564282	-78.938924	65.047649	0.080937	0.173947	0.981423	-0.895019	0.445998	-0.005237	-0.438624	-0.877968	0.191784						
27099		9.502882	-0.086662	1.839038	0.655582	0.332804	-0.541477	0.407746	-1.553378	-78.921107	65.038628	0.081093	0.174211	0.981364	-0.895033	0.445970	-0.005209	-0.438566	-0.877930	0.192090						
27100		9.440475	-0.064230	1.896020	0.655678	0.332756	-0.541276	0.407897	-1.549088	-78.892034	65.046009	0.081281	0.174673	0.981266	-0.895124	0.445787	-0.005208	-0.438345	-0.877931	0.192588						
27101		9.430437	-0.013363	1.957341	0.655738	0.332752	-0.541111	0.408024	-1.536788	-78.870890	65.046702	0.081431	0.175002	0.981195	-0.895224	0.445586	-0.005177	-0.438112	-0.877968	0.192951						
27102		9.433239	-0.000884	1.980142	0.655752	0.332779	-0.541062	0.408044	-1.517649	-78.866951	65.032352	0.081504	0.175043	0.981181	-0.895259	0.445516	-0.005114	-0.438028	-0.877995	0.193020						
27103		9.442314	-0.008907	1.926042	0.655717	0.332840	-0.541121	0.407971	-1.492647	-78.879322	65.005446	0.081496	0.174813	0.981223	-0.895241	0.445555	-0.005024	-0.438067	-0.878021	0.192811						
27104		9.501347	-0.042727	1.849294	0.655674	0.332887	-0.541205	0.407890	-1.479531	-78.893616	64.988229	0.081445	0.174567	0.981271	-0.895207	0.445624	-0.004974	-0.438146	-0.878035	0.192567						
27105		9.539313	-0.071579	1.858562	0.655665	0.332897	-0.541228	0.407866	-1.475473	-78.897420	64.982593	0.081435	0.174499	0.981284	-0.895194	0.445650	-0.004958	-0.438174	-0.878035	0.192502						
27106		9.501688	-0.042381	1.847549	0.655688	0.332897	-0.541172	0.407904	-1.469297	-78.890292	64.980479	0.081493	0.174607	0.981260	-0.895225	0.445588	-0.004941	-0.438100	-0.878046	0.192625						
27107		9.467392	-0.043302	1.854526	0.655722	0.332875	-0.541094	0.407970	-1.471436	-78.878744	64.987598	0.081555	0.174796	0.981221	-0.895264	0.445508	-0.004953	-0.438008	-0.878048	0.192822						
27108		9.473917	-0.061600	1.893398	0.655740	0.332837	-0.541072	0.408001	-1.486556	-78.872931	65.002373	0.081552	0.174908	0.981202	-0.895264	0.445509	-0.005007	-0.438010	-0.878026	0.192921						
27109		9.474287	-0.104187	1.889204	0.655728	0.332826	-0.541093	0.408003	-1.499393	-78.874579	65.014210	0.081504	0.174899	0.981207	-0.895257	0.445521	-0.005049	-0.438031	-0.878021	0.192891						
27110		9.520161	-0.058112	1.854766	0.655708	0.332839	-0.541126	0.407981	-1.499843	-78.879852	65.013425	0.081468	0.174816	0.981225	-0.895248	0.445540	-0.005048	-0.438058	-0.878028	0.192801						
27111		9.517160	-0.069891	1.832832	0.655694	0.332889	-0.541120	0.407970	-1.478679	-78.883028	64.995860	0.081499	0.174742	0.981236	-0.895273	0.445491	-0.004976	-0.438001	-0.878068	0.192748						
27112		9.504801	-0.031166	1.868900	0.655693	0.332864	-0.541122	0.407989	-1.494393	-78.881271	65.011089	0.081465	0.174791	0.981230	-0.895271	0.445493	-0.005029	-0.438010	-0.878057	0.192777						
27113		9.523927	-0.088189	1.870491	0.655703	0.332858	-0.541082	0.408030	-1.498089	-78.875758	65.018456	0.081482	0.174887	0.981211	-0.895300	0.445434	-0.005044	-0.437947	-0.878068	0.192871						
27114		9.526929	-0.076104	1.892410	0.655752	0.332835	-0.541026	0.408045	-1.487547	-78.866930	65.007722	0.081579	0.175008	0.981181	-0.895298	0.445440	-0.005013	-0.437935	-0.878041	0.193023						
27115		9.489412	-0.088640	1.878576	0.655803	0.332838	-0.540930	0.408088	-1.465213	-78.855150	64.990513	0.081717	0.175167	0.981142	-0.895335	0.445366	-0.004942	-0.437832	-0.878047	0.193227						
27116		9.511038	-0.090680	1.906918	0.655862	0.332815	-0.540839	0.408133	-1.453004	-78.841859	64.981162	0.081842	0.175360	0.981097	-0.895356	0.445324	-0.004907	-0.437766	-0.878030	0.193455						
27117		9.479794	-0.079205	1.935422	0.655907	0.332810	-0.540745	0.408190	-1.440086	-78.829701	64.973945	0.081952	0.175538	0.981056	-0.895399	0.445237	-0.004869	-0.437657	-0.878038	0.193665						
27118		9.407975	-0.050452	1.930814	0.655889	0.332883	-0.540696	0.408225	-1.414738	-78.829273	64.958912	0.082001	0.175523	0.981054	-0.895476	0.445084	-0.004783	-0.437491	-0.878118	0.193674						
27119		9.404976	-0.062327	1.908988	0.655806	0.332953	-0.540714	0.408275	-1.425371	-78.836955	64.980657	0.081879	0.175435	0.981080	-0.895564	0.444908	-0.004816	-0.437335	-0.878225	0.193542						
27120		9.424067	-0.077209	1.913109	0.655750	0.332996	-0.540737	0.408299	-1.433593	-78.843254	64.994964	0.081789	0.175358	0.981102	-0.895612	0.444810	-0.004841	-0.437253	-0.878290	0.193433						
27121		9.470195	-0.030637	1.877449	0.655651	0.333136	-0.540773	0.408296	-1.408650	-78.858775	64.982160	0.081716	0.175099	0.981154	-0.895702	0.444629	-0.004750	-0.437082	-0.878433	0.193170						
27122		9.526191	0.053447	1.903013	0.655565	0.333308	-0.540875	0.408159	-1.342399	-78.885392	64.917622	0.081720	0.174594	0.981244	-0.895706	0.444625	-0.004516	-0.437073	-0.878536	0.192719						
27123		9.578766	0.038535	1.786557	0.655498	0.333400	-0.541008	0.408017	-1.309202	-78.909431	64.878247	0.081665	0.174165	0.981324	-0.895653	0.444733	-0.004395	-0.437192	-0.878567	0.192310						
27124		9.542255	-0.015908	1.765297	0.655530	0.333381	-0.540973	0.408026	-1.303643	-78.903594	64.872115	0.081726	0.174246	0.981305	-0.895648	0.444743	-0.004379	-0.437191	-0.878545	0.192411						
27125		9.480960	-0.077557	1.812384	0.655630	0.333326	-0.540818	0.408117	-1.294649	-78.879764	64.867889	0.081913	0.174610	0.981225	-0.895684	0.444669	-0.004358	-0.437081	-0.878510	0.192819						
27126		9.478021	-0.044477	1.909940	0.655663	0.333320	-0.540750	0.408159	-1.286007	-78.870739	64.863304	0.081992	0.174743	0.981194	-0.895715	0.444608	-0.004332	-0.437004	-0.878515	0.192974						
27127		9.511763	-0.000960	1.907961	0.655627	0.333389	-0.540803	0.408090	-1.258544	-78.882979	64.835094	0.081989	0.174513	0.981235	-0.895705	0.444629	-0.004235	-0.437024	-0.878550	0.192767						
27128		9.487185	-0.009619	1.857344	0.655548	0.333496	-0.540919	0.407976	-1.226508	-78.906038	64.800968	0.081925	0.174107	0.981313	-0.895684	0.444672	-0.004119	-0.437080	-0.878609	0.192374						
27129		9.552695	-0.019223	1.821689	0.655507	0.333535	-0.540999	0.407904	-1.217304	-78.919253	64.787794	0.081869	0.173883	0.981357	-0.895651	0.444738	-0.004083	-0.437157	-0.878620	0.192149						
27130		9.537815	-0.034211	1.831195	0.655506	0.333563	-0.541016	0.407859	-1.196503	-78.923696	64.765133	0.081905	0.173782	0.981372	-0.895634	0.444774	-0.004012	-0.437186	-0.878622	0.192074						
27131		9.503886	-0.034364	1.836379	0.655524	0.333596	-0.540988	0.407841	-1.167245	-78.922830	64.737358	0.081995	0.173756	0.981369	-0.895642	0.444759	-0.003914	-0.437153	-0.878634	0.192091						
27132		9.432198	-0.005506	1.831084	0.655542	0.333610	-0.540964	0.407831	-1.148925	-78.920957	64.719588	0.082063	0.173759	0.981363	-0.895644	0.444756	-0.003853	-0.437136	-0.878635	0.192124						
27133		9.435498	0.007063	1.851556	0.655531	0.333641	-0.540983	0.407800	-1.133994	-78.925793	64.704310	0.082074	0.173663	0.981379	-0.895639	0.444766	-0.003801	-0.437144	-0.878649	0.192043						
27134		9.470217	-0.033238	1.840256	0.655518	0.333711	-0.541004	0.407734	-1.093619	-78.934149	64.663830	0.082135	0.173475	0.981407	-0.895632	0.444780	-0.003663	-0.437146	-0.878679	0.191902						
27135		9.485759	-0.016553	1.827271	0.655525	0.333747	-0.541059	0.407621	-1.056232	-78.944057	64.618500	0.082200	0.173257	0.981440	-0.895565	0.444916	-0.003535	-0.437271	-0.878654	0.191735						
27136		9.504850	-0.029655	1.831465	0.655546	0.333809	-0.541043	0.407558	-1.003465	-78.946973	64.565450	0.082339	0.173135	0.981450	-0.895556	0.444936	-0.003358	-0.437264	-0.878667	0.191688						
27137		9.519721	0.029382	1.823858	0.655563	0.333863	-0.541022	0.407515	-0.960091	-78.948603	64.522955	0.082455	0.173049	0.981456	-0.895557	0.444935	-0.003212	-0.437240	-0.878685	0.191663						
27138		9.542235	-0.013972	1.845967	0.655605	0.333873	-0.540989	0.407482	-0.929037	-78.945436	64.490011	0.082578	0.173051	0.981445	-0.895538	0.444974	-0.003109	-0.437255	-0.878665	0.191719						
27139		9.508109	-0.014106	1.852202	0.655643	0.333879	-0.540940	0.407480	-0.905990	-78.939762	64.467706	0.082687	0.173106	0.981426	-0.895541	0.444969	-0.003033	-0.437229	-0.878656	0.191817						
27140		9.523626	-0.040299	1.837366	0.655650	0.333897	-0.540889	0.407523	-0.898910	-78.934694	64.466666	0.082728	0.173183	0.981409	-0.895587	0.444876	-0.003011	-0.437127	-0.878688	0.191904						
27141		9.499627	-0.046753	1.901922	0.655620	0.333961	-0.540851	0.407568	-0.884826	-78.934999	64.463039	0.082737	0.173173	0.981410	-0.895666	0.444717	-0.002964	-0.436963	-0.878771	0.191900						
27142		9.492925	-0.028241	1.863438	0.655591	0.334035	-0.540855	0.407551	-0.857719	-78.941250	64.440928	0.082757	0.173045	0.981431	-0.895701	0.444647	-0.002871	-0.436887	-0.878831	0.191794						
27143		9.489974	-0.039538	1.841190	0.655583	0.334076	-0.540878	0.407498	-0.832140	-78.947480	64.413973	0.082792	0.172909	0.981452	-0.895687	0.444676	-0.002784	-0.436910	-0.878843	0.191689						
27144		9.502092	-0.035607	1.808258	0.655589	0.334094	-0.540862	0.407496	-0.818989	-78.946913	64.402321	0.082832	0.172901	0.981450	-0.895697	0.444657	-0.002740	-0.436882	-0.878855	0.191699						
27145		9.493333	-0.026450	1.861387	0.655597	0.334120	-0.540830	0.407503	-0.801682	-78.944940	64.388323	0.082889	0.172912	0.981443	-0.895720	0.444610	-0.002683	-0.436823	-0.878876	0.191733						
27146		9.490123	-0.038116	1.840448	0.655608	0.334134	-0.540810	0.407500	-0.788290	-78.943579	64.376033	0.082936	0.172915	0.981439	-0.895727	0.444597	-0.002638	-0.436801	-0.878882	0.191757						
27147		9.481423	-0.028986	1.893280	0.655594	0.334174	-0.540804	0.407498	-0.773480	-78.946015	64.364809	0.082952	0.172861	0.981447	-0.895753	0.444545	-0.002588	-0.436745	-0.878919	0.191716						
27148		9.490322	-0.037443	1.839436	0.655576	0.334201	-0.540809	0.407499	-0.767973	-78.948673	64.361758	0.082941	0.172815	0.981456	-0.895771	0.444508	-0.002569	-0.436709	-0.878947	0.191671						
27149		9.493724	-0.025146	1.859408	0.655537	0.334256	-0.540824	0.407497	-0.757923	-78.954921	64.356414	0.082911	0.172711	0.981477	-0.895806	0.444438	-0.002534	-0.436643	-0.879003	0.191565						
27150		9.521067	-0.005967	1.814913	0.655524	0.334293	-0.540826	0.407485	-0.743076	-78.958097	64.343714	0.082926	0.172644	0.981487	-0.895821	0.444409	-0.002484	-0.436610	-0.879031	0.191511						
27151		9.533067	-0.002397	1.782514	0.655544	0.334280	-0.540802	0.407496	-0.741063	-78.954006	64.341767	0.082962	0.172704	0.981474	-0.895821	0.444408	-0.002478	-0.436603	-0.879019	0.191581						
27152		9.524088	0.006488	1.836862	0.655611	0.334248	-0.540716	0.407527	-0.728739	-78.940781	64.330178	0.083095	0.172892	0.981429	-0.895825	0.444400	-0.002440	-0.436569	-0.878987	0.191808						
27153		9.474483	-0.009543	1.855917	0.655697	0.334204	-0.540628	0.407543	-0.711353	-78.926179	64.310993	0.083261	0.173089	0.981381	-0.895809	0.444432	-0.002385	-0.436570	-0.878931	0.192059						
27154		9.477353	0.002791	1.878561	0.655735	0.334181	-0.540572	0.407575	-0.708927	-78.917288	64.309870	0.083331	0.173225	0.981351	-0.895819	0.444413	-0.002378	-0.436537	-0.878915	0.192211						
27155		9.481341	-0.069353	1.891857	0.655746	0.334170	-0.540549	0.407596	-0.712541	-78.913597	64.314733	0.083343	0.173289	0.981338	-0.895829	0.444392	-0.002391	-0.436513	-0.878912	0.192274						
27156		9.462045	-0.012974	1.890442	0.655716	0.334195	-0.540550	0.407623	-0.717216	-78.915646	64.324297	0.083299	0.173271	0.981345	-0.895868	0.444314	-0.002407	-0.436442	-0.878955	0.192239						
27157		9.527089	-0.023454	1.857069	0.655655	0.334242	-0.540568	0.407658	-0.726820	-78.921548	64.341395	0.083204	0.173205	0.981365	-0.895927	0.444194	-0.002437	-0.436339	-0.879029	0.192137						
27158		9.527235	-0.023874	1.856313	0.655639	0.334241	-0.540569	0.407683	-0.739437	-78.921583	64.356293	0.083158	0.173226	0.981365	-0.895947	0.444155	-0.002480	-0.436308	-0.879045	0.192136						
27159		9.523948	-0.036374	1.835779	0.655648	0.334238	-0.540505	0.407757	-0.746372	-78.913244	64.370485	0.083177	0.173375	0.981337	-0.896004	0.444039	-0.002505	-0.436186	-0.879074	0.192279						
27160		9.514845	-0.027906	1.890589	0.655698	0.334200	-0.540413	0.407830	-0.751509	-78.898579	64.379887	0.083257	0.173615	0.981288	-0.896038	0.443970	-0.002525	-0.436101	-0.879061	0.192530						
27161		9.488804	0.004423	1.849075	0.655719	0.334209	-0.540336	0.407890	-0.743454	-78.889619	64.378926	0.083327	0.173752	0.981258	-0.896092	0.443861	-0.002500	-0.435977	-0.879089	0.192684						
27162		9.464666	-0.002153	1.914265	0.655729	0.334212	-0.540305	0.407912	-0.739800	-78.886060	64.378014	0.083356	0.173806	0.981246	-0.896113	0.443819	-0.002489	-0.435928	-0.879099	0.192745						
27163		9.476593	0.001242	1.882391	0.655741	0.334212	-0.540277	0.407930	-0.735941	-78.882458	64.376024	0.083389	0.173859	0.981234	-0.896127	0.443791	-0.002477	-0.435893	-0.879103	0.192806						
27164		9.495766	-0.055199	1.884387	0.655764	0.334220	-0.540210	0.407975	-0.726215	-78.874697	64.371936	0.083458	0.173973	0.981208	-0.896169	0.443706	-0.002446	-0.435793	-0.879124	0.192940						
27165		9.498379	-0.001024	1.910126	0.655759	0.334221	-0.540190	0.408009	-0.732804	-78.872211	64.381939	0.083446	0.174025	0.981199	-0.896197	0.443650	-0.002468	-0.435739	-0.879141	0.192982						
27166		9.479563	0.013419	1.904465	0.655752	0.334239	-0.540188	0.408009	-0.726844	-78.873282	64.377640	0.083452	0.174003	0.981203	-0.896209	0.443626	-0.002448	-0.435713	-0.879158	0.192964						
27167		9.488884	-0.037383	1.846842	0.655748	0.334247	-0.540176	0.408024	-0.726250	-78.872405	64.379292	0.083453	0.174019	0.981200	-0.896226	0.443591	-0.002446	-0.435677	-0.879173	0.192979						
27168		9.507210	-0.009862	1.856840	0.655758	0.334250	-0.540128	0.408070	-0.725627	-78.866597	64.383683	0.083483	0.174115	0.981180	-0.896265	0.443512	-0.002445	-0.435591	-0.879193	0.193079						
27169		9.503933	-0.022049	1.836325	0.655746	0.334270	-0.540095	0.408116	-0.726843	-78.863999	64.391422	0.083478	0.174166	0.981172	-0.896316	0.443410	-0.002450	-0.435488	-0.879235	0.193123						
27170		9.485015	-0.007552	1.831188	0.655766	0.334265	-0.540057	0.408138	-0.722716	-78.858854	64.389244	0.083523	0.174242	0.981154	-0.896330	0.443380	-0.002437	-0.435449	-0.879235	0.193211						
27171		9.484848	-0.007387	1.832057	0.655795	0.334269	-0.539987	0.408180	-0.711472	-78.850403	64.382921	0.083605	0.174364	0.981126	-0.896367	0.443307	-0.002401	-0.435358	-0.879248	0.193356						
27172		9.469415	-0.022760	1.844536	0.655823	0.334254	-0.539921	0.408235	-0.712517	-78.840850	64.388336	0.083659	0.174519	0.981093	-0.896401	0.443237	-0.002407	-0.435277	-0.879252	0.193520						
27173		9.469170	-0.023004	1.845791	0.655835	0.334244	-0.539857	0.408309	-0.721632	-78.832076	64.404116	0.083676	0.174678	0.981064	-0.896454	0.443130	-0.002439	-0.435165	-0.879274	0.193670						
27174		9.475844	-0.041009	1.884289	0.655836	0.334256	-0.539821	0.408345	-0.718850	-78.828427	64.406202	0.083697	0.174737	0.981051	-0.896491	0.443055	-0.002431	-0.435084	-0.879301	0.193732						
27175		9.506635	-0.052332	1.857948	0.655825	0.334267	-0.539788	0.408397	-0.725764	-78.825072	64.419358	0.083681	0.174808	0.981040	-0.896541	0.442955	-0.002455	-0.434986	-0.879337	0.193790						
27176		9.434858	-0.024567	1.852898	0.655801	0.334292	-0.539744	0.408473	-0.734154	-78.821516	64.437572	0.083652	0.174890	0.981028	-0.896618	0.442798	-0.002484	-0.434832	-0.879399	0.193850						
27177		9.415991	-0.010259	1.847510	0.655772	0.334334	-0.539706	0.408534	-0.733731	-78.820048	64.447210	0.083633	0.174926	0.981023	-0.896695	0.442641	-0.002483	-0.434675	-0.879471	0.193875						
27178		9.508930	0.043716	1.887103	0.655767	0.334367	-0.539727	0.408489	-0.713210	-78.825252	64.425223	0.083662	0.174814	0.981041	-0.896681	0.442670	-0.002412	-0.434699	-0.879479	0.193787						
27179		9.548869	0.024366	1.805955	0.655782	0.334371	-0.539787	0.408383	-0.689724	-78.833142	64.391466	0.083707	0.174643	0.981067	-0.896598	0.442838	-0.002331	-0.434861	-0.879428	0.193653						
27180		9.508998	-0.042386	1.765199	0.655817	0.334362	-0.539745	0.408389	-0.677914	-78.827240	64.379715	0.083786	0.174717	0.981047	-0.896597	0.442841	-0.002293	-0.434848	-0.879412	0.193754						
27181		9.558553	0.019457	1.866322	0.655893	0.334336	-0.539583	0.408503	-0.668342	-78.804760	64.379958	0.083952	0.175064	0.980971	-0.896672	0.442689	-0.002265	-0.434662	-0.879420	0.194140						
27182		9.589442	0.053720	1.958953	0.655999	0.334268	-0.539465	0.408543	-0.656929	-78.784617	64.367050	0.084141	0.175356	0.980903	-0.896659	0.442715	-0.002230	-0.434652	-0.879348	0.194485						
27183		9.545808	-0.025688	1.900346	0.656102	0.334162	-0.539409	0.408539	-0.662059	-78.769273	64.362639	0.084268	0.175586	0.980851	-0.896587	0.442863	-0.002250	-0.434777	-0.879228	0.194747						
27184		9.455184	-0.025733	1.887909	0.656174	0.334078	-0.539299	0.408637	-0.684044	-78.748818	64.387136	0.084344	0.175938	0.980781	-0.896610	0.442816	-0.002329	-0.434715	-0.879181	0.195097						
27185		9.393258	-0.046209	1.940039	0.656224	0.334023	-0.539177	0.408762	-0.704463	-78.729126	64.415504	0.084402	0.176284	0.980714	-0.896674	0.442685	-0.002403	-0.434571	-0.879178	0.195433						
27186		9.406025	-0.040255	2.021171	0.656220	0.334022	-0.539166	0.408785	-0.709826	-78.727520	64.422987	0.084391	0.176320	0.980709	-0.896691	0.442650	-0.002422	-0.434537	-0.879189	0.195460						
27187		9.501235	0.022631	1.969140	0.656178	0.334076	-0.539257	0.408687	-0.689112	-78.743384	64.397237	0.084353	0.176037	0.980763	-0.896649	0.442735	-0.002348	-0.434632	-0.879202	0.195189						
27188		9.501264	-0.021879	1.850086	0.656134	0.334133	-0.539365	0.408568	-0.665364	-78.761508	64.366407	0.084314	0.175712	0.980824	-0.896591	0.442854	-0.002263	-0.434760	-0.879207	0.194880						
27189		9.513614	-0.017982	1.816312	0.656147	0.334147	-0.539341	0.408569	-0.651673	-78.759533	64.354173	0.084366	0.175724	0.980818	-0.896600	0.442835	-0.002217	-0.434730	-0.879214	0.194915						
27190		9.502157	-0.105321	1.841969	0.656229	0.334095	-0.539194	0.408674	-0.652406	-78.736927	64.361428	0.084511	0.176084	0.980741	-0.896651	0.442732	-0.002224	-0.434597	-0.879194	0.195301						
27191		9.439116	-0.040837	1.903420	0.656356	0.334018	-0.539008	0.408779	-0.644111	-78.707479	64.357580	0.084741	0.176532	0.980640	-0.896685	0.442664	-0.002201	-0.434483	-0.879139	0.195806						
27192		9.448263	-0.046417	1.965861	0.656426	0.333980	-0.538880	0.408865	-0.640333	-78.688396	64.359633	0.084876	0.176830	0.980575	-0.896730	0.442573	-0.002192	-0.434364	-0.879124	0.196132						
27193		9.429094	-0.031945	1.961914	0.656433	0.333978	-0.538851	0.408894	-0.641653	-78.684591	64.363779	0.084891	0.176895	0.980562	-0.896752	0.442529	-0.002197	-0.434316	-0.879134	0.196198						
27194		9.472137	-0.039789	1.902866	0.656413	0.334009	-0.538863	0.408885	-0.633885	-78.688611	64.357918	0.084880	0.176824	0.980576	-0.896765	0.442501	-0.002170	-0.434290	-0.879162	0.196129						
27195		9.540389	-0.037556	1.890800	0.656405	0.334046	-0.538858	0.408874	-0.617010	-78.690842	64.343373	0.084908	0.176768	0.980583	-0.896781	0.442470	-0.002112	-0.434252	-0.879189	0.196092						
27196		9.559139	-0.051592	1.896790	0.656466	0.334019	-0.538793	0.408883	-0.602266	-78.680658	64.327492	0.085033	0.176902	0.980548	-0.896770	0.442492	-0.002063	-0.434250	-0.879151	0.196266						
27197		9.521042	-0.022261	1.887839	0.656564	0.333958	-0.538676	0.408930	-0.591944	-78.661173	64.317089	0.085209	0.177187	0.980482	-0.896768	0.442496	-0.002031	-0.434219	-0.879092	0.196600						
27198		9.459007	-0.041858	1.940205	0.656672	0.333880	-0.538534	0.409008	-0.590592	-78.637164	64.317220	0.085387	0.177557	0.980399	-0.896780	0.442472	-0.002031	-0.434160	-0.879029	0.197011						
27199		9.455210	-0.053766	1.922547	0.656753	0.333856	-0.538397	0.409077	-0.572011	-78.618194	64.304141	0.085568	0.177830	0.980334	-0.896820	0.442391	-0.001970	-0.434042	-0.879014	0.197336						
27200		9.442203	-0.014962	1.960896	0.656779	0.333823	-0.538348	0.409128	-0.583447	-78.609327	64.317747	0.085592	0.177987	0.980303	-0.896838	0.442354	-0.002011	-0.433999	-0.879002	0.197488						
27201		9.491827	-0.040672	1.940613	0.656791	0.333842	-0.538316	0.409134	-0.568055	-78.606858	64.304984	0.085650	0.178006	0.980295	-0.896857	0.442317	-0.001958	-0.433950	-0.879016	0.197530						
27202		9.522208	-0.009154	1.918599	0.656833	0.333852	-0.538266	0.409125	-0.540999	-78.601410	64.278307	0.085773	0.178050	0.980276	-0.896856	0.442320	-0.001866	-0.433928	-0.879006	0.197624						
27203		9.478150	-0.003722	1.866409	0.656866	0.333867	-0.538188	0.409163	-0.521596	-78.592757	64.264547	0.085880	0.178163	0.980246	-0.896896	0.442237	-0.001800	-0.433822	-0.879025	0.197773						
27204		9.432082	-0.050000	1.901899	0.656921	0.333815	-0.538085	0.409252	-0.533295	-78.575691	64.280828	0.085956	0.178450	0.980187	-0.896934	0.442161	-0.001844	-0.433730	-0.879005	0.198065						
27205		9.404077	-0.069188	1.948367	0.657012	0.333739	-0.537942	0.409356	-0.542400	-78.551693	64.294119	0.086093	0.178840	0.980104	-0.896968	0.442092	-0.001879	-0.433632	-0.878960	0.198475						
27206		9.462545	-0.058276	1.993226	0.657081	0.333734	-0.537828	0.409398	-0.516324	-78.537159	64.272562	0.086268	0.179032	0.980054	-0.896999	0.442029	-0.001791	-0.433533	-0.878953	0.198724						
27207		9.492508	0.015717	1.975116	0.657084	0.333781	-0.537875	0.409293	-0.476745	-78.546816	64.226758	0.086339	0.178814	0.980087	-0.896945	0.442139	-0.001652	-0.433631	-0.878942	0.198560						
27208		9.511086	-0.000847	1.866525	0.657066	0.333820	-0.537979	0.409154	-0.447267	-78.562880	64.186719	0.086344	0.178506	0.980143	-0.896859	0.442314	-0.001548	-0.433808	-0.878916	0.198286						
27209		9.542724	-0.053790	1.834924	0.657097	0.333787	-0.537936	0.409189	-0.454561	-78.554845	64.194656	0.086380	0.178642	0.980115	-0.896865	0.442302	-0.001574	-0.433788	-0.878895	0.198424						
27210		9.495878	-0.058286	1.875964	0.657226	0.333703	-0.537711	0.409345	-0.455543	-78.519991	64.204723	0.086608	0.179194	0.979994	-0.896936	0.442158	-0.001582	-0.433596	-0.878855	0.199020						
27211		9.476264	0.001444	1.991101	0.657347	0.333622	-0.537553	0.409424	-0.448849	-78.493858	64.199550	0.086818	0.179589	0.979903	-0.896947	0.442136	-0.001563	-0.433531	-0.878785	0.199467						
27212		9.491008	0.017197	1.982302	0.657420	0.333574	-0.537537	0.409367	-0.431516	-78.488079	64.172439	0.086946	0.179636	0.979883	-0.896869	0.442294	-0.001503	-0.433667	-0.878696	0.199566						
27213		9.494448	-0.057282	1.883216	0.657465	0.333563	-0.537557	0.409278	-0.404085	-78.489842	64.135332	0.087049	0.179553	0.979889	-0.896790	0.442455	-0.001407	-0.433809	-0.878632	0.199537						
27214		9.512801	-0.028862	1.892820	0.657499	0.333574	-0.537529	0.409252	-0.379122	-78.487162	64.109027	0.087152	0.179554	0.979880	-0.896776	0.442483	-0.001321	-0.433818	-0.878617	0.199583						
27215		9.475358	-0.041050	1.878975	0.657614	0.333536	-0.537397	0.409271	-0.345927	-78.467704	64.075270	0.087403	0.179802	0.979812	-0.896767	0.442502	-0.001207	-0.433786	-0.878557	0.199917						
27216		9.468085	0.022994	1.960644	0.657750	0.333482	-0.537227	0.409318	-0.313784	-78.442210	64.044066	0.087692	0.180146	0.979723	-0.896769	0.442497	-0.001097	-0.433723	-0.878489	0.200353						
27217		9.415051	-0.004687	1.959581	0.657855	0.333435	-0.537124	0.409323	-0.288885	-78.425594	64.016215	0.087904	0.180359	0.979665	-0.896743	0.442551	-0.001012	-0.433735	-0.878418	0.200638						
27218		9.452340	-0.032944	1.972594	0.657897	0.333440	-0.537062	0.409333	-0.267211	-78.418194	63.996410	0.088022	0.180443	0.979639	-0.896754	0.442529	-0.000936	-0.433688	-0.878413	0.200765						
27219		9.448596	-0.002040	1.956598	0.657942	0.333472	-0.536997	0.409320	-0.227525	-78.412572	63.958904	0.088182	0.180471	0.979619	-0.896764	0.442507	-0.000798	-0.433633	-0.878417	0.200861						
27220		9.510004	0.019162	1.908354	0.658003	0.333497	-0.536948	0.409265	-0.178011	-78.408435	63.906865	0.088377	0.180455	0.979605	-0.896737	0.442563	-0.000624	-0.433649	-0.878393	0.200933						
27221		9.494103	0.047139	1.924199	0.658068	0.333492	-0.536908	0.409218	-0.143374	-78.403002	63.867521	0.088542	0.180477	0.979586	-0.896696	0.442647	-0.000503	-0.433702	-0.878346	0.201026						
27222		9.509169	0.063413	1.913892	0.658129	0.333466	-0.536861	0.409204	-0.126433	-78.395037	63.847172	0.088666	0.180568	0.979558	-0.896667	0.442706	-0.000444	-0.433736	-0.878297	0.201162						
27223		9.497195	0.018580	1.943404	0.658230	0.333408	-0.536787	0.409184	-0.105286	-78.381289	63.819512	0.088857	0.180736	0.979510	-0.896613	0.442815	-0.000370	-0.433808	-0.878208	0.201397						
27224		9.496747	0.019420	1.945584	0.658335	0.333374	-0.536684	0.409179	-0.072917	-78.365642	63.784342	0.089086	0.180922	0.979454	-0.896586	0.442869	-0.000257	-0.433816	-0.878143	0.201665						
27225		9.518008	0.017912	1.975052	0.658460	0.333305	-0.536553	0.409205	-0.052276	-78.343898	63.760962	0.089324	0.181219	0.979378	-0.896562	0.442918	-0.000184	-0.433818	-0.878056	0.202037						
27226		9.468047	0.002117	1.994716	0.658547	0.333282	-0.536421	0.409256	-0.028994	-78.325588	63.741561	0.089524	0.181469	0.979313	-0.896588	0.442865	-0.000102	-0.433722	-0.878032	0.202350						
27227		9.470593	0.014980	2.017849	0.658598	0.333289	-0.536330	0.409289	-0.005758	-78.314613	63.722837	0.089666	0.181608	0.979274	-0.896619	0.442802	-0.000020	-0.433628	-0.878035	0.202538						
27228		9.479604	0.006999	1.965900	0.658640	0.333304	-0.536274	0.409282	0.022309	-78.308799	63.695938	0.089795	0.181655	0.979254	-0.896624	0.442793	0.000079	-0.433592	-0.878030	0.202637						
27229		9.495285	-0.018795	1.951339	0.658666	0.333328	-0.536211	0.409303	0.044857	-78.302689	63.678097	0.089898	0.181721	0.979232	-0.896657	0.442727	0.000159	-0.433503	-0.878049	0.202741						
27230		9.491504	0.011770	1.935512	0.658696	0.333346	-0.536128	0.409349	0.062240	-78.293739	63.667382	0.090000	0.181841	0.979201	-0.896705	0.442628	0.000220	-0.433381	-0.878074	0.202894						
27231		9.475791	-0.003137	1.948899	0.658789	0.333319	-0.535974	0.409425	0.082216	-78.272222	63.653441	0.090208	0.182148	0.979124	-0.896749	0.442540	0.000292	-0.433249	-0.878055	0.203262						
27232		9.459789	-0.018122	1.963649	0.658882	0.333286	-0.535791	0.409540	0.094699	-78.246721	63.650487	0.090410	0.182534	0.979034	-0.896820	0.442395	0.000337	-0.433058	-0.878048	0.203698						
27233		9.446738	-0.020822	1.999416	0.658985	0.333261	-0.535630	0.409605	0.121915	-78.224634	63.628593	0.090648	0.182838	0.978955	-0.896857	0.442321	0.000434	-0.432933	-0.878022	0.204075						
27234		9.464381	0.007771	2.012022	0.659071	0.333249	-0.535522	0.409617	0.154406	-78.210152	63.597009	0.090859	0.183009	0.978904	-0.896858	0.442317	0.000551	-0.432885	-0.877988	0.204322						
27235		9.507364	0.000972	1.955684	0.659146	0.333245	-0.535410	0.409647	0.183742	-78.195760	63.571089	0.091051	0.183188	0.978852	-0.896880	0.442274	0.000656	-0.432801	-0.877973	0.204567						
27236		9.475804	0.012859	1.984109	0.659207	0.333236	-0.535306	0.409692	0.201896	-78.182042	63.557227	0.091199	0.183376	0.978803	-0.896910	0.442213	0.000722	-0.432707	-0.877964	0.204802						
27237		9.493561	0.041205	1.996134	0.659275	0.333240	-0.535179	0.409745	0.228952	-78.166348	63.536641	0.091385	0.183584	0.978747	-0.896955	0.442121	0.000819	-0.432574	-0.877967	0.205069						
27238		9.508260	0.057353	1.987714	0.659355	0.333216	-0.535034	0.409825	0.244160	-78.146340	63.528150	0.091564	0.183876	0.978675	-0.897004	0.442021	0.000875	-0.432434	-0.877956	0.205411						
27239		9.477041	0.026628	2.013148	0.659441	0.333162	-0.534892	0.409916	0.244959	-78.124290	63.532293	0.091719	0.184220	0.978596	-0.897042	0.441944	0.000880	-0.432323	-0.877923	0.205787						
27240		9.451566	0.020154	2.080924	0.659542	0.333116	-0.534721	0.410014	0.255982	-78.099191	63.527895	0.091924	0.184596	0.978506	-0.897091	0.441844	0.000921	-0.432177	-0.877894	0.206216						
27241		9.416741	0.019390	2.089563	0.659604	0.333094	-0.534589	0.410104	0.262414	-78.081029	63.529119	0.092058	0.184876	0.978441	-0.897149	0.441727	0.000946	-0.432029	-0.877894	0.206526						
27242		9.437591	0.056163	2.010154	0.659629	0.333094	-0.534555	0.410110	0.272794	-78.076684	63.519595	0.092122	0.184927	0.978425	-0.897154	0.441717	0.000984	-0.432005	-0.877888	0.206600						
27243		9.487531	0.031046	1.989892	0.659658	0.333101	-0.534533	0.410085	0.293300	-78.074586	63.497546	0.092209	0.184924	0.978417	-0.897139	0.441748	0.001058	-0.432018	-0.877873	0.206635						
27244		9.521472	0.032431	1.985304	0.659701	0.333078	-0.534468	0.410119	0.297062	-78.064589	63.495491	0.092292	0.185073	0.978381	-0.897151	0.441723	0.001072	-0.431975	-0.877855	0.206806						
27245		9.586300	0.021992	1.955925	0.659744	0.333036	-0.534334	0.410259	0.278056	-78.044579	63.525149	0.092349	0.185427	0.978309	-0.897236	0.441550	0.001005	-0.431786	-0.877867	0.207148						
27246		9.523145	0.043563	2.012164	0.659813	0.332977	-0.534153	0.410432	0.259258	-78.017291	63.556710	0.092454	0.185895	0.978210	-0.897337	0.441344	0.000939	-0.431553	-0.877872	0.207614						
27247		9.540276	0.070743	2.027052	0.659959	0.332871	-0.533929	0.410575	0.254975	-77.981002	63.566914	0.092697	0.186466	0.978079	-0.897384	0.441250	0.000927	-0.431405	-0.877798	0.208234						
27248		9.470764	0.068298	2.043694	0.660125	0.332723	-0.533698	0.410728	0.237944	-77.940620	63.587069	0.092938	0.187116	0.977932	-0.897410	0.441196	0.000868	-0.431297	-0.877686	0.208924						
27249		9.428591	0.087824	2.129128	0.660284	0.332590	-0.533477	0.410866	0.227930	-77.902600	63.600087	0.093184	0.187718	0.977793	-0.897435	0.441146	0.000834	-0.431193	-0.877583	0.209573						
27250		9.430253	0.099747	2.155375	0.660420	0.332485	-0.533308	0.410952	0.226570	-77.873293	63.601533	0.093401	0.188169	0.977685	-0.897436	0.441145	0.000831	-0.431144	-0.877487	0.210073						
27251		9.380740	0.041090	2.170596	0.660482	0.332428	-0.533258	0.410964	0.224955	-77.862606	63.599585	0.093489	0.188329	0.977646	-0.897408	0.441200	0.000826	-0.431182	-0.877425	0.210255						
27252		9.474482	0.007577	2.092340	0.660467	0.332446	-0.533278	0.410948	0.228930	-77.866441	63.595541	0.093473	0.188263	0.977660	-0.897407	0.441203	0.000840	-0.431188	-0.877438	0.210190						
27253		9.505970	-0.003326	2.065151	0.660444	0.332493	-0.533288	0.410933	0.243850	-77.871422	63.583311	0.093475	0.188167	0.977679	-0.897425	0.441166	0.000894	-0.431150	-0.877477	0.210104						
27254		9.512296	0.018646	1.994469	0.660409	0.332621	-0.533219	0.410976	0.286717	-77.872661	63.556758	0.093553	0.188105	0.977683	-0.897543	0.440925	0.001051	-0.430887	-0.877611	0.210082						
27255		9.567452	0.060919	2.019978	0.660376	0.332757	-0.533111	0.411059	0.329879	-77.869765	63.534913	0.093647	0.188114	0.977672	-0.897700	0.440606	0.001210	-0.430541	-0.877770	0.210131						
27256		9.579784	0.065765	1.988573	0.660413	0.332827	-0.533004	0.411080	0.379489	-77.861795	63.494584	0.093840	0.188169	0.977643	-0.897762	0.440478	0.001393	-0.430368	-0.877822	0.210266						
27257		9.558352	0.027455	1.959762	0.660518	0.332818	-0.532852	0.411117	0.417726	-77.841992	63.460326	0.094103	0.188416	0.977571	-0.897786	0.440429	0.001535	-0.430262	-0.877794	0.210603						
27258		9.514322	-0.005165	2.018216	0.660731	0.332730	-0.532625	0.411139	0.467740	-77.806774	63.406294	0.094550	0.188864	0.977441	-0.897746	0.440511	0.001724	-0.430248	-0.877656	0.211202						
27259		9.478804	-0.004567	2.029969	0.660958	0.332639	-0.532303	0.411266	0.509442	-77.759334	63.371151	0.095029	0.189529	0.977266	-0.897788	0.440424	0.001885	-0.430054	-0.877556	0.212010						
27260		9.368799	0.011579	2.013941	0.661073	0.332666	-0.532018	0.411427	0.555239	-77.725827	63.345772	0.095369	0.189998	0.977142	-0.897936	0.440121	0.002060	-0.429669	-0.877607	0.212580						
27261		9.370101	0.067630	2.042683	0.661130	0.332744	-0.531842	0.411501	0.610416	-77.709781	63.306207	0.095623	0.190177	0.977082	-0.898045	0.439897	0.002268	-0.429384	-0.877681	0.212852						
27262		9.472121	0.073218	2.028870	0.661215	0.332827	-0.531736	0.411435	0.696949	-77.702810	63.221716	0.095957	0.190142	0.977056	-0.898045	0.439896	0.002591	-0.429310	-0.877689	0.212967						
27263		9.547095	0.057096	1.945972	0.661374	0.332811	-0.531652	0.411300	0.776397	-77.690903	63.128656	0.096357	0.190167	0.977012	-0.897926	0.440138	0.002889	-0.429470	-0.877562	0.213166						
27264		9.605647	0.028877	1.987582	0.661577	0.332767	-0.531469	0.411245	0.851049	-77.664429	63.046233	0.096836	0.190430	0.976913	-0.897851	0.440287	0.003173	-0.429518	-0.877430	0.213613						
27265		9.623326	0.016911	1.998884	0.661838	0.332650	-0.531213	0.411252	0.907851	-77.623109	62.981623	0.097370	0.190948	0.976759	-0.897779	0.440432	0.003396	-0.429548	-0.877245	0.214314						
27266		9.556211	0.028982	2.037530	0.662153	0.332476	-0.530905	0.411283	0.957330	-77.571053	62.921961	0.097973	0.191637	0.976564	-0.897690	0.440612	0.003596	-0.429597	-0.877004	0.215199						
27267		9.526670	0.050052	1.981466	0.662470	0.332230	-0.530606	0.411355	0.967182	-77.514593	62.899269	0.098487	0.192455	0.976351	-0.897588	0.440820	0.003649	-0.429693	-0.876720	0.216160						
27268		9.484576	-0.013959	2.062604	0.662828	0.331929	-0.530227	0.411511	0.958245	-77.443945	62.899097	0.099036	0.193526	0.976084	-0.897518	0.440964	0.003636	-0.429714	-0.876412	0.217364						
27269		9.453239	0.009918	2.120991	0.663212	0.331682	-0.529811	0.411627	0.991319	-77.372747	62.858364	0.099727	0.194535	0.975813	-0.897450	0.441100	0.003782	-0.429695	-0.876120	0.218575						
27270		9.481692	0.042875	2.109323	0.663611	0.331448	-0.529510	0.411561	1.057941	-77.316770	62.766753	0.100474	0.195223	0.975599	-0.897242	0.441520	0.004054	-0.429955	-0.875756	0.219523						
27271		9.502625	0.039608	2.033460	0.663999	0.331191	-0.529225	0.411509	1.106480	-77.261069	62.692396	0.101162	0.195935	0.975385	-0.897032	0.441946	0.004258	-0.430233	-0.875382	0.220468						
