// Start Time: Unknown
// Update Rate: 60.0Hz
//Filter Profile: human (46.1)
// Option Flags: AHS Disabled ICC Disabled
// Firmware Version: 4.0.2
0	sampleTimeFine	Year	Month	Day	Second	UTC_Nano	UTC_Year	UTC_Month	UTC_Day	UTC_Hour	UTC_Minute	UTC_Second	UTC_Valid	Acc_X	Acc_Y	Acc_Z	Mat[1][1]	Mat[2][1]	Mat[3][1]	Mat[1][2]	Mat[2][2]	Mat[3][2]	Mat[1][3]	Mat[2][3]	Mat[3][3]
0	7851446													-0.027317	0.043023	-0.053858	-0.298584	0.051789	-0.952977	-0.092293	-0.995414	-0.025178	-0.949910	0.080435	0.301995
1	7851613													9.305054	-0.921022	-2.913550	-0.297991	0.052081	-0.953147	-0.092629	-0.995376	-0.025429	-0.950064	0.080711	0.301437
2	7851780													9.228485	-0.924593	-2.877272	-0.297331	0.051707	-0.953373	-0.093190	-0.995336	-0.024920	-0.950216	0.081436	0.300763
3	7851946													9.170025	-0.949063	-2.879489	-0.296777	0.053735	-0.953434	-0.093866	-0.995222	-0.026872	-0.950322	0.081520	0.300403
4	7852113													9.160870	-0.951717	-2.875992	-0.296734	0.054376	-0.953411	-0.094726	-0.995130	-0.027274	-0.950250	0.082220	0.300440
5	7852280													9.195477	-0.943373	-2.859115	-0.296985	0.055660	-0.953259	-0.095538	-0.995022	-0.028334	-0.950091	0.082657	0.300824
6	7852446													9.213828	-0.955029	-2.892307	-0.297319	0.055950	-0.953138	-0.096177	-0.994959	-0.028404	-0.949922	0.083225	0.301201
7	7852613													9.244309	-0.957462	-2.906666	-0.297788	0.055663	-0.953008	-0.096744	-0.994919	-0.027881	-0.949717	0.083895	0.301660
8	7853113													9.302293	-0.976150	-2.934281	-0.298294	0.056059	-0.952826	-0.097281	-0.994861	-0.028077	-0.949504	0.084317	0.302214
9	7853280													9.316591	-0.984395	-2.944090	-0.298741	0.055987	-0.952691	-0.097842	-0.994814	-0.027782	-0.949306	0.084913	0.302669
10	7853446													9.287607	-0.985152	-2.952030	-0.299165	0.056532	-0.952525	-0.098402	-0.994749	-0.028133	-0.949114	0.085314	0.303157
11	7853613													9.259371	-0.965196	-2.984671	-0.299555	0.056989	-0.952376	-0.099001	-0.994682	-0.028382	-0.948929	0.085785	0.303604
12	7853780													9.252059	-0.932953	-2.992624	-0.300006	0.057418	-0.952208	-0.099461	-0.994629	-0.028639	-0.948738	0.086115	0.304106
13	7853946													9.238086	-0.957809	-2.994548	-0.300461	0.057495	-0.952060	-0.099695	-0.994607	-0.028602	-0.948569	0.086322	0.304573
14	7854113													9.288410	-0.951557	-3.009620	-0.300834	0.057641	-0.951933	-0.099850	-0.994589	-0.028669	-0.948435	0.086426	0.304962
15	7854280													9.307298	-0.954003	-2.985049	-0.301080	0.057957	-0.951836	-0.100034	-0.994564	-0.028916	-0.948337	0.086510	0.305241
16	7854446													9.287432	-0.972628	-2.991637	-0.301224	0.057849	-0.951797	-0.100237	-0.994549	-0.028725	-0.948270	0.086752	0.305380
17	7854613													9.237075	-0.955781	-2.979213	-0.301312	0.057587	-0.951785	-0.100432	-0.994539	-0.028379	-0.948222	0.087039	0.305450
18	7854780													9.213765	-0.951403	-2.964705	-0.301382	0.057460	-0.951771	-0.100560	-0.994531	-0.028199	-0.948186	0.087212	0.305512
19	7854946													9.209717	-0.945006	-2.969178	-0.301490	0.057205	-0.951752	-0.100600	-0.994535	-0.027909	-0.948147	0.087332	0.305598
20	7855113													9.230441	-0.957869	-2.955549	-0.301666	0.056955	-0.951711	-0.100587	-0.994544	-0.027635	-0.948093	0.087393	0.305749
21	7855280													9.265900	-0.955044	-2.991365	-0.301860	0.056981	-0.951648	-0.100570	-0.994546	-0.027649	-0.948033	0.087361	0.305944
22	7855446													9.290990	-0.940693	-2.984538	-0.301994	0.056946	-0.951608	-0.100625	-0.994542	-0.027581	-0.947984	0.087426	0.306076
23	7855613													9.299645	-0.949376	-2.982224	-0.302072	0.056955	-0.951582	-0.100729	-0.994532	-0.027550	-0.947948	0.087530	0.306157
24	7855780													9.293103	-0.935858	-2.976463	-0.302049	0.056977	-0.951588	-0.100842	-0.994521	-0.027539	-0.947944	0.087642	0.306140
25	7855946													9.267658	-0.954364	-2.973501	-0.302030	0.056992	-0.951593	-0.101061	-0.994500	-0.027486	-0.947926	0.087868	0.306129
26	7856113													9.258310	-0.965446	-2.976931	-0.302026	0.057020	-0.951593	-0.101365	-0.994471	-0.027417	-0.947895	0.088177	0.306136
27	7856280													9.250955	-0.957549	-2.952698	-0.302063	0.057027	-0.951581	-0.101698	-0.994440	-0.027313	-0.947848	0.088524	0.306183
28	7856446													9.240634	-0.964932	-2.956411	-0.302138	0.057162	-0.951549	-0.102046	-0.994404	-0.027334	-0.947787	0.088843	0.306280
29	7856613													9.256101	-0.979422	-2.956032	-0.302208	0.057468	-0.951508	-0.102403	-0.994362	-0.027532	-0.947726	0.089117	0.306389
30	7856780													9.270056	-1.001163	-2.967198	-0.302220	0.057724	-0.951489	-0.102773	-0.994320	-0.027679	-0.947682	0.089423	0.306435
31	7856947													9.258322	-0.983314	-2.950293	-0.302168	0.058103	-0.951482	-0.103128	-0.994275	-0.027966	-0.947660	0.089674	0.306430
32	7857113													9.261769	-0.988808	-2.970341	-0.302049	0.058205	-0.951514	-0.103483	-0.994238	-0.027969	-0.947659	0.090018	0.306331
33	7857280													9.251892	-1.003111	-2.986131	-0.301919	0.058442	-0.951541	-0.103822	-0.994198	-0.028119	-0.947663	0.090301	0.306235
34	7857447													9.249072	-0.988732	-2.956067	-0.301704	0.058488	-0.951606	-0.104118	-0.994168	-0.028094	-0.947700	0.090603	0.306034
35	7857613													9.233063	-0.996165	-2.959496	-0.301496	0.058659	-0.951661	-0.104406	-0.994135	-0.028200	-0.947734	0.090857	0.305852
36	7857780													9.238916	-1.021408	-2.942408	-0.301311	0.059181	-0.951688	-0.104680	-0.994092	-0.028676	-0.947763	0.090982	0.305726
37	7857947													9.255476	-1.014440	-2.930912	-0.301133	0.059431	-0.951728	-0.104966	-0.994057	-0.028862	-0.947788	0.091208	0.305581
38	7858113													9.320580	-0.996464	-2.925733	-0.300910	0.059825	-0.951774	-0.105274	-0.994015	-0.029197	-0.947824	0.091412	0.305407
39	7858280													9.327359	-1.000338	-2.911275	-0.300619	0.060186	-0.951843	-0.105534	-0.993977	-0.029519	-0.947887	0.091578	0.305160
40	7858447													9.262246	-0.983549	-2.914311	-0.300255	0.060627	-0.951930	-0.105802	-0.993937	-0.029931	-0.947973	0.091729	0.304849
41	7858613													9.253030	-1.013883	-2.917510	-0.300016	0.060937	-0.951986	-0.106088	-0.993898	-0.030187	-0.948017	0.091937	0.304650
42	7858780													9.171769	-0.997492	-2.889154	-0.299844	0.061192	-0.952024	-0.106350	-0.993864	-0.030386	-0.948042	0.092137	0.304512
43	7858947													9.159694	-1.008183	-2.921743	-0.299840	0.061440	-0.952009	-0.106527	-0.993839	-0.030589	-0.948023	0.092243	0.304538
44	7859113													9.205259	-1.021240	-2.931740	-0.300062	0.061773	-0.951917	-0.106734	-0.993809	-0.030847	-0.947930	0.092346	0.304798
45	7859280													9.232801	-1.014729	-2.954461	-0.300394	0.061922	-0.951803	-0.106875	-0.993791	-0.030923	-0.947809	0.092435	0.305147
46	7859447													9.319219	-1.001396	-2.973814	-0.300719	0.062051	-0.951692	-0.106836	-0.993792	-0.031037	-0.947710	0.092341	0.305481
47	7859613													9.345223	-1.025613	-2.978913	-0.300851	0.062028	-0.951652	-0.106750	-0.993802	-0.031028	-0.947678	0.092254	0.305608
48	7859780													9.361835	-1.000605	-2.964722	-0.300876	0.062138	-0.951637	-0.106707	-0.993802	-0.031154	-0.947675	0.092173	0.305641
49	7859947													9.338933	-0.970261	-2.959558	-0.300744	0.061762	-0.951703	-0.106697	-0.993815	-0.030778	-0.947718	0.092287	0.305474
50	7860113													9.225798	-0.935449	-2.877573	-0.300345	0.061944	-0.951817	-0.106719	-0.993806	-0.031001	-0.947842	0.092266	0.305095
51	7860280													9.215543	-0.951768	-2.881761	-0.300217	0.061769	-0.951869	-0.106779	-0.993805	-0.030813	-0.947876	0.092389	0.304952
52	7860447													9.216765	-0.950696	-2.891148	-0.300192	0.061772	-0.951877	-0.106872	-0.993796	-0.030788	-0.947873	0.092487	0.304931
53	7860613													9.207909	-0.987205	-2.896080	-0.300274	0.061488	-0.951869	-0.106988	-0.993794	-0.030446	-0.947834	0.092697	0.304989
54	7860780													9.217234	-0.996629	-2.904571	-0.300475	0.061274	-0.951819	-0.107134	-0.993787	-0.030155	-0.947754	0.092912	0.305173
55	7860947													9.214504	-1.010820	-2.944044	-0.300799	0.061265	-0.951718	-0.107353	-0.993767	-0.030042	-0.947626	0.093133	0.305501
56	7861113													9.268973	-1.020956	-2.967674	-0.301174	0.061415	-0.951589	-0.107555	-0.993744	-0.030095	-0.947484	0.093284	0.305895
57	7861280													9.326100	-1.005277	-2.977310	-0.301569	0.061624	-0.951451	-0.107735	-0.993720	-0.030214	-0.947338	0.093393	0.306314
58	7861447													9.285557	-1.034244	-2.950860	-0.301878	0.061886	-0.951336	-0.107874	-0.993699	-0.030411	-0.947224	0.093444	0.306652
59	7861780													9.295146	-1.021366	-2.978638	-0.302121	0.061902	-0.951258	-0.108012	-0.993686	-0.030358	-0.947130	0.093576	0.306900
60	7861947													9.235317	-1.000616	-2.946312	-0.302349	0.062025	-0.951177	-0.108143	-0.993670	-0.030420	-0.947043	0.093665	0.307142
61	7862113													9.213706	-0.939445	-2.943403	-0.302667	0.062291	-0.951058	-0.108150	-0.993662	-0.030663	-0.946940	0.093577	0.307486
62	7862280													9.229187	-0.943633	-2.963929	-0.303064	0.062033	-0.950949	-0.108062	-0.993680	-0.030381	-0.946824	0.093554	0.307852
63	7862447													9.230629	-0.956821	-2.967222	-0.303545	0.061885	-0.950805	-0.108010	-0.993691	-0.030194	-0.946675	0.093532	0.308314
64	7862613													9.265426	-0.962232	-2.973655	-0.304055	0.061722	-0.950653	-0.108039	-0.993695	-0.029962	-0.946508	0.093597	0.308807
65	7862780													9.252707	-0.970576	-2.973242	-0.304520	0.061258	-0.950534	-0.108086	-0.993706	-0.029413	-0.946354	0.093783	0.309224
66	7862947													9.256557	-0.983753	-2.981313	-0.304962	0.061037	-0.950407	-0.108117	-0.993711	-0.029126	-0.946208	0.093873	0.309643
67	7863113													9.211014	-0.994995	-2.966399	-0.305383	0.060787	-0.950287	-0.108118	-0.993720	-0.028821	-0.946072	0.093942	0.310038
68	7863280													9.225287	-1.017174	-2.994291	-0.305842	0.060700	-0.950145	-0.108038	-0.993732	-0.028708	-0.945933	0.093872	0.310483
69	7863447													9.219748	-0.984943	-2.996912	-0.306319	0.060448	-0.950008	-0.107899	-0.993755	-0.028441	-0.945794	0.093792	0.310928
70	7863613													9.258195	-0.998413	-3.019289	-0.306807	0.060477	-0.949848	-0.107777	-0.993768	-0.028460	-0.945650	0.093640	0.311413
71	7863780													9.250691	-0.977519	-3.005559	-0.307265	0.060361	-0.949708	-0.107727	-0.993777	-0.028309	-0.945507	0.093611	0.311856
72	7863947													9.268035	-0.957044	-3.001475	-0.307727	0.060436	-0.949553	-0.107733	-0.993776	-0.028337	-0.945356	0.093578	0.312323
73	7864113													9.286148	-0.941831	-3.026397	-0.308194	0.060401	-0.949404	-0.107770	-0.993775	-0.028240	-0.945199	0.093614	0.312785
74	7864280													9.279381	-0.932957	-3.009055	-0.308609	0.060141	-0.949286	-0.107856	-0.993775	-0.027896	-0.945054	0.093777	0.313175
75	7864447													9.274117	-0.944640	-2.997553	-0.308963	0.060074	-0.949175	-0.108008	-0.993763	-0.027739	-0.944921	0.093948	0.313524
76	7864613													9.242844	-0.942612	-2.994774	-0.309314	0.060004	-0.949065	-0.108144	-0.993752	-0.027584	-0.944791	0.094104	0.313871
77	7864780													9.252258	-0.945565	-3.007364	-0.309667	0.059605	-0.948975	-0.108302	-0.993749	-0.027076	-0.944657	0.094392	0.314187
78	7864947													9.252837	-0.978646	-2.997260	-0.309994	0.059300	-0.948887	-0.108441	-0.993745	-0.026677	-0.944534	0.094629	0.314486
79	7865113													9.245815	-0.961310	-3.033544	-0.310280	0.059011	-0.948812	-0.108576	-0.993740	-0.026299	-0.944424	0.094858	0.314745
80	7865280													9.237474	-0.971016	-3.012846	-0.310562	0.059028	-0.948719	-0.108696	-0.993729	-0.026247	-0.944318	0.094970	0.315030
81	7865447													9.247024	-0.975954	-3.027065	-0.310799	0.059058	-0.948639	-0.108789	-0.993719	-0.026223	-0.944229	0.095051	0.315272
82	7865613													9.251101	-0.969128	-3.021909	-0.311021	0.059004	-0.948570	-0.108899	-0.993710	-0.026106	-0.944144	0.095178	0.315490
83	7865780													9.252369	-0.953362	-3.011870	-0.311197	0.058792	-0.948525	-0.109018	-0.993704	-0.025825	-0.944072	0.095370	0.315647
84	7865947													9.261815	-0.953468	-3.043709	-0.311338	0.058389	-0.948504	-0.109145	-0.993703	-0.025345	-0.944011	0.095633	0.315750
85	7866113													9.266089	-0.949527	-3.014048	-0.311434	0.058272	-0.948480	-0.109297	-0.993691	-0.025162	-0.943962	0.095829	0.315838
86	7866280													9.273696	-0.962615	-3.020722	-0.311419	0.058320	-0.948481	-0.109479	-0.993671	-0.025152	-0.943945	0.096006	0.315833
87	7866447													9.275023	-0.963226	-3.023512	-0.311327	0.058196	-0.948519	-0.109604	-0.993661	-0.024991	-0.943961	0.096181	0.315732
88	7866613													9.201287	-0.952836	-3.021919	-0.311234	0.058099	-0.948556	-0.109802	-0.993643	-0.024833	-0.943969	0.096424	0.315635
89	7866780													9.197107	-0.958854	-3.022524	-0.311262	0.057841	-0.948562	-0.109986	-0.993631	-0.024499	-0.943938	0.096703	0.315642
90	7866947													9.131101	-0.976762	-2.993094	-0.311427	0.057917	-0.948503	-0.110171	-0.993611	-0.024498	-0.943862	0.096868	0.315818
91	7867113													9.126200	-1.003533	-3.017902	-0.311796	0.057694	-0.948396	-0.110327	-0.993601	-0.024173	-0.943722	0.097096	0.316166
92	7867280													9.145742	-0.996522	-3.048416	-0.312401	0.057699	-0.948196	-0.110540	-0.993581	-0.024041	-0.943497	0.097303	0.316774
93	7867447													9.186901	-0.984556	-3.069094	-0.313150	0.057813	-0.947942	-0.110673	-0.993566	-0.024035	-0.943233	0.097385	0.317533
94	7867613													9.282109	-0.970062	-3.099295	-0.313869	0.057881	-0.947701	-0.110724	-0.993561	-0.024012	-0.942988	0.097397	0.318256
95	7867780													9.293149	-0.988194	-3.102223	-0.314377	0.057650	-0.947546	-0.110779	-0.993563	-0.023695	-0.942812	0.097519	0.318740
96	7867947													9.319077	-0.969819	-3.111210	-0.314729	0.057616	-0.947431	-0.110899	-0.993552	-0.023581	-0.942681	0.097647	0.319089
97	7868113													9.267306	-0.938371	-3.107030	-0.314949	0.057642	-0.947356	-0.111036	-0.993538	-0.023538	-0.942591	0.097777	0.319314
98	7868280													9.233600	-0.952867	-3.099318	-0.315101	0.057773	-0.947298	-0.111189	-0.993519	-0.023607	-0.942522	0.097891	0.319483
99	7868447													9.207779	-0.975741	-3.061419	-0.315204	0.057492	-0.947281	-0.111370	-0.993507	-0.023240	-0.942467	0.098174	0.319560
100	7868613													9.179279	-0.982644	-3.072230	-0.315308	0.057458	-0.947249	-0.111530	-0.993492	-0.023138	-0.942413	0.098351	0.319664
101	7868780													9.180395	-0.974943	-3.068040	-0.315435	0.057278	-0.947217	-0.111719	-0.993477	-0.022871	-0.942348	0.098608	0.319776
102	7868947													9.182995	-0.998340	-3.070157	-0.315547	0.057138	-0.947188	-0.111889	-0.993462	-0.022655	-0.942290	0.098831	0.319878
103	7869113													9.150849	-1.005674	-3.074405	-0.315720	0.057047	-0.947136	-0.112063	-0.993447	-0.022481	-0.942212	0.099041	0.320044
104	7869280													9.133410	-1.013187	-3.093995	-0.316032	0.056941	-0.947038	-0.112233	-0.993432	-0.022278	-0.942087	0.099248	0.320347
105	7869447													9.169561	-1.025786	-3.108240	-0.316485	0.056981	-0.946885	-0.112444	-0.993410	-0.022198	-0.941910	0.099446	0.320806
106	7869613													9.226352	-1.016417	-3.108169	-0.316944	0.057041	-0.946727	-0.112663	-0.993387	-0.022135	-0.941729	0.099646	0.321274
107	7869780													9.228809	-1.006453	-3.144535	-0.317346	0.057076	-0.946591	-0.112863	-0.993366	-0.022058	-0.941570	0.099835	0.321682
108	7869947													9.237054	-1.011882	-3.160175	-0.317671	0.057250	-0.946471	-0.113088	-0.993338	-0.022128	-0.941433	0.100006	0.322029
109	7870113													9.222646	-1.016804	-3.129510	-0.317880	0.057304	-0.946398	-0.113309	-0.993314	-0.022086	-0.941336	0.100214	0.322248
110	7870280													9.216784	-0.965757	-3.131040	-0.318054	0.057349	-0.946336	-0.113460	-0.993298	-0.022062	-0.941259	0.100355	0.322429
111	7870447													9.176655	-0.982474	-3.145900	-0.318179	0.057181	-0.946305	-0.113474	-0.993300	-0.021867	-0.941215	0.100423	0.322536
112	7870613													9.197001	-0.982588	-3.143050	-0.318318	0.056811	-0.946280	-0.113442	-0.993313	-0.021474	-0.941172	0.100512	0.322634
113	7870780													9.210911	-1.002597	-3.152020	-0.318410	0.056470	-0.946270	-0.113473	-0.993317	-0.021095	-0.941137	0.100660	0.322690
114	7870947													9.216605	-0.995748	-3.146590	-0.318413	0.056204	-0.946284	-0.113568	-0.993313	-0.020784	-0.941124	0.100850	0.322667
115	7871113													9.180614	-1.004562	-3.126620	-0.318413	0.055777	-0.946310	-0.113616	-0.993317	-0.020319	-0.941119	0.101047	0.322622
116	7871280													9.150843	-1.025481	-3.107146	-0.318460	0.055460	-0.946313	-0.113634	-0.993322	-0.019974	-0.941101	0.101172	0.322635
117	7871447													9.134813	-1.032008	-3.126381	-0.318592	0.055011	-0.946294	-0.113652	-0.993330	-0.019481	-0.941054	0.101341	0.322719
118	7871613													9.148199	-1.006080	-3.136956	-0.318802	0.054840	-0.946233	-0.113627	-0.993336	-0.019287	-0.940986	0.101369	0.322909
119	7871780													9.160782	-1.011078	-3.127985	-0.319087	0.054681	-0.946147	-0.113594	-0.993344	-0.019099	-0.940893	0.101383	0.323174
120	7871947													9.200227	-1.018026	-3.145494	-0.319374	0.054680	-0.946050	-0.113535	-0.993351	-0.019086	-0.940803	0.101314	0.323458
121	7872113													9.203097	-0.995733	-3.147470	-0.319632	0.054745	-0.945959	-0.113507	-0.993353	-0.019135	-0.940719	0.101257	0.323721
122	7872280													9.223292	-0.973200	-3.134934	-0.319871	0.054779	-0.945876	-0.113496	-0.993354	-0.019148	-0.940639	0.101228	0.323963
123	7872447													9.200582	-0.967677	-3.149389	-0.320071	0.054634	-0.945817	-0.113545	-0.993352	-0.018955	-0.940565	0.101326	0.324146
124	7872613													9.205814	-0.989208	-3.139503	-0.320247	0.054519	-0.945764	-0.113631	-0.993345	-0.018785	-0.940495	0.101452	0.324311
125	7872780													9.206944	-0.965169	-3.138352	-0.320454	0.054388	-0.945701	-0.113773	-0.993333	-0.018575	-0.940407	0.101643	0.324506
126	7872947													9.185022	-0.980145	-3.105371	-0.320602	0.054215	-0.945661	-0.113894	-0.993324	-0.018335	-0.940342	0.101827	0.324637
127	7873113													9.157551	-0.984699	-3.110266	-0.320808	0.053974	-0.945605	-0.113995	-0.993318	-0.018023	-0.940259	0.102012	0.324817
128	7873280													9.189379	-1.013055	-3.139322	-0.321037	0.054041	-0.945523	-0.114069	-0.993309	-0.018042	-0.940172	0.102062	0.325054
129	7873447													9.193027	-1.012095	-3.128788	-0.321246	0.053574	-0.945479	-0.114114	-0.993313	-0.017512	-0.940095	0.102266	0.325211
130	7873614													9.215453	-1.017073	-3.132314	-0.321389	0.053520	-0.945434	-0.114152	-0.993311	-0.017426	-0.940042	0.102322	0.325348
131	7873780													9.224308	-1.015182	-3.137371	-0.321448	0.053434	-0.945418	-0.114207	-0.993306	-0.017310	-0.940015	0.102409	0.325399
132	7873947													9.214402	-0.994661	-3.136548	-0.321433	0.053371	-0.945427	-0.114256	-0.993302	-0.017228	-0.940014	0.102483	0.325378
133	7874114													9.181955	-0.971884	-3.123034	-0.321420	0.053245	-0.945438	-0.114300	-0.993299	-0.017082	-0.940013	0.102573	0.325353
134	7874280													9.182791	-0.960558	-3.131273	-0.321478	0.053079	-0.945428	-0.114298	-0.993303	-0.016902	-0.939994	0.102627	0.325392
135	7874447													9.212796	-0.961742	-3.145282	-0.321548	0.052980	-0.945410	-0.114278	-0.993307	-0.016796	-0.939972	0.102639	0.325450
136	7874614													9.201803	-0.968544	-3.132103	-0.321604	0.052738	-0.945404	-0.114308	-0.993308	-0.016525	-0.939949	0.102753	0.325480
137	7874780													9.211032	-0.990415	-3.153112	-0.321734	0.052514	-0.945373	-0.114346	-0.993308	-0.016262	-0.939900	0.102868	0.325586
138	7874947													9.181536	-0.967468	-3.131389	-0.321833	0.052301	-0.945351	-0.114444	-0.993301	-0.015993	-0.939854	0.103042	0.325663
139	7875114													9.182819	-0.979795	-3.125324	-0.321950	0.052139	-0.945320	-0.114529	-0.993295	-0.015780	-0.939804	0.103186	0.325762
140	7875280													9.126747	-1.016733	-3.135183	-0.322172	0.052187	-0.945242	-0.114658	-0.993280	-0.015760	-0.939712	0.103302	0.325991
141	7875447													9.156427	-1.015567	-3.149029	-0.322467	0.052460	-0.945126	-0.114826	-0.993258	-0.015954	-0.939590	0.103380	0.326317
142	7875614													9.201319	-0.992863	-3.152154	-0.322838	0.052540	-0.944995	-0.114875	-0.993251	-0.015978	-0.939457	0.103398	0.326695
143	7875780													9.222502	-1.019071	-3.195673	-0.323098	0.052464	-0.944910	-0.114813	-0.993260	-0.015890	-0.939375	0.103353	0.326944
144	7875947													9.244631	-1.024773	-3.196040	-0.323328	0.052518	-0.944829	-0.114778	-0.993263	-0.015932	-0.939300	0.103294	0.327177
145	7876114													9.258543	-0.983235	-3.178866	-0.323426	0.052728	-0.944783	-0.114750	-0.993263	-0.016151	-0.939270	0.103190	0.327298
146	7876280													9.275208	-0.964471	-3.177643	-0.323365	0.052610	-0.944811	-0.114777	-0.993262	-0.016025	-0.939288	0.103261	0.327224
147	7876447													9.286385	-0.950959	-3.154454	-0.323074	0.052593	-0.944911	-0.114818	-0.993257	-0.016026	-0.939383	0.103315	0.326934
148	7876614													9.184767	-0.954940	-3.133878	-0.322686	0.052508	-0.945049	-0.114905	-0.993248	-0.015952	-0.939506	0.103443	0.326540
149	7876780													9.152120	-0.971473	-3.113184	-0.322301	0.052388	-0.945186	-0.115032	-0.993236	-0.015826	-0.939622	0.103626	0.326147
150	7876947													9.149114	-0.996073	-3.110808	-0.321991	0.052308	-0.945297	-0.115223	-0.993215	-0.015712	-0.939705	0.103861	0.325833
151	7877114													9.120893	-1.005357	-3.122209	-0.321779	0.052145	-0.945378	-0.115394	-0.993199	-0.015506	-0.939756	0.104101	0.325608
152	7877280													9.120476	-1.026064	-3.125286	-0.321731	0.052048	-0.945399	-0.115541	-0.993184	-0.015359	-0.939755	0.104291	0.325552
153	7877447													9.128524	-1.037799	-3.137450	-0.321790	0.052214	-0.945370	-0.115668	-0.993167	-0.015482	-0.939719	0.104367	0.325631
154	7877614													9.164205	-1.035415	-3.125403	-0.321955	0.052259	-0.945311	-0.115797	-0.993152	-0.015465	-0.939647	0.104485	0.325802
155	7877780													9.209926	-1.024666	-3.154621	-0.322196	0.052369	-0.945223	-0.115845	-0.993146	-0.015536	-0.939558	0.104494	0.326055
156	7877947													9.205858	-1.019868	-3.154263	-0.322363	0.052577	-0.945155	-0.115872	-0.993140	-0.015726	-0.939497	0.104448	0.326244
157	7878114													9.261472	-1.007587	-3.145241	-0.322467	0.052653	-0.945115	-0.115959	-0.993129	-0.015763	-0.939451	0.104512	0.326357
158	7878280													9.194671	-0.993587	-3.137430	-0.322501	0.052617	-0.945106	-0.116054	-0.993119	-0.015689	-0.939428	0.104624	0.326388
159	7878447													9.184525	-0.963732	-3.125454	-0.322537	0.052593	-0.945095	-0.116125	-0.993112	-0.015635	-0.939407	0.104706	0.326423
160	7878614													9.184720	-0.969734	-3.147614	-0.322613	0.052535	-0.945072	-0.116117	-0.993114	-0.015568	-0.939382	0.104717	0.326491
161	7878780													9.199742	-0.993916	-3.136845	-0.322678	0.052391	-0.945058	-0.116107	-0.993117	-0.015412	-0.939360	0.104755	0.326540
162	7878947													9.218162	-1.012031	-3.132873	-0.322726	0.052284	-0.945047	-0.116119	-0.993118	-0.015290	-0.939342	0.104803	0.326577
163	7879114													9.192731	-1.027629	-3.141336	-0.322743	0.052004	-0.945057	-0.116159	-0.993118	-0.014980	-0.939332	0.104943	0.326562
164	7879280													9.141257	-1.025184	-3.146460	-0.322797	0.052034	-0.945037	-0.116197	-0.993113	-0.014992	-0.939309	0.104971	0.326620
165	7879447													9.105815	-1.038482	-3.118124	-0.322967	0.051915	-0.944985	-0.116249	-0.993109	-0.014828	-0.939244	0.105065	0.326776
166	7879614													9.111047	-1.024963	-3.116009	-0.323261	0.051792	-0.944892	-0.116262	-0.993110	-0.014660	-0.939141	0.105116	0.327055
167	7879780													9.113212	-1.016041	-3.144814	-0.323668	0.051512	-0.944767	-0.116249	-0.993117	-0.014323	-0.939002	0.105193	0.327429
168	7879947													9.159254	-1.005411	-3.170058	-0.324138	0.051510	-0.944606	-0.116236	-0.993119	-0.014269	-0.938842	0.105172	0.327895
169	7880114													9.178042	-0.993021	-3.199350	-0.324627	0.051443	-0.944442	-0.116210	-0.993124	-0.014151	-0.938676	0.105160	0.328373
170	7880280													9.222816	-0.974058	-3.203461	-0.325045	0.051372	-0.944302	-0.116179	-0.993129	-0.014038	-0.938535	0.105145	0.328780
171	7880447													9.262606	-0.988469	-3.225445	-0.325292	0.051331	-0.944219	-0.116176	-0.993130	-0.013966	-0.938450	0.105152	0.329021
172	7880614													9.252355	-0.993096	-3.189001	-0.325333	0.051173	-0.944214	-0.116201	-0.993130	-0.013786	-0.938432	0.105234	0.329045
173	7880780													9.214391	-1.007977	-3.198837	-0.325298	0.050850	-0.944243	-0.116293	-0.993124	-0.013419	-0.938433	0.105443	0.328975
174	7880947													9.204333	-1.012062	-3.193218	-0.325218	0.050716	-0.944278	-0.116406	-0.993113	-0.013248	-0.938447	0.105611	0.328882
175	7881114													9.186665	-1.008456	-3.189484	-0.325130	0.050221	-0.944335	-0.116548	-0.993104	-0.012687	-0.938460	0.105935	0.328741
176	7881280													9.181150	-1.036018	-3.176079	-0.325052	0.049920	-0.944378	-0.116595	-0.993103	-0.012364	-0.938481	0.106091	0.328631
177	7881447													9.185250	-1.045369	-3.154765	-0.324990	0.049615	-0.944415	-0.116598	-0.993106	-0.012049	-0.938502	0.106201	0.328534
178	7881614													9.155082	-1.031614	-3.127174	-0.324992	0.049284	-0.944432	-0.116593	-0.993111	-0.011703	-0.938502	0.106310	0.328499
179	7881780													9.153846	-1.006385	-3.132731	-0.325051	0.049096	-0.944421	-0.116578	-0.993115	-0.011504	-0.938483	0.106360	0.328537
180	7881947													9.183002	-0.995017	-3.140534	-0.325189	0.048829	-0.944387	-0.116592	-0.993117	-0.011202	-0.938434	0.106465	0.328644
181	7882114													9.208865	-0.980610	-3.106139	-0.325353	0.048562	-0.944345	-0.116558	-0.993124	-0.010913	-0.938382	0.106521	0.328776
182	7882280													9.188772	-0.982229	-3.106656	-0.325493	0.048141	-0.944318	-0.116506	-0.993135	-0.010472	-0.938339	0.106610	0.328867
183	7882447													9.160375	-0.984282	-3.128738	-0.325713	0.047890	-0.944255	-0.116512	-0.993137	-0.010179	-0.938262	0.106701	0.329058
184	7882614													9.151336	-0.985446	-3.111883	-0.326029	0.047595	-0.944161	-0.116582	-0.993133	-0.009806	-0.938144	0.106876	0.329338
185	7882780													9.152143	-1.013166	-3.147791	-0.326468	0.046975	-0.944040	-0.116711	-0.993125	-0.009057	-0.937975	0.107223	0.329706
186	7882947													9.141366	-1.039575	-3.165146	-0.326977	0.046664	-0.943880	-0.116873	-0.993110	-0.008611	-0.937778	0.107498	0.330177
187	7883114													9.135791	-1.030602	-3.199525	-0.327554	0.046174	-0.943704	-0.117025	-0.993097	-0.007973	-0.937557	0.107825	0.330696
188	7883280													9.081738	-1.021832	-3.234030	-0.328196	0.045930	-0.943492	-0.117146	-0.993086	-0.007595	-0.937317	0.108034	0.331308
189	7883447													9.095472	-0.995230	-3.261820	-0.328962	0.045750	-0.943234	-0.117282	-0.993072	-0.007264	-0.937032	0.108234	0.332048
190	7883614													9.129704	-0.974924	-3.245689	-0.329827	0.045333	-0.942952	-0.117408	-0.993061	-0.006675	-0.936712	0.108509	0.332861
191	7883780													9.177838	-1.000419	-3.276729	-0.330525	0.044967	-0.942725	-0.117533	-0.993050	-0.006160	-0.936450	0.108765	0.333513
192	7883947													9.208073	-1.046066	-3.283136	-0.331061	0.044467	-0.942561	-0.117707	-0.993033	-0.005506	-0.936239	0.109124	0.333989
193	7884114													9.188458	-1.036524	-3.287097	-0.331392	0.043998	-0.942467	-0.117803	-0.993025	-0.004936	-0.936110	0.109389	0.334264
194	7884280													9.190588	-1.049467	-3.294397	-0.331651	0.043454	-0.942401	-0.117720	-0.993037	-0.004361	-0.936029	0.109493	0.334457
195	7884447													9.175901	-1.104431	-3.302360	-0.331892	0.042879	-0.942342	-0.117649	-0.993048	-0.003751	-0.935952	0.109621	0.334629
196	7884614													9.246667	-1.091187	-3.281115	-0.332159	0.042571	-0.942262	-0.117648	-0.993050	-0.003393	-0.935858	0.109728	0.334859
197	7884780													9.274073	-1.064371	-3.254512	-0.332237	0.042333	-0.942245	-0.117671	-0.993048	-0.003125	-0.935827	0.109836	0.334909
198	7884947													9.288667	-1.011932	-3.230273	-0.332138	0.041701	-0.942308	-0.117672	-0.993049	-0.002471	-0.935862	0.110062	0.334737
199	7885114													9.244118	-1.002403	-3.194040	-0.331873	0.041441	-0.942413	-0.117635	-0.993054	-0.002242	-0.935961	0.110117	0.334443
200	7885280													9.129313	-0.988259	-3.142877	-0.331584	0.041003	-0.942534	-0.117572	-0.993063	-0.001839	-0.936071	0.110206	0.334105
201	7885447													9.068142	-0.972829	-3.152671	-0.331461	0.040552	-0.942597	-0.117495	-0.993072	-0.001406	-0.936124	0.110284	0.333929
202	7885614													9.040461	-0.996293	-3.130938	-0.331606	0.040239	-0.942559	-0.117447	-0.993079	-0.001077	-0.936079	0.110344	0.334037
203	7885780													9.061459	-0.998468	-3.175447	-0.331960	0.039864	-0.942451	-0.117442	-0.993080	-0.000639	-0.935954	0.110471	0.334344
204	7885947													9.103611	-1.015123	-3.193974	-0.332511	0.039615	-0.942267	-0.117473	-0.993076	-0.000297	-0.935755	0.110592	0.334862
205	7886114													9.164871	-1.025603	-3.217748	-0.333110	0.039339	-0.942067	-0.117520	-0.993071	0.000086	-0.935536	0.110740	0.335425
206	7886280													9.190590	-1.055638	-3.249946	-0.333667	0.039153	-0.941878	-0.117616	-0.993059	0.000386	-0.935325	0.110909	0.335956
207	7886447													9.203658	-1.063173	-3.290706	-0.334098	0.038893	-0.941736	-0.117801	-0.993037	0.000780	-0.935148	0.111198	0.336353
208	7886614													9.130363	-1.067278	-3.287996	-0.334425	0.038915	-0.941619	-0.118039	-0.993009	0.000884	-0.935001	0.111443	0.336680
209	7886780													9.119676	-1.039833	-3.314705	-0.334636	0.038860	-0.941546	-0.118331	-0.992974	0.001073	-0.934888	0.111773	0.336884
210	7886947													9.105329	-1.042531	-3.305312	-0.334839	0.038927	-0.941471	-0.118567	-0.992945	0.001114	-0.934786	0.112001	0.337092
211	7887114													9.173908	-1.041565	-3.317919	-0.334936	0.038771	-0.941443	-0.118753	-0.992923	0.001357	-0.934728	0.112253	0.337170
212	7887280													9.205355	-1.024846	-3.316363	-0.334847	0.038721	-0.941477	-0.118909	-0.992904	0.001456	-0.934740	0.112438	0.337075
213	7887447													9.224841	-1.044868	-3.304734	-0.334548	0.038280	-0.941601	-0.119049	-0.992887	0.001932	-0.934829	0.112743	0.336725
214	7887614													9.157243	-1.070929	-3.288205	-0.334087	0.037967	-0.941777	-0.119135	-0.992876	0.002235	-0.934983	0.112945	0.336230
215	7887780													9.109273	-1.084176	-3.283347	-0.333598	0.037684	-0.941962	-0.119194	-0.992868	0.002492	-0.935150	0.113107	0.335711
216	7887947													9.082716	-1.105937	-3.266333	-0.333158	0.037451	-0.942127	-0.119202	-0.992866	0.002685	-0.935305	0.113198	0.335246
217	7888114													9.088293	-1.068313	-3.220255	-0.332850	0.037210	-0.942245	-0.119112	-0.992877	0.002867	-0.935427	0.113187	0.334911
218	7888280													9.118216	-1.039539	-3.239154	-0.332625	0.036931	-0.942336	-0.118931	-0.992898	0.003067	-0.935530	0.113093	0.334655
219	7888447													9.164507	-1.045390	-3.233363	-0.332511	0.036772	-0.942382	-0.118722	-0.992923	0.003146	-0.935597	0.112927	0.334524
220	7888614													9.185560	-1.015553	-3.230835	-0.332397	0.036493	-0.942433	-0.118543	-0.992943	0.003362	-0.935660	0.112836	0.334378
221	7888780													9.189438	-0.982686	-3.227121	-0.332298	0.036240	-0.942478	-0.118431	-0.992956	0.003575	-0.935709	0.112807	0.334249
222	7888947													9.174371	-0.994953	-3.228376	-0.332217	0.035764	-0.942525	-0.118353	-0.992963	0.004039	-0.935748	0.112893	0.334112
223	7889114													9.157153	-0.991691	-3.221906	-0.332165	0.035183	-0.942565	-0.118265	-0.992971	0.004613	-0.935778	0.113005	0.333991
224	7889280													9.124329	-1.003369	-3.228743	-0.332171	0.034649	-0.942582	-0.118222	-0.992974	0.005161	-0.935781	0.113148	0.333934
225	7889447													9.121999	-1.036783	-3.225705	-0.332274	0.034300	-0.942559	-0.118216	-0.992972	0.005539	-0.935745	0.113266	0.333994
226	7889614													9.115363	-1.063532	-3.228156	-0.332439	0.033836	-0.942518	-0.118281	-0.992962	0.006073	-0.935678	0.113501	0.334101
227	7889780													9.158509	-1.070313	-3.247229	-0.332630	0.033496	-0.942462	-0.118362	-0.992949	0.006484	-0.935600	0.113708	0.334249
228	7889947													9.142750	-1.078143	-3.240362	-0.332743	0.033224	-0.942432	-0.118476	-0.992933	0.006826	-0.935546	0.113927	0.334327
229	7890114													9.119908	-1.077097	-3.237338	-0.332913	0.033037	-0.942379	-0.118583	-0.992919	0.007082	-0.935472	0.114108	0.334473
230	7890281													9.123868	-1.073406	-3.257843	-0.333138	0.033055	-0.942299	-0.118672	-0.992908	0.007125	-0.935380	0.114198	0.334698
231	7890447													9.134999	-1.062299	-3.243357	-0.333342	0.033095	-0.942225	-0.118794	-0.992893	0.007152	-0.935292	0.114315	0.334904
232	7890614													9.142822	-1.060063	-3.219670	-0.333542	0.033212	-0.942150	-0.118949	-0.992875	0.007110	-0.935201	0.114439	0.335116
233	7890781													9.184660	-1.042723	-3.230927	-0.333687	0.033178	-0.942100	-0.119168	-0.992848	0.007244	-0.935121	0.114686	0.335254
234	7890947													9.193462	-1.043429	-3.219151	-0.333739	0.033225	-0.942080	-0.119408	-0.992819	0.007287	-0.935072	0.114924	0.335309
235	7891114													9.148638	-1.056534	-3.232383	-0.333770	0.033144	-0.942072	-0.119721	-0.992779	0.007488	-0.935021	0.115285	0.335328
236	7891281													9.178462	-1.062197	-3.236615	-0.333827	0.033171	-0.942051	-0.120014	-0.992743	0.007572	-0.934963	0.115587	0.335385
237	7891447													9.120364	-1.067412	-3.194637	-0.333861	0.033007	-0.942044	-0.120259	-0.992712	0.007837	-0.934920	0.115906	0.335397
238	7891614													9.065740	-1.085783	-3.220958	-0.334011	0.032847	-0.941997	-0.120424	-0.992690	0.008085	-0.934845	0.116139	0.335525
239	7891781													9.036167	-1.092788	-3.236554	-0.334342	0.032746	-0.941883	-0.120534	-0.992675	0.008274	-0.934712	0.116295	0.335839
240	7891947													9.141604	-1.095926	-3.293046	-0.334770	0.032568	-0.941737	-0.120617	-0.992662	0.008548	-0.934548	0.116451	0.336242
241	7892114													9.179006	-1.059310	-3.269988	-0.335271	0.032229	-0.941570	-0.120527	-0.992670	0.008938	-0.934380	0.116481	0.336698
242	7892281													9.215636	-1.098251	-3.283729	-0.335636	0.031647	-0.941460	-0.120337	-0.992687	0.009532	-0.934274	0.116492	0.336990
243	7892447													9.203508	-1.111866	-3.279396	-0.335994	0.031167	-0.941348	-0.120124	-0.992708	0.010008	-0.934172	0.116442	0.337288
244	7892614													9.202429	-1.118328	-3.239208	-0.336180	0.030562	-0.941302	-0.119906	-0.992729	0.010591	-0.934134	0.116428	0.337400
245	7892781													9.158397	-1.072998	-3.263458	-0.336251	0.030028	-0.941294	-0.119649	-0.992755	0.011072	-0.934141	0.116347	0.337407
246	7892947													9.124976	-1.026071	-3.210624	-0.336262	0.029339	-0.941311	-0.119320	-0.992787	0.011681	-0.934179	0.116245	0.337338
247	7893114													9.046149	-1.019569	-3.223041	-0.336295	0.028366	-0.941329	-0.118908	-0.992826	0.012563	-0.934220	0.116156	0.337255
248	7893281													9.009682	-1.009173	-3.216304	-0.336490	0.027582	-0.941283	-0.118478	-0.992868	0.013259	-0.934204	0.115983	0.337358
249	7893447													9.089634	-1.009103	-3.237049	-0.336824	0.026671	-0.941190	-0.118168	-0.992893	0.014153	-0.934123	0.115986	0.337582
250	7893614													9.128140	-1.044491	-3.266832	-0.337226	0.025665	-0.941074	-0.117980	-0.992900	0.015199	-0.934002	0.116153	0.337859
251	7893781													9.117929	-1.093516	-3.280924	-0.337632	0.024807	-0.940951	-0.117813	-0.992905	0.016098	-0.933876	0.116292	0.338159
252	7893947													9.143196	-1.061681	-3.304189	-0.338052	0.024028	-0.940821	-0.117720	-0.992902	0.016941	-0.933736	0.116480	0.338482
253	7894114													9.193748	-1.083803	-3.338030	-0.338432	0.023244	-0.940704	-0.117615	-0.992900	0.017780	-0.933612	0.116658	0.338763
254	7894281													9.217029	-1.101049	-3.333443	-0.338653	0.022543	-0.940641	-0.117429	-0.992909	0.018481	-0.933555	0.116717	0.338899
255	7894447													9.149975	-1.110910	-3.327214	-0.338742	0.021753	-0.940628	-0.117253	-0.992915	0.019264	-0.933545	0.116817	0.338893
256	7894614													9.167521	-1.094199	-3.345369	-0.338733	0.021176	-0.940644	-0.117096	-0.992923	0.019814	-0.933567	0.116857	0.338816
257	7894781													9.088705	-1.065294	-3.335353	-0.338694	0.020811	-0.940666	-0.116857	-0.992945	0.020108	-0.933612	0.116734	0.338737
258	7894947													9.115446	-1.046140	-3.325727	-0.338612	0.020391	-0.940705	-0.116506	-0.992980	0.020413	-0.933685	0.116509	0.338611
259	7895114													9.162312	-1.032756	-3.324364	-0.338485	0.020023	-0.940759	-0.116141	-0.993018	0.020652	-0.933777	0.116251	0.338447
260	7895281													9.162963	-1.036727	-3.344166	-0.338214	0.019537	-0.940866	-0.115835	-0.993046	0.021018	-0.933913	0.116094	0.338125
261	7895447													9.113076	-1.035052	-3.346583	-0.337891	0.019236	-0.940989	-0.115613	-0.993068	0.021213	-0.934058	0.115959	0.337772
262	7895614													9.099804	-1.013938	-3.314139	-0.337571	0.018895	-0.941110	-0.115458	-0.993080	0.021476	-0.934192	0.115908	0.337417
263	7895781													9.110980	-0.981985	-3.325806	-0.337280	0.018369	-0.941225	-0.115336	-0.993084	0.021948	-0.934312	0.115960	0.337066
264	7895947													9.100670	-0.966925	-3.304396	-0.336994	0.017922	-0.941336	-0.115183	-0.993093	0.022328	-0.934435	0.115951	0.336730
265	7896114													9.112898	-0.959451	-3.304841	-0.336702	0.017247	-0.941453	-0.114995	-0.993101	0.022934	-0.934563	0.115984	0.336363
266	7896281													9.075054	-0.998957	-3.317174	-0.336480	0.016484	-0.941546	-0.114730	-0.993116	0.023614	-0.934675	0.115970	0.336055
267	7896447													9.056154	-1.023393	-3.303194	-0.336345	0.015792	-0.941607	-0.114414	-0.993138	0.024213	-0.934763	0.115876	0.335844
268	7896614													9.094478	-1.051563	-3.266734	-0.336379	0.015223	-0.941603	-0.114082	-0.993164	0.024698	-0.934791	0.115728	0.335817
269	7896781													9.158706	-1.059616	-3.290932	-0.336447	0.014771	-0.941586	-0.113756	-0.993192	0.025067	-0.934806	0.115545	0.335837
270	7896947													9.185961	-1.054488	-3.281356	-0.336480	0.014456	-0.941580	-0.113441	-0.993223	0.025290	-0.934833	0.115323	0.335839
271	7897114													9.178454	-1.043730	-3.304165	-0.336436	0.014266	-0.941598	-0.113123	-0.993257	0.025371	-0.934887	0.115053	0.335782
272	7897281													9.165733	-1.003881	-3.278195	-0.336390	0.014328	-0.941614	-0.112862	-0.993291	0.025206	-0.934935	0.114751	0.335750
273	7897447													9.139256	-0.970171	-3.251559	-0.336330	0.014273	-0.941636	-0.112667	-0.993314	0.025185	-0.934980	0.114562	0.335689
274	7897614													9.112473	-0.937310	-3.222910	-0.336319	0.014260	-0.941640	-0.112424	-0.993343	0.025110	-0.935014	0.114308	0.335683
275	7897781													9.121031	-0.930204	-3.248516	-0.336342	0.014171	-0.941633	-0.112217	-0.993366	0.025133	-0.935030	0.114120	0.335701
276	7897947													9.104312	-0.945707	-3.205430	-0.336475	0.013953	-0.941589	-0.112061	-0.993379	0.025324	-0.935001	0.114037	0.335811
277	7898114													9.109835	-0.952602	-3.203462	-0.336673	0.013770	-0.941521	-0.111893	-0.993394	0.025482	-0.934950	0.113929	0.335989
278	7898281													9.163839	-0.992765	-3.233835	-0.336885	0.013524	-0.941449	-0.111745	-0.993404	0.025716	-0.934891	0.113866	0.336174
279	7898447													9.182878	-0.987135	-3.235515	-0.337067	0.013473	-0.941384	-0.111662	-0.993412	0.025764	-0.934835	0.113801	0.336351
280	7898614													9.148984	-1.012991	-3.234799	-0.337255	0.013391	-0.941318	-0.111637	-0.993412	0.025865	-0.934771	0.113809	0.336529
281	7898781													9.108370	-1.020775	-3.231131	-0.337506	0.013366	-0.941228	-0.111687	-0.993405	0.025942	-0.934674	0.113879	0.336773
282	7898947													9.092270	-1.033608	-3.251195	-0.337830	0.013426	-0.941111	-0.111725	-0.993401	0.025934	-0.934553	0.113907	0.337100
283	7899114													9.017632	-1.044622	-3.236082	-0.338266	0.013682	-0.940951	-0.111884	-0.993387	0.025777	-0.934376	0.113997	0.337559
