// General information: 
//  MT Manager version: 2022.2.0 
//  XDA version: 2022.2.0 build 7381 rev 124627 built on 2023-07-19
// Device information: 
//  DeviceId: 00B4D204
//  ProductCode: MTW2-3A7G6
//  Firmware Version: 4.6.0
//  Hardware Version: 2.0.0
// Device settings: 
//  Filter Profile: human(46.1)
//  Option Flags: Orientation Smoother Disabled, Position/Velocity Smoother Disabled, Continuous Zero Rotation Update Disabled, AHS Disabled, ICC Disabled
// Coordinate system: ENU
PacketCounter	SampleTimeFine	Acc_X	Acc_Y	Acc_Z	Quat_q0	Quat_q1	Quat_q2	Quat_q3	Roll	Pitch	Yaw	Mat[1][1]	Mat[2][1]	Mat[3][1]	Mat[1][2]	Mat[2][2]	Mat[3][2]	Mat[1][3]	Mat[2][3]	Mat[3][3]	Latitude	Longitude	Altitude	Vel_E	Vel_N	Vel_U
56665		8.040451	0.104129	5.339543	0.533663	0.380114	-0.268481	0.706141	2.679928	-55.425069	104.432120	-0.141436	0.549576	0.823385	-0.957789	-0.286244	0.026534	0.250271	-0.784876	0.566863						
56666		8.003150	0.070295	5.317109	0.533626	0.380162	-0.268587	0.706104	2.670160	-55.438344	104.437745	-0.141442	0.549377	0.823516	-0.957802	-0.286210	0.026428	0.250218	-0.785028	0.566677						
56667		8.002687	0.065965	5.266051	0.533537	0.380253	-0.268707	0.706075	2.658822	-55.457397	104.450012	-0.141491	0.549082	0.823705	-0.957788	-0.286268	0.026303	0.250243	-0.785213	0.566408						
56668		8.024050	0.082119	5.286136	0.533466	0.380331	-0.268785	0.706057	2.652654	-55.471770	104.458731	-0.141523	0.548860	0.823847	-0.957770	-0.286336	0.026233	0.250295	-0.785344	0.566205						
56669		8.025093	0.081026	5.284568	0.533430	0.380330	-0.268867	0.706054	2.638579	-55.478120	104.469574	-0.141604	0.548745	0.823910	-0.957777	-0.286327	0.026089	0.250224	-0.785427	0.566120						
56670		8.019387	0.040794	5.213187	0.533425	0.380311	-0.268918	0.706049	2.629306	-55.480231	104.474485	-0.141644	0.548703	0.823931	-0.957792	-0.286283	0.025996	0.250142	-0.785472	0.566094						
56671		8.074934	0.055584	5.258198	0.533429	0.380311	-0.268973	0.706024	2.623493	-55.484574	104.475015	-0.141633	0.548641	0.823974	-0.957815	-0.286214	0.025936	0.250062	-0.785541	0.566034						
56672		8.060807	0.075546	5.281274	0.533426	0.380332	-0.268993	0.706007	2.623665	-55.488307	104.473803	-0.141608	0.548592	0.824011	-0.957820	-0.286198	0.025935	0.250058	-0.785581	0.565981						
56673		8.061314	0.075244	5.280504	0.533433	0.380338	-0.269049	0.705978	2.618823	-55.493300	104.473182	-0.141584	0.548524	0.824060	-0.957843	-0.286123	0.025884	0.249981	-0.785655	0.565911						
56674		8.026348	0.076414	5.256772	0.533434	0.380341	-0.269075	0.705965	2.616431	-55.495616	104.473271	-0.141577	0.548492	0.824083	-0.957853	-0.286093	0.025859	0.249948	-0.785689	0.565879						
56675		8.077918	0.055847	5.279583	0.533420	0.380377	-0.269112	0.705943	2.615495	-55.502249	104.473347	-0.141554	0.548399	0.824148	-0.957856	-0.286084	0.025845	0.249949	-0.785757	0.565784						
56676		8.081820	0.090138	5.275959	0.533339	0.380466	-0.269113	0.705955	2.618789	-55.511632	104.480620	-0.141589	0.548251	0.824241	-0.957804	-0.286255	0.025872	0.250127	-0.785798	0.565648						
56677		8.120603	0.091552	5.345785	0.533241	0.380573	-0.269169	0.705950	2.616138	-55.527271	104.491280	-0.141635	0.548007	0.824396	-0.957761	-0.286404	0.025835	0.250268	-0.785915	0.565424						
56678		8.118626	0.086215	5.270916	0.533200	0.380609	-0.269230	0.705939	2.609201	-55.535896	104.498053	-0.141669	0.547870	0.824481	-0.957756	-0.286426	0.025761	0.250266	-0.786002	0.565303						
56679		8.099603	0.068057	5.247246	0.533171	0.380609	-0.269305	0.705932	2.597051	-55.541856	104.506708	-0.141730	0.547765	0.824540	-0.957765	-0.286406	0.025637	0.250197	-0.786082	0.565223						
56680		8.112504	0.043863	5.174016	0.533164	0.380618	-0.269324	0.705926	2.595320	-55.544283	104.507867	-0.141732	0.547729	0.824564	-0.957767	-0.286403	0.025619	0.250190	-0.786109	0.565189						
56681		8.085642	0.087378	5.270146	0.533159	0.380603	-0.269320	0.705939	2.593010	-55.542407	104.510620	-0.141766	0.547748	0.824545	-0.957763	-0.286416	0.025597	0.250184	-0.786090	0.565217						
56682		8.069925	0.105903	5.269750	0.533168	0.380585	-0.269318	0.705943	2.591653	-55.540371	104.510807	-0.141775	0.547776	0.824525	-0.957768	-0.286400	0.025585	0.250159	-0.786077	0.565247						
56683		8.015990	0.091749	5.248231	0.533145	0.380611	-0.269338	0.705938	2.590341	-55.544796	104.513409	-0.141784	0.547708	0.824569	-0.957761	-0.286427	0.025569	0.250184	-0.786114	0.565184						
56684		8.036178	0.108947	5.270133	0.533141	0.380637	-0.269330	0.705930	2.594553	-55.546774	104.510922	-0.141753	0.547686	0.824588	-0.957755	-0.286444	0.025610	0.250225	-0.786123	0.565153						
56685		8.047817	0.054321	5.248425	0.533157	0.380616	-0.269347	0.705923	2.591430	-55.545831	104.510402	-0.141751	0.547701	0.824579	-0.957771	-0.286392	0.025579	0.250163	-0.786132	0.565168						
56686		8.032168	0.043226	5.323522	0.533171	0.380582	-0.269329	0.705937	2.590375	-55.541031	104.510671	-0.141771	0.547767	0.824532	-0.957775	-0.286380	0.025572	0.250137	-0.786090	0.565238						
56687		8.046803	0.022665	5.299590	0.533177	0.380590	-0.269372	0.705913	2.587160	-55.545099	104.509756	-0.141748	0.547713	0.824572	-0.957793	-0.286323	0.025538	0.250081	-0.786149	0.565181						
56688		8.050139	0.056771	5.296856	0.533227	0.380566	-0.269393	0.705880	2.587160	-55.544171	104.502069	-0.141677	0.547744	0.824563	-0.957831	-0.286194	0.025538	0.249973	-0.786174	0.565194						
56689		8.034452	0.075193	5.296419	0.533277	0.380513	-0.269431	0.705855	2.580916	-55.541623	104.498289	-0.141650	0.547789	0.824537	-0.957878	-0.286044	0.025478	0.249811	-0.786197	0.565233						
56690		8.067742	0.070211	5.270747	0.533341	0.380494	-0.269462	0.705806	2.582146	-55.541893	104.487163	-0.141543	0.547813	0.824540	-0.957928	-0.285875	0.025490	0.249679	-0.786242	0.565229						
56691		8.066718	0.068731	5.246325	0.533384	0.380472	-0.269470	0.705782	2.583068	-55.540146	104.480401	-0.141485	0.547854	0.824523	-0.957958	-0.285774	0.025501	0.249598	-0.786250	0.565254						
56692		8.086374	0.086125	5.269043	0.533446	0.380447	-0.269459	0.705753	2.588132	-55.536417	104.469201	-0.141391	0.547934	0.824486	-0.957992	-0.285654	0.025553	0.249519	-0.786238	0.565305						
56693		8.099915	0.064731	5.220785	0.533466	0.380466	-0.269461	0.705727	2.593011	-55.538573	104.462450	-0.141319	0.547920	0.824507	-0.958004	-0.285609	0.025600	0.249514	-0.786264	0.565272						
56694		8.104244	0.101565	5.242490	0.533472	0.380519	-0.269388	0.705722	2.609851	-55.538062	104.452684	-0.141227	0.547952	0.824502	-0.957980	-0.285677	0.025766	0.249660	-0.786217	0.565272						
56695		8.089874	0.122921	5.265994	0.533500	0.380544	-0.269387	0.705688	2.616957	-55.540432	104.443246	-0.141128	0.547942	0.824526	-0.957995	-0.285618	0.025835	0.249655	-0.786246	0.565234						
56696		8.070062	0.106702	5.243499	0.533549	0.380541	-0.269321	0.705677	2.630032	-55.534882	104.430554	-0.141027	0.548050	0.824471	-0.958002	-0.285582	0.025967	0.249686	-0.786183	0.565308						
56697		8.072037	0.110737	5.292438	0.533569	0.380553	-0.269295	0.705665	2.637133	-55.533956	104.423938	-0.140967	0.548080	0.824462	-0.958004	-0.285569	0.026038	0.249712	-0.786167	0.565318						
56698		8.053215	0.095938	5.294428	0.533617	0.380549	-0.269250	0.705649	2.647338	-55.529751	104.412471	-0.140872	0.548166	0.824420	-0.958018	-0.285515	0.026142	0.249715	-0.786126	0.565374						
56699		8.035439	0.082660	5.320807	0.533662	0.380544	-0.269237	0.705622	2.653650	-55.528075	104.402374	-0.140782	0.548215	0.824404	-0.958041	-0.285432	0.026205	0.249677	-0.786123	0.565395						
56700		8.092547	0.131345	5.339775	0.533695	0.380527	-0.269232	0.705608	2.655716	-55.525779	104.396840	-0.140737	0.548260	0.824381	-0.958059	-0.285367	0.026227	0.249630	-0.786115	0.565427						
56701		8.057108	0.132735	5.316765	0.533735	0.380493	-0.269275	0.705580	2.650392	-55.525565	104.393397	-0.140705	0.548272	0.824379	-0.958100	-0.285236	0.026175	0.249494	-0.786154	0.565433						
56702		8.053235	0.126055	5.218752	0.533713	0.380527	-0.269323	0.705560	2.647129	-55.532870	104.395560	-0.140699	0.548164	0.824451	-0.958102	-0.285231	0.026137	0.249487	-0.786231	0.565329						
56703		8.124078	0.120992	5.238835	0.533650	0.380614	-0.269377	0.705540	2.645949	-55.546292	104.400762	-0.140701	0.547965	0.824584	-0.958080	-0.285308	0.026117	0.249571	-0.786342	0.565137						
56704		8.088937	0.090948	5.265026	0.533604	0.380668	-0.269434	0.705524	2.641594	-55.556342	104.406211	-0.140717	0.547811	0.824683	-0.958071	-0.285344	0.026067	0.249598	-0.786436	0.564995						
56705		8.123138	0.085580	5.237920	0.533556	0.380703	-0.269491	0.705519	2.634310	-55.564595	104.414415	-0.140766	0.547676	0.824764	-0.958061	-0.285384	0.025990	0.249609	-0.786516	0.564879						
56706		8.085143	0.052496	5.216474	0.533557	0.380711	-0.269488	0.705516	2.635959	-55.565155	104.413228	-0.140753	0.547671	0.824770	-0.958059	-0.285387	0.026006	0.249622	-0.786518	0.564870						
56707		8.069552	0.071338	5.215883	0.533557	0.380711	-0.269470	0.705523	2.638048	-55.563711	104.412720	-0.140753	0.547692	0.824756	-0.958053	-0.285407	0.026027	0.249646	-0.786496	0.564890						
56708		8.073592	0.107451	5.238047	0.533558	0.380710	-0.269433	0.705537	2.642350	-55.560682	104.411517	-0.140752	0.547738	0.824726	-0.958041	-0.285445	0.026072	0.249694	-0.786451	0.564932						
56709		8.069197	0.071994	5.216422	0.533550	0.380706	-0.269374	0.705567	2.647748	-55.555767	104.411981	-0.140775	0.547805	0.824677	-0.958015	-0.285524	0.026128	0.249778	-0.786375	0.565000						
56710		8.021060	0.097388	5.266416	0.533546	0.380703	-0.269327	0.705590	2.652275	-55.551673	104.411915	-0.140789	0.547862	0.824637	-0.957996	-0.285583	0.026176	0.249843	-0.786314	0.565057						
56711		8.055127	0.094616	5.265514	0.533528	0.380701	-0.269271	0.705626	2.656451	-55.547205	104.414514	-0.140829	0.547918	0.824593	-0.957966	-0.285682	0.026220	0.249938	-0.786239	0.565119						
56712		8.087983	0.090352	5.240464	0.533548	0.380678	-0.269215	0.705645	2.662064	-55.540366	104.411167	-0.140822	0.548022	0.824525	-0.957959	-0.285700	0.026280	0.249969	-0.786160	0.565215						
56713		8.054252	0.095310	5.266840	0.533546	0.380653	-0.269177	0.705674	2.662554	-55.534869	104.413613	-0.140865	0.548092	0.824471	-0.957945	-0.285745	0.026288	0.249997	-0.786094	0.565294						
56714		8.074690	0.114095	5.314346	0.533562	0.380622	-0.269140	0.705693	2.664351	-55.528723	104.412674	-0.140878	0.548180	0.824410	-0.957942	-0.285752	0.026310	0.249999	-0.786031	0.565381						
56715		8.073367	0.112709	5.290367	0.533543	0.380632	-0.269110	0.705713	2.667010	-55.527426	104.414800	-0.140903	0.548193	0.824397	-0.957920	-0.285823	0.026337	0.250070	-0.785996	0.565399						
56716		8.076331	0.146990	5.288156	0.533549	0.380608	-0.269107	0.705723	2.664698	-55.524739	104.416181	-0.140926	0.548227	0.824371	-0.957924	-0.285813	0.026316	0.250043	-0.785976	0.565438						
56717		8.071050	0.108961	5.241933	0.533546	0.380572	-0.269139	0.705732	2.655419	-55.523681	104.422096	-0.140986	0.548227	0.824360	-0.957935	-0.285784	0.026225	0.249967	-0.785986	0.565458						
56718		8.105438	0.075651	5.316227	0.533561	0.380539	-0.269122	0.705745	2.654353	-55.518883	104.422377	-0.141006	0.548293	0.824313	-0.957939	-0.285772	0.026218	0.249941	-0.785944	0.565527						
56719		8.054068	0.095836	5.293131	0.533555	0.380522	-0.269101	0.705767	2.653613	-55.515485	104.425236	-0.141046	0.548334	0.824279	-0.957928	-0.285808	0.026213	0.249959	-0.785903	0.565576						
56720		8.053920	0.095462	5.293363	0.533557	0.380490	-0.269116	0.705777	2.647490	-55.513492	104.429021	-0.141089	0.548352	0.824260	-0.957936	-0.285787	0.026154	0.249904	-0.785898	0.565608						
56721		8.052891	0.093019	5.268961	0.533530	0.380467	-0.269158	0.705794	2.636164	-55.514519	104.439016	-0.141181	0.548313	0.824270	-0.957936	-0.285799	0.026041	0.249854	-0.785921	0.565598						
56722		8.053003	0.091994	5.268808	0.533531	0.380433	-0.269193	0.705798	2.627178	-55.513871	104.444020	-0.141231	0.548310	0.824263	-0.957950	-0.285759	0.025953	0.249771	-0.785938	0.565612						
56723		8.037553	0.109804	5.268019	0.533525	0.380419	-0.269248	0.705789	2.618059	-55.516739	104.448693	-0.141266	0.548258	0.824292	-0.957966	-0.285714	0.025861	0.249690	-0.785990	0.565574						
56724		8.039079	0.110684	5.291699	0.533482	0.380448	-0.269267	0.705799	2.614964	-55.521370	104.455383	-0.141313	0.548177	0.824337	-0.957946	-0.285785	0.025828	0.249741	-0.786021	0.565509						
56725		8.087730	0.085098	5.240942	0.533428	0.380501	-0.269336	0.705784	2.608133	-55.532451	104.463149	-0.141347	0.548004	0.824447	-0.957935	-0.285826	0.025753	0.249761	-0.786127	0.565353						
56726		8.086349	0.080890	5.191041	0.533390	0.380491	-0.269405	0.705792	2.594166	-55.536937	104.474900	-0.141444	0.547912	0.824491	-0.957937	-0.285833	0.025612	0.249700	-0.786188	0.565295						
56727		8.083354	0.074324	5.117607	0.533359	0.380417	-0.269499	0.705819	2.568885	-55.536929	104.493460	-0.141621	0.547867	0.824491	-0.957955	-0.285796	0.025363	0.249532	-0.786233	0.565306						
56728		8.139099	0.089947	5.188426	0.533375	0.380319	-0.269432	0.705886	2.564431	-55.521743	104.499834	-0.141737	0.548062	0.824341	-0.957944	-0.285835	0.025329	0.249507	-0.786083	0.565527						
56729		8.164960	0.147158	5.308121	0.533406	0.380208	-0.269365	0.705948	2.560026	-55.504999	104.504224	-0.141839	0.548285	0.824176	-0.957943	-0.285841	0.025296	0.249452	-0.785925	0.565769						
56730		8.113769	0.168728	5.310796	0.533457	0.380120	-0.269337	0.705968	2.556621	-55.493687	104.502639	-0.141865	0.548446	0.824064	-0.957967	-0.285763	0.025270	0.249346	-0.785841	0.565933						
56731		8.072778	0.102567	5.317485	0.533484	0.380064	-0.269392	0.705956	2.545362	-55.492297	104.504863	-0.141891	0.548460	0.824050	-0.958005	-0.285645	0.025159	0.249185	-0.785874	0.565958						
56732		8.024594	-0.004267	5.228806	0.533483	0.380004	-0.269379	0.705995	2.537886	-55.485162	104.512215	-0.141987	0.548541	0.823979	-0.958002	-0.285662	0.025090	0.249143	-0.785811	0.566064						
56733		8.014488	0.052644	5.300208	0.533462	0.379927	-0.269332	0.706070	2.529906	-55.473748	104.524737	-0.142148	0.548669	0.823867	-0.957975	-0.285757	0.025018	0.249153	-0.785688	0.566231						
56734		8.017397	0.087719	5.324136	0.533488	0.379800	-0.269276	0.706139	2.521297	-55.456380	104.532496	-0.142285	0.548892	0.823695	-0.957976	-0.285762	0.024944	0.249072	-0.785531	0.566485						
56735		8.035058	0.102334	5.323951	0.533493	0.379720	-0.269284	0.706175	2.509623	-55.448877	104.541127	-0.142395	0.548974	0.823620	-0.957985	-0.285743	0.024834	0.248977	-0.785479	0.566597						
56736		8.082696	0.047135	5.350288	0.533484	0.379723	-0.269260	0.706190	2.511733	-55.447307	104.542206	-0.142411	0.548994	0.823605	-0.957970	-0.285789	0.024855	0.249023	-0.785449	0.566619						
56737		8.050454	0.083099	5.324818	0.533445	0.379742	-0.269248	0.706214	2.511241	-55.448476	104.548272	-0.142465	0.548962	0.823617	-0.957942	-0.285884	0.024850	0.249101	-0.785437	0.566602						
56738		8.019442	0.120227	5.323444	0.533401	0.379751	-0.269262	0.706237	2.505817	-55.450616	104.557391	-0.142544	0.548910	0.823638	-0.957920	-0.285963	0.024795	0.249140	-0.785444	0.566574						
56739		7.996085	0.066482	5.277983	0.533332	0.379790	-0.269318	0.706247	2.496578	-55.459220	104.569926	-0.142633	0.548759	0.823723	-0.957896	-0.286050	0.024698	0.249179	-0.785518	0.566454						
56740		8.012563	0.046998	5.277201	0.533304	0.379827	-0.269368	0.706229	2.492777	-55.467042	104.573233	-0.142637	0.548642	0.823800	-0.957896	-0.286056	0.024656	0.249180	-0.785598	0.566344						
56741		8.008920	0.010573	5.254361	0.533269	0.379827	-0.269388	0.706248	2.486365	-55.468647	104.581555	-0.142711	0.548599	0.823816	-0.957882	-0.286108	0.024591	0.249191	-0.785609	0.566323						
56742		8.015120	0.078730	5.249770	0.533271	0.379800	-0.269374	0.706266	2.484301	-55.464892	104.584047	-0.142748	0.548645	0.823779	-0.957879	-0.286120	0.024573	0.249182	-0.785573	0.566378						
56743		8.014966	0.078513	5.250009	0.533259	0.379791	-0.269363	0.706284	2.482866	-55.463053	104.587509	-0.142788	0.548662	0.823761	-0.957868	-0.286157	0.024560	0.249200	-0.785547	0.566405						
56744		8.050204	0.076590	5.273330	0.533258	0.379759	-0.269348	0.706308	2.479857	-55.458643	104.591181	-0.142839	0.548714	0.823717	-0.957863	-0.286176	0.024533	0.249189	-0.785504	0.566470						
56745		8.067793	0.060558	5.322778	0.533249	0.379743	-0.269349	0.706323	2.476503	-55.457120	104.595009	-0.142881	0.548726	0.823702	-0.957859	-0.286193	0.024501	0.249182	-0.785489	0.566493						
56746		8.034301	0.094568	5.273272	0.533292	0.379694	-0.269374	0.706307	2.471528	-55.453990	104.592108	-0.142865	0.548776	0.823671	-0.957895	-0.286075	0.024454	0.249051	-0.785497	0.566540						
56747		8.065478	0.056536	5.274375	0.533322	0.379660	-0.269409	0.706290	2.465988	-55.453194	104.590584	-0.142853	0.548791	0.823663	-0.957927	-0.285973	0.024399	0.248936	-0.785524	0.566554						
56748		8.118419	0.068638	5.271493	0.533372	0.379618	-0.269405	0.706276	2.466512	-55.448442	104.584109	-0.142808	0.548874	0.823616	-0.957957	-0.285870	0.024407	0.248844	-0.785504	0.566622						
56749		8.101445	0.056085	5.322553	0.533431	0.379561	-0.269405	0.706262	2.465123	-55.442477	104.577911	-0.142771	0.548972	0.823557	-0.957995	-0.285745	0.024397	0.248721	-0.785480	0.566708						
56750		8.102994	0.088794	5.296674	0.533489	0.379501	-0.269394	0.706254	2.464773	-55.435374	104.571563	-0.142735	0.549087	0.823487	-0.958029	-0.285631	0.024398	0.248610	-0.785442	0.566811						
56751		8.064963	0.057489	5.301133	0.533524	0.379437	-0.269380	0.706268	2.461220	-55.427580	104.571247	-0.142761	0.549196	0.823410	-0.958047	-0.285574	0.024368	0.248527	-0.785386	0.566924						
56752		8.077915	0.035423	5.253791	0.533567	0.379379	-0.269372	0.706270	2.458908	-55.420865	104.568314	-0.142757	0.549297	0.823343	-0.958072	-0.285491	0.024349	0.248432	-0.785346	0.567021						
56753		8.047254	0.074080	5.277866	0.533569	0.379333	-0.269359	0.706297	2.454108	-55.415230	104.572861	-0.142821	0.549364	0.823287	-0.958071	-0.285499	0.024305	0.248400	-0.785296	0.567104						
56754		8.063377	0.056536	5.303556	0.533594	0.379275	-0.269323	0.706324	2.452937	-55.406494	104.573248	-0.142856	0.549484	0.823201	-0.958075	-0.285485	0.024299	0.248364	-0.785217	0.567230						
56755		8.062753	0.056166	5.304508	0.533645	0.379197	-0.269336	0.706321	2.446399	-55.399393	104.571372	-0.142864	0.549587	0.823130	-0.958113	-0.285362	0.024239	0.248211	-0.785189	0.567335						
56756		7.992602	0.060655	5.283326	0.533692	0.379156	-0.269342	0.706306	2.445230	-55.395576	104.566066	-0.142827	0.549654	0.823093	-0.958145	-0.285255	0.024229	0.248109	-0.785182	0.567390						
56757		8.061087	0.054186	5.281108	0.533741	0.379118	-0.269349	0.706287	2.444688	-55.391965	104.559965	-0.142781	0.549719	0.823057	-0.958178	-0.285144	0.024226	0.248008	-0.785176	0.567442						
56758		8.026437	0.057341	5.282837	0.533780	0.379077	-0.269336	0.706285	2.444931	-55.386670	104.555736	-0.142760	0.549803	0.823004	-0.958199	-0.285075	0.024232	0.247940	-0.785142	0.567518						
56759		7.997145	0.097726	5.330738	0.533784	0.379070	-0.269348	0.706280	2.443024	-55.386939	104.555912	-0.142760	0.549799	0.823007	-0.958206	-0.285052	0.024213	0.247912	-0.785154	0.567515						
56760		7.996888	0.065837	5.380577	0.533783	0.379110	-0.269466	0.706214	2.434754	-55.400261	104.554856	-0.142702	0.549617	0.823139	-0.958246	-0.284926	0.024123	0.247792	-0.785327	0.567327						
56761		8.044766	0.036712	5.279227	0.533774	0.379217	-0.269704	0.706074	2.421133	-55.429802	104.551195	-0.142560	0.549215	0.823432	-0.958320	-0.284690	0.023970	0.247587	-0.785694	0.566909						
56762		8.130040	0.038804	5.174237	0.533812	0.379245	-0.269844	0.705976	2.413236	-55.443589	104.543465	-0.142436	0.549042	0.823568	-0.958391	-0.284458	0.023884	0.247384	-0.785898	0.566714						
56763		8.114062	0.025790	5.223756	0.533867	0.379208	-0.269855	0.705950	2.413087	-55.440512	104.535956	-0.142376	0.549104	0.823538	-0.958429	-0.284329	0.023884	0.247271	-0.785902	0.566759						
56764		8.120029	0.064887	5.295071	0.533923	0.379177	-0.269812	0.705941	2.420285	-55.433730	104.525855	-0.142303	0.549223	0.823471	-0.958449	-0.284256	0.023959	0.247236	-0.785845	0.566853						
56765		8.104729	0.085405	5.320074	0.533995	0.379086	-0.269785	0.705946	2.418862	-55.422131	104.519862	-0.142288	0.549399	0.823356	-0.958486	-0.284132	0.023952	0.247101	-0.785767	0.567020						
56766		8.028904	0.052611	5.253159	0.534121	0.378965	-0.269829	0.705899	2.411247	-55.412851	104.507344	-0.142201	0.549560	0.823264	-0.958582	-0.283814	0.023882	0.246779	-0.785770	0.567156						
56767		8.061583	0.047455	5.228463	0.534198	0.378885	-0.269846	0.705876	2.406965	-55.405901	104.500076	-0.142156	0.549674	0.823195	-0.958637	-0.283631	0.023844	0.246590	-0.785755	0.567258						
56768		8.064028	0.051938	5.302612	0.534271	0.378818	-0.269790	0.705879	2.412404	-55.394416	104.490235	-0.142103	0.549858	0.823081	-0.958664	-0.283536	0.023905	0.246518	-0.785661	0.567421						
56769		8.079916	0.065132	5.253266	0.534324	0.378783	-0.269750	0.705873	2.418224	-55.387590	104.481432	-0.142043	0.549975	0.823013	-0.958683	-0.283466	0.023967	0.246477	-0.785604	0.567516						
56770		8.048174	0.073464	5.328406	0.534357	0.378770	-0.269674	0.705884	2.429103	-55.380199	104.473375	-0.141992	0.550098	0.822940	-0.958677	-0.283477	0.024079	0.246531	-0.785514	0.567618						
56771		8.028954	0.058690	5.330904	0.534390	0.378749	-0.269625	0.705889	2.435726	-55.374098	104.467031	-0.141953	0.550199	0.822880	-0.958680	-0.283460	0.024148	0.246539	-0.785450	0.567702						
56772		8.032488	0.095170	5.353908	0.534427	0.378719	-0.269554	0.705904	2.444039	-55.365289	104.460274	-0.141920	0.550338	0.822792	-0.958679	-0.283457	0.024236	0.246564	-0.785354	0.567825						
56773		8.010122	0.046042	5.358727	0.534448	0.378707	-0.269489	0.705920	2.452455	-55.358905	104.455120	-0.141893	0.550439	0.822729	-0.958669	-0.283483	0.024323	0.246619	-0.785273	0.567913						
56774		8.015041	0.114067	5.330203	0.534470	0.378736	-0.269457	0.705899	2.462920	-55.359283	104.445724	-0.141802	0.550457	0.822733	-0.958670	-0.283470	0.024427	0.246666	-0.785265	0.567903						
56775		8.033068	0.098996	5.378905	0.534473	0.378773	-0.269453	0.705879	2.469061	-55.362658	104.440485	-0.141739	0.550423	0.822766	-0.958669	-0.283468	0.024486	0.246705	-0.785290	0.567852						
56776		7.980086	0.086854	5.381795	0.534526	0.378737	-0.269450	0.705859	2.470504	-55.358565	104.432840	-0.141681	0.550499	0.822726	-0.958701	-0.283358	0.024503	0.246614	-0.785276	0.567911						
56777		7.960597	0.069601	5.358807	0.534592	0.378733	-0.269546	0.705775	2.466290	-55.365524	104.421480	-0.141547	0.550431	0.822795	-0.958775	-0.283113	0.024457	0.246405	-0.785413	0.567812						
56778		8.027877	0.060191	5.306571	0.534646	0.378738	-0.269596	0.705712	2.467608	-55.369747	104.410231	-0.141423	0.550400	0.822836	-0.958824	-0.282944	0.024467	0.246284	-0.785495	0.567751						
56779		8.044221	0.041576	5.305979	0.534667	0.378778	-0.269645	0.705655	2.470201	-55.377660	104.401971	-0.141316	0.550310	0.822915	-0.958853	-0.282845	0.024488	0.246233	-0.785594	0.567637						
56780		8.028270	0.059302	5.280029	0.534660	0.378842	-0.269638	0.705629	2.479298	-55.383540	104.395765	-0.141235	0.550243	0.822973	-0.958844	-0.282868	0.024574	0.246315	-0.785632	0.567548						
56781		8.017693	0.114622	5.300231	0.534591	0.378971	-0.269634	0.705614	2.490211	-55.396599	104.395526	-0.141186	0.550062	0.823103	-0.958797	-0.283019	0.024674	0.246526	-0.785705	0.567356						
56782		8.013950	0.048428	5.327028	0.534536	0.379099	-0.269621	0.705592	2.503530	-55.408684	104.392177	-0.141111	0.549902	0.823222	-0.958755	-0.283151	0.024798	0.246733	-0.785769	0.567177						
56783		8.069041	0.093092	5.271345	0.534468	0.379198	-0.269616	0.705592	2.510468	-55.418521	104.395279	-0.141106	0.549758	0.823320	-0.958708	-0.283302	0.024861	0.246916	-0.785816	0.567033						
56784		8.082376	0.040758	5.272894	0.534449	0.379259	-0.269579	0.705588	2.521217	-55.421855	104.391275	-0.141055	0.549721	0.823353	-0.958682	-0.283384	0.024965	0.247049	-0.785812	0.566980						
56785		8.083598	0.072877	5.221477	0.534410	0.379305	-0.269535	0.705609	2.528439	-55.423270	104.393111	-0.141068	0.549697	0.823367	-0.958641	-0.283514	0.025036	0.247199	-0.785782	0.566957						
56786		8.108462	0.127929	5.290654	0.534396	0.379313	-0.269451	0.705648	2.537684	-55.417525	104.392842	-0.141086	0.549778	0.823310	-0.958603	-0.283634	0.025131	0.247335	-0.785682	0.567035						
56787		8.022845	0.151732	5.268749	0.534372	0.379316	-0.269444	0.705667	2.536192	-55.417356	104.397553	-0.141131	0.549768	0.823308	-0.958586	-0.283693	0.025116	0.247375	-0.785667	0.567038						
56788		8.056558	0.117118	5.317964	0.534349	0.379344	-0.269450	0.705668	2.536763	-55.420661	104.399646	-0.141140	0.549717	0.823341	-0.958573	-0.283737	0.025120	0.247421	-0.785687	0.566991						
56789		8.040677	0.134234	5.291879	0.534300	0.379425	-0.269505	0.705640	2.536235	-55.433461	104.402468	-0.141121	0.549532	0.823468	-0.958560	-0.283782	0.025106	0.247482	-0.785800	0.566807						
56790		8.077400	0.132324	5.312945	0.534219	0.379515	-0.269547	0.705637	2.534790	-55.446193	104.410968	-0.141157	0.549334	0.823594	-0.958523	-0.283910	0.025084	0.247606	-0.785893	0.566625						
56791		8.057701	0.113239	5.264264	0.534164	0.379568	-0.269609	0.705626	2.528660	-55.456663	104.418710	-0.141194	0.549169	0.823698	-0.958510	-0.283960	0.025017	0.247636	-0.785990	0.566477						
56792		8.090776	0.076577	5.288472	0.534156	0.379561	-0.269643	0.705623	2.522685	-55.458614	104.422329	-0.141222	0.549133	0.823717	-0.958517	-0.283939	0.024957	0.247590	-0.786023	0.566452						
56793		8.062148	0.116093	5.335546	0.534106	0.379576	-0.269706	0.705629	2.511604	-55.465207	104.433677	-0.141307	0.549013	0.823782	-0.958508	-0.283980	0.024843	0.247577	-0.786092	0.566362						
56794		8.058798	0.079239	5.312241	0.534055	0.379610	-0.269768	0.705625	2.503228	-55.473709	104.442730	-0.141363	0.548872	0.823866	-0.958499	-0.284020	0.024755	0.247582	-0.786175	0.566243						
56795		8.062702	0.112537	5.308744	0.534029	0.379622	-0.269848	0.705607	2.492620	-55.481378	104.449406	-0.141399	0.548749	0.823942	-0.958511	-0.283989	0.024645	0.247515	-0.786272	0.566138						
56796		8.043714	0.094280	5.284969	0.534033	0.379618	-0.269953	0.705566	2.480203	-55.489223	104.452075	-0.141397	0.548633	0.824020	-0.958550	-0.283867	0.024517	0.247363	-0.786398	0.566030						
56797		8.092253	0.068365	5.234201	0.534017	0.379627	-0.270020	0.705548	2.471835	-55.495436	104.456590	-0.141418	0.548536	0.824081	-0.958563	-0.283830	0.024431	0.247300	-0.786479	0.565945						
56798		8.039922	0.055151	5.236255	0.533989	0.379656	-0.270078	0.705532	2.465915	-55.503025	104.461117	-0.141434	0.548419	0.824156	-0.958566	-0.283828	0.024368	0.247282	-0.786561	0.565838						
56799		8.022318	0.038834	5.236368	0.533870	0.379754	-0.270132	0.705548	2.459640	-55.517610	104.477589	-0.141539	0.548175	0.824300	-0.958510	-0.284023	0.024297	0.247439	-0.786661	0.565631						
56800		8.073266	0.045835	5.158223	0.533787	0.379805	-0.270204	0.705556	2.448689	-55.528720	104.492254	-0.141639	0.547984	0.824410	-0.958483	-0.284123	0.024182	0.247485	-0.786758	0.565476						
56801		8.142502	0.038599	5.154605	0.533780	0.379781	-0.270218	0.705569	2.442772	-55.527417	104.497097	-0.141690	0.547990	0.824397	-0.958485	-0.284122	0.024124	0.247449	-0.786754	0.565497						
56802		8.165428	0.060207	5.250622	0.533768	0.379782	-0.270122	0.705614	2.452789	-55.520086	104.496814	-0.141714	0.548093	0.824325	-0.958444	-0.284252	0.024228	0.247595	-0.786635	0.565599						
56803		8.101824	0.104536	5.300200	0.533733	0.379820	-0.270075	0.705638	2.459596	-55.520331	104.498784	-0.141732	0.548085	0.824327	-0.958404	-0.284378	0.024295	0.247736	-0.786595	0.565592						
56804		8.067648	0.107840	5.301322	0.533729	0.379821	-0.270090	0.705635	2.457423	-55.521588	104.500005	-0.141739	0.548064	0.824340	-0.958408	-0.284369	0.024272	0.247720	-0.786613	0.565575						
56805		8.059162	0.035523	5.257233	0.533748	0.379745	-0.270119	0.705650	2.445451	-55.516121	104.505698	-0.141813	0.548126	0.824286	-0.958432	-0.284298	0.024158	0.247584	-0.786595	0.565659						
56806		8.057364	0.032987	5.233935	0.533792	0.379635	-0.270116	0.705677	2.435161	-55.504607	104.508934	-0.141886	0.548279	0.824172	-0.958461	-0.284206	0.024063	0.247428	-0.786522	0.565829						
56807		8.096090	0.066188	5.280473	0.533825	0.379536	-0.270103	0.705711	2.426276	-55.493370	104.513213	-0.141967	0.548424	0.824061	-0.958480	-0.284151	0.023982	0.247310	-0.786441	0.565994						
56808		8.095334	0.065770	5.281638	0.533863	0.379483	-0.270077	0.705720	2.426316	-55.485834	104.510183	-0.141965	0.548537	0.823986	-0.958495	-0.284098	0.023987	0.247251	-0.786381	0.566102						
56809		8.134689	0.100011	5.327194	0.533899	0.379475	-0.270070	0.705700	2.430129	-55.484350	104.502872	-0.141901	0.548576	0.823971	-0.958515	-0.284027	0.024026	0.247210	-0.786380	0.566122						
56810		8.080261	0.086492	5.306394	0.533922	0.379449	-0.270023	0.705715	2.434584	-55.477930	104.499554	-0.141892	0.548673	0.823908	-0.958513	-0.284030	0.024074	0.247223	-0.786311	0.566212						
56811		8.026877	0.074082	5.310040	0.533920	0.379423	-0.270021	0.705731	2.430962	-55.475167	104.502912	-0.141934	0.548703	0.823881	-0.958512	-0.284036	0.024040	0.247202	-0.786288	0.566253						
56812		8.024836	0.041044	5.336708	0.533913	0.379423	-0.270006	0.705742	2.431897	-55.474010	104.504039	-0.141949	0.548717	0.823869	-0.958503	-0.284067	0.024050	0.247230	-0.786267	0.566270						
56813		8.005139	0.023742	5.313966	0.533880	0.379428	-0.270020	0.705759	2.426988	-55.475693	104.511335	-0.142013	0.548675	0.823886	-0.958488	-0.284122	0.024000	0.247252	-0.786276	0.566247						
56814		7.990376	0.073351	5.262631	0.533875	0.379396	-0.270016	0.705781	2.422289	-55.472221	104.516180	-0.142072	0.548712	0.823851	-0.958484	-0.284137	0.023956	0.247232	-0.786245	0.566299						
56815		8.006771	0.055537	5.287930	0.533874	0.379345	-0.270002	0.705815	2.416586	-55.465874	104.522048	-0.142151	0.548785	0.823789	-0.958480	-0.284155	0.023903	0.247201	-0.786187	0.566393						
56816		7.978208	0.096718	5.361057	0.533901	0.379259	-0.269998	0.705842	2.407854	-55.456823	104.526201	-0.142223	0.548901	0.823699	-0.958498	-0.284101	0.023822	0.247090	-0.786126	0.566526						
56817		7.990073	0.072663	5.289141	0.533950	0.379190	-0.270050	0.705823	2.397566	-55.453658	104.525246	-0.142226	0.548947	0.823668	-0.958548	-0.283942	0.023722	0.246897	-0.786151	0.566576						
56818		8.009601	0.089066	5.312157	0.533998	0.379134	-0.270052	0.705816	2.395009	-55.448015	104.521187	-0.142207	0.549036	0.823612	-0.958580	-0.283837	0.023701	0.246784	-0.786127	0.566658						
56819		8.038538	0.048259	5.264496	0.534002	0.379117	-0.270079	0.705811	2.389915	-55.448394	104.523003	-0.142223	0.549026	0.823616	-0.958592	-0.283798	0.023650	0.246725	-0.786148	0.566655						
56820		8.046347	0.088202	5.359209	0.533963	0.379163	-0.270071	0.705819	2.392762	-55.452574	104.526052	-0.142237	0.548960	0.823657	-0.958565	-0.283889	0.023676	0.246825	-0.786161	0.566594						
56821		8.045910	0.086544	5.333863	0.533907	0.379209	-0.270109	0.705822	2.388287	-55.460459	104.534319	-0.142288	0.548830	0.823735	-0.958542	-0.283970	0.023627	0.246883	-0.786223	0.566482						
56822		8.043709	0.051667	5.334728	0.533829	0.379271	-0.270142	0.705835	2.384029	-55.469525	104.545351	-0.142361	0.548677	0.823825	-0.958505	-0.284099	0.023579	0.246985	-0.786283	0.566354						
56823		8.025011	0.034210	5.310462	0.533715	0.379378	-0.270170	0.705853	2.382724	-55.482992	104.558889	-0.142442	0.548456	0.823958	-0.958442	-0.284313	0.023558	0.247183	-0.786360	0.566161						
56824		8.113779	0.043190	5.303852	0.533618	0.379486	-0.270199	0.705857	2.383504	-55.496596	104.568381	-0.142483	0.548243	0.824093	-0.958390	-0.284488	0.023558	0.247360	-0.786446	0.565965						
56825		8.111414	0.038258	5.229273	0.533545	0.379517	-0.270237	0.705881	2.374937	-55.502950	104.582129	-0.142592	0.548120	0.824155	-0.958358	-0.284603	0.023469	0.247421	-0.786489	0.565877						
56826		8.144955	0.032784	5.203040	0.533505	0.379506	-0.270234	0.705919	2.368871	-55.501669	104.592511	-0.142696	0.548112	0.824143	-0.958333	-0.284693	0.023410	0.247459	-0.786463	0.565898						
56827		8.095929	0.055726	5.228663	0.533491	0.379478	-0.270207	0.705954	2.366476	-55.496836	104.598021	-0.142766	0.548165	0.824095	-0.958316	-0.284750	0.023389	0.247482	-0.786404	0.565969						
56828		8.098841	0.059894	5.302416	0.533493	0.379434	-0.270168	0.705991	2.364967	-55.489251	104.601710	-0.142829	0.548262	0.824020	-0.958305	-0.284788	0.023379	0.247489	-0.786323	0.566078						
56829		8.060702	0.058672	5.231416	0.533490	0.379423	-0.270133	0.706013	2.367030	-55.485456	104.602763	-0.142853	0.548312	0.823982	-0.958292	-0.284833	0.023402	0.247528	-0.786272	0.566132						
56830		8.097045	0.058663	5.279097	0.533486	0.379419	-0.270086	0.706036	2.371586	-55.481367	104.602671	-0.142867	0.548369	0.823942	-0.958273	-0.284892	0.023449	0.247593	-0.786211	0.566189						
56831		8.064264	0.094663	5.254572	0.533493	0.379364	-0.270064	0.706069	2.366876	-55.473975	104.607290	-0.142938	0.548461	0.823869	-0.958271	-0.284902	0.023407	0.247559	-0.786144	0.566297						
56832		8.061482	0.061328	5.282347	0.533559	0.379257	-0.270049	0.706082	2.361211	-55.461792	104.604725	-0.142957	0.548636	0.823748	-0.958309	-0.284776	0.023358	0.247399	-0.786066	0.566474						
56833		8.040837	0.043758	5.261023	0.533586	0.379188	-0.270043	0.706101	2.355246	-55.454172	104.606726	-0.143004	0.548737	0.823673	-0.958326	-0.284725	0.023304	0.247308	-0.786015	0.566586						
56834		8.057026	0.026083	5.286614	0.533620	0.379136	-0.270028	0.706109	2.353608	-55.447570	104.604854	-0.143010	0.548834	0.823608	-0.958343	-0.284669	0.023291	0.247238	-0.785968	0.566682						
56835		8.094125	0.057038	5.283591	0.533645	0.379104	-0.270023	0.706110	2.352532	-55.443862	104.603066	-0.143006	0.548890	0.823571	-0.958357	-0.284622	0.023283	0.247186	-0.785945	0.566735						
56836		8.043808	0.078979	5.285076	0.533697	0.379057	-0.270006	0.706102	2.353796	-55.437529	104.596598	-0.142967	0.548994	0.823508	-0.958384	-0.284529	0.023299	0.247103	-0.785906	0.566826						
56837		8.062078	0.094458	5.283995	0.533743	0.378999	-0.270004	0.706099	2.351209	-55.431344	104.593043	-0.142956	0.549089	0.823447	-0.958414	-0.284432	0.023277	0.246996	-0.785875	0.566916						
56838		8.057347	0.058518	5.262641	0.533791	0.378940	-0.269985	0.706102	2.350585	-55.423701	104.588937	-0.142944	0.549206	0.823371	-0.958438	-0.284351	0.023276	0.246910	-0.785823	0.567026						
56839		8.041345	0.077410	5.262804	0.533840	0.378918	-0.269974	0.706081	2.354522	-55.420472	104.580145	-0.142872	0.549272	0.823339	-0.958465	-0.284257	0.023316	0.246847	-0.785810	0.567070						
56840		8.074193	0.073128	5.237713	0.533910	0.378863	-0.269942	0.706070	2.358483	-55.412164	104.570278	-0.142807	0.549413	0.823257	-0.958497	-0.284143	0.023361	0.246757	-0.785753	0.567188						
56841		8.091320	0.087629	5.212365	0.533944	0.378838	-0.269909	0.706071	2.362840	-55.406825	104.564668	-0.142772	0.549501	0.823204	-0.958507	-0.284107	0.023407	0.246740	-0.785705	0.567263						
56842		8.074365	0.075582	5.263467	0.533973	0.378825	-0.269844	0.706080	2.372049	-55.400373	104.557767	-0.142730	0.549608	0.823140	-0.958502	-0.284115	0.023502	0.246783	-0.785627	0.567352						
56843		8.072843	0.074675	5.239772	0.533994	0.378799	-0.269809	0.706091	2.374885	-55.394933	104.555045	-0.142723	0.549690	0.823086	-0.958504	-0.284106	0.023533	0.246780	-0.785573	0.567429						
56844		8.106529	0.071772	5.239449	0.534040	0.378734	-0.269747	0.706115	2.378101	-55.383289	104.550865	-0.142725	0.549862	0.822971	-0.958512	-0.284076	0.023572	0.246747	-0.785463	0.567595						
56845		8.086783	0.056522	5.242790	0.534081	0.378662	-0.269673	0.706151	2.381473	-55.370043	104.547909	-0.142744	0.550054	0.822839	-0.958514	-0.284067	0.023613	0.246730	-0.785332	0.567783						
56846		8.054290	0.094329	5.243832	0.534125	0.378573	-0.269584	0.706199	2.384289	-55.353913	104.546113	-0.142785	0.550283	0.822679	-0.958512	-0.284069	0.023651	0.246713	-0.785171	0.568013						
56847		8.074950	0.114575	5.317081	0.534151	0.378503	-0.269493	0.706252	2.387916	-55.339605	104.546046	-0.142836	0.550482	0.822537	-0.958498	-0.284112	0.023695	0.246737	-0.785016	0.568217						
56848		8.020659	0.102553	5.321980	0.534166	0.378439	-0.269395	0.706312	2.392008	-55.325392	104.547431	-0.142901	0.550676	0.822396	-0.958475	-0.284186	0.023744	0.246789	-0.784853	0.568419						
56849		8.055003	0.100822	5.346637	0.534177	0.378364	-0.269350	0.706361	2.387963	-55.314145	104.552481	-0.142990	0.550819	0.822285	-0.958469	-0.284210	0.023711	0.246762	-0.784744	0.568582						
56850		8.051752	0.097460	5.299662	0.534238	0.378244	-0.269311	0.706395	2.382324	-55.298660	104.552228	-0.143043	0.551035	0.822131	-0.958496	-0.284123	0.023664	0.246626	-0.784624	0.568807						
56851		8.047535	0.062322	5.303559	0.534273	0.378133	-0.269314	0.706426	2.370365	-55.287535	104.557613	-0.143135	0.551176	0.822020	-0.958522	-0.284045	0.023552	0.246472	-0.784553	0.568971						
56852		8.079802	0.056891	5.279511	0.534314	0.378031	-0.269273	0.706465	2.365338	-55.273857	104.559465	-0.143202	0.551361	0.821884	-0.958536	-0.284001	0.023510	0.246379	-0.784439	0.569169						
56853		8.041301	0.025081	5.284572	0.534358	0.377925	-0.269267	0.706491	2.356031	-55.262460	104.562098	-0.143269	0.551513	0.821771	-0.958564	-0.283913	0.023425	0.246231	-0.784364	0.569336						
56854		8.062037	0.074364	5.282348	0.534376	0.377833	-0.269202	0.706552	2.352600	-55.247934	104.567193	-0.143370	0.551702	0.821626	-0.958555	-0.283946	0.023399	0.246207	-0.784219	0.569546						
56855		7.992491	0.050306	5.361377	0.534392	0.377779	-0.269197	0.706570	2.347338	-55.242084	104.569844	-0.143417	0.551777	0.821568	-0.958565	-0.283916	0.023350	0.246140	-0.784178	0.569632						
56856		8.008681	0.062779	5.311675	0.534424	0.377738	-0.269165	0.706580	2.348985	-55.235318	104.566694	-0.143411	0.551878	0.821501	-0.958574	-0.283883	0.023371	0.246108	-0.784118	0.569728						
56857		8.027913	0.079551	5.335107	0.534416	0.377686	-0.269144	0.706622	2.343182	-55.228374	104.573970	-0.143506	0.551956	0.821432	-0.958564	-0.283923	0.023317	0.246093	-0.784048	0.569830						
56858		7.992089	0.080644	5.312691	0.534379	0.377654	-0.269124	0.706675	2.336562	-55.223676	104.585531	-0.143634	0.551993	0.821385	-0.958535	-0.284024	0.023254	0.246129	-0.783986	0.569900						
56859		8.027326	0.078077	5.336012	0.534330	0.377639	-0.269135	0.706715	2.327648	-55.223194	104.598296	-0.143759	0.551967	0.821380	-0.958510	-0.284115	0.023165	0.246153	-0.783971	0.569911						
56860		8.038752	0.052758	5.239214	0.534316	0.377606	-0.269131	0.706745	2.321551	-55.219586	104.605380	-0.143840	0.552000	0.821344	-0.958502	-0.284149	0.023107	0.246139	-0.783936	0.569965						
56861		8.022807	0.041286	5.314413	0.534302	0.377594	-0.269084	0.706780	2.323743	-55.214758	104.608559	-0.143889	0.552059	0.821296	-0.958477	-0.284230	0.023131	0.246207	-0.783865	0.570033						
56862		8.060729	0.074107	5.336203	0.534328	0.377547	-0.269021	0.706810	2.327557	-55.204927	104.606489	-0.143904	0.552200	0.821198	-0.958472	-0.284244	0.023175	0.246218	-0.783760	0.570172						
56863		8.027799	0.110340	5.311945	0.534397	0.377484	-0.269014	0.706794	2.327416	-55.197824	104.598373	-0.143852	0.552319	0.821128	-0.958513	-0.284103	0.023178	0.246087	-0.783728	0.570274						
56864		8.004144	0.028697	5.367772	0.534450	0.377385	-0.269003	0.706811	2.320744	-55.186693	104.598000	-0.143888	0.552474	0.821017	-0.958545	-0.284001	0.023118	0.245942	-0.783655	0.570436						
56865		7.990020	0.079548	5.341713	0.534449	0.377332	-0.269020	0.706833	2.311312	-55.182669	104.604819	-0.143968	0.552513	0.820977	-0.958552	-0.283985	0.023026	0.245867	-0.783634	0.570497						
56866		8.038884	0.055548	5.316737	0.534429	0.377331	-0.269016	0.706850	2.309139	-55.182312	104.609383	-0.144014	0.552506	0.820973	-0.958539	-0.284031	0.023005	0.245893	-0.783622	0.570503						
56867		8.072380	0.050443	5.290918	0.534414	0.377323	-0.269043	0.706856	2.303076	-55.183718	104.614517	-0.144058	0.552474	0.820987	-0.958539	-0.284035	0.022944	0.245865	-0.783643	0.570486						
