// Start Time: Unknown
// Update Rate: 60.0Hz
//Filter Profile: human (46.1)
// Option Flags: AHS Disabled ICC Disabled
// Firmware Version: 4.0.2
0	sampleTimeFine	Year	Month	Day	Second	UTC_Nano	UTC_Year	UTC_Month	UTC_Day	UTC_Hour	UTC_Minute	UTC_Second	UTC_Valid	Acc_X	Acc_Y	Acc_Z	Mat[1][1]	Mat[2][1]	Mat[3][1]	Mat[1][2]	Mat[2][2]	Mat[3][2]	Mat[1][3]	Mat[2][3]	Mat[3][3]
0	6303851													0.005979	0.158204	-0.162158	-0.424175	-0.888813	0.173458	-0.001280	0.192132	0.981368	-0.905579	0.416050	-0.082635
1	6304017													8.815228	-0.011943	-4.126187	-0.424488	-0.888787	0.172821	-0.001436	0.191532	0.981485	-0.905432	0.416381	-0.082579
2	6304184													8.751842	-0.031442	-4.122788	-0.424525	-0.888720	0.173075	-0.001601	0.191892	0.981415	-0.905415	0.416358	-0.082886
3	6304351													8.720119	-0.013111	-4.142487	-0.424937	-0.888572	0.172827	-0.002044	0.191864	0.981419	-0.905221	0.416688	-0.083346
4	6304517													8.817858	-0.001967	-4.137400	-0.425624	-0.888325	0.172402	-0.002162	0.191518	0.981487	-0.904897	0.417372	-0.083435
5	6304684													8.837337	-0.031839	-4.136381	-0.425942	-0.888151	0.172513	-0.002037	0.191615	0.981468	-0.904748	0.417697	-0.083426
6	6304851													8.884053	-0.015192	-4.109527	-0.425912	-0.888180	0.172439	-0.002000	0.191513	0.981488	-0.904762	0.417683	-0.083344
7	6305017													8.863986	0.018333	-4.093352	-0.425475	-0.888424	0.172260	-0.002069	0.191303	0.981529	-0.904968	0.417260	-0.083233
8	6305184													8.895625	0.071115	-4.084825	-0.424722	-0.888772	0.172323	-0.002073	0.191299	0.981530	-0.905321	0.416521	-0.083091
9	6305351													8.882826	0.075071	-4.057710	-0.423719	-0.889208	0.172542	-0.001977	0.191394	0.981511	-0.905791	0.415544	-0.082855
10	6305517													8.830311	0.021165	-4.042952	-0.422607	-0.889679	0.172844	-0.001844	0.191555	0.981480	-0.906311	0.414462	-0.082593
11	6305684													8.786606	-0.023300	-4.029969	-0.421494	-0.890121	0.173285	-0.001943	0.191975	0.981398	-0.906829	0.413317	-0.082646
12	6305851													8.751653	-0.060353	-4.013589	-0.420564	-0.890524	0.173473	-0.002271	0.192237	0.981346	-0.907260	0.412325	-0.082871
13	6306017													8.732083	-0.095924	-4.023365	-0.419868	-0.890859	0.173439	-0.002811	0.192375	0.981318	-0.907581	0.411536	-0.083276
14	6306184													8.729751	-0.127749	-4.010098	-0.419421	-0.891128	0.173136	-0.003467	0.192294	0.981331	-0.907785	0.410991	-0.083742
15	6306351													8.760186	-0.146943	-4.017474	-0.419148	-0.891347	0.172669	-0.004090	0.192033	0.981380	-0.907909	0.410638	-0.084136
16	6306517													8.835342	-0.180915	-4.048496	-0.419083	-0.891517	0.171949	-0.004818	0.191563	0.981468	-0.907935	0.410489	-0.084576
17	6306684													8.738214	-0.130975	-4.035262	-0.419065	-0.891711	0.170985	-0.005657	0.190880	0.981597	-0.907939	0.410385	-0.085035
18	6306851													8.749877	-0.067993	-4.035009	-0.419319	-0.891765	0.170080	-0.006305	0.190202	0.981725	-0.907817	0.410583	-0.085378
19	6307017													8.800727	-0.068847	-4.034888	-0.419657	-0.891738	0.169387	-0.006764	0.189682	0.981822	-0.907658	0.410883	-0.085633
20	6307184													8.843006	-0.061822	-4.055338	-0.420007	-0.891690	0.168770	-0.007145	0.189211	0.981910	-0.907493	0.411203	-0.085841
21	6307351													8.827827	-0.053956	-4.039557	-0.420302	-0.891641	0.168295	-0.007491	0.188876	0.981972	-0.907353	0.411464	-0.086064
22	6307517													8.830500	-0.028944	-4.037702	-0.420537	-0.891576	0.168049	-0.007852	0.188793	0.981986	-0.907242	0.411641	-0.086395
23	6307684													8.815515	-0.037064	-4.056921	-0.420698	-0.891518	0.167956	-0.008151	0.188844	0.981973	-0.907164	0.411745	-0.086713
24	6307851													8.787436	-0.086800	-4.082679	-0.420834	-0.891428	0.168092	-0.008368	0.189106	0.981921	-0.907099	0.411819	-0.087042
25	6308017													8.769094	-0.117032	-4.100482	-0.421013	-0.891325	0.168188	-0.008582	0.189329	0.981876	-0.907014	0.411940	-0.087359
26	6308184													8.770458	-0.154965	-4.083214	-0.421187	-0.891211	0.168359	-0.008761	0.189616	0.981819	-0.906932	0.412055	-0.087672
27	6308351													8.773946	-0.155614	-4.100151	-0.421401	-0.891088	0.168475	-0.008855	0.189809	0.981781	-0.906831	0.412232	-0.087876
28	6308517													8.799673	-0.141297	-4.111120	-0.421595	-0.890994	0.168484	-0.008870	0.189847	0.981774	-0.906741	0.412416	-0.087942
29	6308684													8.778706	-0.121213	-4.124899	-0.421740	-0.890915	0.168541	-0.008760	0.189875	0.981769	-0.906674	0.412575	-0.087883
30	6308851													8.813613	-0.086418	-4.122793	-0.421825	-0.890883	0.168494	-0.008608	0.189763	0.981792	-0.906636	0.412694	-0.087716
31	6309017													8.857758	-0.066457	-4.097204	-0.421860	-0.890853	0.168570	-0.008483	0.189794	0.981787	-0.906621	0.412747	-0.087624
32	6309184													8.844129	-0.039653	-4.083668	-0.421689	-0.890904	0.168726	-0.008371	0.189897	0.981768	-0.906702	0.412588	-0.087535
33	6309351													8.800827	-0.032008	-4.071593	-0.421424	-0.890995	0.168907	-0.008301	0.190037	0.981742	-0.906826	0.412327	-0.087482
34	6309517													8.770729	-0.064271	-4.095408	-0.421142	-0.891085	0.169139	-0.008255	0.190241	0.981703	-0.906957	0.412039	-0.087475
35	6309684													8.789882	-0.085737	-4.082279	-0.420869	-0.891171	0.169362	-0.008270	0.190464	0.981659	-0.907084	0.411749	-0.087530
36	6309851													8.814857	-0.111850	-4.060912	-0.420564	-0.891273	0.169586	-0.008327	0.190705	0.981612	-0.907225	0.411418	-0.087625
37	6310017													8.803689	-0.114377	-4.073617	-0.420247	-0.891414	0.169630	-0.008434	0.190768	0.981599	-0.907371	0.411083	-0.087688
38	6310184													8.799331	-0.121282	-4.098203	-0.419935	-0.891582	0.169520	-0.008564	0.190672	0.981616	-0.907514	0.410763	-0.087705
39	6310351													8.770181	-0.101085	-4.081755	-0.419695	-0.891733	0.169319	-0.008752	0.190510	0.981646	-0.907623	0.410511	-0.087760
40	6310518													8.748697	-0.080196	-4.085788	-0.419585	-0.891831	0.169076	-0.008896	0.190296	0.981686	-0.907673	0.410397	-0.087779
41	6310684													8.746316	-0.056304	-4.052343	-0.419585	-0.891886	0.168782	-0.008963	0.190004	0.981742	-0.907672	0.410411	-0.087717
42	6310851													8.762352	-0.006902	-4.057554	-0.419695	-0.891889	0.168492	-0.009003	0.189714	0.981798	-0.907621	0.410539	-0.087651
43	6311018													8.769446	0.024819	-4.047269	-0.419861	-0.891825	0.168417	-0.008979	0.189638	0.981813	-0.907544	0.410713	-0.087629
44	6311184													8.829506	0.040372	-4.059757	-0.420023	-0.891759	0.168363	-0.008982	0.189596	0.981821	-0.907469	0.410876	-0.087645
45	6311351													8.914662	0.059998	-4.089307	-0.420065	-0.891716	0.168485	-0.008981	0.189735	0.981794	-0.907449	0.410905	-0.087709
46	6311518													8.864032	0.033072	-4.095013	-0.419934	-0.891724	0.168772	-0.009056	0.190072	0.981728	-0.907510	0.410733	-0.087893
47	6311684													8.830241	-0.009726	-4.066689	-0.419732	-0.891777	0.168994	-0.009237	0.190376	0.981668	-0.907601	0.410476	-0.088145
48	6311851													8.714487	-0.036493	-4.054941	-0.419539	-0.891815	0.169271	-0.009515	0.190786	0.981586	-0.907687	0.410203	-0.088527
49	6312018													8.741148	-0.044200	-4.076263	-0.419600	-0.891773	0.169341	-0.009745	0.190974	0.981547	-0.907657	0.410207	-0.088823
50	6312184													8.798392	-0.057354	-4.072655	-0.419694	-0.891690	0.169544	-0.009750	0.191210	0.981501	-0.907613	0.410277	-0.088944
51	6312351													8.807730	-0.104629	-4.066883	-0.419819	-0.891610	0.169660	-0.009640	0.191301	0.981484	-0.907557	0.410410	-0.088907
52	6312518													8.862035	-0.092263	-4.063476	-0.419833	-0.891608	0.169634	-0.009576	0.191244	0.981496	-0.907551	0.410440	-0.088828
53	6312684													8.863014	-0.043916	-4.065062	-0.419717	-0.891691	0.169483	-0.009547	0.191053	0.981533	-0.907605	0.410348	-0.088702
54	6313018													8.867995	0.022927	-4.051932	-0.419459	-0.891827	0.169406	-0.009471	0.190906	0.981563	-0.907725	0.410121	-0.088524
55	6313184													8.849614	0.040380	-4.035201	-0.419102	-0.891996	0.169398	-0.009389	0.190822	0.981580	-0.907890	0.409792	-0.088349
56	6313351													8.788814	0.025066	-4.010913	-0.418684	-0.892208	0.169316	-0.009361	0.190674	0.981609	-0.908084	0.409399	-0.088184
57	6313518													8.770529	0.018602	-4.017476	-0.418335	-0.892365	0.169353	-0.009430	0.190708	0.981601	-0.908244	0.409041	-0.088195
58	6313684													8.808949	-0.025225	-4.018430	-0.418052	-0.892473	0.169482	-0.009649	0.190920	0.981558	-0.908372	0.408707	-0.088426
59	6313851													8.839461	-0.048029	-4.036769	-0.417802	-0.892606	0.169396	-0.009985	0.190949	0.981549	-0.908483	0.408402	-0.088692
60	6314018													8.817565	-0.027308	-4.030973	-0.417549	-0.892766	0.169181	-0.010293	0.190823	0.981570	-0.908596	0.408113	-0.088867
61	6314184													8.798824	-0.118060	-4.026715	-0.417369	-0.892891	0.168961	-0.010642	0.190719	0.981587	-0.908675	0.407886	-0.089103
62	6314351													8.783154	-0.113657	-4.043919	-0.417212	-0.893035	0.168589	-0.011061	0.190482	0.981628	-0.908742	0.407682	-0.089349
63	6314518													8.702126	-0.076207	-4.022700	-0.417259	-0.893104	0.168107	-0.011452	0.190132	0.981692	-0.908715	0.407695	-0.089562
64	6314684													8.750043	-0.058647	-4.049724	-0.417482	-0.893070	0.167735	-0.011635	0.189830	0.981748	-0.908611	0.407911	-0.089642
65	6314851													8.792747	-0.058452	-4.073320	-0.417842	-0.892986	0.167285	-0.011782	0.189440	0.981822	-0.908443	0.408275	-0.089677
66	6315018													8.820218	-0.063832	-4.031435	-0.418202	-0.892888	0.166909	-0.011919	0.189127	0.981880	-0.908276	0.408635	-0.089736
67	6315184													8.831492	-0.035851	-4.059225	-0.418489	-0.892783	0.166748	-0.012049	0.189040	0.981895	-0.908142	0.408903	-0.089868
68	6315351													8.821236	-0.003415	-4.056010	-0.418705	-0.892715	0.166571	-0.012185	0.188930	0.981915	-0.908041	0.409103	-0.089984
69	6315518													8.792784	-0.029346	-4.099021	-0.418872	-0.892648	0.166514	-0.012307	0.188940	0.981912	-0.907962	0.409246	-0.090127
70	6315684													8.803828	-0.039298	-4.091954	-0.419049	-0.892558	0.166549	-0.012448	0.189061	0.981886	-0.907878	0.409385	-0.090336
71	6315851													8.807183	-0.065877	-4.084871	-0.419193	-0.892467	0.166675	-0.012578	0.189275	0.981844	-0.907810	0.409485	-0.090568
72	6316018													8.797274	-0.086657	-4.111099	-0.419345	-0.892391	0.166701	-0.012673	0.189363	0.981825	-0.907739	0.409610	-0.090718
73	6316184													8.808876	-0.092437	-4.079911	-0.419448	-0.892348	0.166669	-0.012756	0.189377	0.981822	-0.907690	0.409697	-0.090816
74	6316351													8.801908	-0.083869	-4.091968	-0.419477	-0.892346	0.166610	-0.012749	0.189311	0.981834	-0.907677	0.409733	-0.090788
75	6316518													8.845724	-0.087742	-4.116479	-0.419469	-0.892367	0.166514	-0.012718	0.189191	0.981858	-0.907680	0.409742	-0.090709
76	6316684													8.835238	-0.080947	-4.089300	-0.419376	-0.892445	0.166331	-0.012703	0.188973	0.981900	-0.907724	0.409673	-0.090587
77	6316851													8.803123	-0.075601	-4.091972	-0.419196	-0.892585	0.166030	-0.012786	0.188660	0.981959	-0.907806	0.409511	-0.090498
78	6317018													8.823086	-0.066747	-4.066013	-0.419003	-0.892738	0.165696	-0.012951	0.188345	0.982017	-0.907893	0.409322	-0.090479
79	6317184													8.850698	-0.073324	-4.061136	-0.418682	-0.892951	0.165359	-0.013220	0.188061	0.982068	-0.908037	0.408988	-0.090542
80	6317351													8.872025	-0.079612	-4.056571	-0.418275	-0.893194	0.165079	-0.013525	0.187846	0.982105	-0.908220	0.408557	-0.090651
81	6317518													8.827761	-0.088373	-4.026368	-0.417766	-0.893498	0.164721	-0.013870	0.187551	0.982157	-0.908449	0.408027	-0.090745
82	6317684													8.786138	-0.060008	-4.016960	-0.417270	-0.893788	0.164406	-0.014077	0.187243	0.982213	-0.908673	0.407534	-0.090712
83	6317851													8.785404	-0.073582	-4.003325	-0.416864	-0.894017	0.164187	-0.014139	0.186986	0.982261	-0.908859	0.407147	-0.090588
84	6318018													8.808942	-0.052134	-4.002076	-0.416591	-0.894186	0.163961	-0.014123	0.186701	0.982315	-0.908984	0.406909	-0.090407
85	6318184													8.810349	-0.010702	-4.003980	-0.416366	-0.894320	0.163799	-0.014123	0.186498	0.982354	-0.909087	0.406706	-0.090282
86	6318351													8.778096	0.014555	-3.982070	-0.416300	-0.894361	0.163746	-0.014097	0.186421	0.982369	-0.909118	0.406651	-0.090215
87	6318518													8.827070	0.029432	-3.967237	-0.416366	-0.894330	0.163746	-0.014062	0.186413	0.982371	-0.909088	0.406723	-0.090192
88	6318684													8.797471	-0.025485	-3.996762	-0.416596	-0.894198	0.163887	-0.014048	0.186586	0.982338	-0.908983	0.406935	-0.090293
89	6318851													8.756874	-0.037240	-3.986435	-0.416840	-0.894055	0.164043	-0.014183	0.186844	0.982287	-0.908869	0.407130	-0.090565
90	6319018													8.674651	-0.028095	-4.024865	-0.417431	-0.893746	0.164224	-0.014339	0.187179	0.982221	-0.908596	0.407655	-0.090950
91	6319184													8.739522	-0.058446	-4.035036	-0.418227	-0.893360	0.164297	-0.014427	0.187386	0.982180	-0.908228	0.408404	-0.091259
92	6319351													8.753546	-0.068956	-4.051116	-0.419149	-0.892899	0.164453	-0.014348	0.187624	0.982136	-0.907804	0.409302	-0.091454
93	6319518													8.800111	-0.108208	-4.070171	-0.420144	-0.892417	0.164530	-0.014097	0.187706	0.982124	-0.907348	0.410315	-0.091444
94	6319684													8.873355	-0.102098	-4.101950	-0.421045	-0.891977	0.164614	-0.013760	0.187745	0.982121	-0.906935	0.411252	-0.091322
95	6319851													8.856861	-0.053067	-4.083887	-0.421797	-0.891620	0.164623	-0.013429	0.187688	0.982137	-0.906591	0.412052	-0.091140
96	6320018													8.873235	0.031112	-4.102146	-0.422380	-0.891330	0.164703	-0.013009	0.187649	0.982150	-0.906326	0.412698	-0.090855
97	6320184													8.883979	0.046280	-4.110911	-0.422738	-0.891134	0.164842	-0.012564	0.187640	0.982158	-0.906165	0.413124	-0.090519
98	6320351													8.867332	0.060765	-4.091312	-0.422875	-0.891018	0.165119	-0.012175	0.187782	0.982135	-0.906106	0.413310	-0.090256
99	6320518													8.819459	0.047927	-4.095338	-0.422901	-0.890954	0.165394	-0.011964	0.187992	0.982098	-0.906097	0.413351	-0.090162
100	6320684													8.808074	0.032166	-4.089566	-0.422839	-0.890928	0.165692	-0.011919	0.188294	0.982040	-0.906126	0.413270	-0.090237
101	6320851													8.799622	-0.013832	-4.104814	-0.422745	-0.890915	0.166003	-0.012042	0.188681	0.981965	-0.906169	0.413122	-0.090492
102	6321018													8.779037	-0.030396	-4.109399	-0.422578	-0.890961	0.166179	-0.012223	0.188940	0.981913	-0.906244	0.412904	-0.090732
103	6321184													8.765116	-0.093251	-4.113118	-0.422513	-0.891001	0.166131	-0.012524	0.189017	0.981894	-0.906271	0.412782	-0.091021
104	6321351													8.741692	-0.126848	-4.128551	-0.422462	-0.891079	0.165842	-0.012987	0.188904	0.981910	-0.906288	0.412666	-0.091377
105	6321518													8.690404	-0.079218	-4.119778	-0.422621	-0.891115	0.165244	-0.013451	0.188475	0.981986	-0.906207	0.412785	-0.091640
106	6321684													8.712787	-0.062222	-4.126982	-0.422921	-0.891104	0.164532	-0.013824	0.187893	0.982092	-0.906061	0.413073	-0.091782
107	6321851													8.768366	-0.071633	-4.146832	-0.423311	-0.891061	0.163759	-0.014169	0.187241	0.982212	-0.905873	0.413461	-0.091887
108	6322018													8.807346	-0.049700	-4.136816	-0.423729	-0.890998	0.163024	-0.014627	0.186687	0.982311	-0.905671	0.413848	-0.092137
109	6322184													8.805861	-0.028893	-4.117854	-0.424090	-0.890959	0.162294	-0.015118	0.186148	0.982405	-0.905494	0.414175	-0.092413
110	6322351													8.799839	-0.010561	-4.147991	-0.424351	-0.890943	0.161699	-0.015626	0.185754	0.982472	-0.905363	0.414386	-0.092747
111	6322518													8.743834	-0.021668	-4.124283	-0.424587	-0.890922	0.161194	-0.016143	0.185460	0.982519	-0.905243	0.414563	-0.093126
112	6322684													8.773249	-0.044652	-4.137593	-0.424850	-0.890874	0.160767	-0.016628	0.185241	0.982552	-0.905111	0.414764	-0.093513
113	6322851													8.789725	-0.087847	-4.148377	-0.425040	-0.890833	0.160493	-0.017041	0.185150	0.982563	-0.905014	0.414893	-0.093877
114	6323018													8.801603	-0.116088	-4.141933	-0.425174	-0.890821	0.160203	-0.017362	0.184992	0.982587	-0.904945	0.414989	-0.094120
115	6323184													8.823908	-0.107101	-4.156085	-0.425159	-0.890882	0.159904	-0.017601	0.184771	0.982624	-0.904947	0.414957	-0.094238
116	6323351													8.836050	-0.110083	-4.133763	-0.425023	-0.890972	0.159766	-0.017663	0.184632	0.982649	-0.905010	0.414826	-0.094210
117	6323518													8.812263	-0.082740	-4.123175	-0.424765	-0.891106	0.159700	-0.017619	0.184509	0.982673	-0.905132	0.414591	-0.094073
118	6323684													8.796451	-0.059720	-4.115675	-0.424409	-0.891270	0.159731	-0.017479	0.184438	0.982689	-0.905302	0.414270	-0.093855
119	6323851													8.772530	-0.055760	-4.103177	-0.424010	-0.891436	0.159869	-0.017301	0.184463	0.982687	-0.905492	0.413903	-0.093637
120	6324018													8.780462	-0.038373	-4.097705	-0.423631	-0.891584	0.160047	-0.017151	0.184548	0.982674	-0.905672	0.413546	-0.093472
121	6324184													8.800674	-0.021749	-4.093763	-0.423216	-0.891735	0.160305	-0.017070	0.184748	0.982638	-0.905868	0.413131	-0.093410
122	6324351													8.797156	-0.048326	-4.090930	-0.422780	-0.891878	0.160657	-0.016998	0.185053	0.982581	-0.906073	0.412684	-0.093397
123	6324518													8.791210	-0.080498	-4.093290	-0.422322	-0.892023	0.161058	-0.016908	0.185402	0.982517	-0.906288	0.412216	-0.093382
124	6324684													8.757923	-0.098545	-4.100904	-0.421894	-0.892171	0.161361	-0.016823	0.185649	0.982472	-0.906489	0.411784	-0.093333
125	6324851													8.768972	-0.106187	-4.091256	-0.421554	-0.892284	0.161621	-0.016678	0.185831	0.982440	-0.906650	0.411456	-0.093219
126	6325018													8.764046	-0.115052	-4.083514	-0.421232	-0.892434	0.161630	-0.016547	0.185744	0.982459	-0.906802	0.411169	-0.093008
127	6325184													8.778047	-0.086009	-4.087752	-0.420955	-0.892576	0.161570	-0.016445	0.185602	0.982487	-0.906932	0.410926	-0.092809
128	6325351													8.861440	-0.054985	-4.125189	-0.420656	-0.892727	0.161513	-0.016359	0.185466	0.982515	-0.907073	0.410658	-0.092621
129	6325518													8.919508	-0.026465	-4.126802	-0.420105	-0.892993	0.161479	-0.016343	0.185359	0.982535	-0.907329	0.410128	-0.092464
130	6325684													8.858540	-0.041774	-4.120670	-0.419392	-0.893336	0.161435	-0.016371	0.185243	0.982556	-0.907657	0.409434	-0.092314
131	6325851													8.887331	-0.027464	-4.120306	-0.418471	-0.893766	0.161446	-0.016462	0.185194	0.982564	-0.908081	0.408517	-0.092212
132	6326018													8.787132	-0.040460	-4.110888	-0.417361	-0.894285	0.161441	-0.016589	0.185122	0.982576	-0.908589	0.407411	-0.092098
133	6326184													8.795597	-0.065520	-4.115370	-0.416264	-0.894785	0.161504	-0.016701	0.185119	0.982574	-0.909090	0.406313	-0.092002
134	6326351													8.802840	-0.070277	-4.099058	-0.415090	-0.895303	0.161653	-0.016720	0.185161	0.982566	-0.909627	0.405151	-0.091828
135	6326518													8.829920	-0.084061	-4.056575	-0.413842	-0.895835	0.161908	-0.016588	0.185244	0.982553	-0.910197	0.403936	-0.091522
136	6326684													8.866629	-0.080877	-4.034740	-0.412445	-0.896428	0.162190	-0.016368	0.185302	0.982545	-0.910835	0.402591	-0.091100
137	6326851													8.895109	-0.051468	-4.010187	-0.410904	-0.897084	0.162475	-0.016176	0.185362	0.982537	-0.911535	0.401101	-0.090677
138	6327018													8.917555	-0.026719	-3.979496	-0.409198	-0.897808	0.162781	-0.016000	0.185433	0.982527	-0.912305	0.399443	-0.090243
139	6327185													8.922317	0.007201	-3.936793	-0.407310	-0.898586	0.163225	-0.015762	0.185611	0.982497	-0.913154	0.397608	-0.089764
140	6327351													8.895195	-0.021251	-3.912564	-0.405322	-0.899396	0.163708	-0.015605	0.185858	0.982453	-0.914041	0.395655	-0.089367
141	6327518													8.868267	-0.029284	-3.885279	-0.403344	-0.900208	0.164129	-0.015562	0.186089	0.982410	-0.914916	0.393695	-0.089067
142	6327685													8.884033	-0.050625	-3.878353	-0.401379	-0.901023	0.164479	-0.015573	0.186267	0.982376	-0.915780	0.391743	-0.088795
143	6327851													8.870861	-0.090177	-3.856118	-0.399477	-0.901814	0.164773	-0.015648	0.186418	0.982346	-0.916609	0.389847	-0.088582
144	6328018													8.919314	-0.064535	-3.834935	-0.397618	-0.902587	0.165036	-0.015735	0.186547	0.982320	-0.917416	0.387991	-0.088377
145	6328185													8.921312	-0.096284	-3.802904	-0.395786	-0.903365	0.165183	-0.015790	0.186538	0.982321	-0.918207	0.386181	-0.088093
146	6328351													8.952633	-0.108517	-3.804786	-0.393991	-0.904145	0.165205	-0.015950	0.186442	0.982336	-0.918976	0.384397	-0.087877
147	6328518													8.850107	-0.077096	-3.801817	-0.392180	-0.904975	0.164969	-0.016216	0.186110	0.982395	-0.919746	0.382600	-0.087664
148	6328685													8.897450	-0.033689	-3.774507	-0.390632	-0.905682	0.164763	-0.016364	0.185788	0.982454	-0.920402	0.381081	-0.087395
149	6328851													8.934244	-0.033170	-3.786701	-0.389143	-0.906342	0.164655	-0.016407	0.185535	0.982501	-0.921031	0.379632	-0.087070
150	6329018													9.015994	-0.000245	-3.771216	-0.387686	-0.906986	0.164550	-0.016428	0.185281	0.982548	-0.921645	0.378217	-0.086731
151	6329185													9.056023	-0.028016	-3.791471	-0.385981	-0.907718	0.164522	-0.016541	0.185123	0.982576	-0.922359	0.376534	-0.086469
152	6329351													9.090259	0.060251	-3.761374	-0.384114	-0.908480	0.164681	-0.016585	0.185125	0.982575	-0.923137	0.374690	-0.086176
153	6329518													9.236083	0.002327	-3.774564	-0.381939	-0.909318	0.165113	-0.016489	0.185334	0.982537	-0.924040	0.372547	-0.085780
154	6329685													9.358934	-0.004117	-3.806565	-0.378995	-0.910479	0.165502	-0.016535	0.185478	0.982509	-0.925251	0.369629	-0.085350
155	6329851													9.449300	0.055769	-3.775769	-0.375163	-0.911993	0.165893	-0.016622	0.185555	0.982493	-0.926810	0.365838	-0.084772
156	6330018													9.321996	-0.013918	-3.739300	-0.370233	-0.913934	0.166290	-0.016762	0.185554	0.982491	-0.928787	0.360964	-0.084017
157	6330185													9.122888	-0.084805	-3.700794	-0.364755	-0.916085	0.166559	-0.017123	0.185453	0.982504	-0.930946	0.355521	-0.083331
158	6330351													9.043728	-0.070341	-3.641350	-0.358970	-0.918346	0.166674	-0.017779	0.185272	0.982527	-0.933180	0.349735	-0.082834
159	6330518													8.981839	-0.046231	-3.549973	-0.353122	-0.920602	0.166723	-0.018604	0.185078	0.982548	-0.935392	0.343857	-0.082482
160	6330685													8.957292	0.001386	-3.496429	-0.347385	-0.922752	0.166892	-0.019359	0.184995	0.982549	-0.937523	0.338092	-0.082128
161	6330851													8.949826	-0.079650	-3.413724	-0.341846	-0.924768	0.167171	-0.019954	0.184990	0.982538	-0.939544	0.332541	-0.081692
162	6331018													9.015860	-0.101140	-3.307403	-0.336584	-0.926650	0.167427	-0.020565	0.184992	0.982525	-0.941429	0.327259	-0.081322
163	6331185													9.005694	-0.133618	-3.208962	-0.331579	-0.928417	0.167624	-0.021154	0.184947	0.982521	-0.943190	0.322237	-0.080964
164	6331351													8.964207	-0.131182	-3.168725	-0.326980	-0.930038	0.167673	-0.021748	0.184784	0.982538	-0.944781	0.317624	-0.080647
165	6331518													8.991115	-0.123567	-3.098280	-0.322905	-0.931464	0.167650	-0.022261	0.184565	0.982568	-0.946169	0.313544	-0.080333
166	6331685													9.000291	-0.160872	-3.039216	-0.319451	-0.932670	0.167564	-0.022643	0.184292	0.982611	-0.947332	0.310101	-0.079991
167	6331851													9.013445	-0.151274	-2.990131	-0.316517	-0.933711	0.167336	-0.022948	0.183891	0.982679	-0.948309	0.307194	-0.079631
168	6332018													9.052806	-0.209757	-2.993777	-0.314133	-0.934583	0.166960	-0.023169	0.183356	0.982773	-0.949096	0.304853	-0.079252
169	6332185													9.127335	-0.218020	-2.951135	-0.312258	-0.935314	0.166379	-0.023368	0.182646	0.982901	-0.949710	0.303031	-0.078889
170	6332351													9.228559	-0.174257	-2.908391	-0.310757	-0.935944	0.165646	-0.023538	0.181799	0.983054	-0.950198	0.301592	-0.078526
171	6332518													9.362900	-0.159593	-2.872695	-0.309395	-0.936524	0.164915	-0.023603	0.180934	0.983212	-0.950641	0.300308	-0.078085
172	6332685													9.366281	-0.142828	-2.840434	-0.308002	-0.937105	0.164224	-0.023630	0.180098	0.983365	-0.951092	0.298998	-0.077614
173	6332851													9.329353	-0.195895	-2.855282	-0.306638	-0.937680	0.163494	-0.023698	0.179236	0.983521	-0.951531	0.297710	-0.077182
174	6333018													9.166156	-0.215341	-2.850059	-0.305400	-0.938235	0.162622	-0.023900	0.178280	0.983690	-0.951924	0.296532	-0.076870
175	6333185													9.168029	-0.112780	-2.854249	-0.304571	-0.938667	0.161683	-0.024075	0.177280	0.983866	-0.952185	0.295765	-0.076593
176	6333351													9.238428	-0.064938	-2.860069	-0.303896	-0.939012	0.160947	-0.024082	0.176454	0.984014	-0.952401	0.295162	-0.076237
177	6333518													9.306211	-0.066209	-2.890709	-0.303218	-0.939308	0.160494	-0.023898	0.175866	0.984124	-0.952621	0.294569	-0.075774
178	6333685													9.379103	-0.102351	-2.901161	-0.302335	-0.939626	0.160301	-0.023666	0.175518	0.984192	-0.952908	0.293762	-0.075302
179	6333851													9.471674	-0.098539	-2.918417	-0.301056	-0.940038	0.160291	-0.023453	0.175337	0.984229	-0.953318	0.292549	-0.074833
180	6334018													9.593148	-0.038191	-2.940960	-0.299155	-0.940611	0.160488	-0.023253	0.175327	0.984236	-0.953921	0.290707	-0.074322
181	6334185													9.631184	-0.023944	-2.918877	-0.296444	-0.941381	0.161008	-0.022916	0.175548	0.984204	-0.954775	0.288072	-0.073613
182	6334351													9.547751	-0.092059	-2.929429	-0.292953	-0.942353	0.161710	-0.022563	0.175897	0.984150	-0.955861	0.284661	-0.072792
183	6334518													9.466912	-0.086786	-2.879133	-0.288981	-0.943444	0.162491	-0.022313	0.176324	0.984079	-0.957075	0.280754	-0.072005
184	6334685													9.460611	-0.036768	-2.865525	-0.284665	-0.944605	0.163362	-0.022128	0.176842	0.983990	-0.958372	0.276493	-0.071243
185	6334851													9.439519	-0.042220	-2.865838	-0.280042	-0.945802	0.164425	-0.021885	0.177524	0.983873	-0.959738	0.271928	-0.070413
186	6335018													9.450535	-0.038633	-2.822491	-0.275109	-0.947048	0.165576	-0.021572	0.178258	0.983747	-0.961171	0.267066	-0.069470
187	6335185													9.459523	0.019794	-2.795228	-0.269939	-0.948296	0.166934	-0.021152	0.179169	0.983591	-0.962645	0.261979	-0.068423
188	6335351													9.502721	-0.018853	-2.765530	-0.264465	-0.949539	0.168626	-0.020515	0.180351	0.983388	-0.964177	0.256612	-0.067177
189	6335518													9.445657	0.077873	-2.695820	-0.258810	-0.950734	0.170654	-0.019678	0.181827	0.983134	-0.965728	0.251086	-0.065767
190	6335685													9.739129	0.366936	-2.614456	-0.252896	-0.951781	0.173655	-0.018098	0.184112	0.982739	-0.967324	0.245388	-0.063786
191	6335851													9.953033	0.583065	-2.602827	-0.245713	-0.952810	0.178264	-0.015300	0.187691	0.982109	-0.969222	0.238590	-0.060696
192	6336018													9.697510	0.285638	-2.572425	-0.237338	-0.953784	0.184302	-0.011779	0.192535	0.981219	-0.971356	0.230710	-0.056930
193	6336185													9.364986	0.069278	-2.496489	-0.228496	-0.954703	0.190611	-0.008782	0.197804	0.980202	-0.973505	0.222299	-0.053582
194	6336351													9.175740	0.017510	-2.390453	-0.220053	-0.955440	0.196753	-0.006749	0.203183	0.979117	-0.975465	0.214130	-0.051159
195	6336518													9.148286	0.068229	-2.262154	-0.212359	-0.955973	0.202532	-0.005639	0.208454	0.978016	-0.977176	0.206548	-0.049658
196	6336685													9.284197	0.037134	-2.110781	-0.205495	-0.956287	0.208056	-0.005132	0.213644	0.976898	-0.978645	0.199680	-0.048811
197	6336851													9.553944	0.063417	-1.981156	-0.199139	-0.956498	0.213202	-0.004959	0.218541	0.975815	-0.979959	0.193266	-0.048263
198	6337018													9.628618	-0.021787	-1.899807	-0.192683	-0.956722	0.218075	-0.004707	0.223139	0.974775	-0.981250	0.186796	-0.047498
199	6337185													9.476601	-0.236279	-1.831394	-0.186405	-0.956972	0.222393	-0.004544	0.227198	0.973838	-0.982462	0.180518	-0.046700
200	6337351													9.449057	-0.300331	-1.777256	-0.180576	-0.957285	0.225828	-0.004685	0.230437	0.973076	-0.983550	0.174656	-0.046096
201	6337518													9.422997	-0.286871	-1.716291	-0.175252	-0.957661	0.228412	-0.005063	0.232877	0.972493	-0.984511	0.169275	-0.045660
202	6337685													9.515324	-0.185202	-1.658410	-0.170374	-0.958091	0.230291	-0.005361	0.234606	0.972076	-0.985365	0.164382	-0.045107
203	6337851													9.615297	-0.187004	-1.567290	-0.165577	-0.958581	0.231745	-0.005431	0.235872	0.971769	-0.986182	0.159644	-0.044261
204	6338018													9.675919	-0.189972	-1.502688	-0.160747	-0.959152	0.232785	-0.005234	0.236677	0.971574	-0.986982	0.154959	-0.043065
205	6338185													9.714466	-0.128384	-1.442352	-0.155762	-0.959835	0.233358	-0.004877	0.236986	0.971501	-0.987783	0.150185	-0.041594
206	6338351													9.673553	-0.059637	-1.404118	-0.150578	-0.960624	0.233511	-0.004422	0.236856	0.971535	-0.988588	0.145259	-0.039913
207	6338518													9.688094	-0.004655	-1.417216	-0.145365	-0.961459	0.233380	-0.003870	0.236436	0.971639	-0.989370	0.140339	-0.038090
208	6338685													9.612699	0.020902	-1.351250	-0.140127	-0.962314	0.233059	-0.003279	0.235831	0.971788	-0.990128	0.135410	-0.036201
209	6338851													9.643361	0.053165	-1.315795	-0.134958	-0.963190	0.232487	-0.002824	0.235007	0.971990	-0.990847	0.130522	-0.034436
210	6339018													9.657112	0.106394	-1.320810	-0.129778	-0.964082	0.231741	-0.002493	0.234034	0.972225	-0.991540	0.125596	-0.032776
211	6339185													9.767638	0.139429	-1.270658	-0.124476	-0.964977	0.230924	-0.002265	0.233010	0.972472	-0.992220	0.120526	-0.031190
212	6339351													9.826799	0.178994	-1.218189	-0.118791	-0.965860	0.230226	-0.002091	0.232110	0.972687	-0.992917	0.115065	-0.029592
213	6339518													9.856010	0.154454	-1.149842	-0.112731	-0.966717	0.229674	-0.001895	0.231356	0.972867	-0.993624	0.109237	-0.027913
214	6339685													9.852255	0.157468	-1.086092	-0.106337	-0.967542	0.229250	-0.001660	0.230729	0.973017	-0.994329	0.103088	-0.026141
215	6339851													9.766356	0.177085	-1.008295	-0.099630	-0.968327	0.228946	-0.001346	0.230222	0.973137	-0.995024	0.096646	-0.024241
216	6340018													9.726598	0.163639	-0.966238	-0.092890	-0.969017	0.228863	-0.000971	0.229945	0.973203	-0.995676	0.090178	-0.022300
217	6340185													9.608786	0.108863	-0.906317	-0.086277	-0.969625	0.228876	-0.000716	0.229792	0.973239	-0.996271	0.083805	-0.020520
218	6340351													9.643296	0.056996	-0.839855	-0.080105	-0.970156	0.228866	-0.000541	0.229646	0.973274	-0.996786	0.077840	-0.018921
219	6340518													9.732520	0.136070	-0.805166	-0.074131	-0.970646	0.228802	-0.000404	0.229462	0.973317	-0.997248	0.072060	-0.017402
220	6340685													9.696951	0.110066	-0.715231	-0.068355	-0.971093	0.228705	-0.000263	0.229258	0.973366	-0.997661	0.066474	-0.015926
221	6340851													9.722045	0.094173	-0.642995	-0.062789	-0.971519	0.228493	-0.000125	0.228952	0.973438	-0.998027	0.061092	-0.014497
222	6341018													9.787412	0.076982	-0.576343	-0.057383	-0.971949	0.228082	-0.000102	0.228465	0.973552	-0.998352	0.055842	-0.013209
223	6341185													9.830378	0.106363	-0.541131	-0.051879	-0.972367	0.227619	-0.000115	0.227932	0.973677	-0.998653	0.050488	-0.011937
224	6341351													9.761977	0.117462	-0.416551	-0.046474	-0.972786	0.226995	-0.000074	0.227244	0.973838	-0.998920	0.045241	-0.010633
225	6341518													9.715190	0.144291	-0.362792	-0.041192	-0.973175	0.226350	0.000067	0.226540	0.974002	-0.999151	0.040136	-0.009267
226	6341685													9.628712	0.202643	-0.303230	-0.036270	-0.973506	0.225765	0.000273	0.225903	0.974150	-0.999342	0.035394	-0.007927
227	6341851													9.647785	0.187419	-0.242477	-0.031925	-0.973784	0.225224	0.000446	0.225325	0.974284	-0.999490	0.031204	-0.006759
228	6342018													9.722355	0.222097	-0.212351	-0.028027	-0.974027	0.224691	0.000482	0.224766	0.974413	-0.999607	0.027418	-0.005830
229	6342185													9.797991	0.222175	-0.205071	-0.024427	-0.974237	0.224198	0.000446	0.224254	0.974531	-0.999702	0.023905	-0.005043
230	6342351													9.848616	0.164801	-0.178195	-0.020793	-0.974425	0.223751	0.000231	0.223794	0.974636	-0.999784	0.020318	-0.004429
231	6342518													9.927690	0.087430	-0.144014	-0.017133	-0.974626	0.223184	-0.000192	0.223220	0.974768	-0.999853	0.016657	-0.004012
232	6342685													9.933777	0.064489	-0.087259	-0.013237	-0.974869	0.222386	-0.000735	0.222415	0.974952	-0.999912	0.012742	-0.003661
233	6342851													9.935156	0.024429	-0.032797	-0.009178	-0.975128	0.221454	-0.001209	0.221474	0.975165	-0.999957	0.008683	-0.003211
234	6343018													9.852758	0.041598	0.011886	-0.005081	-0.975410	0.220338	-0.001612	0.220348	0.975420	-0.999986	0.004601	-0.002692
235	6343185													9.815273	0.022897	0.068773	-0.000982	-0.975691	0.219151	-0.001810	0.219152	0.975689	-0.999998	0.000562	-0.001981
236	6343351													9.822798	0.037340	0.097567	0.003103	-0.975958	0.217937	-0.001916	0.217932	0.975962	-0.999993	-0.003446	-0.001194
237	6343518													9.856227	0.059066	0.148694	0.007281	-0.976216	0.216679	-0.001938	0.216670	0.976243	-0.999972	-0.007528	-0.000315
238	6343685													9.915732	0.104179	0.131635	0.011793	-0.976428	0.215521	-0.001874	0.215514	0.976499	-0.999929	-0.011920	0.000712
239	6343852													10.063179	0.081148	0.201467	0.016935	-0.976587	0.214455	-0.001586	0.214459	0.976732	-0.999855	-0.016881	0.002083
240	6344018													9.987700	-0.019160	0.233452	0.022872	-0.976728	0.213258	-0.001112	0.213288	0.976989	-0.999738	-0.022583	0.003793
241	6344185													9.849119	-0.049673	0.264986	0.029161	-0.976874	0.211818	-0.000738	0.211887	0.977294	-0.999574	-0.028655	0.005458
242	6344352													9.740797	-0.021524	0.334801	0.035381	-0.977057	0.210018	-0.000545	0.210130	0.977673	-0.999374	-0.034705	0.006902
243	6344518													9.688055	0.102908	0.372061	0.041267	-0.977244	0.208067	-0.000389	0.208228	0.978080	-0.999148	-0.040444	0.008213
244	6344685													9.739524	0.157956	0.424857	0.046806	-0.977392	0.206192	-0.000157	0.206411	0.978465	-0.998904	-0.045831	0.009508
245	6344852													9.796039	0.182644	0.465386	0.052130	-0.977477	0.204501	0.000086	0.204783	0.978807	-0.998640	-0.051007	0.010759
246	6345018													9.829814	0.177862	0.502876	0.057394	-0.977512	0.202919	0.000220	0.203266	0.979123	-0.998352	-0.056151	0.011881
247	6345185													9.801016	0.183711	0.579511	0.062584	-0.977459	0.201636	0.000274	0.202049	0.979375	-0.998040	-0.061238	0.012912
248	6345352													9.749599	0.210306	0.653506	0.067602	-0.977337	0.200603	0.000240	0.201079	0.979575	-0.997712	-0.066173	0.013828
249	6345518													9.695715	0.266652	0.721896	0.072302	-0.977139	0.199929	0.000190	0.200467	0.979700	-0.997383	-0.070797	0.014680
250	6345685													9.690228	0.280595	0.794132	0.076555	-0.976863	0.199695	0.000218	0.200300	0.979735	-0.997065	-0.074960	0.015547
251	6345852													9.870323	0.286504	0.859721	0.080614	-0.976498	0.199884	0.000311	0.200562	0.979681	-0.996745	-0.078914	0.016472
252	6346018													9.894401	0.268054	0.869413	0.084746	-0.975992	0.200643	0.000371	0.201398	0.979509	-0.996403	-0.082935	0.017430
253	6346185													9.890674	0.183744	0.876193	0.088951	-0.975380	0.201796	0.000231	0.202619	0.979258	-0.996036	-0.087059	0.018249
254	6346352													9.922620	0.074816	0.933112	0.093295	-0.974711	0.203064	-0.000023	0.203951	0.978981	-0.995638	-0.091339	0.019006
255	6346518													9.892931	0.036358	0.999873	0.097933	-0.974009	0.204246	-0.000333	0.205200	0.978720	-0.995193	-0.095917	0.019772
256	6346685													9.647034	0.036724	1.080127	0.102303	-0.973324	0.205365	-0.000569	0.206390	0.978470	-0.994753	-0.100218	0.020560
257	6346852													9.657994	0.023909	1.106297	0.106072	-0.972686	0.206470	-0.000651	0.207573	0.978219	-0.994358	-0.103897	0.021384
258	6347018													9.633591	-0.014614	1.123327	0.109458	-0.972092	0.207501	-0.000587	0.208692	0.977981	-0.993991	-0.107169	0.022272
259	6347185													9.700360	-0.038234	1.083125	0.112318	-0.971577	0.208384	-0.000464	0.209659	0.977774	-0.993672	-0.109918	0.023098
260	6347352													9.818683	0.012591	1.101914	0.115104	-0.971091	0.209126	-0.000237	0.210499	0.977594	-0.993353	-0.112574	0.023999
261	6347518													9.789725	0.071493	1.111960	0.117997	-0.970573	0.209914	0.000145	0.211407	0.977398	-0.993014	-0.115300	0.025086
262	6347685													9.947001	0.103027	1.136570	0.121227	-0.969983	0.210803	0.000540	0.212433	0.977175	-0.992625	-0.118346	0.026277
263	6347852													9.779405	0.145475	1.190157	0.124908	-0.969311	0.211743	0.000909	0.213526	0.976937	-0.992168	-0.121835	0.027552
264	6348018													9.728643	0.366879	1.302257	0.128632	-0.968532	0.213072	0.001322	0.215024	0.976608	-0.991692	-0.125341	0.028940
265	6348185													9.850862	0.382675	1.368945	0.132416	-0.967589	0.215031	0.001688	0.217161	0.976134	-0.991193	-0.128893	0.030389
266	6348352													9.880206	0.261017	1.421432	0.136571	-0.966497	0.217327	0.001755	0.219619	0.975584	-0.990629	-0.132855	0.031690
267	6348518													9.817090	0.177958	1.452413	0.140765	-0.965354	0.219721	0.001332	0.222115	0.975019	-0.990042	-0.136956	0.032552
268	6348685													9.842708	0.103099	1.485269	0.145000	-0.964216	0.221952	0.000565	0.224403	0.974496	-0.989431	-0.141177	0.033083
269	6348852													9.806252	-0.027114	1.493945	0.149234	-0.963138	0.223819	-0.000382	0.226298	0.974058	-0.988802	-0.145448	0.033403
270	6349018													9.763268	-0.073520	1.575084	0.153343	-0.962176	0.225174	-0.001300	0.227673	0.973737	-0.988172	-0.149608	0.033661
271	6349185													9.662500	-0.116507	1.566041	0.157218	-0.961377	0.225912	-0.002014	0.228445	0.973555	-0.987562	-0.153515	0.033980
272	6349352													9.746912	-0.139344	1.622933	0.160729	-0.960760	0.226068	-0.002565	0.228639	0.973508	-0.986995	-0.157050	0.034285
273	6349518													9.671345	-0.097237	1.667539	0.164015	-0.960311	0.225616	-0.002923	0.228239	0.973601	-0.986454	-0.160345	0.034627
274	6349685													9.717468	0.004564	1.701320	0.166862	-0.959983	0.224920	-0.003043	0.227616	0.973746	-0.985976	-0.163166	0.035060
275	6349852													9.681165	0.034581	1.707129	0.169413	-0.959728	0.224102	-0.003074	0.226873	0.973919	-0.985540	-0.165684	0.035485
276	6350018													9.660070	0.077783	1.737233	0.171694	-0.959532	0.223205	-0.003106	0.226041	0.974113	-0.985146	-0.167942	0.035830
277	6350185													9.700289	0.172567	1.714834	0.173737	-0.959344	0.222431	-0.003122	0.225328	0.974278	-0.984787	-0.169962	0.036153
278	6350352													9.677359	0.183445	1.705786	0.175758	-0.959085	0.221957	-0.003034	0.224938	0.974368	-0.984429	-0.171927	0.036625
279	6350518													9.766413	0.214523	1.721747	0.177807	-0.958746	0.221790	-0.002824	0.224883	0.974382	-0.984061	-0.173878	0.037278
280	6350685													9.863279	0.143040	1.720773	0.180159	-0.958292	0.221852	-0.002460	0.225103	0.974332	-0.983634	-0.176080	0.038196
281	6350852													9.823413	-0.040462	1.786817	0.182957	-0.957762	0.221852	-0.001921	0.225313	0.974285	-0.983119	-0.178678	0.039382
282	6351018													9.770901	-0.035319	1.869002	0.185936	-0.957282	0.221447	-0.001466	0.225107	0.974333	-0.982561	-0.181489	0.040452
283	6351185													9.744708	-0.042180	1.898751	0.188876	-0.956858	0.220790	-0.001145	0.224622	0.974445	-0.982000	-0.184302	0.041330
284	6351352													9.727245	0.045963	1.941276	0.191723	-0.956490	0.219932	-0.000919	0.223915	0.974608	-0.981449	-0.187056	0.042051
285	6351518													9.726910	0.112539	1.946108	0.194637	-0.956087	0.219122	-0.000652	0.223268	0.974757	-0.980875	-0.189867	0.042833
286	6351685													9.704985	0.077770	1.969074	0.197389	-0.955691	0.218386	-0.000473	0.222676	0.974892	-0.980325	-0.192536	0.043501
