// Start Time: Unknown
// Update Rate: 60.0Hz
//Filter Profile: human (46.1)
// Option Flags: AHS Disabled ICC Disabled
// Firmware Version: 4.0.2
0	sampleTimeFine	Year	Month	Day	Second	UTC_Nano	UTC_Year	UTC_Month	UTC_Day	UTC_Hour	UTC_Minute	UTC_Second	UTC_Valid	Acc_X	Acc_Y	Acc_Z	Mat[1][1]	Mat[2][1]	Mat[3][1]	Mat[1][2]	Mat[2][2]	Mat[3][2]	Mat[1][3]	Mat[2][3]	Mat[3][3]
0	1683089													0.258669	-0.327113	-0.294527	-0.150427	-0.988281	-0.025937	-0.057587	-0.017431	0.998188	-0.986942	0.151648	-0.054290
1	1683256													9.633411	-0.589065	-1.507609	-0.150890	-0.988185	-0.026869	-0.057810	-0.018313	0.998160	-0.986859	0.152166	-0.054364
2	1683423													9.641308	-0.616352	-1.498095	-0.151830	-0.988078	-0.025482	-0.058489	-0.016754	0.998147	-0.986675	0.153039	-0.055248
3	1683589													9.647954	-0.636215	-1.484219	-0.152532	-0.987967	-0.025601	-0.059522	-0.016674	0.998088	-0.986504	0.153764	-0.056262
4	1684423													9.654151	-0.667681	-1.476212	-0.152853	-0.987929	-0.025140	-0.060633	-0.016016	0.998032	-0.986387	0.154077	-0.057453
5	1684589													9.661650	-0.659276	-1.492169	-0.152925	-0.987916	-0.025197	-0.061791	-0.015888	0.997963	-0.986304	0.154171	-0.058615
6	1684756													9.651817	-0.640220	-1.493192	-0.152931	-0.987906	-0.025554	-0.062762	-0.016097	0.997899	-0.986242	0.154213	-0.059541
7	1684923													9.648597	-0.617573	-1.490253	-0.152953	-0.987900	-0.025668	-0.063488	-0.016097	0.997853	-0.986192	0.154254	-0.060257
8	1685089													9.652276	-0.572191	-1.515218	-0.153011	-0.987891	-0.025690	-0.063999	-0.016036	0.997821	-0.986150	0.154322	-0.060771
9	1685256													9.632172	-0.559190	-1.494908	-0.153151	-0.987864	-0.025862	-0.064337	-0.016148	0.997798	-0.986106	0.154478	-0.061084
10	1685423													9.644395	-0.560807	-1.484433	-0.153305	-0.987835	-0.026082	-0.064580	-0.016322	0.997779	-0.986066	0.154649	-0.061292
11	1685589													9.667826	-0.552816	-1.468109	-0.153436	-0.987812	-0.026150	-0.064743	-0.016357	0.997768	-0.986035	0.154787	-0.061444
12	1685756													9.642302	-0.579751	-1.485922	-0.153493	-0.987818	-0.025590	-0.064852	-0.015771	0.997770	-0.986019	0.154810	-0.061641
13	1685923													9.630794	-0.616413	-1.507176	-0.153545	-0.987822	-0.025132	-0.064963	-0.015288	0.997771	-0.986004	0.154835	-0.061824
14	1686089													9.624580	-0.636336	-1.494574	-0.153611	-0.987820	-0.024795	-0.065071	-0.014926	0.997769	-0.985987	0.154881	-0.061986
15	1686256													9.644662	-0.671941	-1.514118	-0.153692	-0.987804	-0.024941	-0.065139	-0.015058	0.997763	-0.985969	0.154973	-0.062030
16	1686423													9.618678	-0.677713	-1.509692	-0.153744	-0.987796	-0.024943	-0.065262	-0.015037	0.997755	-0.985953	0.155027	-0.062154
17	1686589													9.623523	-0.658589	-1.521024	-0.153840	-0.987782	-0.024905	-0.065466	-0.014960	0.997743	-0.985925	0.155123	-0.062365
18	1686756													9.665410	-0.630117	-1.534197	-0.153953	-0.987759	-0.025101	-0.065652	-0.015122	0.997728	-0.985895	0.155252	-0.062521
19	1686923													9.679155	-0.567093	-1.534779	-0.154032	-0.987740	-0.025374	-0.065705	-0.015384	0.997720	-0.985879	0.155348	-0.062530
20	1687089													9.660101	-0.574575	-1.540333	-0.154060	-0.987734	-0.025433	-0.065614	-0.015456	0.997725	-0.985881	0.155378	-0.062428
21	1687256													9.645142	-0.615855	-1.517145	-0.154051	-0.987740	-0.025241	-0.065632	-0.015260	0.997727	-0.985881	0.155357	-0.062476
22	1687423													9.629776	-0.608434	-1.494607	-0.154000	-0.987751	-0.025140	-0.065809	-0.015134	0.997717	-0.985877	0.155303	-0.062672
23	1687589													9.616475	-0.588557	-1.501359	-0.153941	-0.987767	-0.024872	-0.065991	-0.014838	0.997710	-0.985874	0.155230	-0.062899
24	1687756													9.644119	-0.620489	-1.510994	-0.153864	-0.987784	-0.024655	-0.066075	-0.014610	0.997708	-0.985880	0.155140	-0.063020
25	1687923													9.657752	-0.658884	-1.499668	-0.153759	-0.987810	-0.024284	-0.066081	-0.014241	0.997713	-0.985896	0.155012	-0.063085
26	1688089													9.646650	-0.654482	-1.514885	-0.153617	-0.987832	-0.024296	-0.066151	-0.014251	0.997708	-0.985914	0.154873	-0.063157
27	1688256													9.653678	-0.652161	-1.494122	-0.153463	-0.987857	-0.024249	-0.066250	-0.014198	0.997702	-0.985931	0.154717	-0.063267
28	1688423													9.631186	-0.642195	-1.483162	-0.153328	-0.987879	-0.024194	-0.066363	-0.014134	0.997695	-0.985944	0.154580	-0.063391
29	1688589													9.620708	-0.600940	-1.505787	-0.153260	-0.987886	-0.024335	-0.066506	-0.014259	0.997684	-0.985945	0.154524	-0.063515
30	1688756													9.629060	-0.610245	-1.507065	-0.153278	-0.987881	-0.024444	-0.066674	-0.014342	0.997672	-0.985931	0.154551	-0.063668
31	1688923													9.646050	-0.616801	-1.499469	-0.153336	-0.987867	-0.024650	-0.066891	-0.014512	0.997655	-0.985908	0.154625	-0.063854
32	1689089													9.670912	-0.617056	-1.485728	-0.153401	-0.987853	-0.024789	-0.067173	-0.014603	0.997634	-0.985878	0.154704	-0.064117
33	1689256													9.663661	-0.597947	-1.488062	-0.153371	-0.987855	-0.024882	-0.067449	-0.014655	0.997615	-0.985864	0.154684	-0.064383
34	1689423													9.627747	-0.641810	-1.491427	-0.153308	-0.987864	-0.024906	-0.067719	-0.014642	0.997597	-0.985855	0.154627	-0.064653
35	1689589													9.613910	-0.657346	-1.487078	-0.153195	-0.987878	-0.025053	-0.068019	-0.014751	0.997575	-0.985852	0.154528	-0.064935
36	1689756													9.597775	-0.619614	-1.498695	-0.153137	-0.987892	-0.024870	-0.068185	-0.014544	0.997567	-0.985850	0.154460	-0.065132
37	1689923													9.638583	-0.593987	-1.494937	-0.153138	-0.987896	-0.024710	-0.068184	-0.014382	0.997569	-0.985850	0.154451	-0.065156
38	1690089													9.674588	-0.635106	-1.503187	-0.153100	-0.987906	-0.024556	-0.068157	-0.014234	0.997573	-0.985857	0.154402	-0.065153
39	1690256													9.694576	-0.617150	-1.477610	-0.152964	-0.987930	-0.024439	-0.068221	-0.014115	0.997570	-0.985874	0.154260	-0.065238
40	1690423													9.656590	-0.609564	-1.486514	-0.152755	-0.987967	-0.024217	-0.068296	-0.013893	0.997568	-0.985901	0.154037	-0.065352
41	1690589													9.624992	-0.611978	-1.482307	-0.152568	-0.988003	-0.023941	-0.068354	-0.013617	0.997568	-0.985926	0.153833	-0.065456
42	1690756													9.590933	-0.637157	-1.480510	-0.152483	-0.988022	-0.023679	-0.068354	-0.013358	0.997572	-0.985940	0.153731	-0.065499
43	1690923													9.617305	-0.653044	-1.475679	-0.152462	-0.988035	-0.023264	-0.068281	-0.012952	0.997582	-0.985948	0.153682	-0.065489
44	1691089													9.640239	-0.653094	-1.462122	-0.152476	-0.988037	-0.023103	-0.068184	-0.012804	0.997591	-0.985952	0.153683	-0.065416
45	1691256													9.647585	-0.614611	-1.445779	-0.152474	-0.988042	-0.022907	-0.068108	-0.012618	0.997598	-0.985958	0.153668	-0.065370
46	1691423													9.643668	-0.572050	-1.464189	-0.152496	-0.988041	-0.022809	-0.068038	-0.012529	0.997604	-0.985959	0.153682	-0.065313
47	1691590													9.620262	-0.540397	-1.482159	-0.152606	-0.988029	-0.022566	-0.067942	-0.012291	0.997614	-0.985949	0.153775	-0.065253
48	1691756													9.628615	-0.547226	-1.491630	-0.152798	-0.988006	-0.022270	-0.067913	-0.011984	0.997619	-0.985921	0.153947	-0.065267
49	1691923													9.651639	-0.579009	-1.493192	-0.153037	-0.987981	-0.021747	-0.067980	-0.011429	0.997621	-0.985879	0.154151	-0.065414
50	1692090													9.665117	-0.608980	-1.506898	-0.153270	-0.987951	-0.021469	-0.068139	-0.011107	0.997614	-0.985832	0.154368	-0.065616
51	1692256													9.666332	-0.632433	-1.500808	-0.153456	-0.987922	-0.021466	-0.068344	-0.011060	0.997600	-0.985789	0.154555	-0.065822
52	1692423													9.648260	-0.660804	-1.523545	-0.153578	-0.987904	-0.021459	-0.068549	-0.011013	0.997587	-0.985756	0.154678	-0.066029
53	1692590													9.661034	-0.675641	-1.504769	-0.153627	-0.987898	-0.021379	-0.068773	-0.010893	0.997573	-0.985733	0.154724	-0.066268
54	1692756													9.642174	-0.649951	-1.521187	-0.153611	-0.987894	-0.021644	-0.068979	-0.011130	0.997556	-0.985721	0.154729	-0.066434
55	1692923													9.657438	-0.604026	-1.525317	-0.153594	-0.987887	-0.022108	-0.069156	-0.011572	0.997539	-0.985711	0.154745	-0.066540
56	1693090													9.643319	-0.597707	-1.510079	-0.153558	-0.987888	-0.022315	-0.069351	-0.011752	0.997523	-0.985703	0.154725	-0.066707
57	1693256													9.633483	-0.566102	-1.510948	-0.153553	-0.987886	-0.022437	-0.069539	-0.011847	0.997509	-0.985691	0.154731	-0.066878
58	1693423													9.630795	-0.563640	-1.525158	-0.153596	-0.987876	-0.022568	-0.069762	-0.011941	0.997492	-0.985668	0.154786	-0.067082
59	1693590													9.659317	-0.572260	-1.512885	-0.153647	-0.987865	-0.022710	-0.069987	-0.012045	0.997475	-0.985644	0.154848	-0.067287
60	1693756													9.653971	-0.593854	-1.518401	-0.153662	-0.987864	-0.022624	-0.070199	-0.011925	0.997462	-0.985627	0.154860	-0.067515
61	1693923													9.654713	-0.618461	-1.508947	-0.153644	-0.987871	-0.022469	-0.070375	-0.011741	0.997451	-0.985617	0.154833	-0.067718
62	1694090													9.650970	-0.609099	-1.518472	-0.153581	-0.987883	-0.022357	-0.070509	-0.011611	0.997444	-0.985617	0.154765	-0.067872
63	1694256													9.636127	-0.661288	-1.494874	-0.153510	-0.987897	-0.022242	-0.070654	-0.011478	0.997435	-0.985618	0.154688	-0.068037
64	1694423													9.615108	-0.638582	-1.508444	-0.153444	-0.987907	-0.022239	-0.070798	-0.011457	0.997425	-0.985618	0.154623	-0.068184
65	1694590													9.648025	-0.663683	-1.517553	-0.153403	-0.987920	-0.021932	-0.070915	-0.011131	0.997420	-0.985616	0.154562	-0.068351
66	1694756													9.592118	-0.663724	-1.504551	-0.153369	-0.987922	-0.022105	-0.071100	-0.011280	0.997405	-0.985608	0.154542	-0.068511
67	1694923													9.636104	-0.664018	-1.490687	-0.153419	-0.987906	-0.022449	-0.071362	-0.011582	0.997383	-0.985581	0.154619	-0.068722
68	1695090													9.658175	-0.627289	-1.509668	-0.153455	-0.987896	-0.022660	-0.071601	-0.011755	0.997364	-0.985558	0.154673	-0.068931
69	1695256													9.685020	-0.568653	-1.502837	-0.153467	-0.987895	-0.022613	-0.071635	-0.011701	0.997362	-0.985554	0.154682	-0.068972
70	1695423													9.666854	-0.612411	-1.489333	-0.153407	-0.987903	-0.022659	-0.071628	-0.011753	0.997362	-0.985564	0.154625	-0.068959
71	1695590													9.632439	-0.624878	-1.483886	-0.153282	-0.987921	-0.022745	-0.071735	-0.011832	0.997354	-0.985575	0.154508	-0.069055
72	1695756													9.632401	-0.607179	-1.461877	-0.153144	-0.987945	-0.022625	-0.071952	-0.011687	0.997340	-0.985581	0.154365	-0.069295
73	1695923													9.641400	-0.600939	-1.457951	-0.152979	-0.987967	-0.022771	-0.072148	-0.011815	0.997324	-0.985592	0.154213	-0.069473
74	1696090													9.659904	-0.612576	-1.489353	-0.152804	-0.987995	-0.022730	-0.072224	-0.011774	0.997319	-0.985614	0.154036	-0.069557
75	1696256													9.656533	-0.647905	-1.458026	-0.152596	-0.988034	-0.022437	-0.072274	-0.011486	0.997319	-0.985642	0.153809	-0.069656
76	1696423													9.638982	-0.663724	-1.498970	-0.152395	-0.988065	-0.022452	-0.072342	-0.011505	0.997314	-0.985669	0.153610	-0.069725
77	1696590													9.622890	-0.645180	-1.471391	-0.152253	-0.988090	-0.022277	-0.072437	-0.011324	0.997309	-0.985683	0.153457	-0.069850
78	1696756													9.630494	-0.629327	-1.488793	-0.152208	-0.988095	-0.022372	-0.072560	-0.011403	0.997299	-0.985681	0.153420	-0.069961
79	1696923													9.651512	-0.625325	-1.471527	-0.152229	-0.988087	-0.022593	-0.072669	-0.011607	0.997289	-0.985670	0.153459	-0.070036
80	1697090													9.646941	-0.614682	-1.483092	-0.152277	-0.988077	-0.022726	-0.072785	-0.011720	0.997279	-0.985654	0.153517	-0.070132
81	1697256													9.665110	-0.621649	-1.499820	-0.152332	-0.988067	-0.022771	-0.072948	-0.011737	0.997267	-0.985634	0.153577	-0.070289
82	1697423													9.664784	-0.610319	-1.497527	-0.152332	-0.988067	-0.022752	-0.073130	-0.011689	0.997254	-0.985620	0.153578	-0.070476
83	1697590													9.670190	-0.605298	-1.463019	-0.152242	-0.988078	-0.022913	-0.073269	-0.011837	0.997242	-0.985624	0.153501	-0.070594
84	1697756													9.650024	-0.635873	-1.523180	-0.152086	-0.988099	-0.023010	-0.073425	-0.011922	0.997229	-0.985636	0.153354	-0.070738
85	1697923													9.670482	-0.657512	-1.498762	-0.151807	-0.988140	-0.023104	-0.073616	-0.012006	0.997214	-0.985665	0.153085	-0.070920
86	1698090													9.670576	-0.601827	-1.527639	-0.151404	-0.988209	-0.022798	-0.073641	-0.011723	0.997216	-0.985725	0.152662	-0.070998
87	1698256													9.712668	-0.618720	-1.500095	-0.150887	-0.988293	-0.022573	-0.073596	-0.011541	0.997221	-0.985808	0.152129	-0.070993
88	1698423													9.625409	-0.647487	-1.510010	-0.150365	-0.988373	-0.022558	-0.073591	-0.011564	0.997221	-0.985888	0.151607	-0.070996
89	1698590													9.605432	-0.627712	-1.489191	-0.149932	-0.988437	-0.022625	-0.073662	-0.011652	0.997215	-0.985948	0.151181	-0.071064
90	1698756													9.606140	-0.611476	-1.493187	-0.149611	-0.988489	-0.022487	-0.073755	-0.011522	0.997210	-0.985990	0.150852	-0.071182
91	1698923													9.622875	-0.620963	-1.471473	-0.149420	-0.988522	-0.022331	-0.073867	-0.011362	0.997203	-0.986011	0.150652	-0.071322
92	1699090													9.635855	-0.626577	-1.446368	-0.149265	-0.988543	-0.022424	-0.073956	-0.011454	0.997196	-0.986028	0.150505	-0.071400
93	1699256													9.622118	-0.618190	-1.440661	-0.149131	-0.988565	-0.022332	-0.074001	-0.011363	0.997193	-0.986045	0.150365	-0.071460
94	1699423													9.653629	-0.624649	-1.458002	-0.149026	-0.988578	-0.022466	-0.074000	-0.011507	0.997192	-0.986061	0.150270	-0.071440
95	1699590													9.663101	-0.635120	-1.459679	-0.148861	-0.988602	-0.022506	-0.073998	-0.011559	0.997191	-0.986086	0.150108	-0.071434
96	1699756													9.695075	-0.607544	-1.456497	-0.148588	-0.988646	-0.022394	-0.073983	-0.011469	0.997194	-0.986128	0.149828	-0.071439
97	1699923													9.669217	-0.585347	-1.462381	-0.148270	-0.988698	-0.022184	-0.073940	-0.011287	0.997199	-0.986179	0.149495	-0.071431
98	1700090													9.636312	-0.586856	-1.445327	-0.147991	-0.988742	-0.022088	-0.073916	-0.011213	0.997201	-0.986223	0.149210	-0.071424
99	1700256													9.605779	-0.613162	-1.446748	-0.147845	-0.988767	-0.021935	-0.073964	-0.011063	0.997200	-0.986241	0.149053	-0.071497
100	1700423													9.635880	-0.618024	-1.404456	-0.147813	-0.988771	-0.021998	-0.074109	-0.011107	0.997188	-0.986235	0.149027	-0.071635
101	1700590													9.674304	-0.632371	-1.397689	-0.147807	-0.988771	-0.022009	-0.074274	-0.011093	0.997176	-0.986223	0.149025	-0.071800
102	1700756													9.670877	-0.649272	-1.413864	-0.147764	-0.988776	-0.022078	-0.074507	-0.011131	0.997158	-0.986212	0.148989	-0.072026
103	1700923													9.658698	-0.666341	-1.400688	-0.147645	-0.988789	-0.022316	-0.074753	-0.011342	0.997138	-0.986211	0.148891	-0.072240
104	1701090													9.667005	-0.637651	-1.405866	-0.147530	-0.988798	-0.022654	-0.074945	-0.011663	0.997119	-0.986214	0.148803	-0.072385
105	1701256													9.700783	-0.624009	-1.438072	-0.147324	-0.988820	-0.023035	-0.075132	-0.012034	0.997101	-0.986231	0.148628	-0.072519
106	1701423													9.655443	-0.583102	-1.424129	-0.147071	-0.988852	-0.023298	-0.075360	-0.012284	0.997081	-0.986251	0.148397	-0.072713
107	1701590													9.606310	-0.557750	-1.459502	-0.146877	-0.988877	-0.023459	-0.075535	-0.012434	0.997066	-0.986267	0.148218	-0.072869
108	1701756													9.630829	-0.569726	-1.437095	-0.146854	-0.988881	-0.023394	-0.075651	-0.012353	0.997058	-0.986261	0.148192	-0.072996
109	1701923													9.685578	-0.586137	-1.419811	-0.146869	-0.988881	-0.023302	-0.075751	-0.012244	0.997052	-0.986251	0.148201	-0.073111
110	1702090													9.634968	-0.635700	-1.426910	-0.146904	-0.988881	-0.023093	-0.075806	-0.012022	0.997050	-0.986242	0.148222	-0.073197
111	1702256													9.653014	-0.633568	-1.425151	-0.146985	-0.988873	-0.022925	-0.075830	-0.011843	0.997050	-0.986228	0.148290	-0.073246
112	1702423													9.657019	-0.649400	-1.436394	-0.147069	-0.988865	-0.022719	-0.075790	-0.011636	0.997056	-0.986218	0.148358	-0.073235
113	1702590													9.646029	-0.636690	-1.437485	-0.147137	-0.988854	-0.022773	-0.075741	-0.011692	0.997059	-0.986212	0.148430	-0.073176
114	1702756													9.671649	-0.631440	-1.435382	-0.147160	-0.988850	-0.022805	-0.075756	-0.011720	0.997058	-0.986207	0.148455	-0.073186
115	1702923													9.690316	-0.639447	-1.465655	-0.147046	-0.988867	-0.022804	-0.075798	-0.011721	0.997054	-0.986221	0.148341	-0.073231
116	1703090													9.675412	-0.652927	-1.440683	-0.146836	-0.988898	-0.022812	-0.075848	-0.011738	0.997050	-0.986249	0.148133	-0.073282
117	1703256													9.699515	-0.718484	-1.440899	-0.146568	-0.988934	-0.022947	-0.075887	-0.011888	0.997046	-0.986285	0.147877	-0.073305
118	1703423													9.655101	-0.688534	-1.456789	-0.146244	-0.988971	-0.023454	-0.075841	-0.012431	0.997042	-0.986337	0.147590	-0.073187
119	1703590													9.663733	-0.666214	-1.432917	-0.145896	-0.989010	-0.023963	-0.075832	-0.012971	0.997036	-0.986389	0.147281	-0.073106
120	1703756													9.694778	-0.673950	-1.430737	-0.145495	-0.989051	-0.024684	-0.075774	-0.013737	0.997030	-0.986453	0.146933	-0.072946
121	1703923													9.612347	-0.614538	-1.433415	-0.144974	-0.989109	-0.025416	-0.075801	-0.014509	0.997017	-0.986528	0.146468	-0.072872
122	1704090													9.601594	-0.603303	-1.457467	-0.144600	-0.989147	-0.026065	-0.075953	-0.015169	0.996996	-0.986571	0.146145	-0.072935
123	1704256													9.645376	-0.565642	-1.447570	-0.144307	-0.989173	-0.026702	-0.076088	-0.015812	0.996976	-0.986603	0.145902	-0.072982
124	1704423													9.644439	-0.483910	-1.433413	-0.144159	-0.989187	-0.026979	-0.076096	-0.016102	0.996970	-0.986624	0.145775	-0.072952
125	1704590													9.662095	-0.537218	-1.395661	-0.144061	-0.989201	-0.026968	-0.076044	-0.016106	0.996974	-0.986643	0.145676	-0.072902
126	1704756													9.649334	-0.597157	-1.406079	-0.144000	-0.989214	-0.026829	-0.076132	-0.015956	0.996970	-0.986645	0.145606	-0.073013
127	1704923													9.622832	-0.595461	-1.391000	-0.143947	-0.989231	-0.026472	-0.076314	-0.015574	0.996962	-0.986638	0.145530	-0.073250
128	1705090													9.651266	-0.590763	-1.404176	-0.143918	-0.989244	-0.026158	-0.076443	-0.015241	0.996957	-0.986633	0.145479	-0.073427
129	1705256													9.663152	-0.629937	-1.396087	-0.143891	-0.989257	-0.025813	-0.076420	-0.014899	0.996964	-0.986638	0.145427	-0.073455
130	1705423													9.676182	-0.673422	-1.398950	-0.143842	-0.989273	-0.025469	-0.076373	-0.014562	0.996973	-0.986649	0.145352	-0.073459
131	1705590													9.675099	-0.688706	-1.374615	-0.143757	-0.989289	-0.025304	-0.076337	-0.014407	0.996978	-0.986664	0.145254	-0.073448
132	1705756													9.679749	-0.669287	-1.409619	-0.143645	-0.989309	-0.025188	-0.076281	-0.014308	0.996984	-0.986685	0.145133	-0.073410
133	1705923													9.623302	-0.631272	-1.400933	-0.143539	-0.989322	-0.025278	-0.076220	-0.014415	0.996987	-0.986705	0.145033	-0.073337
134	1706090													9.683186	-0.616985	-1.407177	-0.143451	-0.989325	-0.025659	-0.076202	-0.014808	0.996982	-0.986719	0.144973	-0.073265
135	1706256													9.646891	-0.588572	-1.404548	-0.143364	-0.989336	-0.025718	-0.076235	-0.014870	0.996979	-0.986729	0.144892	-0.073291
136	1706423													9.647920	-0.588594	-1.394009	-0.143271	-0.989349	-0.025735	-0.076306	-0.014883	0.996973	-0.986738	0.144801	-0.073361
137	1706590													9.628222	-0.582007	-1.401553	-0.143255	-0.989354	-0.025611	-0.076407	-0.014744	0.996968	-0.986732	0.144777	-0.073481
138	1706756													9.635710	-0.575861	-1.385838	-0.143358	-0.989340	-0.025586	-0.076517	-0.014696	0.996960	-0.986709	0.144880	-0.073595
139	1706923													9.623067	-0.616576	-1.381945	-0.143566	-0.989316	-0.025366	-0.076674	-0.014435	0.996952	-0.986666	0.145074	-0.073782
140	1707090													9.656493	-0.652415	-1.398920	-0.143861	-0.989273	-0.025345	-0.076860	-0.014364	0.996938	-0.986609	0.145368	-0.073969
141	1707256													9.662312	-0.610447	-1.414956	-0.144189	-0.989225	-0.025348	-0.076956	-0.014328	0.996932	-0.986553	0.145698	-0.074061
142	1707423													9.676495	-0.625515	-1.429726	-0.144526	-0.989177	-0.025325	-0.076942	-0.014282	0.996933	-0.986505	0.146031	-0.074045
143	1707590													9.696751	-0.652453	-1.433564	-0.144810	-0.989134	-0.025366	-0.076957	-0.014299	0.996932	-0.986462	0.146317	-0.074051
144	1707756													9.685347	-0.643412	-1.414556	-0.145007	-0.989105	-0.025382	-0.077049	-0.014287	0.996925	-0.986426	0.146516	-0.074138
145	1707923													9.722252	-0.629837	-1.435118	-0.145132	-0.989085	-0.025452	-0.077186	-0.014328	0.996914	-0.986397	0.146648	-0.074264
146	1708090													9.610544	-0.612501	-1.416619	-0.145207	-0.989073	-0.025493	-0.077325	-0.014343	0.996903	-0.986375	0.146728	-0.074398
147	1708257													9.665931	-0.617548	-1.436045	-0.145277	-0.989055	-0.025776	-0.077455	-0.014604	0.996889	-0.986355	0.146822	-0.074486
148	1708423													9.618196	-0.620805	-1.418402	-0.145374	-0.989041	-0.025758	-0.077469	-0.014576	0.996888	-0.986339	0.146917	-0.074502
149	1708590													9.642888	-0.610911	-1.425541	-0.145575	-0.989016	-0.025597	-0.077429	-0.014404	0.996894	-0.986313	0.147105	-0.074481
150	1708757													9.674212	-0.619349	-1.399488	-0.145717	-0.989000	-0.025414	-0.077358	-0.014219	0.996902	-0.986297	0.147232	-0.074435
151	1708923													9.708553	-0.597969	-1.424257	-0.145800	-0.988992	-0.025242	-0.077280	-0.014051	0.996910	-0.986291	0.147300	-0.074380
152	1709090													9.675846	-0.580734	-1.445181	-0.145792	-0.989004	-0.024821	-0.077177	-0.013643	0.996924	-0.986300	0.147259	-0.074340
153	1709257													9.650812	-0.598977	-1.443116	-0.145772	-0.989017	-0.024396	-0.077052	-0.013234	0.996939	-0.986313	0.147205	-0.074277
154	1709423													9.646579	-0.648579	-1.448579	-0.145780	-0.989026	-0.023993	-0.077021	-0.012832	0.996947	-0.986314	0.147183	-0.074305
155	1709590													9.643350	-0.660486	-1.449577	-0.145851	-0.989019	-0.023835	-0.077045	-0.012664	0.996947	-0.986302	0.147242	-0.074352
156	1709757													9.650392	-0.647602	-1.432170	-0.145967	-0.989000	-0.023925	-0.077122	-0.012735	0.996940	-0.986279	0.147366	-0.074415
157	1709923													9.660658	-0.662677	-1.440662	-0.146121	-0.988976	-0.023976	-0.077246	-0.012756	0.996930	-0.986246	0.147525	-0.074530
158	1710090													9.657349	-0.669508	-1.454677	-0.146249	-0.988952	-0.024199	-0.077370	-0.012952	0.996918	-0.986218	0.147670	-0.074621
159	1710257													9.646326	-0.665426	-1.450356	-0.146344	-0.988928	-0.024574	-0.077527	-0.013300	0.996902	-0.986191	0.147796	-0.074722
160	1710423													9.670146	-0.646863	-1.457805	-0.146389	-0.988911	-0.025001	-0.077715	-0.013699	0.996882	-0.986170	0.147875	-0.074848
161	1710590													9.660968	-0.617648	-1.459077	-0.146360	-0.988907	-0.025324	-0.077887	-0.014000	0.996864	-0.986160	0.147873	-0.074974
162	1710757													9.656492	-0.589983	-1.453632	-0.146290	-0.988911	-0.025594	-0.078024	-0.014257	0.996850	-0.986160	0.147826	-0.075073
163	1710923													9.660037	-0.598477	-1.433966	-0.146190	-0.988925	-0.025609	-0.078138	-0.014263	0.996840	-0.986166	0.147730	-0.075188
164	1711090													9.663492	-0.605452	-1.446440	-0.146095	-0.988942	-0.025507	-0.078223	-0.014155	0.996835	-0.986173	0.147628	-0.075290
165	1711257													9.659386	-0.616171	-1.441542	-0.146002	-0.988958	-0.025410	-0.078256	-0.014059	0.996834	-0.986184	0.147528	-0.075339
166	1711423													9.649414	-0.626452	-1.408998	-0.145945	-0.988972	-0.025173	-0.078209	-0.013832	0.996841	-0.986196	0.147452	-0.075327
167	1711590													9.623739	-0.651396	-1.418626	-0.145906	-0.988982	-0.025023	-0.078161	-0.013691	0.996847	-0.986206	0.147402	-0.075303
168	1711757													9.627815	-0.644096	-1.430086	-0.145980	-0.988975	-0.024860	-0.078111	-0.013529	0.996853	-0.986199	0.147463	-0.075275
169	1711923													9.644506	-0.665912	-1.437299	-0.146109	-0.988963	-0.024569	-0.078023	-0.013238	0.996864	-0.986187	0.147568	-0.075228
170	1712090													9.648706	-0.672989	-1.425712	-0.146251	-0.988943	-0.024534	-0.077979	-0.013198	0.996868	-0.986169	0.147706	-0.075187
171	1712257													9.643579	-0.674129	-1.436055	-0.146364	-0.988921	-0.024749	-0.077994	-0.013404	0.996864	-0.986151	0.147836	-0.075168
172	1712423													9.680261	-0.659978	-1.449988	-0.146449	-0.988908	-0.024779	-0.078013	-0.013425	0.996862	-0.986137	0.147923	-0.075181
173	1712590													9.682392	-0.608431	-1.450320	-0.146489	-0.988898	-0.024920	-0.077878	-0.013585	0.996870	-0.986142	0.147971	-0.075023
174	1712757													9.665723	-0.602476	-1.416049	-0.146520	-0.988896	-0.024847	-0.077611	-0.013548	0.996892	-0.986159	0.147993	-0.074764
175	1712923													9.662018	-0.647533	-1.428527	-0.146569	-0.988892	-0.024705	-0.077440	-0.013427	0.996907	-0.986165	0.148029	-0.074612
176	1713090													9.649430	-0.615548	-1.423506	-0.146551	-0.988897	-0.024596	-0.077393	-0.013326	0.996912	-0.986171	0.148002	-0.074581
177	1713257													9.649974	-0.589249	-1.422740	-0.146492	-0.988910	-0.024426	-0.077405	-0.013157	0.996913	-0.986179	0.147931	-0.074620
178	1713423													9.662471	-0.604708	-1.425709	-0.146449	-0.988920	-0.024290	-0.077363	-0.013030	0.996918	-0.986188	0.147877	-0.074597
179	1713590													9.635426	-0.624553	-1.430208	-0.146377	-0.988936	-0.024065	-0.077253	-0.012825	0.996929	-0.986208	0.147787	-0.074521
180	1713757													9.638618	-0.673049	-1.429274	-0.146352	-0.988943	-0.023930	-0.077193	-0.012699	0.996935	-0.986216	0.147751	-0.074481
181	1713923													9.637178	-0.652383	-1.425590	-0.146388	-0.988941	-0.023786	-0.077161	-0.012557	0.996940	-0.986213	0.147775	-0.074470
182	1714090													9.654865	-0.641192	-1.422848	-0.146459	-0.988932	-0.023734	-0.077187	-0.012495	0.996938	-0.986201	0.147842	-0.074503
183	1714257													9.656957	-0.627735	-1.436514	-0.146558	-0.988918	-0.023706	-0.077235	-0.012452	0.996935	-0.986182	0.147939	-0.074554
184	1714423													9.644442	-0.629315	-1.440345	-0.146688	-0.988898	-0.023750	-0.077235	-0.012487	0.996935	-0.986163	0.148073	-0.074546
185	1714590													9.653700	-0.626236	-1.422539	-0.146880	-0.988865	-0.023903	-0.077270	-0.012621	0.996930	-0.986132	0.148276	-0.074556
186	1714757													9.655396	-0.613141	-1.432614	-0.147101	-0.988830	-0.023993	-0.077319	-0.012687	0.996926	-0.986095	0.148504	-0.074589
187	1714923													9.658578	-0.604751	-1.454156	-0.147308	-0.988798	-0.024073	-0.077354	-0.012747	0.996922	-0.986061	0.148716	-0.074610
188	1715090													9.640359	-0.623352	-1.462850	-0.147477	-0.988772	-0.024106	-0.077348	-0.012768	0.996922	-0.986036	0.148888	-0.074597
189	1715257													9.643735	-0.646247	-1.450785	-0.147653	-0.988746	-0.024065	-0.077427	-0.012702	0.996917	-0.986004	0.149061	-0.074680
190	1715423													9.634563	-0.606926	-1.454480	-0.147820	-0.988718	-0.024192	-0.077418	-0.012819	0.996916	-0.985980	0.149237	-0.074650
191	1715590													9.662848	-0.608982	-1.473848	-0.147969	-0.988700	-0.024050	-0.077269	-0.012686	0.996930	-0.985969	0.149373	-0.074519
192	1715757													9.678780	-0.648202	-1.467132	-0.148099	-0.988685	-0.023868	-0.077129	-0.012513	0.996943	-0.985960	0.149487	-0.074403
193	1715923													9.658692	-0.635674	-1.477270	-0.148175	-0.988673	-0.023883	-0.077060	-0.012534	0.996948	-0.985954	0.149563	-0.074330
194	1716090													9.650423	-0.616227	-1.474574	-0.148247	-0.988664	-0.023802	-0.077061	-0.012446	0.996949	-0.985943	0.149629	-0.074342
195	1716257													9.646400	-0.622636	-1.444537	-0.148300	-0.988657	-0.023767	-0.077076	-0.012405	0.996948	-0.985934	0.149680	-0.074362
196	1716423													9.644336	-0.635395	-1.465551	-0.148347	-0.988650	-0.023769	-0.077090	-0.012401	0.996947	-0.985926	0.149727	-0.074375
197	1716590													9.640249	-0.642036	-1.470172	-0.148405	-0.988642	-0.023749	-0.077073	-0.012379	0.996949	-0.985919	0.149782	-0.074361
198	1716757													9.651851	-0.634366	-1.442216	-0.148481	-0.988632	-0.023674	-0.077014	-0.012306	0.996954	-0.985912	0.149852	-0.074311
199	1716923													9.663148	-0.629098	-1.462039	-0.148551	-0.988620	-0.023752	-0.076931	-0.012393	0.996959	-0.985908	0.149926	-0.074215
200	1717090													9.675218	-0.605355	-1.438662	-0.148579	-0.988616	-0.023705	-0.076816	-0.012360	0.996969	-0.985913	0.149949	-0.074105
201	1717257													9.650788	-0.581799	-1.458960	-0.148627	-0.988613	-0.023535	-0.076649	-0.012211	0.996983	-0.985918	0.149983	-0.073962
202	1717423													9.655670	-0.588973	-1.455212	-0.148700	-0.988605	-0.023417	-0.076524	-0.012105	0.996994	-0.985917	0.150045	-0.073852
203	1717590													9.638671	-0.613396	-1.457537	-0.148824	-0.988590	-0.023267	-0.076453	-0.011955	0.997002	-0.985904	0.150156	-0.073801
204	1717757													9.662508	-0.626198	-1.457278	-0.148963	-0.988573	-0.023110	-0.076477	-0.011783	0.997002	-0.985881	0.150284	-0.073847
205	1717923													9.648274	-0.658507	-1.441080	-0.149095	-0.988557	-0.022936	-0.076543	-0.011588	0.996999	-0.985856	0.150403	-0.073940
206	1718090													9.649917	-0.665139	-1.464189	-0.149200	-0.988539	-0.023012	-0.076626	-0.011643	0.996992	-0.985834	0.150515	-0.074011
207	1718257													9.644814	-0.670760	-1.465605	-0.149280	-0.988524	-0.023128	-0.076665	-0.011749	0.996988	-0.985818	0.150603	-0.074031
208	1718423													9.659660	-0.666409	-1.474178	-0.149388	-0.988501	-0.023443	-0.076724	-0.012049	0.996980	-0.985797	0.150736	-0.074042
209	1718590													9.637116	-0.631725	-1.489780	-0.149507	-0.988473	-0.023836	-0.076737	-0.012434	0.996974	-0.985778	0.150883	-0.073994
210	1718757													9.646308	-0.617422	-1.481751	-0.149647	-0.988443	-0.024228	-0.076741	-0.012819	0.996969	-0.985757	0.151053	-0.073936
211	1718923													9.654109	-0.595721	-1.483311	-0.149762	-0.988418	-0.024505	-0.076694	-0.013097	0.996969	-0.985743	0.151187	-0.073844
212	1719090													9.668280	-0.578566	-1.473791	-0.149834	-0.988406	-0.024553	-0.076660	-0.013145	0.996971	-0.985735	0.151262	-0.073802
213	1719257													9.671177	-0.587403	-1.491160	-0.149873	-0.988400	-0.024581	-0.076652	-0.013172	0.996971	-0.985729	0.151303	-0.073788
214	1719423													9.663136	-0.602766	-1.474563	-0.149829	-0.988411	-0.024408	-0.076633	-0.013003	0.996975	-0.985738	0.151247	-0.073796
215	1719590													9.665069	-0.611775	-1.463255	-0.149744	-0.988430	-0.024127	-0.076596	-0.012732	0.996981	-0.985753	0.151140	-0.073804
216	1719757													9.615700	-0.640612	-1.505329	-0.149695	-0.988443	-0.023914	-0.076540	-0.012529	0.996988	-0.985765	0.151074	-0.073780
217	1719923													9.628930	-0.651481	-1.471878	-0.149666	-0.988451	-0.023748	-0.076496	-0.012371	0.996993	-0.985773	0.151032	-0.073761
218	1720090													9.650991	-0.687787	-1.485431	-0.149689	-0.988448	-0.023763	-0.076483	-0.012386	0.996994	-0.985770	0.151057	-0.073746
219	1720257													9.624615	-0.675671	-1.476837	-0.149661	-0.988447	-0.023943	-0.076527	-0.012563	0.996988	-0.985771	0.151043	-0.073762
220	1720423													9.642128	-0.665016	-1.508953	-0.149667	-0.988439	-0.024245	-0.076635	-0.012851	0.996976	-0.985762	0.151073	-0.073825
221	1720590													9.677431	-0.636821	-1.488767	-0.149688	-0.988424	-0.024713	-0.076719	-0.013308	0.996964	-0.985752	0.151130	-0.073839
222	1720757													9.695788	-0.590628	-1.485230	-0.149691	-0.988417	-0.024978	-0.076639	-0.013588	0.996966	-0.985758	0.151152	-0.073717
223	1720923													9.690588	-0.610287	-1.501306	-0.149626	-0.988426	-0.025033	-0.076480	-0.013672	0.996977	-0.985780	0.151088	-0.073549
224	1721090													9.657011	-0.632842	-1.473887	-0.149510	-0.988444	-0.024995	-0.076438	-0.013649	0.996981	-0.985801	0.150969	-0.073514
225	1721257													9.621287	-0.629042	-1.456191	-0.149371	-0.988464	-0.025052	-0.076528	-0.013703	0.996973	-0.985815	0.150836	-0.073598
226	1721423													9.630167	-0.616195	-1.446978	-0.149218	-0.988487	-0.025065	-0.076633	-0.013711	0.996965	-0.985830	0.150686	-0.073705
227	1721590													9.642421	-0.622562	-1.434107	-0.149047	-0.988515	-0.024951	-0.076621	-0.013612	0.996967	-0.985857	0.150507	-0.073712
228	1721757													9.649390	-0.674873	-1.439366	-0.148874	-0.988542	-0.024916	-0.076537	-0.013602	0.996974	-0.985890	0.150331	-0.073635
229	1721923													9.655073	-0.678228	-1.448807	-0.148735	-0.988558	-0.025124	-0.076508	-0.013827	0.996973	-0.985913	0.150207	-0.073576
230	1722090													9.644888	-0.668796	-1.437544	-0.148585	-0.988577	-0.025256	-0.076502	-0.013972	0.996972	-0.985936	0.150067	-0.073552
231	1722257													9.667624	-0.644538	-1.464272	-0.148492	-0.988587	-0.025418	-0.076515	-0.014140	0.996968	-0.985949	0.149987	-0.073542
232	1722423													9.643867	-0.644439	-1.450176	-0.148457	-0.988586	-0.025668	-0.076515	-0.014395	0.996965	-0.985954	0.149970	-0.073504
233	1722590													9.618209	-0.636442	-1.432305	-0.148473	-0.988579	-0.025839	-0.076538	-0.014563	0.996960	-0.985950	0.150000	-0.073502
234	1722757													9.634202	-0.644944	-1.452668	-0.148552	-0.988565	-0.025913	-0.076613	-0.014620	0.996954	-0.985932	0.150085	-0.073565
235	1722923													9.654469	-0.633242	-1.458457	-0.148682	-0.988541	-0.026073	-0.076700	-0.014759	0.996945	-0.985906	0.150227	-0.073627
236	1723090													9.650582	-0.636581	-1.457815	-0.148753	-0.988528	-0.026164	-0.076780	-0.014833	0.996938	-0.985889	0.150306	-0.073692
237	1723257													9.628828	-0.671044	-1.492470	-0.148846	-0.988509	-0.026357	-0.076864	-0.015007	0.996929	-0.985869	0.150415	-0.073747
238	1723423													9.630534	-0.678233	-1.476686	-0.148941	-0.988491	-0.026511	-0.076986	-0.015137	0.996917	-0.985845	0.150522	-0.073845
239	1723590													9.633654	-0.622285	-1.501779	-0.149074	-0.988466	-0.026674	-0.076961	-0.015295	0.996917	-0.985827	0.150667	-0.073793
240	1723757													9.654119	-0.632241	-1.516362	-0.149208	-0.988445	-0.026710	-0.076836	-0.015341	0.996926	-0.985816	0.150801	-0.073660
241	1723923													9.688447	-0.658351	-1.487899	-0.149287	-0.988431	-0.026773	-0.076734	-0.015413	0.996932	-0.985812	0.150883	-0.073546
242	1724090													9.681648	-0.650222	-1.486064	-0.149275	-0.988432	-0.026829	-0.076737	-0.015471	0.996931	-0.985814	0.150875	-0.073540
243	1724257													9.650410	-0.646939	-1.475214	-0.149223	-0.988439	-0.026842	-0.076744	-0.015486	0.996931	-0.985821	0.150825	-0.073546
244	1724423													9.653771	-0.639011	-1.488307	-0.149125	-0.988452	-0.026919	-0.076727	-0.015574	0.996931	-0.985837	0.150733	-0.073518
245	1724590													9.661546	-0.660783	-1.503824	-0.149035	-0.988469	-0.026791	-0.076584	-0.015474	0.996943	-0.985862	0.150632	-0.073395
246	1724757													9.657019	-0.662349	-1.459511	-0.148882	-0.988495	-0.026691	-0.076407	-0.015412	0.996958	-0.985899	0.150468	-0.073234
247	1724924													9.669207	-0.659249	-1.450767	-0.148658	-0.988529	-0.026683	-0.076171	-0.015456	0.996975	-0.985951	0.150240	-0.073000
248	1725090													9.652184	-0.628649	-1.449840	-0.148371	-0.988574	-0.026598	-0.075939	-0.015427	0.996993	-0.986012	0.149944	-0.072782
249	1725257													9.647702	-0.592198	-1.447545	-0.148169	-0.988606	-0.026524	-0.075679	-0.015407	0.997013	-0.986062	0.149734	-0.072534
250	1725424													9.630086	-0.586927	-1.449190	-0.148028	-0.988629	-0.026448	-0.075388	-0.015385	0.997036	-0.986106	0.149583	-0.072254
251	1725590													9.628494	-0.597988	-1.423216	-0.147972	-0.988644	-0.026213	-0.075160	-0.015186	0.997056	-0.986131	0.149507	-0.072060
252	1725757													9.636155	-0.608563	-1.437464	-0.147992	-0.988647	-0.025973	-0.075057	-0.014958	0.997067	-0.986136	0.149507	-0.071992
253	1725924													9.654542	-0.635056	-1.428328	-0.148044	-0.988643	-0.025863	-0.075065	-0.014842	0.997068	-0.986128	0.149552	-0.072015
254	1726090													9.653486	-0.664516	-1.433747	-0.148068	-0.988641	-0.025782	-0.075154	-0.014746	0.997063	-0.986118	0.149570	-0.072116
255	1726257													9.665971	-0.688384	-1.431233	-0.148083	-0.988635	-0.025915	-0.075255	-0.014863	0.997054	-0.986108	0.149597	-0.072199
256	1726424													9.654240	-0.683707	-1.428110	-0.148093	-0.988625	-0.026261	-0.075387	-0.015192	0.997039	-0.986096	0.149634	-0.072279
257	1726590													9.644170	-0.650376	-1.436304	-0.148094	-0.988613	-0.026703	-0.075466	-0.015626	0.997026	-0.986090	0.149669	-0.072293
258	1726757													9.650827	-0.639571	-1.447124	-0.148109	-0.988595	-0.027269	-0.075579	-0.016178	0.997009	-0.986079	0.149727	-0.072320
259	1726924													9.651299	-0.612318	-1.456368	-0.148119	-0.988579	-0.027794	-0.075720	-0.016685	0.996990	-0.986067	0.149777	-0.072384
260	1727090													9.662357	-0.583254	-1.445316	-0.148133	-0.988566	-0.028181	-0.075855	-0.017054	0.996973	-0.986054	0.149823	-0.072462
261	1727257													9.636840	-0.580790	-1.429111	-0.148135	-0.988556	-0.028503	-0.076028	-0.017353	0.996955	-0.986040	0.149851	-0.072587
262	1727424													9.613142	-0.584317	-1.461925	-0.148225	-0.988537	-0.028712	-0.076222	-0.017527	0.996937	-0.986012	0.149959	-0.072751
263	1727590													9.620548	-0.635450	-1.438111	-0.148440	-0.988502	-0.028787	-0.076379	-0.017563	0.996924	-0.985967	0.150182	-0.072894
264	1727757													9.622693	-0.684142	-1.468507	-0.148731	-0.988459	-0.028780	-0.076470	-0.017520	0.996918	-0.985917	0.150474	-0.072981
265	1727924													9.633723	-0.707143	-1.461760	-0.149000	-0.988417	-0.028817	-0.076602	-0.017518	0.996908	-0.985866	0.150747	-0.073104
266	1728090													9.642551	-0.704963	-1.502244	-0.149248	-0.988374	-0.028998	-0.076764	-0.017657	0.996893	-0.985816	0.151011	-0.073236
267	1728257													9.686821	-0.703793	-1.508623	-0.149446	-0.988338	-0.029236	-0.076889	-0.017863	0.996880	-0.985776	0.151227	-0.073322
268	1728424													9.702562	-0.637855	-1.493912	-0.149558	-0.988310	-0.029603	-0.076852	-0.018230	0.996876	-0.985762	0.151366	-0.073227
269	1728590													9.668212	-0.657994	-1.489194	-0.149540	-0.988307	-0.029780	-0.076698	-0.018433	0.996884	-0.985777	0.151358	-0.073044
270	1728757													9.650098	-0.676785	-1.472128	-0.149470	-0.988315	-0.029876	-0.076686	-0.018537	0.996883	-0.985788	0.151295	-0.073019
271	1728924													9.624331	-0.668040	-1.450981	-0.149366	-0.988324	-0.030088	-0.076845	-0.018734	0.996867	-0.985791	0.151210	-0.073150
272	1729090													9.624968	-0.647695	-1.472652	-0.149238	-0.988339	-0.030224	-0.076983	-0.018860	0.996854	-0.985800	0.151095	-0.073270
273	1729257													9.636846	-0.664057	-1.480481	-0.149125	-0.988354	-0.030289	-0.077066	-0.018922	0.996846	-0.985811	0.150989	-0.073347
274	1729424													9.642317	-0.675345	-1.471619	-0.149013	-0.988368	-0.030412	-0.077082	-0.019051	0.996843	-0.985826	0.150886	-0.073346
275	1729590													9.652740	-0.688098	-1.454759	-0.148866	-0.988384	-0.030581	-0.077081	-0.019233	0.996839	-0.985849	0.150752	-0.073323
276	1729757													9.652759	-0.676516	-1.465528	-0.148731	-0.988402	-0.030670	-0.077106	-0.019329	0.996836	-0.985867	0.150625	-0.073337
277	1729924													9.658262	-0.667840	-1.455047	-0.148601	-0.988415	-0.030882	-0.077121	-0.019550	0.996830	-0.985885	0.150511	-0.073322
278	1730090													9.638707	-0.663368	-1.467840	-0.148508	-0.988427	-0.030952	-0.077123	-0.019628	0.996828	-0.985899	0.150424	-0.073315
279	1730257													9.647624	-0.653902	-1.451772	-0.148483	-0.988427	-0.031051	-0.077115	-0.019730	0.996827	-0.985904	0.150406	-0.073293
280	1730424													9.658231	-0.651825	-1.468970	-0.148480	-0.988424	-0.031175	-0.077130	-0.019854	0.996823	-0.985903	0.150412	-0.073289
