// Start Time: Unknown
// Update Rate: 60.0Hz
//Filter Profile: human (46.1)
// Option Flags: AHS Disabled ICC Disabled
// Firmware Version: 4.0.2
0	sampleTimeFine	Year	Month	Day	Second	UTC_Nano	UTC_Year	UTC_Month	UTC_Day	UTC_Hour	UTC_Minute	UTC_Second	UTC_Valid	Acc_X	Acc_Y	Acc_Z	Mat[1][1]	Mat[2][1]	Mat[3][1]	Mat[1][2]	Mat[2][2]	Mat[3][2]	Mat[1][3]	Mat[2][3]	Mat[3][3]
0	295048													0.000000	0.000000	0.000000	-0.212685	-0.965351	0.151202	0.036532	0.146778	0.988495	-0.976438	0.215762	0.004049
1	295215													9.546673	0.267637	-2.126745	-0.213652	-0.964960	0.152334	0.035268	0.148214	0.988326	-0.976273	0.216531	0.002366
2	295382													9.566993	0.267660	-2.125102	-0.214810	-0.964762	0.151956	0.033316	0.148259	0.988387	-0.976087	0.217378	0.000295
3	295548													9.562633	0.280046	-2.123246	-0.215633	-0.964681	0.151304	0.031531	0.147990	0.988486	-0.975965	0.217921	-0.001495
4	295715													9.553236	0.284945	-2.139391	-0.216107	-0.964682	0.150618	0.030352	0.147551	0.988589	-0.975898	0.218213	-0.002606
5	295882													9.556055	0.272475	-2.107695	-0.216442	-0.964763	0.149616	0.029592	0.146695	0.988739	-0.975847	0.218432	-0.003202
6	296048													9.544057	0.292140	-2.104198	-0.216463	-0.964812	0.149269	0.029030	0.146466	0.988790	-0.975859	0.218369	-0.003696
7	296215													9.537233	0.296453	-2.127407	-0.216380	-0.964886	0.148914	0.028682	0.146180	0.988842	-0.975888	0.218237	-0.003955
8	296382													9.545455	0.309989	-2.096677	-0.216273	-0.964967	0.148544	0.028482	0.145844	0.988897	-0.975917	0.218103	-0.004058
9	296548													9.530657	0.340727	-2.105664	-0.216073	-0.965081	0.148095	0.028388	0.145404	0.988965	-0.975964	0.217892	-0.004021
10	296715													9.524141	0.338699	-2.076382	-0.215884	-0.965124	0.148085	0.028421	0.145386	0.988967	-0.976005	0.217711	-0.003956
11	296882													9.556578	0.338324	-2.076772	-0.215642	-0.965146	0.148299	0.028490	0.145589	0.988935	-0.976057	0.217481	-0.003898
12	297048													9.550815	0.313985	-2.058619	-0.215395	-0.965177	0.148451	0.028532	0.145734	0.988912	-0.976110	0.217242	-0.003852
13	297215													9.524714	0.292063	-2.051374	-0.215158	-0.965236	0.148411	0.028509	0.145697	0.988918	-0.976163	0.217005	-0.003830
14	297382													9.542590	0.267927	-2.077036	-0.214937	-0.965278	0.148461	0.028420	0.145768	0.988911	-0.976214	0.216773	-0.003898
15	297548													9.552649	0.252903	-2.070894	-0.214739	-0.965336	0.148368	0.028274	0.145704	0.988924	-0.976262	0.216556	-0.003995
16	297715													9.551303	0.241434	-2.075524	-0.214537	-0.965417	0.148134	0.028091	0.145504	0.988959	-0.976312	0.216330	-0.004097
17	297882													9.573406	0.241269	-2.064456	-0.214312	-0.965488	0.147994	0.027912	0.145399	0.988979	-0.976366	0.216081	-0.004213
18	298048													9.532711	0.265501	-2.063267	-0.214063	-0.965588	0.147705	0.027711	0.145146	0.989022	-0.976427	0.215806	-0.004313
19	298215													9.540550	0.284765	-2.068587	-0.213827	-0.965705	0.147280	0.027583	0.144738	0.989086	-0.976482	0.215556	-0.004312
20	298382													9.542642	0.314204	-2.068564	-0.213550	-0.965822	0.146915	0.027501	0.144382	0.989140	-0.976545	0.215271	-0.004272
21	298548													9.538610	0.308276	-2.072387	-0.213302	-0.965903	0.146745	0.027434	0.144221	0.989165	-0.976601	0.215017	-0.004264
22	298715													9.528181	0.320238	-2.045111	-0.213113	-0.965948	0.146719	0.027375	0.144206	0.989169	-0.976644	0.214822	-0.004290
23	298882													9.526223	0.304049	-2.039540	-0.213008	-0.965943	0.146905	0.027325	0.144407	0.989141	-0.976668	0.214709	-0.004366
24	299048													9.540051	0.297518	-2.042296	-0.212952	-0.965924	0.147115	0.027279	0.144632	0.989109	-0.976682	0.214646	-0.004450
25	299215													9.547828	0.270796	-2.034133	-0.212921	-0.965898	0.147327	0.027226	0.144861	0.989077	-0.976690	0.214606	-0.004547
26	299382													9.547834	0.257140	-2.057457	-0.212875	-0.965894	0.147420	0.027177	0.144966	0.989063	-0.976701	0.214553	-0.004609
27	299548													9.551828	0.275747	-2.076135	-0.212844	-0.965881	0.147550	0.027174	0.145101	0.989044	-0.976708	0.214522	-0.004637
28	299715													9.541386	0.280925	-2.095414	-0.212860	-0.965893	0.147452	0.027163	0.145003	0.989058	-0.976705	0.214536	-0.004629
29	300048													9.531783	0.269703	-2.071901	-0.212894	-0.965892	0.147405	0.027132	0.144961	0.989065	-0.976699	0.214565	-0.004655
30	300215													9.540338	0.295148	-2.057042	-0.212922	-0.965905	0.147277	0.027131	0.144831	0.989084	-0.976692	0.214594	-0.004632
31	300382													9.558765	0.322956	-2.075366	-0.212923	-0.965921	0.147177	0.027083	0.144738	0.989099	-0.976694	0.214588	-0.004658
32	300548													9.546860	0.319942	-2.075427	-0.212907	-0.965919	0.147209	0.027038	0.144781	0.989094	-0.976698	0.214565	-0.004708
33	300715													9.531751	0.315443	-2.081868	-0.212929	-0.965902	0.147293	0.026930	0.144891	0.989081	-0.976697	0.214570	-0.004839
34	300882													9.554571	0.323057	-2.062345	-0.212967	-0.965881	0.147375	0.026833	0.144997	0.989068	-0.976691	0.214594	-0.004962
35	301048													9.550884	0.286125	-2.078181	-0.212958	-0.965868	0.147469	0.026732	0.145115	0.989054	-0.976696	0.214569	-0.005084
36	301215													9.536697	0.257991	-2.088011	-0.212935	-0.965875	0.147460	0.026592	0.145137	0.989054	-0.976704	0.214526	-0.005220
37	301382													9.539322	0.261467	-2.091180	-0.212962	-0.965881	0.147384	0.026448	0.145091	0.989065	-0.976703	0.214531	-0.005354
38	301548													9.549986	0.275186	-2.109358	-0.212996	-0.965882	0.147324	0.026344	0.145052	0.989073	-0.976698	0.214550	-0.005450
39	301715													9.561577	0.314177	-2.101351	-0.213029	-0.965882	0.147275	0.026409	0.144988	0.989081	-0.976689	0.214592	-0.005378
40	301882													9.582665	0.301049	-2.084782	-0.212972	-0.965902	0.147231	0.026616	0.144897	0.989089	-0.976696	0.214567	-0.005151
41	302048													9.588241	0.315268	-2.076818	-0.212815	-0.965926	0.147300	0.026782	0.144931	0.989079	-0.976725	0.214436	-0.004974
42	302215													9.533774	0.342111	-2.070660	-0.212656	-0.965952	0.147361	0.026882	0.144970	0.989071	-0.976757	0.214293	-0.004862
43	302382													9.527889	0.392188	-2.047693	-0.212524	-0.965950	0.147560	0.026905	0.145168	0.989041	-0.976785	0.214165	-0.004862
44	302548													9.532440	0.372447	-2.038900	-0.212384	-0.965931	0.147885	0.026881	0.145505	0.988992	-0.976817	0.214021	-0.004938
45	302715													9.541768	0.326742	-2.040062	-0.212241	-0.965902	0.148282	0.026812	0.145926	0.988932	-0.976850	0.213867	-0.005074
46	302882													9.529724	0.296825	-2.036912	-0.212125	-0.965876	0.148616	0.026686	0.146295	0.988881	-0.976878	0.213733	-0.005258
47	303048													9.536151	0.239054	-2.058754	-0.212016	-0.965878	0.148756	0.026554	0.146466	0.988859	-0.976905	0.213604	-0.005405
48	303215													9.550099	0.253186	-2.033570	-0.211991	-0.965862	0.148899	0.026365	0.146654	0.988836	-0.976916	0.213550	-0.005624
49	303382													9.538940	0.278860	-2.040144	-0.212016	-0.965881	0.148740	0.026202	0.146527	0.988860	-0.976915	0.213552	-0.005758
50	303548													9.547284	0.319485	-2.023987	-0.212050	-0.965894	0.148607	0.026090	0.146416	0.988879	-0.976910	0.213569	-0.005848
51	303715													9.561951	0.347099	-2.046634	-0.212131	-0.965893	0.148495	0.026044	0.146311	0.988896	-0.976894	0.213643	-0.005881
52	303882													9.534111	0.329444	-2.047976	-0.212285	-0.965851	0.148547	0.025959	0.146385	0.988887	-0.976863	0.213782	-0.006003
53	304048													9.544615	0.334802	-2.065772	-0.212529	-0.965761	0.148788	0.025776	0.146673	0.988849	-0.976815	0.213994	-0.006278
54	304215													9.525825	0.382560	-2.070700	-0.212815	-0.965660	0.149028	0.025619	0.146955	0.988811	-0.976757	0.214252	-0.006535
55	304382													9.518103	0.366115	-2.073106	-0.213134	-0.965516	0.149512	0.025573	0.147462	0.988737	-0.976688	0.214557	-0.006738
56	304548													9.526351	0.307581	-2.120774	-0.213480	-0.965338	0.150166	0.025530	0.148144	0.988636	-0.976614	0.214888	-0.006981
57	304715													9.539732	0.292185	-2.129116	-0.213792	-0.965198	0.150617	0.025449	0.148627	0.988566	-0.976548	0.215181	-0.007212
58	304882													9.543388	0.284848	-2.085756	-0.214067	-0.965071	0.151037	0.025317	0.149088	0.988500	-0.976491	0.215429	-0.007482
59	305048													9.555147	0.289062	-2.118063	-0.214276	-0.964962	0.151438	0.025192	0.149528	0.988436	-0.976448	0.215613	-0.007731
60	305215													9.576840	0.297737	-2.125905	-0.214358	-0.964901	0.151710	0.025041	0.149840	0.988393	-0.976434	0.215669	-0.007957
61	305382													9.552210	0.305826	-2.122861	-0.214341	-0.964838	0.152136	0.024943	0.150299	0.988326	-0.976440	0.215634	-0.008149
62	305548													9.529191	0.308487	-2.132503	-0.214305	-0.964799	0.152433	0.024856	0.150621	0.988279	-0.976450	0.215582	-0.008298
63	305715													9.535592	0.310744	-2.109773	-0.214238	-0.964771	0.152703	0.024804	0.150909	0.988236	-0.976466	0.215506	-0.008400
64	305882													9.547018	0.327116	-2.103822	-0.214150	-0.964747	0.152978	0.024746	0.151203	0.988193	-0.976487	0.215407	-0.008506
65	306048													9.540770	0.346681	-2.119944	-0.214047	-0.964711	0.153352	0.024713	0.151592	0.988134	-0.976511	0.215297	-0.008607
66	306215													9.531054	0.356365	-2.097599	-0.213916	-0.964684	0.153706	0.024685	0.151959	0.988078	-0.976540	0.215160	-0.008693
67	306382													9.542216	0.349048	-2.097417	-0.213806	-0.964643	0.154112	0.024617	0.152389	0.988014	-0.976566	0.215038	-0.008835
68	306548													9.546131	0.330575	-2.074309	-0.213718	-0.964590	0.154563	0.024515	0.152873	0.987942	-0.976588	0.214930	-0.009025
69	306715													9.547826	0.308996	-2.094674	-0.213619	-0.964550	0.154953	0.024350	0.153308	0.987878	-0.976614	0.214803	-0.009263
70	306882													9.545516	0.290604	-2.065212	-0.213541	-0.964521	0.155242	0.024155	0.153646	0.987831	-0.976635	0.214692	-0.009512
71	307048													9.539960	0.287868	-2.086115	-0.213457	-0.964506	0.155447	0.023937	0.153903	0.987796	-0.976659	0.214573	-0.009765
72	307215													9.551038	0.259164	-2.061245	-0.213384	-0.964504	0.155560	0.023724	0.154065	0.987776	-0.976680	0.214466	-0.009994
73	307382													9.555148	0.267733	-2.072145	-0.213320	-0.964524	0.155524	0.023530	0.154070	0.987780	-0.976699	0.214373	-0.010171
74	307548													9.548915	0.282044	-2.047201	-0.213251	-0.964552	0.155443	0.023369	0.154021	0.987791	-0.976718	0.214280	-0.010305
75	307715													9.534279	0.306228	-2.062658	-0.213232	-0.964577	0.155316	0.023222	0.153924	0.987810	-0.976726	0.214239	-0.010422
76	307882													9.532976	0.324279	-2.064760	-0.213262	-0.964592	0.155181	0.023093	0.153814	0.987830	-0.976722	0.214250	-0.010527
77	308048													9.538875	0.322799	-2.063683	-0.213317	-0.964581	0.155176	0.022944	0.153842	0.987829	-0.976714	0.214281	-0.010686
78	308215													9.545250	0.337422	-2.067953	-0.213363	-0.964555	0.155275	0.022809	0.153974	0.987812	-0.976707	0.214304	-0.010852
79	308382													9.537380	0.318965	-2.081757	-0.213367	-0.964518	0.155499	0.022710	0.154225	0.987775	-0.976708	0.214290	-0.011002
80	308548													9.539097	0.307936	-2.066983	-0.213355	-0.964472	0.155802	0.022654	0.154547	0.987726	-0.976712	0.214266	-0.011124
81	308715													9.552788	0.306915	-2.078856	-0.213290	-0.964433	0.156130	0.022615	0.154891	0.987673	-0.976727	0.214191	-0.011226
82	308882													9.564795	0.291282	-2.092103	-0.213214	-0.964398	0.156449	0.022645	0.155210	0.987622	-0.976743	0.214118	-0.011254
83	309048													9.554549	0.290531	-2.086070	-0.213089	-0.964381	0.156724	0.022685	0.155482	0.987578	-0.976769	0.213997	-0.011255
84	309215													9.534955	0.286626	-2.078338	-0.212954	-0.964376	0.156936	0.022725	0.155688	0.987545	-0.976798	0.213868	-0.011239
85	309382													9.540962	0.309842	-2.082057	-0.212845	-0.964370	0.157121	0.022755	0.155870	0.987515	-0.976821	0.213763	-0.011232
86	309548													9.535721	0.307425	-2.067105	-0.212755	-0.964368	0.157258	0.022700	0.156021	0.987493	-0.976842	0.213663	-0.011304
87	309715													9.542730	0.341589	-2.083735	-0.212667	-0.964373	0.157347	0.022613	0.156130	0.987478	-0.976863	0.213562	-0.011397
88	309882													9.540016	0.342862	-2.065152	-0.212607	-0.964370	0.157445	0.022503	0.156253	0.987461	-0.976879	0.213484	-0.011519
89	310049													9.571285	0.344621	-2.078628	-0.212536	-0.964362	0.157586	0.022375	0.156425	0.987436	-0.976897	0.213392	-0.011668
90	310215													9.533569	0.323704	-2.097578	-0.212452	-0.964354	0.157752	0.022207	0.156631	0.987408	-0.976919	0.213280	-0.011861
91	310382													9.540434	0.331296	-2.067575	-0.212394	-0.964335	0.157942	0.022018	0.156866	0.987374	-0.976936	0.213190	-0.012084
92	310549													9.550545	0.319311	-2.074989	-0.212242	-0.964330	0.158180	0.021870	0.157140	0.987334	-0.976972	0.213013	-0.012262
93	310715													9.533406	0.301024	-2.071802	-0.212091	-0.964332	0.158370	0.021676	0.157375	0.987301	-0.977010	0.212830	-0.012475
94	310882													9.529640	0.283165	-2.053939	-0.212007	-0.964325	0.158526	0.021447	0.157584	0.987273	-0.977033	0.212709	-0.012727
95	311049													9.537596	0.276048	-2.084707	-0.211993	-0.964316	0.158601	0.021162	0.157722	0.987257	-0.977042	0.212647	-0.013029
96	311215													9.533110	0.304975	-2.068364	-0.212063	-0.964290	0.158661	0.021061	0.157806	0.987246	-0.977029	0.212700	-0.013156
97	311382													9.570971	0.299722	-2.071522	-0.212075	-0.964279	0.158714	0.021146	0.157842	0.987238	-0.977025	0.212724	-0.013083
98	311549													9.592364	0.298510	-2.048398	-0.212010	-0.964282	0.158782	0.021254	0.157887	0.987228	-0.977036	0.212677	-0.012979
99	311715													9.546521	0.309524	-2.050368	-0.211872	-0.964305	0.158826	0.021312	0.157918	0.987222	-0.977065	0.212550	-0.012907
100	311882													9.535613	0.363983	-2.032212	-0.211763	-0.964316	0.158903	0.021287	0.158001	0.987210	-0.977089	0.212437	-0.012931
101	312049													9.523751	0.365392	-2.004972	-0.211660	-0.964301	0.159131	0.021227	0.158246	0.987172	-0.977113	0.212323	-0.013025
102	312215													9.499190	0.328051	-2.025272	-0.211595	-0.964336	0.159010	0.021135	0.158141	0.987190	-0.977129	0.212246	-0.013080
103	312382													9.524447	0.302228	-2.010437	-0.211602	-0.964285	0.159308	0.021002	0.158475	0.987140	-0.977130	0.212226	-0.013282
104	312549													9.541374	0.275703	-2.000232	-0.211617	-0.964311	0.159128	0.020849	0.158324	0.987167	-0.977130	0.212219	-0.013399
105	312715													9.548593	0.254909	-2.037702	-0.211686	-0.964352	0.158790	0.020647	0.158023	0.987219	-0.977120	0.212259	-0.013540
106	312882													9.544248	0.265513	-2.045437	-0.211828	-0.964318	0.158807	0.020465	0.158082	0.987214	-0.977093	0.212369	-0.013751
107	313049													9.531628	0.296008	-2.032229	-0.212030	-0.964358	0.158293	0.020380	0.157578	0.987296	-0.977051	0.212563	-0.013758
108	313215													9.561350	0.341056	-2.041605	-0.212255	-0.964384	0.157835	0.020393	0.157109	0.987371	-0.977001	0.212793	-0.013680
109	313382													9.523940	0.312258	-2.069387	-0.212484	-0.964392	0.157475	0.020431	0.156736	0.987429	-0.976951	0.213030	-0.013600
110	313549													9.597890	0.287442	-2.079357	-0.212705	-0.964403	0.157110	0.020324	0.156388	0.987487	-0.976905	0.213236	-0.013664
111	313715													9.541609	0.335390	-2.083918	-0.212952	-0.964416	0.156697	0.020136	0.156009	0.987550	-0.976855	0.213456	-0.013803
112	313882													9.522756	0.361079	-2.076536	-0.213247	-0.964391	0.156445	0.020047	0.155775	0.987589	-0.976793	0.213737	-0.013885
113	314049													9.529171	0.303102	-2.081772	-0.213577	-0.964347	0.156269	0.020030	0.155603	0.987617	-0.976721	0.214062	-0.013918
114	314215													9.536181	0.258432	-2.108551	-0.213895	-0.964313	0.156041	0.019966	0.155389	0.987652	-0.976653	0.214369	-0.013984
115	314382													9.526684	0.262544	-2.123113	-0.214263	-0.964285	0.155713	0.019868	0.155080	0.987702	-0.976574	0.214721	-0.014070
116	314549													9.540502	0.272734	-2.122453	-0.214578	-0.964281	0.155302	0.019758	0.154688	0.987766	-0.976507	0.215022	-0.014140
117	314715													9.518627	0.289533	-2.124631	-0.214853	-0.964282	0.154916	0.019698	0.154310	0.987826	-0.976448	0.215289	-0.014159
118	314882													9.518321	0.309358	-2.134608	-0.215086	-0.964290	0.154539	0.019734	0.153918	0.987886	-0.976396	0.215530	-0.014076
119	315049													9.531952	0.306914	-2.134288	-0.215291	-0.964299	0.154198	0.019784	0.153561	0.987941	-0.976349	0.215746	-0.013982
120	315215													9.548975	0.303438	-2.147877	-0.215461	-0.964311	0.153884	0.019812	0.153236	0.987991	-0.976312	0.215922	-0.013911
121	315382													9.565102	0.299951	-2.154139	-0.215558	-0.964333	0.153612	0.019850	0.152950	0.988034	-0.976289	0.216028	-0.013828
122	315549													9.605053	0.306266	-2.147573	-0.215570	-0.964370	0.153364	0.019870	0.152692	0.988074	-0.976286	0.216047	-0.013754
123	315715													9.598516	0.341306	-2.160458	-0.215480	-0.964422	0.153162	0.019879	0.152482	0.988106	-0.976306	0.215961	-0.013685
124	315882													9.616581	0.314630	-2.145133	-0.215306	-0.964480	0.153039	0.019917	0.152345	0.988127	-0.976344	0.215798	-0.013592
125	316049													9.554478	0.273292	-2.125781	-0.215062	-0.964560	0.152878	0.019861	0.152189	0.988152	-0.976398	0.215550	-0.013573
126	316215													9.521501	0.308072	-2.073357	-0.214795	-0.964647	0.152705	0.019810	0.152019	0.988179	-0.976458	0.215281	-0.013543
127	316382													9.502902	0.315607	-2.053941	-0.214533	-0.964727	0.152571	0.019795	0.151882	0.988200	-0.976516	0.215022	-0.013487
128	316549													9.515736	0.284540	-2.061818	-0.214321	-0.964803	0.152385	0.019767	0.151694	0.988230	-0.976563	0.214811	-0.013440
129	316715													9.508198	0.274535	-2.105113	-0.214246	-0.964801	0.152502	0.019719	0.151823	0.988211	-0.976581	0.214728	-0.013503
130	316882													9.531404	0.257136	-2.094903	-0.214296	-0.964865	0.152027	0.019643	0.151354	0.988284	-0.976571	0.214772	-0.013482
131	317049													9.490048	0.299736	-2.112802	-0.214470	-0.964921	0.151429	0.019623	0.150749	0.988377	-0.976533	0.214949	-0.013397
132	317215													9.480521	0.310875	-2.117369	-0.214781	-0.964954	0.150774	0.019699	0.150065	0.988480	-0.976464	0.215277	-0.013223
133	317382													9.517634	0.315159	-2.122896	-0.215131	-0.964980	0.150110	0.019833	0.149361	0.988584	-0.976384	0.215652	-0.012994
134	317549													9.513938	0.337020	-2.133990	-0.215420	-0.965016	0.149462	0.019902	0.148685	0.988684	-0.976319	0.215957	-0.012824
135	317715													9.522898	0.367212	-2.141906	-0.215596	-0.965078	0.148802	0.019916	0.148009	0.988786	-0.976280	0.216141	-0.012690
136	317882													9.539122	0.400040	-2.129178	-0.215593	-0.965161	0.148271	0.019830	0.147483	0.988866	-0.976282	0.216132	-0.012657
137	318049													9.549791	0.366868	-2.113502	-0.215379	-0.965279	0.147814	0.019637	0.147055	0.988933	-0.976333	0.215898	-0.012717
138	318215													9.545451	0.339639	-2.121131	-0.214991	-0.965419	0.147459	0.019364	0.146746	0.988985	-0.976424	0.215478	-0.012855
139	318382													9.565669	0.305434	-2.089320	-0.214455	-0.965580	0.147189	0.019035	0.146535	0.989022	-0.976548	0.214902	-0.013045
140	318549													9.583862	0.288267	-2.067766	-0.213795	-0.965706	0.147321	0.018714	0.146731	0.988999	-0.976699	0.214200	-0.013298
141	318715													9.558729	0.266314	-2.029220	-0.213088	-0.965846	0.147431	0.018468	0.146887	0.988981	-0.976859	0.213462	-0.013462
142	318882													9.529423	0.260199	-2.036588	-0.212468	-0.966033	0.147094	0.018295	0.146572	0.989031	-0.976997	0.212829	-0.013469
143	319049													9.501513	0.256219	-2.029264	-0.212030	-0.966197	0.146652	0.018155	0.146144	0.989097	-0.977095	0.212380	-0.013446
144	319215													9.541322	0.276205	-2.024263	-0.211820	-0.966312	0.146195	0.018149	0.145674	0.989166	-0.977140	0.212179	-0.013319
145	319382													9.509485	0.248829	-2.015025	-0.211730	-0.966400	0.145745	0.018270	0.145186	0.989236	-0.977157	0.212113	-0.013084
146	319549													9.437115	0.247739	-2.018800	-0.211897	-0.966446	0.145196	0.018484	0.144580	0.989320	-0.977117	0.212318	-0.012772
147	319715													9.462590	0.313376	-2.024346	-0.212193	-0.966459	0.144678	0.018821	0.143980	0.989402	-0.977046	0.212667	-0.012362
148	319882													9.547846	0.289399	-2.044098	-0.212506	-0.966457	0.144228	0.019261	0.143428	0.989473	-0.976970	0.213047	-0.011865
149	320049													9.637734	0.300601	-2.110625	-0.212780	-0.966467	0.143758	0.019719	0.142850	0.989548	-0.976901	0.213391	-0.011338
150	320215													9.643947	0.350772	-2.142794	-0.213006	-0.966487	0.143289	0.020253	0.142256	0.989623	-0.976841	0.213697	-0.010727
151	320382													9.600128	0.341683	-2.161987	-0.213278	-0.966491	0.142855	0.020804	0.141694	0.989692	-0.976770	0.214052	-0.010113
152	320549													9.524746	0.389086	-2.179334	-0.213628	-0.966475	0.142438	0.021239	0.141175	0.989757	-0.976684	0.214465	-0.009632
153	320715													9.483943	0.466701	-2.157738	-0.214104	-0.966423	0.142076	0.021556	0.140739	0.989812	-0.976573	0.214985	-0.009301
154	320882													9.521029	0.540128	-2.119579	-0.214537	-0.966336	0.142013	0.021811	0.140622	0.989823	-0.976472	0.215452	-0.009092
155	321049													9.511931	0.546648	-2.097668	-0.214733	-0.966248	0.142320	0.021945	0.140909	0.989779	-0.976426	0.215662	-0.009054
156	321215													9.520825	0.496691	-2.082965	-0.214674	-0.966181	0.142860	0.021878	0.141477	0.989700	-0.976441	0.215588	-0.009233
157	321382													9.512917	0.399310	-2.061842	-0.214360	-0.966111	0.143803	0.021506	0.142521	0.989558	-0.976518	0.215214	-0.009774
158	321549													9.503431	0.301683	-2.065792	-0.213827	-0.966115	0.144572	0.020752	0.143469	0.989437	-0.976651	0.214568	-0.010629
159	321715													9.507305	0.217252	-2.055951	-0.213233	-0.966185	0.144979	0.019714	0.144106	0.989366	-0.976802	0.213824	-0.011681
160	321882													9.518694	0.153130	-2.037336	-0.212585	-0.966392	0.144548	0.018496	0.143923	0.989416	-0.976968	0.213008	-0.012722
161	322049													9.554634	0.118465	-2.016049	-0.211862	-0.966675	0.143717	0.017263	0.143331	0.989524	-0.977147	0.212123	-0.013678
162	322215													9.535073	0.063927	-2.054258	-0.211205	-0.967001	0.142482	0.016144	0.142299	0.989692	-0.977309	0.211328	-0.014443
163	322382													9.578585	0.076991	-2.027505	-0.210618	-0.967369	0.140844	0.015199	0.140817	0.989919	-0.977450	0.210635	-0.014955
164	322549													9.555522	0.165085	-2.020072	-0.210071	-0.967747	0.139053	0.014628	0.139100	0.990170	-0.977577	0.210041	-0.015064
165	322715													9.529928	0.236898	-2.023434	-0.209615	-0.968082	0.137398	0.014501	0.137426	0.990406	-0.977676	0.209597	-0.014768
166	322882													9.552598	0.285382	-2.026506	-0.209266	-0.968343	0.136084	0.014742	0.136026	0.990596	-0.977748	0.209304	-0.014190
167	323049													9.604959	0.361013	-2.045387	-0.208916	-0.968547	0.135171	0.015209	0.134986	0.990731	-0.977815	0.209035	-0.013470
168	323215													9.590036	0.405955	-2.062604	-0.208522	-0.968689	0.134757	0.015778	0.134435	0.990797	-0.977890	0.208730	-0.012748
169	323382													9.584637	0.421685	-2.067263	-0.208133	-0.968712	0.135193	0.016423	0.134739	0.990745	-0.977963	0.208427	-0.012134
170	323549													9.605312	0.400858	-2.087179	-0.207640	-0.968742	0.135735	0.017073	0.135149	0.990678	-0.978056	0.208022	-0.011523
171	323715													9.601935	0.367086	-2.131610	-0.207058	-0.968761	0.136487	0.017699	0.135779	0.990581	-0.978169	0.207524	-0.010968
172	323882													9.614925	0.312862	-2.145953	-0.206269	-0.968804	0.137378	0.018299	0.136553	0.990464	-0.978324	0.206816	-0.010438
173	324049													9.623410	0.278578	-2.155564	-0.205216	-0.968915	0.138169	0.018854	0.137234	0.990359	-0.978535	0.205842	-0.009894
174	324215													9.619899	0.298640	-2.139315	-0.203885	-0.969100	0.138838	0.019414	0.137787	0.990272	-0.978802	0.204597	-0.009279
175	324382													9.616899	0.308562	-2.118572	-0.202258	-0.969354	0.139444	0.019966	0.138275	0.990193	-0.979129	0.203059	-0.008613
176	324549													9.562684	0.338728	-2.125139	-0.200346	-0.969681	0.139927	0.020437	0.138655	0.990130	-0.979512	0.201228	-0.007961
177	324715													9.539169	0.360179	-2.070188	-0.198326	-0.970032	0.140375	0.020740	0.139035	0.990070	-0.979917	0.199268	-0.007456
178	324882													9.565916	0.394169	-2.061870	-0.196257	-0.970392	0.140790	0.020870	0.139416	0.990014	-0.980330	0.197236	-0.007109
179	325049													9.621123	0.362131	-2.043232	-0.194120	-0.970758	0.141234	0.020797	0.139868	0.989952	-0.980757	0.195107	-0.006963
180	325215													9.664557	0.335691	-1.978183	-0.191881	-0.971140	0.141665	0.020529	0.140344	0.989890	-0.981204	0.192849	-0.006993
181	325382													9.637801	0.294689	-1.945221	-0.189483	-0.971551	0.142072	0.020084	0.140828	0.989830	-0.981679	0.190410	-0.007172
182	325549													9.592868	0.248770	-1.920888	-0.187010	-0.971991	0.142339	0.019609	0.141173	0.989791	-0.982162	0.187892	-0.007341
183	325715													9.588058	0.210003	-1.887774	-0.184448	-0.972463	0.142462	0.019162	0.141363	0.989772	-0.982655	0.185292	-0.007440
184	325882													9.582956	0.191139	-1.833010	-0.181801	-0.972984	0.142303	0.018738	0.141261	0.989795	-0.983157	0.182612	-0.007450
185	326049													9.613243	0.208475	-1.769974	-0.179150	-0.973521	0.141991	0.018371	0.140991	0.989840	-0.983650	0.179939	-0.007374
186	326215													9.646282	0.223818	-1.731872	-0.176425	-0.974086	0.141531	0.018052	0.140560	0.989908	-0.984149	0.177199	-0.007214
187	326382													9.629114	0.252231	-1.708399	-0.173690	-0.974651	0.141020	0.017759	0.140074	0.989982	-0.984640	0.174454	-0.007020
188	326549													9.700122	0.281071	-1.688184	-0.170876	-0.975217	0.140545	0.017573	0.139604	0.990051	-0.985136	0.171645	-0.006718
189	326716													9.678421	0.275383	-1.652936	-0.167877	-0.975793	0.140161	0.017439	0.139217	0.990108	-0.985654	0.168661	-0.006355
190	326882													9.687201	0.281309	-1.656960	-0.164749	-0.976371	0.139850	0.017358	0.138895	0.990155	-0.986183	0.165554	-0.005935
191	327049													9.703273	0.310042	-1.648940	-0.161475	-0.976951	0.139618	0.017338	0.138644	0.990190	-0.986725	0.162311	-0.005449
192	327216													9.755712	0.275324	-1.639444	-0.157986	-0.977534	0.139523	0.017396	0.138521	0.990207	-0.987288	0.158866	-0.004879
193	327382													9.812406	0.321884	-1.596897	-0.154165	-0.978151	0.139475	0.017606	0.138421	0.990217	-0.987888	0.155112	-0.004118
194	327549													9.810563	0.357625	-1.535526	-0.149916	-0.978786	0.139653	0.018056	0.138516	0.990196	-0.988534	0.150968	-0.003093
195	327716													9.872662	0.310053	-1.516804	-0.145132	-0.979450	0.140050	0.018676	0.138811	0.990143	-0.989236	0.146317	-0.001854
196	327882													9.821070	0.243998	-1.483879	-0.139727	-0.980193	0.140350	0.019357	0.139010	0.990102	-0.990001	0.141061	-0.000450
197	328049													9.704359	0.254273	-1.411321	-0.133837	-0.980995	0.140487	0.020144	0.139040	0.990082	-0.990799	0.135340	0.001153
198	328216													9.682122	0.295787	-1.360532	-0.127740	-0.981813	0.140449	0.020999	0.138900	0.990084	-0.991585	0.129423	0.002874
199	328382													9.677743	0.328676	-1.300068	-0.121501	-0.982631	0.140265	0.021773	0.138639	0.990104	-0.992353	0.123352	0.004551
200	328549													9.722614	0.441991	-1.234249	-0.115178	-0.983431	0.139991	0.022354	0.138327	0.990134	-0.993093	0.117171	0.006051
201	328716													9.746873	0.455517	-1.174651	-0.108677	-0.984157	0.140086	0.022693	0.138427	0.990113	-0.993818	0.110781	0.007289
202	328882													9.758535	0.414043	-1.143197	-0.102086	-0.984844	0.140215	0.022726	0.138606	0.990087	-0.994516	0.104260	0.008232
203	329049													9.810928	0.441926	-1.056183	-0.095290	-0.985479	0.140541	0.022459	0.139019	0.990035	-0.995196	0.097497	0.008886
204	329216													9.704458	0.398017	-1.004797	-0.088411	-0.986058	0.140971	0.021975	0.139560	0.989970	-0.995842	0.090622	0.009330
205	329382													9.687147	0.395473	-0.894253	-0.081676	-0.986544	0.141631	0.021473	0.140331	0.989872	-0.996428	0.083890	0.009722
206	329549													9.673759	0.248637	-0.846365	-0.075179	-0.986947	0.142421	0.021014	0.141226	0.989754	-0.996949	0.077401	0.010123
207	329716													9.745118	0.210496	-0.770443	-0.068871	-0.987326	0.142981	0.020401	0.141898	0.989671	-0.997417	0.071077	0.010369
208	329882													9.754375	0.266057	-0.698200	-0.062696	-0.987676	0.143407	0.019808	0.142430	0.989607	-0.997836	0.064885	0.010634
209	330049													9.762816	0.268159	-0.641182	-0.056643	-0.987974	0.143870	0.019452	0.142982	0.989534	-0.998205	0.058849	0.011119
210	330216													9.810489	0.244378	-0.554603	-0.050534	-0.988239	0.144328	0.019298	0.143519	0.989459	-0.998536	0.052787	0.011818
211	330382													9.827107	0.206752	-0.513660	-0.044333	-0.988480	0.144711	0.019284	0.143979	0.989393	-0.998831	0.046653	0.012679
212	330549													9.829409	0.283769	-0.438145	-0.037927	-0.988718	0.144905	0.019438	0.144252	0.989350	-0.999091	0.040339	0.013748
213	330716													9.819709	0.213388	-0.404325	-0.031361	-0.988915	0.145131	0.019847	0.144558	0.989297	-0.999311	0.033906	0.015093
214	330882													9.819324	0.300029	-0.341157	-0.024548	-0.989109	0.145126	0.020392	0.144644	0.989274	-0.999491	0.027244	0.016619
215	331049													9.850931	0.299496	-0.297438	-0.017540	-0.989240	0.145245	0.021089	0.144869	0.989226	-0.999624	0.020414	0.018321
216	331216													9.886851	0.333412	-0.202454	-0.010199	-0.989335	0.145304	0.021854	0.145056	0.989182	-0.999709	0.013264	0.020142
217	331382													9.895950	0.337596	-0.133418	-0.002526	-0.989364	0.145441	0.022628	0.145348	0.989122	-0.999741	0.005789	0.022020
218	331549													9.888388	0.346755	-0.054551	0.005465	-0.989340	0.145518	0.023390	0.145607	0.989066	-0.999711	-0.002002	0.023937
219	331716													9.909864	0.380420	0.047402	0.013759	-0.989236	0.145679	0.024194	0.145979	0.988992	-0.999613	-0.010082	0.025942
220	331882													9.883437	0.396130	0.119550	0.022409	-0.989054	0.145843	0.024986	0.146389	0.988912	-0.999437	-0.018517	0.027993
221	332049													9.854036	0.366013	0.217132	0.031306	-0.988778	0.146078	0.025804	0.146901	0.988815	-0.999177	-0.027187	0.030113
222	332216													9.843345	0.353383	0.312746	0.040404	-0.988419	0.146273	0.026657	0.147407	0.988717	-0.998828	-0.036049	0.032304
223	332382													9.820959	0.329211	0.398335	0.049569	-0.987984	0.146392	0.027546	0.147869	0.988623	-0.998391	-0.044973	0.034545
224	332549													9.804211	0.332471	0.480429	0.058777	-0.987485	0.146350	0.028460	0.148201	0.988548	-0.997865	-0.053939	0.036815
225	332716													9.797368	0.343622	0.550779	0.068021	-0.986921	0.146149	0.029295	0.148401	0.988493	-0.997254	-0.062957	0.039006
226	332882													9.746592	0.336859	0.657483	0.077279	-0.986285	0.145840	0.030083	0.148518	0.988452	-0.996556	-0.071999	0.041148
227	333049													9.703343	0.360297	0.767427	0.086397	-0.985602	0.145345	0.030825	0.148465	0.988437	-0.995784	-0.080918	0.043208
228	333216													9.689198	0.382389	0.878505	0.095291	-0.984865	0.144780	0.031610	0.148362	0.988428	-0.994947	-0.089612	0.045269
229	333382													9.718859	0.423371	0.992936	0.103891	-0.984086	0.144160	0.032419	0.148218	0.988423	-0.994060	-0.098015	0.047302
230	333549													9.736560	0.450776	1.079450	0.112313	-0.983248	0.143555	0.033180	0.148100	0.988416	-0.993119	-0.106249	0.049258
231	333716													9.787032	0.475372	1.145887	0.120623	-0.982329	0.143105	0.033924	0.148153	0.988382	-0.992119	-0.114367	0.051195
232	333882													9.759526	0.502353	1.239380	0.128827	-0.981338	0.142760	0.034605	0.148320	0.988334	-0.991063	-0.122384	0.053066
233	334049													9.735247	0.458376	1.313033	0.137002	-0.980258	0.142563	0.035234	0.148651	0.988262	-0.989944	-0.130371	0.054904
234	334216													9.686759	0.471971	1.380250	0.145016	-0.979131	0.142384	0.035842	0.149010	0.988186	-0.988780	-0.138199	0.056703
235	334382													9.673390	0.453357	1.438430	0.152846	-0.977952	0.142295	0.036446	0.149468	0.988095	-0.987578	-0.145840	0.058488
236	334549													9.699729	0.467175	1.493354	0.160499	-0.976736	0.142219	0.037019	0.149942	0.988001	-0.986342	-0.153308	0.060223
237	334716													9.683650	0.488393	1.582931	0.168082	-0.975461	0.142209	0.037564	0.150495	0.987897	-0.985057	-0.160706	0.061938
238	334882													9.681814	0.513331	1.685266	0.175579	-0.974133	0.142256	0.038257	0.151143	0.987771	-0.983722	-0.167990	0.063805
239	335049													9.711489	0.507882	1.753138	0.183122	-0.972729	0.142353	0.039044	0.151884	0.987627	-0.982315	-0.175298	0.065793
240	335216													9.700514	0.466582	1.820110	0.190740	-0.971239	0.142525	0.039893	0.152740	0.987461	-0.980830	-0.182663	0.067879
241	335382													9.696094	0.492174	1.852200	0.198573	-0.969645	0.142680	0.040737	0.153619	0.987290	-0.979239	-0.190237	0.070005
242	335549													9.692829	0.494177	1.891888	0.206695	-0.967920	0.142853	0.041599	0.154568	0.987106	-0.977521	-0.198087	0.072213
243	335716													9.745420	0.556301	1.961830	0.215287	-0.966009	0.143102	0.042475	0.155662	0.986897	-0.975627	-0.206388	0.074544
244	335882													9.768392	0.543021	2.063873	0.224493	-0.963858	0.143458	0.043277	0.156931	0.986661	-0.973514	-0.215290	0.076943
245	336049													9.790795	0.529721	2.151210	0.234400	-0.961443	0.143820	0.043964	0.158274	0.986416	-0.971146	-0.224893	0.079368
246	336216													9.705420	0.511338	2.264879	0.244872	-0.958793	0.144063	0.044525	0.159550	0.986185	-0.968533	-0.235074	0.081760
247	336382													9.548469	0.500829	2.365463	0.255609	-0.955975	0.144140	0.045078	0.160716	0.985971	-0.965729	-0.245526	0.084174
248	336549													9.406350	0.511198	2.455436	0.266211	-0.953077	0.144137	0.045714	0.161848	0.985756	-0.962830	-0.255830	0.086655
249	336716													9.329416	0.533308	2.555518	0.276439	-0.950167	0.144099	0.046446	0.162976	0.985536	-0.959909	-0.265747	0.089185
250	336882													9.319767	0.530716	2.633996	0.286206	-0.947268	0.144118	0.047268	0.164185	0.985296	-0.957002	-0.275185	0.091766
251	337049													9.416890	0.540051	2.767225	0.295609	-0.944367	0.144177	0.048117	0.165449	0.985044	-0.954096	-0.284250	0.094348
252	337216													9.426579	0.581076	2.913347	0.304895	-0.941401	0.144231	0.049009	0.166750	0.984781	-0.951124	-0.293186	0.096978
253	337382													9.339683	0.636117	2.990951	0.313956	-0.938387	0.144438	0.050009	0.168263	0.984473	-0.948120	-0.301858	0.099755
254	337549													9.272714	0.624375	3.095288	0.322664	-0.935366	0.144841	0.051068	0.170007	0.984119	-0.945135	-0.310143	0.102623
255	337716													9.225946	0.616135	3.183286	0.330973	-0.932373	0.145390	0.052105	0.171895	0.983736	-0.942201	-0.318015	0.105474
256	337882													9.231427	0.633148	3.261849	0.338925	-0.929415	0.146005	0.053085	0.173835	0.983343	-0.939315	-0.325529	0.108255
257	338049													9.240250	0.660520	3.361639	0.346616	-0.926459	0.146735	0.054001	0.175882	0.982929	-0.936451	-0.332775	0.110993
258	338216													9.325373	0.672600	3.486393	0.354314	-0.923417	0.147520	0.054842	0.178001	0.982501	-0.933517	-0.340024	0.113710
259	338382													9.306007	0.665688	3.585807	0.362087	-0.920270	0.148314	0.055581	0.180143	0.982069	-0.930486	-0.347351	0.116377
260	338549													9.193455	0.657572	3.643113	0.369855	-0.917058	0.149038	0.056258	0.182223	0.981646	-0.927385	-0.354682	0.118988
261	338716													9.124278	0.658394	3.751611	0.377479	-0.913845	0.149656	0.056865	0.184183	0.981246	-0.924271	-0.361889	0.121491
262	338882													9.071658	0.628487	3.791008	0.384907	-0.910668	0.150105	0.057487	0.185975	0.980871	-0.921164	-0.368915	0.123934
263	339049													9.062974	0.639271	3.876716	0.392182	-0.907515	0.150368	0.058146	0.187593	0.980524	-0.918048	-0.375800	0.126339
264	339216													9.079161	0.680219	3.934230	0.399401	-0.904339	0.150501	0.058843	0.189113	0.980191	-0.914886	-0.382633	0.128746
265	339382													9.068415	0.724815	4.046679	0.406665	-0.901075	0.150622	0.059525	0.190655	0.979851	-0.911636	-0.389506	0.131169
266	339549													9.091184	0.726015	4.122506	0.414129	-0.897651	0.150733	0.060109	0.192210	0.979511	-0.908231	-0.396583	0.133556
267	339716													9.028335	0.746976	4.184465	0.421809	-0.894053	0.150820	0.060477	0.193715	0.979192	-0.904665	-0.403911	0.135780
268	339882													8.952869	0.762280	4.256062	0.429590	-0.890323	0.150921	0.060622	0.195185	0.978891	-0.900987	-0.411372	0.137823
269	340049													8.884099	0.776048	4.309005	0.437426	-0.886470	0.151093	0.060592	0.196693	0.978591	-0.897211	-0.418906	0.139752
270	340216													8.889509	0.748142	4.393797	0.445335	-0.882484	0.151321	0.060432	0.198244	0.978288	-0.893322	-0.426522	0.141616
271	340382													8.903186	0.722417	4.450614	0.453468	-0.878300	0.151513	0.060185	0.199784	0.977990	-0.889238	-0.434369	0.143456
272	340549													8.876602	0.754119	4.551945	0.461775	-0.873939	0.151638	0.059899	0.201291	0.977698	-0.884972	-0.442394	0.145300
273	340716													8.780145	0.743032	4.655078	0.470216	-0.869382	0.151896	0.059509	0.202951	0.977379	-0.880543	-0.450541	0.147166
274	340882													8.643847	0.660665	4.766413	0.478503	-0.864816	0.152080	0.059167	0.204557	0.977065	-0.876090	-0.458530	0.149050
275	341049													8.566817	0.650631	4.952434	0.486313	-0.860444	0.152105	0.058989	0.206009	0.976770	-0.871791	-0.466043	0.150942
276	341216													8.479844	0.670729	5.045003	0.493443	-0.856401	0.151960	0.058917	0.207220	0.976519	-0.867780	-0.472903	0.152708
277	341382													8.402926	0.710631	5.168038	0.499645	-0.852846	0.151685	0.058910	0.208159	0.976319	-0.864225	-0.478877	0.154246
278	341549													8.416562	0.729658	5.257404	0.504907	-0.849785	0.151442	0.058938	0.208980	0.976142	-0.861159	-0.483935	0.155600
279	341716													8.442946	0.713240	5.329760	0.509440	-0.847127	0.151152	0.058978	0.209615	0.976004	-0.858483	-0.488301	0.156748
280	341882													8.459339	0.728481	5.380388	0.513395	-0.844804	0.150768	0.059000	0.210021	0.975915	-0.856122	-0.492135	0.157667
281	342049													8.416617	0.720088	5.380937	0.516844	-0.842773	0.150356	0.058966	0.210263	0.975865	-0.854047	-0.495504	0.158368
282	342216													8.392830	0.694985	5.415781	0.519674	-0.841111	0.149902	0.058912	0.210315	0.975857	-0.852331	-0.498297	0.158847
283	342382													8.303833	0.731961	5.490290	0.521800	-0.839874	0.149454	0.058908	0.210253	0.975871	-0.851031	-0.500406	0.159185
284	342549													8.257208	0.732213	5.535354	0.523069	-0.839152	0.149071	0.059058	0.210172	0.975879	-0.850242	-0.501648	0.159493
285	342716													8.325363	0.739576	5.594421	0.523583	-0.838894	0.148720	0.059296	0.210017	0.975898	-0.849909	-0.502145	0.159704
286	342882													8.310596	0.724944	5.580526	0.523455	-0.839028	0.148413	0.059476	0.209738	0.975947	-0.849975	-0.502038	0.159690
287	343049													8.255932	0.757146	5.575094	0.522599	-0.839593	0.148233	0.059557	0.209390	0.976017	-0.850496	-0.501237	0.159431
288	343216													8.248008	0.747021	5.568682	0.521031	-0.840568	0.148231	0.059591	0.209067	0.976084	-0.851455	-0.499737	0.159021
289	343383													8.254292	0.758334	5.531339	0.518798	-0.841916	0.148414	0.059613	0.208809	0.976138	-0.852816	-0.497571	0.158518
290	343549													8.220714	0.676030	5.510497	0.515768	-0.843718	0.148739	0.059668	0.208568	0.976186	-0.854648	-0.494611	0.157916
291	343716													8.189884	0.617192	5.460141	0.511792	-0.846091	0.148992	0.059841	0.208114	0.976272	-0.857023	-0.490733	0.157142
292	343883													8.190018	0.570542	5.426163	0.506739	-0.849106	0.149116	0.060148	0.207369	0.976412	-0.859999	-0.485817	0.156154
