// Start Time: Unknown
// Update Rate: 60.0Hz
//Filter Profile: human (46.1)
// Option Flags: AHS Disabled ICC Disabled
// Firmware Version: 4.0.2
0	sampleTimeFine	Year	Month	Day	Second	UTC_Nano	UTC_Year	UTC_Month	UTC_Day	UTC_Hour	UTC_Minute	UTC_Second	UTC_Valid	Acc_X	Acc_Y	Acc_Z	Mat[1][1]	Mat[2][1]	Mat[3][1]	Mat[1][2]	Mat[2][2]	Mat[3][2]	Mat[1][3]	Mat[2][3]	Mat[3][3]
0	4066259													-0.208774	0.110325	0.081013	0.315626	-0.835441	-0.449910	0.008318	-0.471692	0.881724	-0.948847	-0.282038	-0.141929
1	4066425													9.313451	0.076344	3.146645	0.315837	-0.835292	-0.450039	0.008029	-0.471948	0.881590	-0.948780	-0.282052	-0.142352
2	4066592													9.298236	0.064228	3.077778	0.316578	-0.835638	-0.448874	0.007688	-0.470937	0.882134	-0.948535	-0.282715	-0.142664
3	4066759													9.327486	0.050267	3.087197	0.316572	-0.835378	-0.449362	0.007227	-0.471588	0.881789	-0.948541	-0.282397	-0.143255
4	4067259													9.309174	0.066500	3.131206	0.316809	-0.836302	-0.447471	0.005874	-0.470034	0.882629	-0.948471	-0.282253	-0.143999
5	4067425													9.315314	0.060619	3.113694	0.316970	-0.836871	-0.446292	0.005534	-0.468916	0.883225	-0.948419	-0.282426	-0.144002
6	4067592													9.329166	0.063425	3.142417	0.317007	-0.837069	-0.445894	0.005228	-0.468593	0.883398	-0.948409	-0.282375	-0.144171
7	4067759													9.319130	0.080036	3.101219	0.317125	-0.837247	-0.445476	0.005034	-0.468228	0.883593	-0.948370	-0.282452	-0.144272
8	4067925													9.309540	0.096955	3.120287	0.317183	-0.837319	-0.445299	0.004938	-0.468080	0.883672	-0.948352	-0.282485	-0.144332
9	4068092													9.315458	0.058389	3.129539	0.317170	-0.837630	-0.444724	0.004922	-0.467476	0.883992	-0.948356	-0.282564	-0.144147
10	4068259													9.319557	0.077529	3.089124	0.317139	-0.837734	-0.444550	0.004914	-0.467290	0.884091	-0.948366	-0.282564	-0.144079
11	4068425													9.334742	0.058664	3.105010	0.317008	-0.837900	-0.444330	0.004920	-0.467035	0.884225	-0.948410	-0.282493	-0.143932
12	4068592													9.313287	0.046973	3.079026	0.316807	-0.838035	-0.444220	0.004830	-0.466912	0.884290	-0.948478	-0.282295	-0.143874
13	4068759													9.320803	0.065604	3.118750	0.316603	-0.838147	-0.444153	0.004760	-0.466831	0.884334	-0.948546	-0.282097	-0.143811
14	4068925													9.323270	0.024183	3.114151	0.316399	-0.838371	-0.443876	0.004710	-0.466520	0.884498	-0.948615	-0.281945	-0.143657
15	4069092													9.281293	0.088324	3.053542	0.316210	-0.838848	-0.443108	0.004538	-0.465731	0.884915	-0.948678	-0.281830	-0.143462
16	4069259													9.327304	0.063613	3.027045	0.315929	-0.839203	-0.442638	0.004385	-0.465236	0.885176	-0.948773	-0.281593	-0.143302
17	4069425													9.371584	0.045407	3.171098	0.315792	-0.839374	-0.442410	0.004382	-0.464974	0.885313	-0.948818	-0.281514	-0.143157
18	4069592													9.313125	0.131214	3.079233	0.315517	-0.839621	-0.442137	0.004514	-0.464604	0.885507	-0.948909	-0.281388	-0.142800
19	4069759													9.313976	0.088851	3.152801	0.315350	-0.839795	-0.441927	0.004758	-0.464284	0.885674	-0.948964	-0.281399	-0.142416
20	4069925													9.320020	0.036616	3.163925	0.315065	-0.839974	-0.441789	0.004797	-0.464081	0.885780	-0.949058	-0.281198	-0.142186
21	4070092													9.305843	0.044839	3.130795	0.314753	-0.840262	-0.441465	0.004805	-0.463688	0.885986	-0.949162	-0.280988	-0.141909
22	4070259													9.299077	0.083292	3.132765	0.314486	-0.840458	-0.441280	0.004826	-0.463445	0.886113	-0.949250	-0.280800	-0.141691
23	4070425													9.286680	0.095203	3.106504	0.314173	-0.840788	-0.440876	0.004758	-0.462989	0.886351	-0.949354	-0.280565	-0.141459
24	4070592													9.311399	0.028868	3.081886	0.313829	-0.841045	-0.440630	0.004734	-0.462683	0.886511	-0.949468	-0.280299	-0.141222
25	4070759													9.316877	0.019811	3.074879	0.313566	-0.841157	-0.440603	0.004666	-0.462633	0.886537	-0.949555	-0.280044	-0.141141
26	4070925													9.301337	0.034829	3.100541	0.313316	-0.841368	-0.440378	0.004556	-0.462390	0.886665	-0.949638	-0.279813	-0.141041
27	4071092													9.305644	0.014581	3.080486	0.313136	-0.841325	-0.440588	0.004417	-0.462624	0.886544	-0.949698	-0.279555	-0.141148
28	4071259													9.327067	0.031027	3.093950	0.313089	-0.841116	-0.441021	0.004324	-0.463101	0.886295	-0.949714	-0.279396	-0.141354
29	4071425													9.289934	0.063341	3.086863	0.312962	-0.841067	-0.441204	0.004166	-0.463320	0.886181	-0.949756	-0.279179	-0.141498
30	4071592													9.323665	-0.014623	3.004615	0.312697	-0.840994	-0.441531	0.003919	-0.463696	0.885986	-0.949845	-0.278776	-0.141700
31	4071759													9.368330	0.053496	3.110014	0.312521	-0.840898	-0.441839	0.003746	-0.464043	0.885805	-0.949904	-0.278487	-0.141873
32	4071925													9.345405	0.115536	2.982834	0.312412	-0.840737	-0.442221	0.003731	-0.464433	0.885600	-0.949939	-0.278322	-0.141958
33	4072092													9.324836	0.101105	3.105380	0.312362	-0.840696	-0.442336	0.003683	-0.464559	0.885534	-0.949956	-0.278236	-0.142014
34	4072259													9.364021	0.077151	3.045857	0.312033	-0.840608	-0.442735	0.003542	-0.464969	0.885320	-0.950065	-0.277817	-0.142108
35	4072425													9.380075	0.078765	3.049033	0.311844	-0.840508	-0.443056	0.003444	-0.465307	0.885143	-0.950127	-0.277553	-0.142208
36	4072592													9.322916	0.096698	3.051178	0.311748	-0.840453	-0.443229	0.003325	-0.465508	0.885037	-0.950159	-0.277382	-0.142326
37	4072759													9.338179	0.072382	3.067424	0.311578	-0.840563	-0.443139	0.003200	-0.465423	0.885082	-0.950215	-0.277191	-0.142326
38	4072925													9.342469	0.049538	3.047454	0.311484	-0.840580	-0.443174	0.003116	-0.465469	0.885059	-0.950246	-0.277062	-0.142367
39	4073092													9.315891	0.026897	3.046449	0.311414	-0.840560	-0.443261	0.003050	-0.465569	0.885006	-0.950269	-0.276955	-0.142421
40	4073259													9.317157	0.029537	3.039084	0.311297	-0.840554	-0.443355	0.003038	-0.465653	0.884962	-0.950308	-0.276833	-0.142403
41	4073425													9.327703	0.038219	3.031265	0.311210	-0.840477	-0.443561	0.003030	-0.465859	0.884854	-0.950336	-0.276719	-0.142434
42	4073592													9.332314	0.027698	3.047494	0.311212	-0.840405	-0.443697	0.003010	-0.466008	0.884776	-0.950336	-0.276688	-0.142497
43	4073759													9.318691	0.030416	3.073636	0.311197	-0.840338	-0.443834	0.002993	-0.466155	0.884698	-0.950341	-0.276644	-0.142551
44	4073925													9.337744	0.045401	3.077940	0.311213	-0.840270	-0.443952	0.002981	-0.466285	0.884629	-0.950335	-0.276632	-0.142609
45	4074092													9.362008	0.052772	3.086058	0.311259	-0.840153	-0.444141	0.002965	-0.466497	0.884518	-0.950321	-0.276631	-0.142710
46	4074259													9.321442	0.069999	3.087427	0.311314	-0.840008	-0.444376	0.002948	-0.466758	0.884380	-0.950303	-0.276630	-0.142832
47	4074425													9.320597	0.052713	3.090298	0.311357	-0.839894	-0.444560	0.002896	-0.466973	0.884267	-0.950289	-0.276610	-0.142963
48	4074592													9.338855	0.060469	3.079131	0.311422	-0.839813	-0.444669	0.002812	-0.467123	0.884188	-0.950267	-0.276606	-0.143111
49	4074759													9.334302	0.057623	3.074966	0.311569	-0.839748	-0.444688	0.002706	-0.467196	0.884150	-0.950220	-0.276677	-0.143292
50	4074925													9.316664	0.062641	3.086746	0.311684	-0.839743	-0.444618	0.002569	-0.467181	0.884158	-0.950182	-0.276720	-0.143455
51	4075092													9.306643	0.057180	3.119082	0.311797	-0.839945	-0.444157	0.002416	-0.466758	0.884382	-0.950146	-0.276820	-0.143504
52	4075259													9.317242	0.068363	3.103311	0.311903	-0.839938	-0.444095	0.002277	-0.466751	0.884386	-0.950111	-0.276853	-0.143669
53	4075425													9.313868	0.060188	3.132883	0.312049	-0.839874	-0.444114	0.002123	-0.466839	0.884340	-0.950064	-0.276900	-0.143893
54	4075592													9.303625	0.058067	3.089117	0.312101	-0.840066	-0.443714	0.001945	-0.466477	0.884531	-0.950047	-0.276926	-0.143954
55	4075759													9.316768	0.053139	3.082419	0.312135	-0.840132	-0.443565	0.001772	-0.466376	0.884585	-0.950036	-0.276896	-0.144084
56	4075925													9.314790	0.039249	3.100590	0.312181	-0.840116	-0.443564	0.001645	-0.466419	0.884562	-0.950021	-0.276873	-0.144226
57	4076092													9.311674	0.047699	3.084250	0.312180	-0.840142	-0.443514	0.001534	-0.466399	0.884573	-0.950022	-0.276826	-0.144311
58	4076259													9.323265	0.058904	3.089804	0.312155	-0.840184	-0.443453	0.001423	-0.466363	0.884592	-0.950030	-0.276761	-0.144382
59	4076425													9.327109	0.040261	3.101526	0.312132	-0.840258	-0.443329	0.001330	-0.466256	0.884649	-0.950038	-0.276717	-0.144415
60	4076592													9.324889	0.046981	3.097821	0.312103	-0.840283	-0.443302	0.001282	-0.466237	0.884659	-0.950047	-0.276673	-0.144437
61	4076759													9.314673	0.046173	3.081557	0.312066	-0.840269	-0.443354	0.001252	-0.466294	0.884629	-0.950060	-0.276618	-0.144463
62	4076926													9.310077	0.054866	3.125122	0.311991	-0.840326	-0.443298	0.001227	-0.466231	0.884662	-0.950084	-0.276550	-0.144429
63	4077092													9.318659	0.058192	3.093999	0.311957	-0.840181	-0.443597	0.001237	-0.466537	0.884501	-0.950095	-0.276475	-0.144500
64	4077259													9.328326	0.043941	3.105257	0.311943	-0.840248	-0.443480	0.001225	-0.466416	0.884565	-0.950100	-0.276477	-0.144466
65	4077426													9.329513	0.058768	3.087601	0.311892	-0.840289	-0.443439	0.001188	-0.466375	0.884587	-0.950117	-0.276423	-0.144460
66	4077592													9.321027	0.053447	3.067159	0.311830	-0.840346	-0.443374	0.001104	-0.466321	0.884615	-0.950137	-0.276339	-0.144485
67	4077759													9.335528	0.055131	3.123770	0.311798	-0.840459	-0.443183	0.001069	-0.466125	0.884718	-0.950148	-0.276327	-0.144439
68	4077926													9.312455	0.004381	3.101505	0.311731	-0.840527	-0.443101	0.001026	-0.466041	0.884763	-0.950170	-0.276262	-0.144417
69	4078092													9.285401	0.068510	3.022649	0.311672	-0.840591	-0.443021	0.000949	-0.465969	0.884801	-0.950189	-0.276188	-0.144432
70	4078259													9.337323	0.008143	3.045412	0.311691	-0.840594	-0.443003	0.000955	-0.465951	0.884810	-0.950183	-0.276210	-0.144430
71	4078426													9.366359	0.042035	3.132645	0.311747	-0.840699	-0.442764	0.001153	-0.465651	0.884968	-0.950164	-0.276397	-0.144196
72	4078592													9.341865	0.125065	3.034989	0.311804	-0.840518	-0.443067	0.001507	-0.465876	0.884849	-0.950145	-0.276567	-0.143995
73	4078759													9.306790	0.060760	3.147723	0.311910	-0.840431	-0.443157	0.001758	-0.465915	0.884828	-0.950110	-0.276766	-0.143846
74	4078926													9.335176	0.040233	3.115474	0.311801	-0.840524	-0.443057	0.001812	-0.465776	0.884901	-0.950146	-0.276716	-0.143706
75	4079092													9.330150	0.065677	3.114111	0.311820	-0.840480	-0.443127	0.001862	-0.465839	0.884867	-0.950139	-0.276745	-0.143693
76	4079259													9.268371	0.107529	3.143558	0.311827	-0.840450	-0.443179	0.001854	-0.465897	0.884837	-0.950137	-0.276738	-0.143722
77	4079426													9.296565	0.099229	3.114776	0.311684	-0.840676	-0.442851	0.001805	-0.465543	0.885023	-0.950184	-0.276647	-0.143584
78	4079592													9.331799	0.047027	3.079933	0.311684	-0.840733	-0.442742	0.001727	-0.465451	0.885072	-0.950184	-0.276627	-0.143621
79	4079759													9.285453	0.061872	3.093359	0.311714	-0.840907	-0.442390	0.001626	-0.465115	0.885249	-0.950175	-0.276664	-0.143615
80	4079926													9.303152	0.039325	3.086911	0.311685	-0.840975	-0.442282	0.001469	-0.465042	0.885287	-0.950184	-0.276580	-0.143711
81	4080092													9.317107	0.047192	3.076740	0.311692	-0.841032	-0.442169	0.001310	-0.464970	0.885325	-0.950182	-0.276528	-0.143825
82	4080259													9.306497	0.068806	3.131856	0.311745	-0.841008	-0.442176	0.001216	-0.465014	0.885302	-0.950165	-0.276527	-0.143943
83	4080426													9.287307	0.075862	3.064892	0.311691	-0.841125	-0.441992	0.001115	-0.464841	0.885394	-0.950183	-0.276463	-0.143949
84	4080592													9.352353	0.015358	3.081363	0.311610	-0.841181	-0.441943	0.001010	-0.464807	0.885411	-0.950210	-0.276349	-0.143989
85	4080759													9.352767	0.062855	3.129121	0.311483	-0.841414	-0.441589	0.000966	-0.464427	0.885611	-0.950251	-0.276280	-0.143848
86	4080926													9.335267	0.126549	3.021879	0.311411	-0.841371	-0.441721	0.001095	-0.464517	0.885563	-0.950275	-0.276258	-0.143735
87	4081092													9.324211	0.097243	3.116513	0.311369	-0.841347	-0.441796	0.001168	-0.464568	0.885537	-0.950288	-0.276245	-0.143670
88	4081259													9.358333	0.047592	3.094725	0.311160	-0.841383	-0.441876	0.001160	-0.464621	0.885509	-0.950357	-0.276047	-0.143596
89	4081426													9.354561	0.045350	3.111962	0.311100	-0.841473	-0.441747	0.001162	-0.464476	0.885585	-0.950377	-0.276018	-0.143520
90	4081592													9.299623	0.073355	3.102599	0.310984	-0.841667	-0.441458	0.001139	-0.464159	0.885751	-0.950414	-0.275958	-0.143387
91	4081759													9.322186	0.065033	3.103594	0.310860	-0.841751	-0.441385	0.001092	-0.464077	0.885794	-0.950455	-0.275840	-0.143344
92	4081926													9.292902	0.054140	3.088495	0.310797	-0.841804	-0.441329	0.001099	-0.464005	0.885832	-0.950476	-0.275799	-0.143287
93	4082092													9.295539	0.061243	3.076940	0.310636	-0.841963	-0.441139	0.001073	-0.463787	0.885946	-0.950528	-0.275680	-0.143165
94	4082259													9.312669	0.059222	3.095626	0.310537	-0.842068	-0.441008	0.001048	-0.463641	0.886023	-0.950561	-0.275605	-0.143095
95	4082426													9.317540	0.057473	3.073003	0.310410	-0.842172	-0.440899	0.001069	-0.463500	0.886096	-0.950602	-0.275524	-0.142974
96	4082592													9.332260	0.052031	3.090669	0.310311	-0.842299	-0.440727	0.001082	-0.463300	0.886201	-0.950634	-0.275475	-0.142856
97	4082759													9.334870	0.062892	3.084500	0.310208	-0.842336	-0.440727	0.001110	-0.463276	0.886213	-0.950668	-0.275399	-0.142777
98	4082926													9.330307	0.065505	3.088538	0.310111	-0.842413	-0.440649	0.001085	-0.463185	0.886261	-0.950700	-0.275318	-0.142725
99	4083092													9.328022	0.082879	3.093902	0.310013	-0.842437	-0.440672	0.001070	-0.463199	0.886254	-0.950732	-0.275222	-0.142696
100	4083259													9.326080	0.081434	3.096820	0.309871	-0.842590	-0.440479	0.001036	-0.462983	0.886367	-0.950778	-0.275116	-0.142592
101	4083426													9.342163	0.071700	3.090011	0.309724	-0.842701	-0.440370	0.000996	-0.462856	0.886433	-0.950826	-0.274988	-0.142519
102	4083592													9.322132	0.060871	3.078052	0.309619	-0.842880	-0.440102	0.000940	-0.462574	0.886580	-0.950860	-0.274916	-0.142429
103	4083759													9.307962	0.046400	3.070718	0.309506	-0.842951	-0.440046	0.000856	-0.462522	0.886608	-0.950897	-0.274787	-0.142431
104	4083926													9.321918	0.072200	3.068253	0.309361	-0.842970	-0.440111	0.000786	-0.462588	0.886573	-0.950944	-0.274617	-0.142444
105	4084092													9.329955	0.047250	3.093236	0.309219	-0.843155	-0.439856	0.000676	-0.462328	0.886708	-0.950991	-0.274484	-0.142391
106	4084259													9.321759	0.063679	3.096735	0.309091	-0.843371	-0.439532	0.000552	-0.462004	0.886878	-0.951032	-0.274369	-0.142336
107	4084426													9.306223	0.053687	3.061761	0.308898	-0.843483	-0.439453	0.000424	-0.461927	0.886918	-0.951095	-0.274154	-0.142330
108	4084592													9.326693	0.060766	3.091193	0.308786	-0.843599	-0.439308	0.000308	-0.461791	0.886989	-0.951131	-0.274025	-0.142335
109	4084759													9.330626	0.058414	3.095780	0.308703	-0.843616	-0.439335	0.000193	-0.461839	0.886964	-0.951158	-0.273894	-0.142408
110	4084926													9.315656	0.057728	3.096096	0.308552	-0.843749	-0.439184	0.000076	-0.461690	0.887041	-0.951207	-0.273732	-0.142392
111	4085092													9.331759	0.076238	3.061769	0.308434	-0.843829	-0.439114	-0.000025	-0.461627	0.887074	-0.951246	-0.273593	-0.142402
112	4085259													9.322783	0.069894	3.078707	0.308322	-0.843979	-0.438905	-0.000120	-0.461417	0.887183	-0.951282	-0.273486	-0.142366
113	4085426													9.317150	0.069239	3.080788	0.308175	-0.844114	-0.438749	-0.000178	-0.461246	0.887272	-0.951330	-0.273357	-0.142295
114	4085592													9.317976	0.074956	3.055802	0.307989	-0.844260	-0.438597	-0.000232	-0.461074	0.887362	-0.951390	-0.273196	-0.142201
115	4085759													9.344028	0.070755	3.052654	0.307834	-0.844311	-0.438608	-0.000231	-0.461060	0.887369	-0.951440	-0.273061	-0.142125
116	4085926													9.337012	0.058317	3.049382	0.307697	-0.844424	-0.438487	-0.000181	-0.460897	0.887454	-0.951484	-0.272988	-0.141970
117	4086092													9.326835	0.062977	3.031257	0.307635	-0.844474	-0.438434	-0.000129	-0.460816	0.887495	-0.951504	-0.272968	-0.141872
118	4086259													9.333876	0.050947	3.049779	0.307615	-0.844596	-0.438212	-0.000045	-0.460556	0.887630	-0.951511	-0.273029	-0.141712
119	4086426													9.333086	0.062169	3.108747	0.307625	-0.844622	-0.438155	0.000017	-0.460480	0.887670	-0.951508	-0.273077	-0.141641
120	4086592													9.329813	0.033291	3.086274	0.307506	-0.844640	-0.438205	0.000051	-0.460504	0.887658	-0.951546	-0.272982	-0.141565
121	4086759													9.330575	0.028181	3.047276	0.307393	-0.844766	-0.438042	0.000080	-0.460307	0.887760	-0.951583	-0.272926	-0.141428
122	4086926													9.348108	0.049158	3.071687	0.307378	-0.844790	-0.438006	0.000069	-0.460270	0.887779	-0.951588	-0.272914	-0.141418
123	4087092													9.315076	0.048218	3.084239	0.307376	-0.844915	-0.437766	0.000077	-0.460015	0.887911	-0.951588	-0.272956	-0.141333
124	4087259													9.285382	0.034028	3.027692	0.307341	-0.844915	-0.437790	0.000060	-0.460040	0.887898	-0.951599	-0.272914	-0.141338
125	4087426													9.322819	0.055714	3.001268	0.307323	-0.844927	-0.437780	-0.000008	-0.460046	0.887895	-0.951605	-0.272867	-0.141390
126	4087592													9.346163	0.016845	3.054597	0.307245	-0.844884	-0.437917	-0.000004	-0.460176	0.887828	-0.951630	-0.272779	-0.141390
127	4087759													9.386274	0.106403	3.104147	0.307157	-0.844879	-0.437989	0.000208	-0.460178	0.887827	-0.951659	-0.272793	-0.141171
128	4087926													9.349338	0.118440	3.052831	0.307234	-0.844857	-0.437977	0.000525	-0.460086	0.887874	-0.951634	-0.273016	-0.140910
129	4088092													9.307208	0.041845	3.146421	0.307214	-0.844749	-0.438199	0.000668	-0.460275	0.887776	-0.951640	-0.273030	-0.140839
130	4088259													9.312964	0.063055	3.091150	0.307076	-0.844835	-0.438130	0.000678	-0.460178	0.887826	-0.951685	-0.272927	-0.140738
131	4088426													9.313527	0.081516	3.082347	0.307081	-0.844794	-0.438205	0.000770	-0.460232	0.887798	-0.951683	-0.272964	-0.140678
132	4088592													9.302256	0.107951	3.130244	0.307067	-0.844904	-0.438005	0.000758	-0.460022	0.887907	-0.951688	-0.272979	-0.140617
133	4088759													9.309610	0.072208	3.077119	0.306960	-0.845151	-0.437603	0.000744	-0.459587	0.888132	-0.951722	-0.272947	-0.140446
134	4088926													9.333318	0.041051	3.068554	0.307017	-0.845227	-0.437414	0.000693	-0.459413	0.888222	-0.951704	-0.273002	-0.140462
135	4089092													9.296047	0.061507	3.051156	0.307036	-0.845319	-0.437224	0.000611	-0.459240	0.888312	-0.951698	-0.273011	-0.140487
136	4089259													9.302957	0.050582	3.084558	0.307049	-0.845448	-0.436965	0.000563	-0.458984	0.888445	-0.951694	-0.273042	-0.140455
137	4089426													9.307459	0.027687	3.095515	0.307108	-0.845482	-0.436858	0.000537	-0.458887	0.888494	-0.951675	-0.273098	-0.140474
138	4089592													9.292231	0.081884	3.094056	0.307093	-0.845544	-0.436750	0.000557	-0.458765	0.888557	-0.951679	-0.273113	-0.140413
139	4089759													9.329885	0.017008	3.013788	0.307029	-0.845601	-0.436682	0.000507	-0.458699	0.888592	-0.951700	-0.273045	-0.140406
140	4089926													9.349157	0.068803	3.139241	0.307023	-0.845560	-0.436767	0.000518	-0.458784	0.888548	-0.951702	-0.273031	-0.140419
141	4090092													9.326910	0.109375	3.004168	0.306943	-0.845595	-0.436755	0.000646	-0.458722	0.888579	-0.951728	-0.273026	-0.140256
142	4090259													9.332077	0.134455	3.069208	0.307011	-0.845514	-0.436865	0.000898	-0.458776	0.888552	-0.951705	-0.273188	-0.140090
143	4090426													9.337374	0.073781	3.064391	0.306907	-0.845516	-0.436933	0.001063	-0.458784	0.888547	-0.951739	-0.273166	-0.139905
144	4090592													9.376970	0.070766	3.037280	0.306744	-0.845568	-0.436947	0.001145	-0.458750	0.888565	-0.951791	-0.273063	-0.139751
145	4090759													9.325208	0.092527	3.050515	0.306689	-0.845512	-0.437094	0.001287	-0.458856	0.888510	-0.951809	-0.273058	-0.139638
146	4090926													9.291902	0.112761	3.092965	0.306585	-0.845644	-0.436912	0.001407	-0.458614	0.888635	-0.951842	-0.273057	-0.139414
147	4091092													9.341772	0.073884	3.069094	0.306517	-0.845768	-0.436718	0.001572	-0.458352	0.888769	-0.951864	-0.273110	-0.139163
148	4091259													9.312916	0.035033	3.070024	0.306466	-0.845765	-0.436761	0.001728	-0.458344	0.888773	-0.951880	-0.273134	-0.139005
149	4091426													9.307455	0.060803	3.049747	0.306387	-0.845819	-0.436712	0.001890	-0.458235	0.888829	-0.951905	-0.273152	-0.138798
150	4091592													9.317432	0.072915	3.073543	0.306365	-0.845821	-0.436723	0.002069	-0.458191	0.888851	-0.951912	-0.273217	-0.138624
151	4091759													9.310409	0.056787	3.060590	0.306316	-0.845726	-0.436941	0.002264	-0.458357	0.888765	-0.951927	-0.273232	-0.138488
152	4091926													9.342898	0.076463	3.064434	0.306303	-0.845769	-0.436867	0.002410	-0.458236	0.888827	-0.951931	-0.273303	-0.138321
153	4092092													9.340836	0.084695	3.044457	0.306259	-0.845810	-0.436819	0.002556	-0.458136	0.888878	-0.951945	-0.273344	-0.138146
154	4092259													9.339005	0.089166	3.071322	0.306234	-0.845828	-0.436801	0.002653	-0.458086	0.888904	-0.951953	-0.273371	-0.138038
155	4092426													9.356024	0.118450	3.060463	0.306195	-0.845805	-0.436873	0.002778	-0.458119	0.888886	-0.951965	-0.273386	-0.137924
156	4092592													9.347004	0.107321	3.041659	0.306157	-0.845813	-0.436885	0.002910	-0.458088	0.888902	-0.951977	-0.273415	-0.137785
157	4092759													9.337378	0.094072	3.072798	0.306168	-0.845795	-0.436912	0.003032	-0.458084	0.888904	-0.951973	-0.273479	-0.137686
158	4092926													9.329038	0.098571	3.045337	0.306170	-0.845704	-0.437085	0.003142	-0.458234	0.888826	-0.951972	-0.273506	-0.137641
159	4093092													9.328469	0.114339	3.041653	0.306185	-0.845733	-0.437021	0.003178	-0.458158	0.888865	-0.951967	-0.273546	-0.137593
160	4093259													9.333989	0.120443	3.072363	0.306221	-0.845782	-0.436899	0.003242	-0.458018	0.888937	-0.951955	-0.273628	-0.137513
161	4093426													9.337687	0.093114	3.065800	0.306294	-0.845808	-0.436799	0.003271	-0.457915	0.888990	-0.951931	-0.273721	-0.137490
162	4093593													9.333032	0.107472	3.060840	0.306355	-0.845899	-0.436580	0.003300	-0.457685	0.889108	-0.951912	-0.273823	-0.137422
163	4093759													9.331822	0.105666	3.052654	0.306443	-0.846010	-0.436302	0.003336	-0.457396	0.889257	-0.951883	-0.273962	-0.137343
164	4093926													9.343950	0.099912	3.026373	0.306591	-0.846009	-0.436202	0.003365	-0.457305	0.889304	-0.951836	-0.274120	-0.137359
165	4094093													9.334047	0.109829	3.042465	0.306774	-0.846020	-0.436051	0.003396	-0.457165	0.889375	-0.951776	-0.274318	-0.137373
166	4094259													9.337149	0.110966	3.050162	0.306952	-0.845953	-0.436054	0.003454	-0.457179	0.889368	-0.951719	-0.274499	-0.137410
167	4094426													9.339594	0.126022	3.041718	0.307117	-0.845884	-0.436072	0.003509	-0.457207	0.889353	-0.951665	-0.274666	-0.137448
168	4094593													9.340503	0.112139	3.081346	0.307385	-0.845831	-0.435987	0.003564	-0.457142	0.889387	-0.951579	-0.274938	-0.137504
169	4094759													9.324510	0.100688	3.109283	0.307620	-0.845766	-0.435948	0.003641	-0.457115	0.889400	-0.951502	-0.275184	-0.137538
170	4094926													9.326731	0.097080	3.059674	0.307737	-0.845821	-0.435757	0.003672	-0.456923	0.889499	-0.951464	-0.275332	-0.137506
171	4095093													9.333830	0.086644	3.061849	0.307898	-0.845894	-0.435502	0.003636	-0.456690	0.889618	-0.951412	-0.275495	-0.137539
172	4095259													9.319467	0.099672	3.076133	0.308172	-0.845867	-0.435360	0.003592	-0.456595	0.889667	-0.951324	-0.275735	-0.137672
173	4095426													9.292342	0.094011	3.090304	0.308368	-0.845898	-0.435162	0.003583	-0.456419	0.889758	-0.951260	-0.275932	-0.137714
174	4095593													9.316181	0.083676	3.087071	0.308472	-0.845869	-0.435144	0.003576	-0.456418	0.889758	-0.951227	-0.276022	-0.137767
175	4095759													9.285000	0.084220	3.072305	0.308616	-0.845832	-0.435114	0.003582	-0.456407	0.889764	-0.951180	-0.276154	-0.137825
176	4095926													9.303402	0.071499	3.063321	0.308708	-0.845755	-0.435199	0.003590	-0.456507	0.889712	-0.951150	-0.276224	-0.137891
177	4096093													9.345197	0.092211	3.107435	0.308662	-0.845587	-0.435557	0.003698	-0.456846	0.889538	-0.951165	-0.276177	-0.137884
178	4096259													9.356551	0.170735	3.127649	0.308641	-0.845580	-0.435586	0.003943	-0.456802	0.889560	-0.951170	-0.276273	-0.137654
179	4096426													9.274551	0.118987	3.142772	0.308729	-0.845425	-0.435824	0.004156	-0.457004	0.889455	-0.951141	-0.276412	-0.137577
180	4096593													9.263471	0.090130	3.129355	0.308691	-0.845320	-0.436056	0.004172	-0.457238	0.889335	-0.951153	-0.276348	-0.137619
181	4096759													9.302548	0.109798	3.121602	0.308582	-0.845290	-0.436191	0.004096	-0.457385	0.889259	-0.951189	-0.276196	-0.137679
182	4096926													9.309693	0.128666	3.096633	0.308498	-0.845221	-0.436383	0.003973	-0.457610	0.889144	-0.951217	-0.276033	-0.137814
183	4097093													9.287951	0.135574	3.124236	0.308411	-0.845289	-0.436314	0.003761	-0.457586	0.889157	-0.951246	-0.275867	-0.137945
184	4097259													9.301204	0.074542	3.072133	0.308307	-0.845396	-0.436178	0.003534	-0.457493	0.889206	-0.951280	-0.275690	-0.138061
185	4097426													9.322084	0.062452	3.083092	0.308284	-0.845376	-0.436234	0.003324	-0.457609	0.889148	-0.951288	-0.275560	-0.138264
186	4097593													9.305691	0.082273	3.090440	0.308254	-0.845405	-0.436199	0.003101	-0.457631	0.889137	-0.951299	-0.275432	-0.138445
187	4097759													9.328973	0.059401	3.075262	0.308190	-0.845374	-0.436305	0.002865	-0.457802	0.889050	-0.951321	-0.275246	-0.138668
188	4097926													9.337556	0.083029	3.115980	0.308171	-0.845336	-0.436391	0.002679	-0.457944	0.888977	-0.951327	-0.275126	-0.138861
189	4098093													9.323271	0.058459	3.018764	0.308156	-0.845356	-0.436364	0.002443	-0.457981	0.888959	-0.951333	-0.275004	-0.139064
190	4098259													9.368136	0.045798	3.088049	0.308156	-0.845269	-0.436532	0.002211	-0.458224	0.888834	-0.951333	-0.274865	-0.139335
191	4098426													9.365597	0.074453	3.064467	0.308093	-0.845283	-0.436549	0.002116	-0.458260	0.888816	-0.951354	-0.274761	-0.139398
192	4098593													9.347139	0.128570	2.993760	0.308138	-0.845249	-0.436584	0.002130	-0.458300	0.888795	-0.951339	-0.274801	-0.139419
193	4098759													9.321272	0.079077	3.037767	0.308219	-0.845081	-0.436852	0.002142	-0.458590	0.888645	-0.951313	-0.274833	-0.139536
194	4098926													9.355472	0.072340	3.034976	0.308127	-0.845031	-0.437013	0.002129	-0.458749	0.888563	-0.951343	-0.274720	-0.139554
195	4099093													9.360104	0.054007	3.064435	0.308188	-0.844869	-0.437284	0.002172	-0.459031	0.888418	-0.951323	-0.274749	-0.139633
196	4099259													9.326553	0.090035	3.064325	0.308199	-0.844802	-0.437406	0.002184	-0.459158	0.888352	-0.951320	-0.274744	-0.139666
197	4099426													9.326599	0.091118	3.043220	0.308197	-0.844926	-0.437166	0.002220	-0.458895	0.888488	-0.951320	-0.274799	-0.139555
198	4099593													9.349751	0.061972	3.078059	0.308197	-0.844948	-0.437125	0.002250	-0.458843	0.888514	-0.951320	-0.274821	-0.139513
199	4099759													9.339694	0.055749	3.040202	0.308217	-0.844953	-0.437100	0.002276	-0.458812	0.888530	-0.951313	-0.274855	-0.139491
200	4099926													9.330969	0.062838	3.047004	0.308235	-0.844955	-0.437084	0.002350	-0.458777	0.888548	-0.951307	-0.274908	-0.139425
201	4100093													9.346045	0.072676	3.061198	0.308286	-0.844906	-0.437143	0.002434	-0.458823	0.888524	-0.951291	-0.274984	-0.139393
202	4100259													9.350137	0.072590	3.057904	0.308433	-0.844777	-0.437289	0.002539	-0.458968	0.888449	-0.951243	-0.275137	-0.139416
203	4100426													9.330525	0.075200	3.090272	0.308567	-0.844692	-0.437358	0.002609	-0.459042	0.888411	-0.951199	-0.275275	-0.139442
204	4100593													9.314328	0.086573	3.077298	0.308623	-0.844674	-0.437353	0.002650	-0.459032	0.888416	-0.951181	-0.275344	-0.139429
205	4100759													9.345521	0.078895	3.063565	0.308695	-0.844569	-0.437504	0.002673	-0.459196	0.888331	-0.951157	-0.275392	-0.139494
206	4100926													9.323397	0.075494	3.080308	0.308811	-0.844581	-0.437400	0.002670	-0.459106	0.888378	-0.951120	-0.275508	-0.139521
207	4101093													9.327260	0.069130	3.069737	0.308944	-0.844521	-0.437423	0.002661	-0.459152	0.888354	-0.951077	-0.275615	-0.139605
208	4101259													9.325661	0.064364	3.069014	0.309055	-0.844502	-0.437380	0.002615	-0.459138	0.888361	-0.951041	-0.275696	-0.139690
209	4101426													9.323056	0.065564	3.086095	0.309169	-0.844358	-0.437577	0.002599	-0.459368	0.888242	-0.951003	-0.275755	-0.139828
210	4101593													9.336164	0.077250	3.078882	0.309269	-0.844346	-0.437529	0.002581	-0.459338	0.888258	-0.950971	-0.275840	-0.139880
211	4101759													9.317338	0.054900	3.068373	0.309426	-0.844222	-0.437658	0.002568	-0.459502	0.888173	-0.950920	-0.275947	-0.140014
212	4101926													9.313869	0.068723	3.067104	0.309557	-0.844133	-0.437738	0.002536	-0.459616	0.888114	-0.950878	-0.276032	-0.140137
213	4102093													9.331773	0.089045	3.076188	0.309744	-0.844130	-0.437610	0.002478	-0.459527	0.888161	-0.950817	-0.276187	-0.140244
214	4102259													9.314309	0.079696	3.089170	0.309962	-0.844028	-0.437653	0.002400	-0.459628	0.888108	-0.950746	-0.276330	-0.140441
215	4102426													9.302263	0.100327	3.110004	0.310158	-0.843950	-0.437665	0.002374	-0.459680	0.888082	-0.950682	-0.276484	-0.140570
216	4102593													9.323766	0.086988	3.120101	0.310310	-0.843881	-0.437690	0.002408	-0.459719	0.888061	-0.950633	-0.276628	-0.140624
217	4102759													9.322550	0.074221	3.105478	0.310465	-0.843779	-0.437777	0.002404	-0.459836	0.888000	-0.950582	-0.276745	-0.140735
218	4102926													9.310823	0.083916	3.123420	0.310573	-0.843759	-0.437739	0.002385	-0.459818	0.888010	-0.950546	-0.276836	-0.140794
219	4103093													9.339691	0.084388	3.140496	0.310592	-0.843753	-0.437737	0.002374	-0.459822	0.888008	-0.950540	-0.276848	-0.140814
220	4103259													9.337796	0.037189	3.120999	0.310621	-0.843861	-0.437507	0.002367	-0.459587	0.888130	-0.950531	-0.276907	-0.140760
221	4103426													9.285480	0.091654	3.057150	0.310668	-0.843850	-0.437495	0.002412	-0.459569	0.888139	-0.950515	-0.276972	-0.140738
222	4103593													9.292142	0.017491	3.063032	0.310680	-0.843833	-0.437519	0.002482	-0.459576	0.888135	-0.950511	-0.277012	-0.140687
223	4103759													9.372269	0.042409	3.114344	0.310628	-0.843756	-0.437706	0.002673	-0.459708	0.888066	-0.950528	-0.277029	-0.140543
224	4103926													9.348468	0.109929	3.084693	0.310713	-0.843555	-0.438033	0.003084	-0.459945	0.887942	-0.950499	-0.277246	-0.140310
225	4104093													9.290246	0.093256	3.123116	0.310833	-0.843359	-0.438324	0.003464	-0.460161	0.887829	-0.950458	-0.277485	-0.140112
226	4104259													9.326563	0.070420	3.107203	0.310748	-0.843334	-0.438433	0.003697	-0.460193	0.887811	-0.950485	-0.277506	-0.139887
227	4104426													9.351512	0.082756	3.111531	0.310709	-0.843284	-0.438556	0.003911	-0.460255	0.887778	-0.950497	-0.277556	-0.139708
228	4104593													9.286571	0.123472	3.155137	0.310725	-0.843232	-0.438646	0.004064	-0.460307	0.887750	-0.950491	-0.277629	-0.139602
229	4104759													9.290535	0.129702	3.133061	0.310622	-0.843335	-0.438519	0.004189	-0.460121	0.887846	-0.950524	-0.277621	-0.139391
230	4104926													9.323795	0.087885	3.084991	0.310577	-0.843427	-0.438376	0.004234	-0.459950	0.887935	-0.950539	-0.277629	-0.139279
231	4105093													9.310120	0.088679	3.101466	0.310600	-0.843357	-0.438494	0.004260	-0.460070	0.887872	-0.950531	-0.277641	-0.139305
232	4105259													9.298086	0.081695	3.114705	0.310651	-0.843291	-0.438584	0.004269	-0.460170	0.887820	-0.950514	-0.277675	-0.139353
233	4105426													9.301558	0.071552	3.103397	0.310611	-0.843304	-0.438589	0.004252	-0.460174	0.887818	-0.950528	-0.277631	-0.139349
234	4105593													9.323408	0.078620	3.139012	0.310610	-0.843204	-0.438781	0.004264	-0.460373	0.887715	-0.950528	-0.277604	-0.139401
235	4105759													9.287086	0.087608	3.073922	0.310531	-0.843264	-0.438721	0.004145	-0.460332	0.887737	-0.950554	-0.277489	-0.139452
236	4105926													9.331648	0.049210	3.057091	0.310388	-0.843224	-0.438898	0.004011	-0.460536	0.887632	-0.950601	-0.277271	-0.139563
237	4106093													9.337522	0.081755	3.105259	0.310246	-0.843247	-0.438956	0.003964	-0.460588	0.887605	-0.950648	-0.277116	-0.139553
238	4106259													9.336211	0.168974	3.019290	0.310145	-0.843217	-0.439085	0.004076	-0.460676	0.887559	-0.950681	-0.277061	-0.139440
239	4106426													9.339502	0.108346	3.093827	0.310095	-0.843150	-0.439249	0.004117	-0.460829	0.887480	-0.950697	-0.277012	-0.139429
240	4106593													9.346552	0.058959	3.045600	0.309823	-0.843155	-0.439432	0.004123	-0.460977	0.887402	-0.950785	-0.276749	-0.139345
241	4106759													9.340146	0.104430	3.063685	0.309713	-0.843105	-0.439604	0.004152	-0.461134	0.887321	-0.950821	-0.276640	-0.139318
242	4106926													9.308571	0.122110	3.064288	0.309516	-0.843143	-0.439671	0.004124	-0.461182	0.887296	-0.950885	-0.276445	-0.139266
243	4107093													9.326990	0.086937	3.049459	0.309338	-0.843229	-0.439631	0.004110	-0.461116	0.887330	-0.950943	-0.276292	-0.139175
244	4107259													9.325669	0.071660	3.064219	0.309266	-0.843246	-0.439648	0.004101	-0.461125	0.887326	-0.950967	-0.276223	-0.139152
245	4107426													9.322783	0.088154	3.063375	0.309145	-0.843273	-0.439682	0.004076	-0.461150	0.887313	-0.951006	-0.276100	-0.139125
246	4107593													9.319000	0.091927	3.084789	0.309072	-0.843272	-0.439734	0.004086	-0.461191	0.887292	-0.951030	-0.276034	-0.139096
247	4107759													9.331367	0.082029	3.055100	0.308946	-0.843308	-0.439754	0.004078	-0.461194	0.887290	-0.951071	-0.275918	-0.139045
248	4107926													9.347487	0.089194	3.056195	0.308948	-0.843335	-0.439701	0.004072	-0.461141	0.887317	-0.951070	-0.275925	-0.139035
249	4108093													9.337120	0.086544	3.079268	0.308974	-0.843367	-0.439622	0.004057	-0.461066	0.887356	-0.951062	-0.275954	-0.139036
250	4108259													9.329538	0.090918	3.066147	0.308994	-0.843328	-0.439682	0.004041	-0.461137	0.887320	-0.951055	-0.275954	-0.139081
251	4108426													9.326391	0.096250	3.078553	0.309053	-0.843311	-0.439675	0.003993	-0.461152	0.887312	-0.951037	-0.275982	-0.139153
252	4108593													9.335936	0.081831	3.077369	0.309115	-0.843339	-0.439577	0.003956	-0.461070	0.887355	-0.951016	-0.276034	-0.139188
253	4108759													9.323813	0.087756	3.056681	0.309162	-0.843323	-0.439573	0.003903	-0.461088	0.887346	-0.951001	-0.276049	-0.139260
254	4108926													9.342200	0.076015	3.071381	0.309158	-0.843342	-0.439540	0.003816	-0.461079	0.887351	-0.951003	-0.276009	-0.139328
255	4109093													9.336780	0.078905	3.062167	0.309240	-0.843320	-0.439524	0.003725	-0.461100	0.887340	-0.950977	-0.276039	-0.139449
256	4109259													9.313317	0.065961	3.040320	0.309324	-0.843309	-0.439487	0.003645	-0.461098	0.887342	-0.950950	-0.276078	-0.139555
257	4109426													9.312696	0.074060	3.081844	0.309411	-0.843304	-0.439436	0.003553	-0.461084	0.887349	-0.950922	-0.276117	-0.139668
258	4109593													9.324731	0.080483	3.048696	0.309433	-0.843291	-0.439445	0.003468	-0.461122	0.887330	-0.950915	-0.276093	-0.139762
259	4109759													9.308331	0.065906	3.082754	0.309452	-0.843305	-0.439404	0.003387	-0.461105	0.887339	-0.950909	-0.276077	-0.139834
260	4109926													9.302155	0.080740	3.089525	0.309496	-0.843315	-0.439355	0.003305	-0.461084	0.887350	-0.950895	-0.276084	-0.139916
261	4110093													9.320620	0.051664	3.081526	0.309508	-0.843289	-0.439395	0.003235	-0.461148	0.887317	-0.950891	-0.276053	-0.140001
262	4110260													9.321219	0.066414	3.084992	0.309497	-0.843300	-0.439383	0.003145	-0.461160	0.887311	-0.950895	-0.276002	-0.140075
263	4110426													9.317153	0.063240	3.102262	0.309485	-0.843338	-0.439318	0.003042	-0.461120	0.887333	-0.950899	-0.275953	-0.140144
264	4110593													9.328255	0.053084	3.065761	0.309432	-0.843281	-0.439465	0.002957	-0.461291	0.887244	-0.950917	-0.275841	-0.140245
265	4110760													9.324605	0.055346	3.053822	0.309387	-0.843289	-0.439481	0.002853	-0.461331	0.887223	-0.950932	-0.275749	-0.140324
266	4110926													9.331442	0.050460	3.084465	0.309375	-0.843263	-0.439539	0.002798	-0.461405	0.887185	-0.950936	-0.275703	-0.140388
267	4111093													9.326896	0.019919	3.094521	0.309391	-0.843270	-0.439514	0.002770	-0.461391	0.887193	-0.950931	-0.275707	-0.140414
268	4111260													9.291770	0.043962	3.024198	0.309366	-0.843145	-0.439772	0.002765	-0.461659	0.887053	-0.950939	-0.275640	-0.140490
269	4111426													9.307070	0.044295	3.007930	0.309320	-0.843165	-0.439765	0.002783	-0.461640	0.887063	-0.950954	-0.275611	-0.140448
270	4111593													9.358722	0.023973	3.093572	0.309248	-0.842996	-0.440141	0.002879	-0.461996	0.886877	-0.950977	-0.275532	-0.140444
271	4111760													9.350400	0.103245	3.060996	0.309198	-0.842967	-0.440231	0.003116	-0.462015	0.886867	-0.950993	-0.275589	-0.140227
272	4111926													9.339499	0.119065	3.074640	0.309232	-0.842829	-0.440471	0.003461	-0.462173	0.886783	-0.950980	-0.275746	-0.140002
273	4112093													9.343020	0.059625	3.102561	0.309122	-0.842802	-0.440601	0.003604	-0.462250	0.886742	-0.951016	-0.275699	-0.139854
274	4112260													9.354422	0.054113	3.058571	0.309019	-0.842752	-0.440768	0.003698	-0.462383	0.886672	-0.951049	-0.275628	-0.139769
275	4112426													9.318477	0.075433	3.076611	0.309046	-0.842717	-0.440816	0.003764	-0.462418	0.886654	-0.951039	-0.275677	-0.139737
276	4112593													9.291350	0.121867	3.111443	0.308997	-0.842874	-0.440550	0.003806	-0.462119	0.886810	-0.951055	-0.275698	-0.139586
277	4112760													9.318137	0.056583	3.048180	0.308961	-0.843015	-0.440305	0.003830	-0.461849	0.886951	-0.951067	-0.275720	-0.139465
278	4112926													9.328625	0.043587	3.053949	0.308992	-0.843066	-0.440186	0.003834	-0.461727	0.887014	-0.951057	-0.275767	-0.139438
279	4113093													9.303156	0.029359	3.050043	0.308940	-0.843086	-0.440183	0.003774	-0.461733	0.887011	-0.951074	-0.275695	-0.139466
280	4113260													9.338154	0.033201	3.041786	0.308913	-0.843103	-0.440171	0.003719	-0.461732	0.887011	-0.951083	-0.275646	-0.139500
281	4113426													9.334970	0.072869	3.109738	0.309032	-0.843090	-0.440112	0.003702	-0.461693	0.887032	-0.951044	-0.275751	-0.139557
282	4113593													9.316296	0.068106	3.048541	0.309066	-0.843130	-0.440011	0.003707	-0.461591	0.887085	-0.951033	-0.275799	-0.139536
283	4113760													9.353184	0.001484	2.956257	0.309005	-0.843124	-0.440066	0.003608	-0.461668	0.887045	-0.951054	-0.275689	-0.139616
284	4113926													9.386406	0.065881	3.117261	0.309132	-0.842999	-0.440216	0.003605	-0.461847	0.886952	-0.951012	-0.275773	-0.139733
285	4114093													9.334533	0.126010	2.971133	0.309100	-0.842924	-0.440381	0.003775	-0.461966	0.886889	-0.951022	-0.275799	-0.139612
286	4114260													9.348231	0.114925	3.079965	0.309215	-0.842858	-0.440427	0.003957	-0.461979	0.886882	-0.950984	-0.275980	-0.139516
