// Start Time: Unknown
// Update Rate: 60.0Hz
//Filter Profile: human (46.1)
// Option Flags: AHS Disabled ICC Disabled
// Firmware Version: 4.0.2
0	sampleTimeFine	Year	Month	Day	Second	UTC_Nano	UTC_Year	UTC_Month	UTC_Day	UTC_Hour	UTC_Minute	UTC_Second	UTC_Valid	Acc_X	Acc_Y	Acc_Z	Mat[1][1]	Mat[2][1]	Mat[3][1]	Mat[1][2]	Mat[2][2]	Mat[3][2]	Mat[1][3]	Mat[2][3]	Mat[3][3]
0	4066259													0.011459	-0.206650	-0.223900	-0.176989	-0.919019	0.352248	0.019492	0.354555	0.934832	-0.984020	0.172321	-0.044839
1	4066425													9.622437	0.224187	-1.723128	-0.176610	-0.919449	0.351316	0.019308	0.353621	0.935189	-0.984091	0.171947	-0.044700
2	4066592													9.634440	0.225742	-1.700592	-0.176463	-0.919890	0.350233	0.019748	0.352437	0.935627	-0.984109	0.172021	-0.044026
3	4066759													9.614032	0.247987	-1.670427	-0.175998	-0.919685	0.351003	0.020261	0.353109	0.935363	-0.984182	0.171734	-0.043513
4	4067259													9.610936	0.234112	-1.692030	-0.175344	-0.919648	0.351428	0.020842	0.353411	0.935236	-0.984287	0.171312	-0.042802
5	4067425													9.633847	0.219008	-1.692610	-0.174948	-0.919436	0.352179	0.021238	0.354088	0.934971	-0.984349	0.171051	-0.042420
6	4067592													9.614274	0.212500	-1.709334	-0.174605	-0.919203	0.352957	0.021446	0.354829	0.934685	-0.984405	0.170770	-0.042242
7	4067759													9.598759	0.211976	-1.691251	-0.174478	-0.919208	0.353007	0.021560	0.354854	0.934673	-0.984425	0.170690	-0.042096
8	4067925													9.595126	0.218123	-1.729447	-0.174406	-0.919038	0.353486	0.021617	0.355328	0.934492	-0.984436	0.170623	-0.042105
9	4068092													9.566272	0.235736	-1.684748	-0.174493	-0.918896	0.353811	0.021669	0.355653	0.934367	-0.984420	0.170708	-0.042147
10	4068259													9.582292	0.241818	-1.685321	-0.174699	-0.918674	0.354286	0.021670	0.356145	0.934179	-0.984383	0.170877	-0.042310
11	4068425													9.608940	0.315265	-1.705083	-0.174935	-0.918449	0.354753	0.021662	0.356631	0.933994	-0.984342	0.171073	-0.042492
12	4068592													9.556228	0.272948	-1.711112	-0.175127	-0.918044	0.355704	0.021679	0.357604	0.933622	-0.984307	0.171213	-0.042723
13	4068759													9.497930	0.314697	-1.712191	-0.175532	-0.917554	0.356768	0.021742	0.358693	0.933202	-0.984234	0.171563	-0.043013
14	4068925													9.630221	0.248924	-1.732054	-0.176099	-0.917041	0.357806	0.021855	0.359754	0.932791	-0.984130	0.172083	-0.043310
15	4069092													9.637449	0.198423	-1.725429	-0.176599	-0.916472	0.359015	0.022001	0.360981	0.932314	-0.984037	0.172544	-0.043585
16	4069259													9.623897	0.174273	-1.745247	-0.177120	-0.915954	0.360078	0.022290	0.362035	0.931898	-0.983937	0.173084	-0.043708
17	4069425													9.667790	0.164169	-1.739097	-0.177559	-0.915447	0.361151	0.022564	0.363099	0.931477	-0.983851	0.173541	-0.043815
18	4069592													9.613420	0.173795	-1.732651	-0.177828	-0.915110	0.361870	0.022792	0.363803	0.931197	-0.983798	0.173841	-0.043837
19	4069759													9.591537	0.191652	-1.714611	-0.178057	-0.914891	0.362311	0.022964	0.364231	0.931026	-0.983752	0.174096	-0.043844
20	4069925													9.608458	0.199900	-1.717674	-0.178285	-0.914629	0.362861	0.022986	0.364797	0.930803	-0.983710	0.174289	-0.044014
21	4070092													9.589730	0.238142	-1.717678	-0.178464	-0.914407	0.363333	0.022978	0.365287	0.930611	-0.983678	0.174429	-0.044180
22	4070259													9.580334	0.221078	-1.742877	-0.178687	-0.914206	0.363729	0.022849	0.365723	0.930443	-0.983641	0.174569	-0.044462
23	4070425													9.566187	0.169956	-1.747272	-0.179006	-0.914159	0.363689	0.022631	0.365736	0.930443	-0.983588	0.174785	-0.044781
24	4070592													9.529007	0.125499	-1.750108	-0.179433	-0.914218	0.363331	0.022299	0.365451	0.930564	-0.983518	0.175075	-0.045188
25	4070759													9.571068	0.108176	-1.774224	-0.179957	-0.914460	0.362461	0.021837	0.364672	0.930880	-0.983432	0.175434	-0.045656
26	4070925													9.607295	0.131749	-1.796823	-0.180388	-0.914702	0.361635	0.021394	0.363931	0.931180	-0.983363	0.175710	-0.046079
27	4071092													9.613779	0.190429	-1.812886	-0.180793	-0.915067	0.360509	0.020965	0.362881	0.931600	-0.983298	0.175985	-0.046422
28	4071259													9.656669	0.221453	-1.817695	-0.181006	-0.915411	0.359526	0.020524	0.361969	0.931964	-0.983268	0.176070	-0.046731
29	4071425													9.565593	0.275990	-1.788301	-0.181208	-0.915756	0.358546	0.020120	0.361053	0.932328	-0.983239	0.176159	-0.047001
30	4071592													9.635486	0.366757	-1.815596	-0.181423	-0.915983	0.357857	0.019853	0.360410	0.932583	-0.983205	0.176297	-0.047202
31	4071759													9.601505	0.366165	-1.811171	-0.181542	-0.916083	0.357539	0.019680	0.360124	0.932697	-0.983186	0.176360	-0.047349
32	4071925													9.588892	0.318610	-1.793985	-0.181654	-0.916101	0.357437	0.019472	0.360062	0.932725	-0.983170	0.176393	-0.047568
33	4072092													9.597306	0.252707	-1.809434	-0.181709	-0.916004	0.357658	0.019231	0.360333	0.932625	-0.983164	0.176344	-0.047860
34	4072259													9.601217	0.236551	-1.808999	-0.181741	-0.915909	0.357883	0.018925	0.360619	0.932521	-0.983164	0.176250	-0.048205
35	4072425													9.595128	0.214533	-1.792361	-0.181740	-0.915768	0.358244	0.018671	0.361031	0.932367	-0.983169	0.176137	-0.048516
36	4072592													9.561072	0.188186	-1.806988	-0.181698	-0.915699	0.358444	0.018485	0.361266	0.932280	-0.983181	0.176019	-0.048714
37	4072759													9.568631	0.160455	-1.790566	-0.181668	-0.915616	0.358669	0.018380	0.361513	0.932186	-0.983188	0.175941	-0.048846
38	4072925													9.575109	0.157056	-1.806686	-0.181601	-0.915631	0.358665	0.018253	0.361528	0.932183	-0.983203	0.175832	-0.048941
39	4073092													9.573839	0.158440	-1.808477	-0.181544	-0.915693	0.358535	0.018159	0.361410	0.932230	-0.983215	0.175752	-0.048984
40	4073259													9.594917	0.160917	-1.792681	-0.181465	-0.915760	0.358405	0.017999	0.361302	0.932275	-0.983233	0.175627	-0.049081
41	4073425													9.600869	0.199057	-1.790669	-0.181322	-0.915902	0.358113	0.017823	0.361029	0.932384	-0.983262	0.175445	-0.049139
42	4073592													9.592730	0.236669	-1.801419	-0.181186	-0.916061	0.357776	0.017638	0.360712	0.932510	-0.983291	0.175268	-0.049199
43	4073759													9.604685	0.252270	-1.793012	-0.181025	-0.916208	0.357481	0.017454	0.360436	0.932621	-0.983324	0.175067	-0.049256
44	4073925													9.592391	0.247341	-1.779706	-0.180857	-0.916361	0.357173	0.017244	0.360152	0.932734	-0.983358	0.174851	-0.049334
45	4074092													9.582768	0.237107	-1.756920	-0.180668	-0.916469	0.356993	0.017002	0.360001	0.932797	-0.983397	0.174596	-0.049459
46	4074259													9.575429	0.224484	-1.765229	-0.180511	-0.916509	0.356970	0.016747	0.360015	0.932796	-0.983430	0.174358	-0.049638
47	4074425													9.584544	0.218986	-1.754047	-0.180338	-0.916647	0.356702	0.016504	0.359777	0.932892	-0.983466	0.174123	-0.049754
48	4074592													9.606962	0.218939	-1.773332	-0.180185	-0.916712	0.356613	0.016262	0.359721	0.932918	-0.983498	0.173897	-0.049909
49	4074759													9.622896	0.219328	-1.759151	-0.179970	-0.916796	0.356505	0.016009	0.359645	0.932952	-0.983542	0.173611	-0.050048
50	4074925													9.591712	0.225266	-1.746090	-0.179695	-0.916864	0.356469	0.015767	0.359636	0.932959	-0.983596	0.173268	-0.050169
51	4075092													9.605163	0.221135	-1.722740	-0.179369	-0.916947	0.356419	0.015562	0.359605	0.932975	-0.983659	0.172893	-0.050233
52	4075259													9.583577	0.206030	-1.715409	-0.179079	-0.916935	0.356595	0.015382	0.359801	0.932902	-0.983714	0.172549	-0.050329
53	4075425													9.581918	0.199381	-1.709837	-0.178823	-0.916994	0.356572	0.015203	0.359795	0.932908	-0.983764	0.172246	-0.050399
54	4075592													9.555058	0.183710	-1.717233	-0.178663	-0.916982	0.356685	0.014980	0.359941	0.932855	-0.983796	0.172010	-0.050572
55	4075759													9.581450	0.166971	-1.723950	-0.178604	-0.916986	0.356704	0.014761	0.359995	0.932838	-0.983810	0.171874	-0.050761
56	4075925													9.587454	0.190665	-1.705200	-0.178630	-0.916965	0.356743	0.014582	0.360068	0.932812	-0.983808	0.171831	-0.050948
57	4076092													9.574183	0.183778	-1.711280	-0.178735	-0.916884	0.356900	0.014475	0.360251	0.932743	-0.983791	0.171879	-0.051118
58	4076259													9.592314	0.170202	-1.709731	-0.178897	-0.916825	0.356970	0.014391	0.360346	0.932708	-0.983763	0.171996	-0.051271
59	4076425													9.600443	0.164169	-1.743054	-0.179081	-0.916757	0.357051	0.014300	0.360454	0.932667	-0.983730	0.172129	-0.051441
60	4076592													9.588592	0.189857	-1.725627	-0.179271	-0.916710	0.357079	0.014196	0.360511	0.932647	-0.983697	0.172265	-0.051615
61	4076759													9.602534	0.217250	-1.754242	-0.179504	-0.916706	0.356970	0.014119	0.360426	0.932681	-0.983656	0.172460	-0.051755
62	4076926													9.604378	0.217762	-1.742707	-0.179694	-0.916643	0.357038	0.014072	0.360513	0.932648	-0.983622	0.172616	-0.051883
63	4077092													9.584796	0.219279	-1.774099	-0.179851	-0.916554	0.357187	0.013938	0.360697	0.932579	-0.983595	0.172704	-0.052096
64	4077259													9.604590	0.221103	-1.764970	-0.180018	-0.916448	0.357375	0.013777	0.360926	0.932493	-0.983567	0.172789	-0.052348
65	4077426													9.631964	0.203387	-1.760217	-0.180096	-0.916399	0.357462	0.013647	0.361041	0.932450	-0.983554	0.172809	-0.052516
66	4077592													9.546901	0.175984	-1.749296	-0.180073	-0.916323	0.357666	0.013486	0.361276	0.932361	-0.983561	0.172717	-0.052698
67	4077759													9.520336	0.164860	-1.775122	-0.180248	-0.916188	0.357925	0.013408	0.361563	0.932251	-0.983530	0.172836	-0.052887
68	4077926													9.644436	0.149314	-1.775694	-0.180435	-0.916141	0.357951	0.013392	0.361602	0.932236	-0.983496	0.173002	-0.052977
69	4078092													9.624049	0.176747	-1.780704	-0.180519	-0.916149	0.357888	0.013510	0.361522	0.932266	-0.983479	0.173127	-0.052885
70	4078259													9.655069	0.237396	-1.769032	-0.180579	-0.916133	0.357899	0.013818	0.361482	0.932277	-0.983463	0.173295	-0.052617
71	4078426													9.618332	0.252634	-1.776438	-0.180553	-0.916088	0.358028	0.014070	0.361568	0.932240	-0.983465	0.173356	-0.052393
72	4078592													9.594173	0.275268	-1.728541	-0.180507	-0.916008	0.358255	0.014193	0.361775	0.932157	-0.983471	0.173346	-0.052302
73	4078759													9.599713	0.265676	-1.717105	-0.180421	-0.915905	0.358562	0.014134	0.362093	0.932035	-0.983488	0.173227	-0.052383
74	4078926													9.570058	0.290231	-1.729064	-0.180302	-0.915877	0.358692	0.013958	0.362250	0.931977	-0.983512	0.173044	-0.052531
75	4079092													9.590743	0.258935	-1.718489	-0.180212	-0.915825	0.358870	0.013738	0.362464	0.931897	-0.983532	0.172869	-0.052739
76	4079259													9.578786	0.213483	-1.746275	-0.180160	-0.915815	0.358922	0.013525	0.362552	0.931866	-0.983544	0.172739	-0.052931
77	4079426													9.576881	0.159376	-1.729908	-0.180147	-0.915764	0.359058	0.013336	0.362723	0.931802	-0.983549	0.172649	-0.053131
78	4079592													9.574925	0.121740	-1.707489	-0.180213	-0.915791	0.358957	0.013084	0.362668	0.931826	-0.983541	0.172624	-0.053375
79	4079759													9.602280	0.132194	-1.724667	-0.180340	-0.915805	0.358859	0.012826	0.362620	0.931849	-0.983521	0.172652	-0.053649
80	4079926													9.594067	0.211218	-1.740265	-0.180402	-0.915868	0.358666	0.012652	0.362458	0.931914	-0.983512	0.172657	-0.053800
81	4080092													9.591137	0.231099	-1.728516	-0.180576	-0.915909	0.358472	0.012540	0.362290	0.931981	-0.983481	0.172789	-0.053936
82	4080259													9.618987	0.232642	-1.770501	-0.180680	-0.915918	0.358398	0.012399	0.362245	0.932000	-0.983464	0.172838	-0.054093
83	4080426													9.540222	0.266021	-1.742885	-0.180911	-0.915913	0.358294	0.012319	0.362166	0.932032	-0.983422	0.173029	-0.054237
84	4080592													9.618321	0.291505	-1.768881	-0.181211	-0.915879	0.358230	0.012375	0.362108	0.932054	-0.983366	0.173331	-0.054284
85	4080759													9.608468	0.271425	-1.765730	-0.181478	-0.915764	0.358389	0.012436	0.362274	0.931989	-0.983316	0.173592	-0.054356
86	4080926													9.608444	0.223260	-1.795661	-0.181750	-0.915597	0.358677	0.012447	0.362581	0.931869	-0.983266	0.173832	-0.054503
87	4081092													9.599207	0.199746	-1.790494	-0.181956	-0.915490	0.358846	0.012375	0.362777	0.931794	-0.983229	0.173986	-0.054680
88	4081259													9.603802	0.191520	-1.800292	-0.182147	-0.915371	0.359053	0.012218	0.363026	0.931699	-0.983195	0.174093	-0.054940
89	4081426													9.602854	0.195365	-1.800107	-0.182250	-0.915300	0.359180	0.012074	0.363187	0.931638	-0.983178	0.174128	-0.055140
90	4081592													9.588684	0.190083	-1.797709	-0.182283	-0.915303	0.359157	0.011993	0.363180	0.931642	-0.983173	0.174130	-0.055224
91	4081759													9.587969	0.197421	-1.791122	-0.182285	-0.915299	0.359167	0.011981	0.363192	0.931637	-0.983173	0.174126	-0.055238
92	4081926													9.592893	0.215188	-1.776806	-0.182289	-0.915329	0.359088	0.011946	0.363118	0.931666	-0.983172	0.174123	-0.055258
93	4082092													9.588377	0.223699	-1.775523	-0.182298	-0.915358	0.359010	0.011867	0.363053	0.931693	-0.983172	0.174106	-0.055322
94	4082259													9.607931	0.240175	-1.775029	-0.182304	-0.915329	0.359080	0.011791	0.363139	0.931661	-0.983172	0.174079	-0.055409
95	4082426													9.591121	0.245210	-1.749602	-0.182322	-0.915384	0.358931	0.011745	0.362996	0.931717	-0.983169	0.174088	-0.055431
96	4082592													9.579748	0.254347	-1.752843	-0.182339	-0.915329	0.359061	0.011720	0.363134	0.931663	-0.983166	0.174086	-0.055486
97	4082759													9.552181	0.242945	-1.741581	-0.182471	-0.915247	0.359203	0.011703	0.363289	0.931603	-0.983142	0.174194	-0.055579
98	4082926													9.582903	0.235730	-1.777393	-0.182651	-0.915176	0.359293	0.011671	0.363396	0.931562	-0.983109	0.174344	-0.055694
99	4083092													9.578395	0.216375	-1.754471	-0.182835	-0.915091	0.359415	0.011603	0.363543	0.931505	-0.983075	0.174482	-0.055851
100	4083259													9.617858	0.213320	-1.783406	-0.183054	-0.914989	0.359564	0.011507	0.363725	0.931435	-0.983035	0.174641	-0.056053
101	4083426													9.607922	0.193422	-1.801390	-0.183206	-0.914900	0.359712	0.011410	0.363901	0.931368	-0.983008	0.174737	-0.056230
102	4083592													9.600167	0.181114	-1.788965	-0.183307	-0.914915	0.359624	0.011271	0.363843	0.931392	-0.982991	0.174784	-0.056383
103	4083759													9.587150	0.199432	-1.794107	-0.183429	-0.914884	0.359640	0.011126	0.363892	0.931375	-0.982970	0.174842	-0.056570
104	4083926													9.598092	0.207362	-1.791181	-0.183508	-0.914962	0.359402	0.010931	0.363688	0.931457	-0.982958	0.174858	-0.056738
105	4084092													9.584706	0.214503	-1.811503	-0.183555	-0.915004	0.359270	0.010758	0.363588	0.931498	-0.982951	0.174846	-0.056894
106	4084259													9.588776	0.211786	-1.772725	-0.183598	-0.915047	0.359139	0.010563	0.363491	0.931538	-0.982945	0.174822	-0.057071
107	4084426													9.597245	0.224593	-1.782440	-0.183606	-0.915092	0.359019	0.010394	0.363401	0.931575	-0.982945	0.174774	-0.057211
108	4084592													9.595246	0.230881	-1.790598	-0.183572	-0.915058	0.359124	0.010233	0.363533	0.931525	-0.982953	0.174677	-0.057371
109	4084759													9.603174	0.210894	-1.778094	-0.183535	-0.915029	0.359216	0.010084	0.363652	0.931480	-0.982961	0.174582	-0.057516
110	4084926													9.571854	0.225716	-1.784374	-0.183495	-0.914937	0.359471	0.009982	0.363927	0.931374	-0.982970	0.174491	-0.057646
111	4085092													9.569176	0.215123	-1.794770	-0.183474	-0.914821	0.359777	0.009949	0.364243	0.931251	-0.982974	0.174440	-0.057728
112	4085259													9.580843	0.208525	-1.778741	-0.183485	-0.914745	0.359965	0.010002	0.364426	0.931179	-0.982972	0.174458	-0.057718
113	4085426													9.601708	0.199025	-1.805962	-0.183514	-0.914588	0.360350	0.010101	0.364802	0.931030	-0.982965	0.174497	-0.057708
114	4085592													9.573417	0.196439	-1.790113	-0.183554	-0.914427	0.360738	0.010205	0.365180	0.930881	-0.982957	0.174548	-0.057699
115	4085759													9.590295	0.217977	-1.820622	-0.183618	-0.914343	0.360916	0.010297	0.365350	0.930813	-0.982944	0.174630	-0.057669
116	4085926													9.598394	0.205294	-1.806132	-0.183616	-0.914217	0.361237	0.010364	0.365665	0.930689	-0.982943	0.174633	-0.057667
117	4086092													9.604816	0.208203	-1.785182	-0.183602	-0.914154	0.361404	0.010408	0.365825	0.930625	-0.982945	0.174626	-0.057652
118	4086259													9.592371	0.200096	-1.790085	-0.183554	-0.914099	0.361568	0.010452	0.365982	0.930563	-0.982954	0.174588	-0.057624
119	4086426													9.578718	0.207903	-1.770283	-0.183529	-0.914097	0.361586	0.010422	0.366004	0.930555	-0.982959	0.174552	-0.057646
120	4086592													9.604012	0.192346	-1.802687	-0.183502	-0.914096	0.361600	0.010362	0.366028	0.930546	-0.982965	0.174504	-0.057695
121	4086759													9.594377	0.203175	-1.794340	-0.183439	-0.914136	0.361532	0.010252	0.365973	0.930569	-0.982978	0.174409	-0.057762
122	4086926													9.507896	0.203061	-1.781860	-0.183439	-0.914216	0.361329	0.010137	0.365787	0.930643	-0.982979	0.174379	-0.057833
123	4087092													9.595344	0.193888	-1.819746	-0.183632	-0.914185	0.361310	0.009987	0.365806	0.930638	-0.982944	0.174503	-0.058043
124	4087259													9.633683	0.196613	-1.800314	-0.183687	-0.914236	0.361152	0.009882	0.365667	0.930693	-0.982935	0.174525	-0.058134
125	4087426													9.620374	0.246146	-1.799308	-0.183799	-0.914222	0.361132	0.010036	0.365626	0.930708	-0.982913	0.174687	-0.058026
126	4087592													9.616221	0.265312	-1.782560	-0.183802	-0.914191	0.361210	0.010337	0.365652	0.930694	-0.982909	0.174797	-0.057758
127	4087759													9.608489	0.263523	-1.774149	-0.183687	-0.914105	0.361485	0.010582	0.365882	0.930601	-0.982928	0.174765	-0.057535
128	4087926													9.588409	0.242034	-1.758729	-0.183545	-0.914010	0.361796	0.010740	0.366162	0.930489	-0.982953	0.174673	-0.057390
129	4088092													9.591918	0.253549	-1.756948	-0.183301	-0.913979	0.361999	0.010739	0.366354	0.930414	-0.982998	0.174433	-0.057338
130	4088259													9.585007	0.262390	-1.751858	-0.183038	-0.913902	0.362327	0.010706	0.366678	0.930286	-0.983047	0.174157	-0.057332
131	4088426													9.585248	0.231794	-1.762390	-0.182762	-0.913826	0.362657	0.010683	0.367002	0.930159	-0.983099	0.173872	-0.057312
132	4088592													9.561315	0.177803	-1.740115	-0.182532	-0.913797	0.362847	0.010648	0.367188	0.930086	-0.983142	0.173634	-0.057293
133	4088759													9.574440	0.160299	-1.747496	-0.182342	-0.913801	0.362930	0.010588	0.367272	0.930053	-0.983178	0.173430	-0.057294
134	4088926													9.574862	0.138818	-1.751570	-0.182203	-0.913838	0.362909	0.010492	0.367259	0.930059	-0.983205	0.173267	-0.057328
135	4089092													9.616182	0.165226	-1.764607	-0.182078	-0.913920	0.362764	0.010428	0.367115	0.930117	-0.983229	0.173137	-0.057314
136	4089259													9.559125	0.203875	-1.758417	-0.181929	-0.914056	0.362495	0.010477	0.366824	0.930231	-0.983256	0.173034	-0.057160
137	4089426													9.632740	0.225777	-1.757727	-0.181884	-0.914116	0.362368	0.010498	0.366688	0.930285	-0.983264	0.173008	-0.057099
138	4089592													9.582330	0.218167	-1.774171	-0.181784	-0.914163	0.362298	0.010519	0.366608	0.930316	-0.983282	0.172928	-0.057027
139	4089759													9.588458	0.288832	-1.758861	-0.181838	-0.914183	0.362221	0.010697	0.366501	0.930356	-0.983270	0.173049	-0.056865
140	4089926													9.605994	0.300275	-1.756251	-0.181861	-0.914083	0.362463	0.010967	0.366701	0.930274	-0.983263	0.173156	-0.056664
141	4090092													9.600920	0.280926	-1.761439	-0.181943	-0.913929	0.362808	0.011231	0.367011	0.930149	-0.983245	0.173309	-0.056511
142	4090259													9.600482	0.255543	-1.785039	-0.181969	-0.913748	0.363252	0.011445	0.367427	0.929982	-0.983238	0.173385	-0.056403
143	4090426													9.596895	0.223257	-1.758707	-0.182016	-0.913511	0.363825	0.011576	0.367989	0.929758	-0.983227	0.173442	-0.056405
144	4090592													9.610009	0.220976	-1.768895	-0.182043	-0.913312	0.364309	0.011704	0.368461	0.929570	-0.983221	0.173485	-0.056387
145	4090759													9.578351	0.201006	-1.772404	-0.182017	-0.913188	0.364634	0.011884	0.368759	0.929449	-0.983224	0.173509	-0.056268
146	4090926													9.563521	0.195066	-1.786418	-0.181983	-0.913068	0.364950	0.012105	0.369039	0.929335	-0.983227	0.173541	-0.056106
147	4091092													9.565914	0.189764	-1.778769	-0.181955	-0.913005	0.365122	0.012292	0.369179	0.929277	-0.983230	0.173575	-0.055951
148	4091259													9.593424	0.215366	-1.761328	-0.181944	-0.913029	0.365069	0.012400	0.369105	0.929305	-0.983231	0.173608	-0.055835
149	4091426													9.596599	0.240707	-1.783265	-0.181897	-0.913058	0.365019	0.012499	0.369035	0.929331	-0.983238	0.173605	-0.055714
150	4091592													9.599002	0.272343	-1.760102	-0.181802	-0.913104	0.364950	0.012548	0.368951	0.929364	-0.983255	0.173540	-0.055618
151	4091759													9.610231	0.271277	-1.752778	-0.181731	-0.913153	0.364864	0.012596	0.368850	0.929403	-0.983268	0.173497	-0.055529
152	4091926													9.607460	0.273147	-1.769082	-0.181663	-0.913165	0.364868	0.012709	0.368831	0.929410	-0.983279	0.173476	-0.055398
153	4092092													9.584450	0.277807	-1.776574	-0.181581	-0.913143	0.364962	0.012818	0.368903	0.929380	-0.983292	0.173436	-0.055281
154	4092259													9.588498	0.289537	-1.784427	-0.181489	-0.913116	0.365077	0.012960	0.368989	0.929343	-0.983308	0.173397	-0.055133
155	4092426													9.584776	0.272235	-1.772662	-0.181401	-0.913126	0.365096	0.013077	0.368983	0.929344	-0.983322	0.173358	-0.054993
156	4092592													9.607545	0.293356	-1.787714	-0.181281	-0.913108	0.365201	0.013164	0.369067	0.929309	-0.983343	0.173274	-0.054885
157	4092759													9.615480	0.282451	-1.789184	-0.181108	-0.913078	0.365359	0.013262	0.369202	0.929255	-0.983374	0.173141	-0.054756
158	4092926													9.594534	0.275824	-1.752379	-0.180874	-0.913023	0.365613	0.013321	0.369436	0.929161	-0.983416	0.172931	-0.054659
159	4093092													9.595694	0.258875	-1.778613	-0.180631	-0.913018	0.365748	0.013401	0.369545	0.929116	-0.983460	0.172728	-0.054516
160	4093259													9.582579	0.270711	-1.775695	-0.180352	-0.913009	0.365908	0.013475	0.369680	0.929061	-0.983510	0.172489	-0.054369
161	4093426													9.567845	0.263416	-1.779421	-0.180058	-0.912973	0.366140	0.013614	0.369875	0.928982	-0.983562	0.172256	-0.054170
162	4093593													9.583610	0.267068	-1.781730	-0.179754	-0.912900	0.366471	0.013817	0.370160	0.928865	-0.983614	0.172031	-0.053924
163	4093759													9.619032	0.292665	-1.761623	-0.179400	-0.912844	0.366786	0.014063	0.370417	0.928759	-0.983676	0.171778	-0.053616
164	4093926													9.609385	0.285522	-1.754089	-0.178938	-0.912790	0.367145	0.014280	0.370719	0.928635	-0.983757	0.171410	-0.053301
165	4094093													9.625847	0.312543	-1.741824	-0.178487	-0.912703	0.367581	0.014448	0.371108	0.928477	-0.983836	0.171032	-0.053051
166	4094259													9.643982	0.315176	-1.716372	-0.177959	-0.912620	0.368042	0.014598	0.371522	0.928309	-0.983930	0.170573	-0.052794
167	4094426													9.588192	0.295772	-1.709611	-0.177442	-0.912528	0.368520	0.014676	0.371966	0.928130	-0.984022	0.170098	-0.052610
168	4094593													9.558869	0.271278	-1.674963	-0.177039	-0.912465	0.368870	0.014718	0.372294	0.927998	-0.984094	0.169721	-0.052481
169	4094759													9.571580	0.250717	-1.676504	-0.176818	-0.912384	0.369176	0.014687	0.372598	0.927877	-0.984134	0.169488	-0.052481
170	4094926													9.602365	0.236370	-1.643660	-0.176686	-0.912373	0.369266	0.014636	0.372692	0.927840	-0.984158	0.169341	-0.052496
171	4095093													9.608010	0.235997	-1.673933	-0.176527	-0.912434	0.369193	0.014644	0.372607	0.927874	-0.984187	0.169201	-0.052414
172	4095259													9.574044	0.232081	-1.663446	-0.176471	-0.912490	0.369079	0.014602	0.372496	0.927919	-0.984197	0.169140	-0.052410
173	4095426													9.554835	0.267329	-1.661012	-0.176505	-0.912544	0.368929	0.014620	0.372342	0.927981	-0.984191	0.169187	-0.052379
174	4095593													9.640477	0.248208	-1.681484	-0.176617	-0.912570	0.368813	0.014600	0.372233	0.928024	-0.984171	0.169290	-0.052419
175	4095759													9.635096	0.293423	-1.671640	-0.176698	-0.912603	0.368691	0.014607	0.372113	0.928073	-0.984157	0.169374	-0.052421
176	4095926													9.601252	0.335309	-1.649322	-0.176770	-0.912608	0.368644	0.014832	0.372030	0.928102	-0.984140	0.169528	-0.052228
177	4096093													9.586113	0.327094	-1.663552	-0.176937	-0.912622	0.368530	0.015028	0.371889	0.928156	-0.984107	0.169763	-0.052086
178	4096259													9.587804	0.305430	-1.657432	-0.177121	-0.912593	0.368513	0.015111	0.371867	0.928163	-0.984073	0.169966	-0.052075
179	4096426													9.563699	0.310242	-1.672217	-0.177335	-0.912595	0.368406	0.015017	0.371787	0.928197	-0.984036	0.170135	-0.052226
180	4096593													9.583392	0.303475	-1.699950	-0.177551	-0.912552	0.368409	0.014843	0.371831	0.928182	-0.984000	0.170267	-0.052474
181	4096759													9.580921	0.283977	-1.667764	-0.177760	-0.912497	0.368444	0.014599	0.371920	0.928150	-0.983966	0.170367	-0.052791
182	4096926													9.582010	0.239606	-1.733128	-0.177927	-0.912451	0.368478	0.014368	0.372004	0.928120	-0.983939	0.170432	-0.053079
183	4097093													9.599706	0.218318	-1.721864	-0.178122	-0.912427	0.368442	0.014140	0.372018	0.928118	-0.983907	0.170528	-0.053363
184	4097259													9.617235	0.214755	-1.744222	-0.178264	-0.912533	0.368112	0.013888	0.371733	0.928236	-0.983885	0.170583	-0.053593
185	4097426													9.627857	0.209922	-1.735160	-0.178388	-0.912694	0.367651	0.013590	0.371324	0.928404	-0.983866	0.170613	-0.053836
186	4097593													9.553633	0.242439	-1.726083	-0.178457	-0.912858	0.367210	0.013350	0.370920	0.928569	-0.983857	0.170612	-0.054007
187	4097759													9.593211	0.244667	-1.747390	-0.178683	-0.912985	0.366783	0.013129	0.370537	0.928725	-0.983819	0.170763	-0.054222
188	4097926													9.597496	0.239475	-1.767041	-0.178826	-0.913114	0.366392	0.012957	0.370177	0.928871	-0.983795	0.170854	-0.054367
189	4098093													9.544666	0.256346	-1.766599	-0.179090	-0.913185	0.366088	0.012899	0.369893	0.928985	-0.983748	0.171094	-0.054465
190	4098259													9.583320	0.279707	-1.766859	-0.179398	-0.913193	0.365916	0.012985	0.369719	0.929053	-0.983691	0.171422	-0.054469
191	4098426													9.592419	0.281202	-1.771246	-0.179746	-0.913152	0.365849	0.013094	0.369652	0.929078	-0.983626	0.171788	-0.054486
192	4098593													9.614373	0.241491	-1.803583	-0.180065	-0.913090	0.365847	0.013147	0.369659	0.929074	-0.983567	0.172103	-0.054558
193	4098759													9.607684	0.228380	-1.783836	-0.180306	-0.913041	0.365851	0.013138	0.369678	0.929067	-0.983523	0.172323	-0.054659
194	4098926													9.613520	0.255168	-1.779777	-0.180486	-0.913027	0.365796	0.013106	0.369638	0.929084	-0.983490	0.172481	-0.054748
195	4099093													9.567306	0.249973	-1.773781	-0.180628	-0.912983	0.365835	0.013157	0.369677	0.929067	-0.983463	0.172629	-0.054762
196	4099259													9.583663	0.240325	-1.778584	-0.180741	-0.912907	0.365968	0.013273	0.369799	0.929017	-0.983441	0.172769	-0.054720
197	4099426													9.611047	0.228609	-1.786977	-0.180821	-0.912868	0.366028	0.013374	0.369846	0.928997	-0.983425	0.172878	-0.054667
198	4099593													9.598497	0.227994	-1.793768	-0.180865	-0.912869	0.366002	0.013476	0.369804	0.929012	-0.983416	0.172958	-0.054583
199	4099759													9.632382	0.228999	-1.784187	-0.180850	-0.912886	0.365967	0.013573	0.369751	0.929032	-0.983417	0.172983	-0.054479
200	4099926													9.630254	0.249308	-1.785493	-0.180811	-0.912942	0.365848	0.013633	0.369617	0.929084	-0.983423	0.172976	-0.054385
201	4100093													9.606780	0.251626	-1.768162	-0.180688	-0.912962	0.365858	0.013682	0.369611	0.929086	-0.983445	0.172880	-0.054293
202	4100259													9.576976	0.266030	-1.757359	-0.180585	-0.913019	0.365768	0.013769	0.369498	0.929129	-0.983463	0.172823	-0.054154
203	4100426													9.566386	0.267000	-1.745676	-0.180554	-0.913079	0.365631	0.013820	0.369349	0.929188	-0.983468	0.172821	-0.054069
204	4100593													9.598845	0.262823	-1.736835	-0.180563	-0.913127	0.365509	0.013839	0.369221	0.929238	-0.983466	0.172844	-0.054031
205	4100759													9.597725	0.253943	-1.727748	-0.180551	-0.913153	0.365449	0.013841	0.369160	0.929263	-0.983468	0.172837	-0.054013
206	4100926													9.593509	0.224942	-1.763408	-0.180519	-0.913197	0.365355	0.013789	0.369072	0.929299	-0.983475	0.172794	-0.054032
207	4101093													9.581945	0.231442	-1.742165	-0.180487	-0.913238	0.365269	0.013754	0.368988	0.929332	-0.983481	0.172756	-0.054037
208	4101259													9.588939	0.214401	-1.767701	-0.180440	-0.913322	0.365081	0.013731	0.368798	0.929408	-0.983490	0.172715	-0.054005
209	4101426													9.592229	0.225955	-1.747174	-0.180414	-0.913429	0.364827	0.013750	0.368535	0.929512	-0.983495	0.172713	-0.053929
210	4101593													9.618237	0.226433	-1.749551	-0.180340	-0.913532	0.364606	0.013779	0.368301	0.929605	-0.983508	0.172669	-0.053831
211	4101759													9.582995	0.254042	-1.748001	-0.180271	-0.913597	0.364476	0.013819	0.368158	0.929661	-0.983520	0.172628	-0.053743
212	4101926													9.607659	0.263870	-1.744324	-0.180231	-0.913626	0.364424	0.013875	0.368092	0.929686	-0.983527	0.172614	-0.053665
213	4102093													9.618024	0.282778	-1.716547	-0.180181	-0.913663	0.364354	0.013974	0.368002	0.929720	-0.983534	0.172609	-0.053539
214	4102259													9.601495	0.294540	-1.729836	-0.180111	-0.913624	0.364488	0.014050	0.368120	0.929672	-0.983546	0.172565	-0.053466
215	4102426													9.593678	0.274399	-1.721168	-0.180091	-0.913555	0.364670	0.014061	0.368303	0.929599	-0.983549	0.172541	-0.053483
216	4102593													9.622380	0.259758	-1.702086	-0.180099	-0.913438	0.364960	0.014080	0.368595	0.929484	-0.983548	0.172537	-0.053523
217	4102759													9.631242	0.222925	-1.711686	-0.180061	-0.913348	0.365203	0.014102	0.368836	0.929387	-0.983554	0.172497	-0.053533
218	4102926													9.561912	0.184804	-1.725442	-0.179978	-0.913314	0.365328	0.014115	0.368957	0.929339	-0.983569	0.172417	-0.053513
219	4103093													9.510283	0.189203	-1.727079	-0.180084	-0.913266	0.365396	0.014229	0.369012	0.929316	-0.983548	0.172554	-0.053458
220	4103259													9.606791	0.182766	-1.760134	-0.180298	-0.913236	0.365367	0.014384	0.368967	0.929331	-0.983507	0.172812	-0.053388
221	4103426													9.619777	0.211443	-1.764179	-0.180490	-0.913219	0.365315	0.014623	0.368882	0.929361	-0.983468	0.173083	-0.053226
222	4103593													9.636648	0.269975	-1.745245	-0.180657	-0.913209	0.365258	0.015101	0.368749	0.929406	-0.983430	0.173420	-0.052827
223	4103759													9.621758	0.308643	-1.738244	-0.180711	-0.913182	0.365296	0.015551	0.368712	0.929414	-0.983413	0.173636	-0.052429
224	4103926													9.609387	0.319949	-1.758832	-0.180697	-0.913137	0.365416	0.015931	0.368766	0.929386	-0.983410	0.173759	-0.052088
225	4104093													9.612792	0.328607	-1.740283	-0.180599	-0.913109	0.365536	0.016162	0.368842	0.929352	-0.983424	0.173748	-0.051855
226	4104259													9.595415	0.341522	-1.727609	-0.180436	-0.913080	0.365688	0.016268	0.368969	0.929299	-0.983452	0.173628	-0.051722
227	4104426													9.578886	0.334514	-1.713874	-0.180222	-0.912989	0.366022	0.016320	0.369288	0.929172	-0.983491	0.173431	-0.051654
228	4104593													9.564926	0.284835	-1.700641	-0.180031	-0.912924	0.366276	0.016340	0.369533	0.929074	-0.983525	0.173247	-0.051610
229	4104759													9.569182	0.230640	-1.713398	-0.179913	-0.912857	0.366500	0.016346	0.369754	0.928986	-0.983547	0.173127	-0.051602
230	4104926													9.557346	0.196301	-1.701697	-0.179844	-0.912863	0.366520	0.016309	0.369777	0.928977	-0.983560	0.173049	-0.051614
231	4105093													9.593998	0.190702	-1.698837	-0.179908	-0.912936	0.366308	0.016224	0.369580	0.929057	-0.983550	0.173088	-0.051679
232	4105259													9.585988	0.256639	-1.705416	-0.179946	-0.913080	0.365929	0.016164	0.369207	0.929207	-0.983544	0.173122	-0.051679
233	4105426													9.579293	0.249079	-1.722534	-0.180198	-0.913219	0.365459	0.016048	0.368762	0.929385	-0.983499	0.173339	-0.051795
234	4105593													9.602640	0.258909	-1.731033	-0.180379	-0.913327	0.365100	0.015920	0.368429	0.929520	-0.983468	0.173478	-0.051917
235	4105759													9.534284	0.307699	-1.749426	-0.180754	-0.913367	0.364814	0.015884	0.368164	0.929625	-0.983400	0.173828	-0.052039
236	4105926													9.608498	0.337118	-1.747462	-0.181191	-0.913344	0.364654	0.015958	0.368012	0.929684	-0.983318	0.174270	-0.052105
237	4106093													9.606924	0.336506	-1.775815	-0.181635	-0.913266	0.364627	0.016056	0.367992	0.929691	-0.983235	0.174719	-0.052177
238	4106259													9.599778	0.284404	-1.772458	-0.182111	-0.913135	0.364718	0.016103	0.368101	0.929646	-0.983146	0.175172	-0.052331
239	4106426													9.583485	0.247143	-1.794657	-0.182557	-0.913036	0.364745	0.016053	0.368162	0.929623	-0.983064	0.175564	-0.052553
240	4106593													9.584545	0.259059	-1.793862	-0.182963	-0.912927	0.364813	0.015951	0.368272	0.929581	-0.982990	0.175898	-0.052819
241	4106759													9.565246	0.265038	-1.823284	-0.183335	-0.912845	0.364831	0.015901	0.368319	0.929563	-0.982922	0.176223	-0.053011
242	4106926													9.598513	0.251012	-1.819254	-0.183641	-0.912775	0.364852	0.015887	0.368360	0.929547	-0.982865	0.176500	-0.053145
243	4107093													9.605557	0.233035	-1.823757	-0.183844	-0.912751	0.364810	0.015924	0.368321	0.929562	-0.982826	0.176703	-0.053179
244	4107259													9.592949	0.226790	-1.830263	-0.183943	-0.912733	0.364806	0.015913	0.368325	0.929561	-0.982808	0.176792	-0.053227
245	4107426													9.592067	0.235304	-1.815269	-0.184009	-0.912803	0.364597	0.015880	0.368121	0.929642	-0.982796	0.176852	-0.053242
246	4107593													9.589432	0.258394	-1.810734	-0.184059	-0.912845	0.364468	0.015804	0.368007	0.929689	-0.982788	0.176878	-0.053308
247	4107759													9.596027	0.268727	-1.803725	-0.184055	-0.912898	0.364335	0.015741	0.367883	0.929739	-0.982790	0.176858	-0.053341
248	4107926													9.616508	0.273144	-1.788197	-0.184012	-0.912955	0.364215	0.015722	0.367762	0.929787	-0.982798	0.176818	-0.053319
249	4108093													9.602276	0.266688	-1.803109	-0.183901	-0.913014	0.364123	0.015727	0.367661	0.929827	-0.982819	0.176722	-0.053254
250	4108259													9.592714	0.260902	-1.796658	-0.183792	-0.913080	0.364014	0.015715	0.367545	0.929873	-0.982839	0.176624	-0.053203
251	4108426													9.565907	0.242450	-1.780917	-0.183705	-0.913115	0.363970	0.015669	0.367504	0.929890	-0.982857	0.176528	-0.053205
252	4108593													9.580750	0.246916	-1.773296	-0.183669	-0.913145	0.363912	0.015593	0.367457	0.929910	-0.982864	0.176470	-0.053252
253	4108759													9.578829	0.221069	-1.784959	-0.183647	-0.913171	0.363858	0.015518	0.367414	0.929928	-0.982870	0.176425	-0.053304
254	4108926													9.590079	0.239890	-1.757140	-0.183649	-0.913218	0.363738	0.015416	0.367311	0.929971	-0.982871	0.176395	-0.053378
255	4109093													9.590979	0.240307	-1.765510	-0.183621	-0.913291	0.363570	0.015326	0.367153	0.930034	-0.982878	0.176346	-0.053420
256	4109259													9.592690	0.234094	-1.750125	-0.183560	-0.913369	0.363404	0.015260	0.366993	0.930098	-0.982890	0.176275	-0.053428
257	4109426													9.572648	0.241828	-1.774053	-0.183493	-0.913442	0.363256	0.015198	0.366850	0.930156	-0.982904	0.176198	-0.053432
258	4109593													9.592138	0.227523	-1.773369	-0.183429	-0.913509	0.363119	0.015111	0.366722	0.930208	-0.982917	0.176114	-0.053464
259	4109759													9.596620	0.226020	-1.767979	-0.183360	-0.913566	0.363011	0.015035	0.366623	0.930248	-0.982931	0.176028	-0.053489
260	4109926													9.576606	0.234609	-1.766309	-0.183284	-0.913624	0.362902	0.014968	0.366519	0.930290	-0.982946	0.175940	-0.053502
261	4110093													9.580237	0.230483	-1.752678	-0.183253	-0.913665	0.362814	0.014916	0.366437	0.930323	-0.982953	0.175897	-0.053523
262	4110260													9.553397	0.218695	-1.773414	-0.183289	-0.913687	0.362742	0.014846	0.366378	0.930347	-0.982947	0.175908	-0.053589
263	4110426													9.566092	0.223399	-1.755348	-0.183418	-0.913699	0.362646	0.014787	0.366299	0.930380	-0.982924	0.176011	-0.053675
264	4110593													9.582243	0.200414	-1.759104	-0.183591	-0.913706	0.362541	0.014689	0.366219	0.930413	-0.982893	0.176140	-0.053813
265	4110760													9.578022	0.174915	-1.794052	-0.183678	-0.913724	0.362451	0.014617	0.366145	0.930443	-0.982878	0.176200	-0.053896
266	4110926													9.511146	0.192927	-1.782874	-0.183842	-0.913726	0.362364	0.014658	0.366058	0.930477	-0.982847	0.176372	-0.053903
267	4111093													9.579814	0.194958	-1.805894	-0.184122	-0.913699	0.362289	0.014753	0.365980	0.930506	-0.982793	0.176672	-0.053905
268	4111260													9.619916	0.188260	-1.790302	-0.184364	-0.913716	0.362123	0.014867	0.365804	0.930573	-0.982746	0.176947	-0.053857
269	4111426													9.608052	0.241674	-1.828963	-0.184591	-0.913730	0.361973	0.015138	0.365615	0.930643	-0.982699	0.177269	-0.053657
270	4111593													9.620716	0.291512	-1.821859	-0.184772	-0.913703	0.361947	0.015492	0.365535	0.930669	-0.982659	0.177569	-0.053386
271	4111760													9.593623	0.291529	-1.803481	-0.184851	-0.913650	0.362042	0.015766	0.365586	0.930644	-0.982640	0.177739	-0.053174
272	4111926													9.590597	0.288747	-1.807587	-0.184883	-0.913556	0.362261	0.015922	0.365783	0.930564	-0.982631	0.177814	-0.053081
273	4112093													9.584640	0.273831	-1.789534	-0.184859	-0.913495	0.362428	0.015953	0.365946	0.930499	-0.982636	0.177793	-0.053076
274	4112260													9.566175	0.269305	-1.792772	-0.184780	-0.913425	0.362645	0.015908	0.366171	0.930412	-0.982651	0.177690	-0.053130
275	4112426													9.596169	0.243710	-1.800050	-0.184692	-0.913361	0.362852	0.015858	0.366386	0.930328	-0.982669	0.177578	-0.053184
276	4112593													9.551423	0.202530	-1.811959	-0.184526	-0.913350	0.362963	0.015804	0.366500	0.930284	-0.982701	0.177397	-0.053194
277	4112760													9.542086	0.157232	-1.781979	-0.184485	-0.913417	0.362815	0.015687	0.366368	0.930338	-0.982710	0.177324	-0.053261
278	4112926													9.591094	0.145061	-1.786939	-0.184491	-0.913557	0.362459	0.015535	0.366033	0.930472	-0.982711	0.177295	-0.053338
279	4113093													9.593355	0.196180	-1.791375	-0.184423	-0.913719	0.362085	0.015472	0.365660	0.930620	-0.982725	0.177230	-0.053299
280	4113260													9.548262	0.234881	-1.777176	-0.184428	-0.913859	0.361728	0.015474	0.365296	0.930763	-0.982724	0.177256	-0.053229
281	4113426													9.602539	0.222176	-1.805434	-0.184450	-0.913991	0.361386	0.015436	0.364955	0.930897	-0.982721	0.177282	-0.053207
282	4113593													9.537409	0.232735	-1.810650	-0.184486	-0.914083	0.361134	0.015447	0.364699	0.930997	-0.982714	0.177335	-0.053162
283	4113760													9.593674	0.279287	-1.819181	-0.184653	-0.914086	0.361039	0.015621	0.364580	0.931041	-0.982680	0.177559	-0.053042
284	4113926													9.612999	0.283161	-1.807551	-0.184684	-0.914026	0.361177	0.015855	0.364680	0.930998	-0.982670	0.177667	-0.052859
285	4114093													9.594682	0.259536	-1.815977	-0.184720	-0.913948	0.361356	0.016089	0.364821	0.930938	-0.982659	0.177777	-0.052685
286	4114260													9.598965	0.231252	-1.815681	-0.184715	-0.913856	0.361592	0.016272	0.365029	0.930854	-0.982657	0.177826	-0.052556
287	4114426													9.594916	0.240064	-1.825549	-0.184649	-0.913768	0.361848	0.016411	0.365260	0.930761	-0.982668	0.177802	-0.052449
288	4114593													9.578277	0.232979	-1.772504	-0.184518	-0.913735	0.361998	0.016514	0.365388	0.930709	-0.982690	0.177710	-0.052331
289	4114760													9.594735	0.226338	-1.785143	-0.184355	-0.913721	0.362114	0.016684	0.365467	0.930675	-0.982718	0.177616	-0.052131
