// Start Time: Unknown
// Update Rate: 20.0Hz
// Filter Profile: human (46.1)
// Option Flags: AHS Disabled ICC Disabled
// Firmware Version: 4.0.2
0	sampleTimeFine	Year	Month	Day	Second	UTC_Nano	UTC_Year	UTC_Month	UTC_Day	UTC_Hour	UTC_Minute	UTC_Second	UTC_Valid	Acc_X	Acc_Y	Acc_Z	Mat[1][1]	Mat[2][1]	Mat[3][1]	Mat[1][2]	Mat[2][2]	Mat[3][2]	Mat[1][3]	Mat[2][3]	Mat[3][3]
0	5841297549.000000													9.383329	-1.856863	-2.207773	-0.222566	-0.560665	-0.797571	-0.189854	-0.777503	0.599537	-0.956253	0.284858	0.066602
1	5841347560.000000													9.394264	-1.867024	-2.186891	-0.222272	-0.561144	-0.797316	-0.189622	-0.777277	0.599903	-0.956368	0.284530	0.066362
2	5841397572.000000													9.368662	-1.860084	-2.188144	-0.221962	-0.561213	-0.797354	-0.189485	-0.777335	0.599871	-0.956467	0.284235	0.066197
3	5841447583.000000													9.390441	-1.855465	-2.200392	-0.221598	-0.561096	-0.797537	-0.189400	-0.777530	0.599646	-0.956568	0.283934	0.066027
4	5841497595.000000													9.406174	-1.837677	-2.165752	-0.221331	-0.561308	-0.797462	-0.189387	-0.777434	0.599774	-0.956632	0.283777	0.065766
5	5841547606.000000													9.387530	-1.856625	-2.195086	-0.221099	-0.561399	-0.797462	-0.189504	-0.777382	0.599804	-0.956663	0.283739	0.065491
6	5841597618.000000													9.390129	-1.860123	-2.179626	-0.220860	-0.561173	-0.797688	-0.189757	-0.777531	0.599532	-0.956668	0.283780	0.065239
7	5841647629.000000													9.379886	-1.852060	-2.129280	-0.220725	-0.560961	-0.797875	-0.190096	-0.777620	0.599308	-0.956632	0.283955	0.065004
8	5841697641.000000													9.390946	-1.865128	-2.176285	-0.220693	-0.560854	-0.797958	-0.190457	-0.777600	0.599220	-0.956567	0.284220	0.064793
9	5841747652.000000													9.407574	-1.896925	-2.209844	-0.220487	-0.560783	-0.798065	-0.190759	-0.777610	0.599111	-0.956554	0.284335	0.064479
10	5841797663.000000													9.371623	-1.919903	-2.201227	-0.220087	-0.560878	-0.798109	-0.190719	-0.777639	0.599085	-0.956655	0.284065	0.064179
11	5841847675.000000													9.405553	-1.876842	-2.173886	-0.219565	-0.561096	-0.798100	-0.190587	-0.777631	0.599138	-0.956801	0.283657	0.063803
12	5841897686.000000													9.398933	-1.847719	-2.129840	-0.219084	-0.561146	-0.798197	-0.190485	-0.777731	0.599041	-0.956931	0.283285	0.063498
13	5841947698.000000													9.391622	-1.882125	-2.184832	-0.218725	-0.561337	-0.798161	-0.190428	-0.777684	0.599120	-0.957025	0.283035	0.063204
14	5841997709.000000													9.373762	-1.912879	-2.186945	-0.218189	-0.561532	-0.798170	-0.190236	-0.777713	0.599143	-0.957185	0.282567	0.062865
15	5842047721.000000													9.406060	-1.910432	-2.202499	-0.217424	-0.561875	-0.798137	-0.189765	-0.777763	0.599227	-0.957453	0.281745	0.062480
16	5842097732.000000													9.398335	-1.914356	-2.183188	-0.216372	-0.562315	-0.798113	-0.188985	-0.777894	0.599304	-0.957845	0.280504	0.062045
17	5842147744.000000													9.396572	-1.936718	-2.207125	-0.214933	-0.563158	-0.797908	-0.187701	-0.777951	0.599634	-0.958422	0.278649	0.061502
18	5842197755.000000													9.382758	-1.919981	-2.185405	-0.213032	-0.564114	-0.797742	-0.185898	-0.778167	0.599915	-0.959197	0.276099	0.060907
19	5842247767.000000													9.417306	-1.830028	-2.112880	-0.210918	-0.565063	-0.797632	-0.183765	-0.778519	0.600116	-0.960075	0.273152	0.060365
20	5842297778.000000													9.395634	-1.686706	-1.944034	-0.209098	-0.565893	-0.797523	-0.182099	-0.778754	0.600318	-0.960790	0.270754	0.059787
21	5842347790.000000													9.462468	-1.641923	-1.891550	-0.208149	-0.566164	-0.797579	-0.181288	-0.778978	0.600273	-0.961150	0.269537	0.059505
22	5842397801.000000													9.442202	-1.753683	-2.011376	-0.207767	-0.566202	-0.797652	-0.181071	-0.779091	0.600191	-0.961273	0.269132	0.059347
23	5842447813.000000													9.442215	-1.781160	-2.034813	-0.207581	-0.566431	-0.797537	-0.180833	-0.779025	0.600350	-0.961358	0.268842	0.059282
24	5842497824.000000													9.394159	-1.770966	-2.056248	-0.207219	-0.566917	-0.797286	-0.180402	-0.778855	0.600699	-0.961517	0.268308	0.059121
25	5842547836.000000													9.485897	-1.667546	-1.909843	-0.207298	-0.567271	-0.797014	-0.180463	-0.778555	0.601070	-0.961489	0.268432	0.059022
26	5842597847.000000													9.429316	-1.732861	-1.971380	-0.207982	-0.567082	-0.796970	-0.181133	-0.778366	0.601114	-0.961215	0.269379	0.059169
27	5842647859.000000													9.425275	-1.835561	-2.102152	-0.208784	-0.566914	-0.796880	-0.181688	-0.778166	0.601204	-0.960936	0.270306	0.059467
28	5842697870.000000													9.417293	-1.884510	-2.120232	-0.209165	-0.566504	-0.797071	-0.181937	-0.778325	0.600924	-0.960806	0.270710	0.059730
29	5842747882.000000													9.432185	-1.876112	-2.169924	-0.209237	-0.566445	-0.797095	-0.181291	-0.778536	0.600845	-0.960913	0.270225	0.060207
30	5842797893.000000													9.389713	-1.971592	-2.134299	-0.209177	-0.566531	-0.797049	-0.180228	-0.778782	0.600846	-0.961126	0.269334	0.060799
31	5842847905.000000													9.321189	-1.884620	-2.324397	-0.208271	-0.567604	-0.796523	-0.178198	-0.778730	0.601519	-0.961701	0.267218	0.061041
32	5842897916.000000													9.490530	-1.955383	-2.208628	-0.205485	-0.568986	-0.796261	-0.174810	-0.779199	0.601906	-0.962921	0.262877	0.060649
33	5842947928.000000													9.506829	-1.410729	-1.767443	-0.203090	-0.569703	-0.796363	-0.171846	-0.779950	0.601786	-0.963962	0.259069	0.060499
34	5842997939.000000													9.495865	-1.396155	-1.716345	-0.202493	-0.570012	-0.796293	-0.171010	-0.780061	0.601880	-0.964237	0.258051	0.060479
35	5843047951.000000													9.460850	-1.664718	-2.005244	-0.202606	-0.569752	-0.796451	-0.171106	-0.780210	0.601661	-0.964196	0.258177	0.060587
36	5843097962.000000													9.469174	-1.712313	-2.019271	-0.202659	-0.569997	-0.796262	-0.171099	-0.780015	0.601914	-0.964186	0.258223	0.060551
37	5843147974.000000													9.449780	-1.710171	-2.081524	-0.202499	-0.569863	-0.796399	-0.170959	-0.780187	0.601732	-0.964244	0.258002	0.060563
38	5843197985.000000													9.446202	-1.731174	-2.033231	-0.201979	-0.569991	-0.796438	-0.170361	-0.780354	0.601684	-0.964459	0.257210	0.060511
39	5843247997.000000													9.483246	-1.670928	-2.034922	-0.201200	-0.570579	-0.796215	-0.169600	-0.780269	0.602010	-0.964756	0.256162	0.060220
40	5843298008.000000													9.473201	-1.630500	-1.964358	-0.200286	-0.571182	-0.796013	-0.168843	-0.780197	0.602316	-0.965079	0.255036	0.059822
41	5843348020.000000													9.481265	-1.560859	-1.918933	-0.199645	-0.571143	-0.796202	-0.168628	-0.780411	0.602099	-0.965249	0.254468	0.059495
42	5843398031.000000													9.489454	-1.662156	-1.961793	-0.199212	-0.571078	-0.796357	-0.168748	-0.780515	0.601931	-0.965318	0.254295	0.059119
43	5843448043.000000													9.496736	-1.602167	-1.921248	-0.198847	-0.570704	-0.796716	-0.169019	-0.780799	0.601486	-0.965346	0.254264	0.058800
44	5843498054.000000													9.474650	-1.657973	-1.939048	-0.198752	-0.570491	-0.796893	-0.169547	-0.780840	0.601285	-0.965273	0.254617	0.058468
45	5843548066.000000													9.468433	-1.686663	-1.986364	-0.198604	-0.570206	-0.797133	-0.169899	-0.780991	0.600989	-0.965241	0.254791	0.058230
46	5843598077.000000													9.469533	-1.621661	-1.914309	-0.198532	-0.570527	-0.796921	-0.170357	-0.780642	0.601313	-0.965175	0.255141	0.057789
47	5843648088.000000													9.488735	-1.666019	-1.956489	-0.198643	-0.570476	-0.796930	-0.171114	-0.780458	0.601336	-0.965019	0.255817	0.057416
48	5843698100.000000													9.469709	-1.744373	-2.023561	-0.198575	-0.570116	-0.797205	-0.171689	-0.780590	0.601001	-0.964930	0.256215	0.057123
49	5843748111.000000													9.472789	-1.691574	-1.998766	-0.198267	-0.570112	-0.797284	-0.171993	-0.780574	0.600935	-0.964940	0.256273	0.056707
50	5843798123.000000													9.486700	-1.740868	-2.020177	-0.197664	-0.570363	-0.797255	-0.172079	-0.780483	0.601028	-0.965048	0.255993	0.056126
51	5843848134.000000													9.468005	-1.763705	-2.040435	-0.196570	-0.570805	-0.797208	-0.171687	-0.780472	0.601155	-0.965341	0.255039	0.055418
52	5843898146.000000													9.488156	-1.719734	-1.968331	-0.195037	-0.570989	-0.797453	-0.170953	-0.780831	0.600898	-0.965782	0.253524	0.054679
53	5843948157.000000													9.488321	-1.611795	-1.852608	-0.193565	-0.571257	-0.797620	-0.170256	-0.781102	0.600744	-0.966201	0.252083	0.053934
54	5843998169.000000													9.475234	-1.572373	-1.760897	-0.192599	-0.571635	-0.797583	-0.170146	-0.781035	0.600861	-0.966414	0.251430	0.053165
55	5844048180.000000													9.479230	-1.598155	-1.787500	-0.192443	-0.571684	-0.797586	-0.170834	-0.780850	0.600907	-0.966324	0.251895	0.052606
56	5844098192.000000													9.477711	-1.747142	-1.955133	-0.192436	-0.571390	-0.797798	-0.171409	-0.780923	0.600649	-0.966223	0.252336	0.052336
57	5844148203.000000													9.473734	-1.699483	-1.866688	-0.192324	-0.571048	-0.798070	-0.172015	-0.781043	0.600318	-0.966138	0.252736	0.051985
58	5844198215.000000													9.481187	-1.704853	-1.923770	-0.192292	-0.570714	-0.798317	-0.172396	-0.781202	0.600003	-0.966076	0.253002	0.051830
59	5844248226.000000													9.474235	-1.684769	-1.863064	-0.192330	-0.570405	-0.798528	-0.172864	-0.781303	0.599736	-0.965985	0.253384	0.051665
60	5844298238.000000													9.491625	-1.744940	-1.940595	-0.192496	-0.569885	-0.798859	-0.173324	-0.781540	0.599294	-0.965870	0.253823	0.051669
61	5844348249.000000													9.479711	-1.726228	-1.935823	-0.192410	-0.569791	-0.798948	-0.173466	-0.781590	0.599188	-0.965861	0.253880	0.051546
62	5844398261.000000													9.482123	-1.664363	-1.843171	-0.192386	-0.569804	-0.798943	-0.173730	-0.781515	0.599209	-0.965819	0.254080	0.051361
63	5844448272.000000													9.465168	-1.694268	-1.875569	-0.192559	-0.569848	-0.798870	-0.174199	-0.781325	0.599321	-0.965700	0.254568	0.051184
64	5844498284.000000													9.487698	-1.788099	-1.960214	-0.192727	-0.569633	-0.798983	-0.174463	-0.781384	0.599168	-0.965619	0.254868	0.051214
65	5844548295.000000													9.479527	-1.764443	-1.942890	-0.192449	-0.569679	-0.799018	-0.174265	-0.781456	0.599131	-0.965710	0.254543	0.051116
66	5844598307.000000													9.474870	-1.673572	-1.860003	-0.192154	-0.569819	-0.798989	-0.173975	-0.781486	0.599176	-0.965821	0.254138	0.051031
67	5844648318.000000													9.502631	-1.693714	-1.884886	-0.192055	-0.569886	-0.798965	-0.173898	-0.781475	0.599213	-0.965854	0.254021	0.050984
68	5844698330.000000													9.484817	-1.728787	-1.907419	-0.192009	-0.569764	-0.799063	-0.173910	-0.781572	0.599083	-0.965861	0.253995	0.050981
69	5844748341.000000													9.486819	-1.727946	-1.921801	-0.191908	-0.569757	-0.799092	-0.173883	-0.781605	0.599048	-0.965886	0.253911	0.050925
70	5844798353.000000													9.470453	-1.704415	-1.898864	-0.191775	-0.569621	-0.799221	-0.173834	-0.781746	0.598878	-0.965921	0.253782	0.050900
71	5844848364.000000													9.490775	-1.705121	-1.882156	-0.191793	-0.569805	-0.799086	-0.173783	-0.781618	0.599060	-0.965927	0.253763	0.050886
72	5844898376.000000													9.478640	-1.700473	-1.874669	-0.191923	-0.569800	-0.799058	-0.173906	-0.781564	0.599095	-0.965879	0.253941	0.050908
73	5844948387.000000													9.480433	-1.696643	-1.887625	-0.192214	-0.569721	-0.799044	-0.174086	-0.781518	0.599102	-0.965789	0.254258	0.051038
74	5844998399.000000													9.476690	-1.740082	-1.933143	-0.192495	-0.569512	-0.799126	-0.174163	-0.781600	0.598974	-0.965719	0.254477	0.051266
75	5845048410.000000													9.484666	-1.708602	-1.892621	-0.192708	-0.569353	-0.799187	-0.174253	-0.781652	0.598879	-0.965660	0.254670	0.051419
76	5845098422.000000													9.460448	-1.723127	-1.914638	-0.192989	-0.569513	-0.799006	-0.174379	-0.781444	0.599114	-0.965581	0.254952	0.051499
77	5845148433.000000													9.477217	-1.724971	-1.931912	-0.193265	-0.569576	-0.798894	-0.174365	-0.781346	0.599246	-0.965529	0.255112	0.051693
78	5845198445.000000													9.481626	-1.715295	-1.921074	-0.193509	-0.569499	-0.798890	-0.174413	-0.781342	0.599237	-0.965471	0.255294	0.051869
79	5845248456.000000													9.469372	-1.732809	-1.925566	-0.193723	-0.569456	-0.798868	-0.174384	-0.781339	0.599249	-0.965433	0.255398	0.052059
80	5845298468.000000													9.462920	-1.708933	-1.913044	-0.193865	-0.569357	-0.798905	-0.174312	-0.781405	0.599184	-0.965418	0.255420	0.052241
81	5845348479.000000													9.490827	-1.676739	-1.898255	-0.194169	-0.569088	-0.799023	-0.174507	-0.781494	0.599011	-0.965322	0.255744	0.052432
82	5845398490.000000													9.465650	-1.722726	-1.917935	-0.194614	-0.568917	-0.799036	-0.174751	-0.781469	0.598972	-0.965188	0.256201	0.052665
83	5845448502.000000													9.462634	-1.758465	-1.958650	-0.194927	-0.568797	-0.799045	-0.174918	-0.781453	0.598945	-0.965094	0.256518	0.052834
84	5845498513.000000													9.470560	-1.718599	-1.944938	-0.195076	-0.568277	-0.799379	-0.175049	-0.781778	0.598482	-0.965041	0.256680	0.053030
85	5845548525.000000													9.467263	-1.735260	-1.942192	-0.195234	-0.568084	-0.799477	-0.175166	-0.781860	0.598341	-0.964987	0.256858	0.053136
86	5845598536.000000													9.468703	-1.732748	-1.974345	-0.195264	-0.567645	-0.799782	-0.175130	-0.782192	0.597918	-0.964988	0.256818	0.053323
87	5845648548.000000													9.439216	-1.767024	-1.985663	-0.195041	-0.567057	-0.800253	-0.175017	-0.782705	0.597278	-0.965054	0.256551	0.053415
88	5845698559.000000													9.492052	-1.703008	-1.954979	-0.194689	-0.567487	-0.800035	-0.174629	-0.782557	0.597586	-0.965195	0.256053	0.053255
89	5845748571.000000													9.503547	-1.652761	-1.930243	-0.194614	-0.569883	-0.798348	-0.174324	-0.780858	0.599893	-0.965265	0.255919	0.052622
90	5845798582.000000													9.497514	-1.565215	-1.864848	-0.195232	-0.573926	-0.795295	-0.174295	-0.777688	0.604006	-0.965145	0.256537	0.051798
91	5845848594.000000													9.429051	-1.752129	-1.935243	-0.196048	-0.577596	-0.792432	-0.174206	-0.774745	0.607802	-0.964996	0.257204	0.051266
92	5845898605.000000													9.546194	-1.921316	-1.697473	-0.197309	-0.578701	-0.791312	-0.173832	-0.773736	0.609192	-0.964806	0.257755	0.052068
93	5845948617.000000													9.460257	-1.853011	-1.937478	-0.199445	-0.580898	-0.789163	-0.172258	-0.772018	0.611813	-0.964650	0.257963	0.053911
94	5845998628.000000													9.414951	-1.839603	-1.833913	-0.201560	-0.581341	-0.788299	-0.170020	-0.771834	0.612671	-0.964607	0.257516	0.056731
95	5846048640.000000													9.461975	-1.788680	-1.947923	-0.203962	-0.580566	-0.788253	-0.167208	-0.772689	0.612367	-0.964594	0.256702	0.060523
96	5846098651.000000													9.461483	-1.652582	-2.092422	-0.206393	-0.579816	-0.788172	-0.163776	-0.773681	0.612042	-0.964666	0.255405	0.064722
97	5846148663.000000													9.446975	-1.576041	-1.973662	-0.208968	-0.581234	-0.786447	-0.159760	-0.773108	0.613825	-0.964784	0.253913	0.068697
98	5846198674.000000													9.458390	-1.457011	-1.870961	-0.212489	-0.581757	-0.785116	-0.156383	-0.772863	0.615002	-0.964569	0.253460	0.073248
99	5846248686.000000													9.488639	-1.394488	-1.926130	-0.217152	-0.580717	-0.784610	-0.153854	-0.773382	0.614988	-0.963937	0.254261	0.078596
100	5846298697.000000													9.505506	-1.060626	-1.726803	-0.223372	-0.578911	-0.784198	-0.153469	-0.773604	0.614804	-0.962576	0.257680	0.083957
101	5846348709.000000													9.317909	0.012455	-0.682505	-0.234949	-0.570694	-0.786833	-0.161296	-0.775379	0.610550	-0.958531	0.270361	0.090123
102	5846398720.000000													10.138121	1.006212	0.179674	-0.259641	-0.558417	-0.787881	-0.185022	-0.771982	0.608121	-0.947815	0.303668	0.097118
103	5846448732.000000													10.820304	-0.029352	-1.018058	-0.296758	-0.546392	-0.783193	-0.221346	-0.758446	0.612997	-0.928946	0.355268	0.104134
104	5846498743.000000													11.925817	-2.418828	-1.792591	-0.343995	-0.525052	-0.778452	-0.257275	-0.744616	0.615919	-0.903038	0.412149	0.121062
105	5846548755.000000													9.649770	-4.413516	-4.088586	-0.380434	-0.488910	-0.785008	-0.291034	-0.742414	0.603424	-0.877821	0.458027	0.140151
106	5846598766.000000													7.888057	-3.574365	-4.569764	-0.381646	-0.448665	-0.808113	-0.314517	-0.759081	0.569978	-0.869152	0.471695	0.148588
107	5846648778.000000													7.417832	-2.720320	-3.537277	-0.336477	-0.442340	-0.831335	-0.298794	-0.787044	0.539708	-0.893032	0.429997	0.132653
108	5846698789.000000													8.558917	-0.728805	-2.696943	-0.269024	-0.496179	-0.825489	-0.241842	-0.794826	0.556564	-0.932276	0.349367	0.093830
109	5846748801.000000													9.178809	-2.819987	-2.541656	-0.186830	-0.555890	-0.809988	-0.173111	-0.792975	0.584143	-0.967020	0.249354	0.051921
110	5846798812.000000													9.226402	-1.618020	-1.445208	-0.105455	-0.572567	-0.813047	-0.107956	-0.806182	0.581735	-0.988547	0.149120	0.023204
111	5846848824.000000													8.955768	-1.458854	-1.503332	-0.043595	-0.599305	-0.799333	-0.049508	-0.797815	0.600867	-0.997822	0.065768	0.005110
112	5846898835.000000													8.123466	-1.688411	-1.817371	-0.018907	-0.586322	-0.809857	-0.020194	-0.809613	0.586617	-0.999617	0.027445	0.003467
113	5846948847.000000													8.922841	-0.381463	-1.496792	-0.041149	-0.568877	-0.821392	-0.044137	-0.820251	0.570298	-0.998178	0.059721	0.008644
114	5846998858.000000													11.971223	-0.094051	-0.327025	-0.060108	-0.547122	-0.834892	-0.064520	-0.832526	0.550216	-0.996105	0.086940	0.014741
115	5847048870.000000													9.703927	-0.847358	-2.432953	-0.081656	-0.524729	-0.847344	-0.093631	-0.842384	0.530680	-0.992253	0.122671	0.019654
116	5847098881.000000													9.233993	-2.995837	-2.625027	-0.093007	-0.514309	-0.852547	-0.114713	-0.845021	0.522284	-0.989035	0.146374	0.019594
117	5847148893.000000													10.131665	-0.947125	-1.563336	-0.100503	-0.504442	-0.857576	-0.133261	-0.847349	0.514044	-0.985972	0.165944	0.017938
118	5847198904.000000													9.831614	-1.193217	-0.620819	-0.108731	-0.502799	-0.857538	-0.150452	-0.844391	0.514167	-0.982620	0.184924	0.016164
119	5847248915.000000													9.869972	-0.862550	0.885628	-0.124182	-0.515685	-0.847731	-0.170861	-0.830469	0.530214	-0.977438	0.210688	0.015019
120	5847298927.000000													9.571783	-2.001541	-0.838310	-0.146475	-0.527340	-0.836933	-0.192188	-0.814767	0.547009	-0.970365	0.240972	0.017995
121	5847348938.000000													9.274764	-2.362196	-1.405140	-0.170174	-0.536083	-0.826835	-0.211382	-0.799683	0.561984	-0.962475	0.270413	0.022767
122	5847398950.000000													9.063145	-2.377605	-1.649374	-0.193907	-0.537579	-0.820615	-0.229728	-0.788350	0.570727	-0.953743	0.299186	0.029369
123	5847448961.000000													9.161753	-2.265954	-1.952424	-0.217505	-0.537143	-0.814965	-0.247783	-0.777216	0.578393	-0.944084	0.327738	0.035954
124	5847498973.000000													9.557088	-2.133430	-1.582021	-0.242805	-0.535706	-0.808743	-0.265867	-0.765020	0.586565	-0.932931	0.357439	0.043324
125	5847548984.000000													9.931460	-2.062797	-1.269117	-0.273840	-0.531517	-0.801562	-0.285699	-0.750844	0.595491	-0.918361	0.392075	0.053757
126	5847598996.000000													10.228340	-1.108096	-1.477296	-0.313481	-0.522181	-0.793131	-0.309854	-0.733266	0.605236	-0.897619	0.435485	0.068065
127	5847649007.000000													9.942754	-0.878389	-1.232385	-0.363615	-0.498081	-0.787210	-0.343277	-0.713943	0.610284	-0.865994	0.492139	0.088620
128	5847699019.000000													10.965419	-0.777644	-0.307095	-0.428864	-0.466399	-0.773659	-0.384173	-0.680952	0.623470	-0.817611	0.564603	0.112858
129	5847749030.000000													14.119821	0.907228	0.415287	-0.502985	-0.422522	-0.753977	-0.433655	-0.631233	0.643031	-0.747630	0.650401	0.134272
130	5847799042.000000													12.799229	-0.812124	0.717149	-0.596024	-0.385980	-0.704112	-0.467042	-0.546654	0.695012	-0.653166	0.743094	0.145550
131	5847849053.000000													9.315497	-9.419446	-7.077767	-0.661941	-0.353896	-0.660751	-0.468265	-0.493090	0.733205	-0.585288	0.794745	0.160680
132	5847899065.000000													4.737576	-7.377185	-7.825025	-0.636471	-0.291815	-0.713967	-0.522691	-0.517512	0.677477	-0.567185	0.804379	0.176853
133	5847949076.000000													4.626978	-4.320942	-5.567523	-0.572039	-0.288788	-0.767707	-0.533706	-0.579678	0.615736	-0.622840	0.761955	0.177470
134	5847999088.000000													3.923808	-4.610434	-5.999987	-0.489498	-0.376612	-0.786483	-0.473544	-0.642539	0.602412	-0.732221	0.667314	0.136179
135	5848049099.000000													4.203187	-6.152978	-6.913832	-0.353559	-0.451348	-0.819317	-0.384942	-0.728081	0.567202	-0.852535	0.515929	0.083677
136	5848099111.000000													5.602833	-3.975698	-4.442214	-0.181712	-0.511602	-0.839788	-0.252385	-0.801135	0.542665	-0.950412	0.310558	0.016456
137	5848149122.000000													9.364640	-2.068031	-2.827112	-0.015632	-0.608581	-0.793338	-0.099772	-0.788525	0.606855	-0.994887	0.088640	-0.048393
138	5848199134.000000													9.397743	-4.025102	-3.755064	0.127280	-0.658070	-0.742121	0.019688	-0.746383	0.665226	-0.991671	-0.099281	-0.082044
139	5848249145.000000													8.168964	2.633428	1.894511	0.150784	-0.631739	-0.760375	0.062400	-0.761553	0.645091	-0.986595	-0.144717	-0.075410
140	5848299157.000000													8.416177	-5.545645	-4.175348	0.092846	-0.586210	-0.804821	0.028883	-0.806387	0.590682	-0.995261	-0.078088	-0.057939
141	5848349168.000000													14.888697	2.712384	-1.343602	0.065087	-0.569182	-0.819631	0.000566	-0.821352	0.570422	-0.997879	-0.037591	-0.053137
142	5848399180.000000													10.248761	-1.798167	-1.379040	0.021522	-0.556238	-0.830744	-0.044954	-0.830634	0.555000	-0.998757	0.025401	-0.042882
143	5848449191.000000													8.649754	-3.035805	-1.193453	-0.012635	-0.560601	-0.827990	-0.085540	-0.824414	0.559485	-0.996255	0.077896	-0.037537
144	5848499203.000000													9.981948	-0.420629	0.089158	-0.045934	-0.540280	-0.840231	-0.119943	-0.832050	0.541577	-0.991718	0.125657	-0.026584
145	5848549214.000000													9.548283	-1.973176	-0.206986	-0.079928	-0.538448	-0.838860	-0.154844	-0.824629	0.544068	-0.984700	0.173379	-0.017465
146	5848599226.000000													9.657913	-1.749597	-1.375196	-0.114656	-0.538269	-0.834938	-0.187710	-0.813601	0.550290	-0.975510	0.219820	-0.007755
147	5848649237.000000													9.283844	-2.566426	-1.500915	-0.147277	-0.543207	-0.826581	-0.216423	-0.797745	0.562818	-0.965127	0.261782	-0.000073
148	5848699249.000000													9.205237	-2.547237	-1.401848	-0.179430	-0.545928	-0.818393	-0.242762	-0.781597	0.574607	-0.953347	0.301777	0.007712
149	5848749260.000000													9.123636	-1.576148	-0.942962	-0.213815	-0.542999	-0.812056	-0.269981	-0.766056	0.583326	-0.938825	0.343964	0.017195
150	5848799272.000000													9.424570	-1.415193	-0.753606	-0.255911	-0.529639	-0.808698	-0.302851	-0.750517	0.587371	-0.918036	0.395230	0.031664
151	5848849283.000000													9.740467	-1.602633	-1.266898	-0.307826	-0.509683	-0.803409	-0.339945	-0.729755	0.593207	-0.888640	0.455720	0.051373
152	5848899295.000000													10.536362	-0.368824	-0.542929	-0.372446	-0.480258	-0.794126	-0.384564	-0.698902	0.603031	-0.844627	0.529989	0.075613
153	5848949306.000000													12.556030	0.175323	-0.804027	-0.457617	-0.453268	-0.764941	-0.429751	-0.640394	0.636561	-0.778396	0.620035	0.098262
154	5848999318.000000													15.968635	0.564863	1.119676	-0.544310	-0.399136	-0.737846	-0.481802	-0.571281	0.664458	-0.686727	0.717167	0.118650
155	5849049329.000000													12.329157	-6.608984	-1.902271	-0.642433	-0.339770	-0.686903	-0.495117	-0.500126	0.710446	-0.584927	0.796511	0.153072
156	5849099340.000000													6.124604	-9.753466	-8.659172	-0.666027	-0.294936	-0.685143	-0.504942	-0.497801	0.705144	-0.549037	0.815602	0.182623
157	5849149352.000000													3.807386	-5.812422	-7.075393	-0.631112	-0.257515	-0.731699	-0.533324	-0.540906	0.650374	-0.563262	0.800691	0.204033
158	5849199363.000000													2.603981	-5.655459	-6.013180	-0.564419	-0.300327	-0.768918	-0.499015	-0.617875	0.607630	-0.657583	0.726660	0.198873
159	5849249375.000000													2.029750	-5.768172	-7.671490	-0.442858	-0.369135	-0.817078	-0.426951	-0.714533	0.554216	-0.788410	0.594291	0.158834
160	5849299386.000000													2.740522	-5.392318	-6.263097	-0.264286	-0.419648	-0.868360	-0.307802	-0.816587	0.488307	-0.914008	0.396336	0.086644
161	5849349398.000000													7.209746	-3.286328	-3.535476	-0.087888	-0.459168	-0.883991	-0.151924	-0.870865	0.467454	-0.984477	0.175383	0.006780
162	5849399409.000000													11.368363	-2.279625	-1.985139	0.064180	-0.604184	-0.794256	-0.025531	-0.796631	0.603927	-0.997612	-0.018481	-0.066553
163	5849449421.000000													8.161155	-1.045650	-0.847065	0.151109	-0.679956	-0.717514	0.016317	-0.724034	0.689571	-0.988382	-0.115908	-0.098313
164	5849499432.000000													8.138862	-2.027377	-2.835463	0.126474	-0.710187	-0.692560	-0.020613	-0.699897	0.713946	-0.991756	-0.076019	-0.103158
165	5849549444.000000													13.767889	-2.393320	-1.714867	0.093327	-0.677725	-0.729369	-0.035400	-0.734361	0.677835	-0.995006	-0.037441	-0.092527
166	5849599455.000000													10.534017	1.563338	-2.040838	0.057435	-0.650941	-0.756953	-0.060993	-0.759076	0.648139	-0.996484	0.008943	-0.083300
167	5849649467.000000													9.627524	-2.173010	0.677888	0.023449	-0.643464	-0.765117	-0.095114	-0.763292	0.639014	-0.995190	0.057789	-0.079101
168	5849699478.000000													9.515709	-1.549769	-0.589146	-0.007315	-0.633364	-0.773819	-0.126461	-0.767041	0.629011	-0.991945	0.102459	-0.074485
169	5849749490.000000													9.685771	-2.265879	-0.748816	-0.033738	-0.629228	-0.776488	-0.153072	-0.764511	0.626173	-0.987639	0.139984	-0.070524
170	5849799501.000000													9.604070	-2.073895	-0.568279	-0.058271	-0.625441	-0.778092	-0.175833	-0.760802	0.624711	-0.982694	0.173216	-0.065641
171	5849849513.000000													9.276076	-2.385803	-1.165427	-0.080719	-0.626431	-0.775286	-0.196121	-0.752637	0.628549	-0.977252	0.202786	-0.062104
172	5849899524.000000													9.426491	-2.520678	-1.049304	-0.100658	-0.621205	-0.777157	-0.211372	-0.749940	0.626827	-0.972209	0.227364	-0.055818
173	5849949536.000000													9.595842	-1.820948	-1.093831	-0.120442	-0.620516	-0.774889	-0.225657	-0.743025	0.630074	-0.966733	0.250747	-0.050532
174	5849999547.000000													9.409260	-2.121281	-1.259809	-0.140136	-0.618147	-0.773470	-0.240768	-0.736457	0.632189	-0.960413	0.274819	-0.045626
175	5850049559.000000													9.464844	-1.758011	-1.339706	-0.160991	-0.623588	-0.764997	-0.257452	-0.721738	0.642505	-0.952785	0.300388	-0.044350
176	5850099570.000000													9.127374	-3.044232	-1.493291	-0.185203	-0.637284	-0.748044	-0.272240	-0.698146	0.662176	-0.944238	0.326285	-0.044195
177	5850149582.000000													9.533501	-3.203081	-1.380420	-0.214480	-0.655162	-0.724404	-0.281997	-0.668543	0.688134	-0.935134	0.351870	-0.041365
178	5850199593.000000													9.832438	-2.841746	-0.914392	-0.250284	-0.679585	-0.689581	-0.285687	-0.628696	0.723273	-0.925063	0.378028	-0.036796
179	5850249605.000000													10.283621	-0.909552	1.157870	-0.293616	-0.684644	-0.667122	-0.300735	-0.596288	0.744311	-0.907385	0.419169	-0.030817
180	5850299616.000000													10.637099	0.299062	-1.899396	-0.347387	-0.703578	-0.619919	-0.332391	-0.525775	0.782993	-0.876834	0.478057	-0.051215
181	5850349628.000000													8.229397	-3.572934	-4.952104	-0.390706	-0.767330	-0.508482	-0.364749	-0.378121	0.850872	-0.845167	0.517909	-0.132149
182	5850399639.000000													6.175921	-4.661582	-5.782215	-0.440271	-0.851750	-0.284049	-0.362294	-0.120935	0.924185	-0.821526	0.509801	-0.255340
183	5850449651.000000													5.382318	-6.136074	-7.517985	-0.464200	-0.885227	-0.029860	-0.348003	0.151279	0.925207	-0.814501	0.439873	-0.378286
184	5850499662.000000													6.378729	-6.104457	-6.784204	-0.452980	-0.874697	0.172377	-0.363462	0.357743	0.860183	-0.814067	0.326993	-0.479969
185	5850549674.000000													7.252947	-2.549787	-4.699784	-0.448605	-0.804456	0.389365	-0.381520	0.566346	0.730544	-0.808205	0.179175	-0.560981
186	5850599685.000000													6.906935	-3.165293	-5.102684	-0.466818	-0.638873	0.611492	-0.384077	0.769304	0.510545	-0.796597	0.003472	-0.604501
187	5850649697.000000													6.683051	-3.173487	-6.229862	-0.499998	-0.380592	0.777915	-0.364308	0.907348	0.209760	-0.785672	-0.178521	-0.592325
188	5850699708.000000													6.753036	-5.848480	-5.685468	-0.512064	-0.137341	0.847896	-0.353728	0.933261	-0.062457	-0.782730	-0.331907	-0.526471
189	5850749720.000000													6.889838	-5.539778	-4.228328	-0.493182	0.051215	0.868418	-0.349223	0.902641	-0.251561	-0.796753	-0.427337	-0.427280
190	5850799731.000000													8.442360	-4.925525	-1.165632	-0.447028	0.240616	0.861551	-0.307923	0.862888	-0.400759	-0.839851	-0.444442	-0.311644
191	5850849742.000000													9.088656	-7.213365	-5.378850	-0.388682	0.288698	0.874974	-0.275930	0.869585	-0.409494	-0.879084	-0.400595	-0.258332
192	5850899754.000000													11.782773	1.089200	-3.246487	-0.331294	0.249624	0.909908	-0.250309	0.906561	-0.339843	-0.909719	-0.340346	-0.237855
193	5850949765.000000													10.041670	2.040519	-0.397108	-0.291895	0.265615	0.918829	-0.227371	0.913856	-0.336408	-0.929032	-0.307111	-0.206356
194	5850999777.000000													8.860136	-3.032496	-1.846069	-0.254221	0.259332	0.931729	-0.222549	0.921841	-0.317302	-0.941193	-0.288020	-0.176638
195	5851049788.000000													9.755970	-0.776330	-0.331068	-0.230131	0.260327	0.937694	-0.222239	0.924035	-0.311077	-0.947444	-0.279981	-0.154794
196	5851099800.000000													9.562498	-1.697210	-0.745532	-0.216822	0.268128	0.938667	-0.222954	0.922527	-0.315018	-0.950410	-0.277582	-0.140244
197	5851149811.000000													9.561219	-1.806511	-2.050202	-0.209394	0.289943	0.933856	-0.220666	0.916381	-0.333996	-0.952607	-0.276007	-0.127904
198	5851199823.000000													9.258159	-2.370811	-1.889347	-0.202783	0.313834	0.927571	-0.215680	0.909674	-0.354930	-0.955176	-0.272032	-0.116779
199	5851249834.000000													9.569018	-1.234363	-1.209221	-0.198279	0.337843	0.920080	-0.211168	0.901948	-0.376693	-0.957128	-0.268982	-0.107496
200	5851299846.000000													9.514361	-1.430523	-1.188984	-0.197076	0.368175	0.908630	-0.207209	0.890227	-0.405660	-0.958241	-0.268222	-0.099153
201	5851349857.000000													9.389689	-2.464913	-1.265906	-0.197873	0.393417	0.897814	-0.203677	0.879431	-0.430251	-0.958833	-0.268000	-0.093886
202	5851399869.000000													9.540969	-1.397288	-1.278822	-0.201640	0.410926	0.889090	-0.201253	0.870984	-0.448200	-0.958561	-0.269308	-0.092925
203	5851449880.000000													9.579701	-2.398371	-1.444176	-0.208119	0.427295	0.879832	-0.198586	0.862334	-0.465771	-0.957732	-0.271658	-0.094614
204	5851499892.000000													9.453949	-2.484044	-1.630930	-0.214257	0.431187	0.876454	-0.194763	0.860415	-0.470907	-0.957163	-0.271596	-0.100371
205	5851549903.000000													9.756980	-1.324570	-1.240060	-0.222246	0.438413	0.870862	-0.189786	0.856663	-0.479698	-0.956341	-0.271889	-0.107185
206	5851599915.000000													9.581440	-0.579015	-0.441382	-0.233121	0.438836	0.867801	-0.188464	0.855080	-0.483031	-0.954011	-0.276154	-0.116632
207	5851649926.000000													9.778073	2.497766	0.439823	-0.258759	0.422339	0.868719	-0.207262	0.854127	-0.476980	-0.943444	-0.303476	-0.133478
208	5851699938.000000													11.063004	0.459504	0.242814	-0.295180	0.398764	0.868249	-0.248331	0.845489	-0.472737	-0.922605	-0.355156	-0.150546
209	5851749949.000000													12.243100	-0.409435	-1.930481	-0.331911	0.382544	0.862262	-0.301229	0.823239	-0.481184	-0.893922	-0.419449	-0.158008
210	5851799961.000000													10.489220	-4.929075	-2.853045	-0.355422	0.390628	0.849167	-0.331593	0.796703	-0.505283	-0.873912	-0.461166	-0.153636
211	5851849972.000000													8.670311	-2.280817	-3.439577	-0.334267	0.368848	0.867304	-0.331965	0.815187	-0.474626	-0.882080	-0.446567	-0.150045
212	5851899984.000000													8.611904	-0.662604	-3.184986	-0.285175	0.410187	0.866269	-0.282317	0.827756	-0.484889	-0.915954	-0.382841	-0.120253
213	5851949995.000000													9.158334	-2.237895	-2.977970	-0.208752	0.463145	0.861347	-0.212002	0.838377	-0.502174	-0.954713	-0.287437	-0.076825
214	5852000007.000000													9.190207	-1.699880	-2.106417	-0.119125	0.502935	0.856076	-0.135321	0.845946	-0.515814	-0.983614	-0.177292	-0.032715
215	5852050018.000000													8.584833	-1.072842	-1.193438	-0.034387	0.554446	0.831509	-0.059436	0.829394	-0.555493	-0.997640	-0.068523	0.004434
216	5852100030.000000													8.388168	-2.028857	-1.324886	0.031412	0.593880	0.803940	-0.013092	0.804513	-0.593791	-0.999421	0.008127	0.033046
217	5852150041.000000													8.152916	-0.437944	-1.070299	0.059166	0.623033	0.779955	-0.003849	0.781460	-0.623943	-0.998241	0.033914	0.048634
218	5852200053.000000													8.018866	-3.536182	-1.001877	0.028756	0.619901	0.784153	-0.039222	0.784573	-0.618795	-0.998817	-0.012962	0.046875
219	5852250064.000000													13.491490	0.396705	0.919945	0.003226	0.574507	0.818494	-0.057619	0.817245	-0.573403	-0.998333	-0.045311	0.035739
220	5852300076.000000													9.936475	-0.361335	-4.156323	-0.035093	0.539118	0.841499	-0.086955	0.837177	-0.539976	-0.995594	-0.092122	0.017500
221	5852350087.000000													9.380276	-2.335195	-1.957784	-0.055931	0.547478	0.834949	-0.113321	0.827373	-0.550101	-0.991983	-0.125385	0.015765
222	5852400099.000000													9.938039	-1.728237	-1.150931	-0.070215	0.538948	0.839407	-0.131736	0.829104	-0.543353	-0.988795	-0.148732	0.012783
223	5852450110.000000													9.949220	-0.367431	0.987001	-0.087279	0.527135	0.845288	-0.150194	0.831863	-0.534271	-0.984797	-0.173588	0.006569
224	5852500122.000000													9.828640	-0.224319	0.874244	-0.112431	0.527088	0.842341	-0.176602	0.823620	-0.538945	-0.977840	-0.209353	0.000485
225	5852550133.000000													9.417855	-2.111274	-1.497289	-0.141663	0.527191	0.837855	-0.204157	0.812636	-0.545842	-0.968634	-0.248380	-0.007491
226	5852600145.000000													9.407357	-2.293902	-1.488134	-0.169892	0.527605	0.832328	-0.228216	0.800582	-0.554064	-0.958673	-0.284081	-0.015604
227	5852650156.000000													9.556782	-2.118301	-1.630284	-0.198291	0.526814	0.826528	-0.250997	0.787861	-0.562384	-0.947461	-0.318971	-0.023997
228	5852700167.000000													9.490904	-1.949378	-1.627461	-0.228807	0.525444	0.819485	-0.274302	0.772906	-0.572166	-0.934027	-0.355702	-0.032716
229	5852750179.000000													9.606788	-1.622738	-0.880795	-0.265707	0.524250	0.809050	-0.299547	0.752782	-0.586166	-0.916336	-0.398097	-0.042982
230	5852800190.000000													9.841628	-1.050758	-0.923735	-0.311870	0.516747	0.797314	-0.329208	0.728414	-0.600862	-0.891269	-0.449873	-0.057053
231	5852850202.000000													10.100369	-0.578242	-0.878658	-0.369233	0.491310	0.788848	-0.368291	0.701973	-0.609586	-0.853246	-0.515605	-0.078247
232	5852900213.000000													11.226140	-0.284872	-0.588040	-0.443650	0.456289	0.771346	-0.413107	0.659673	-0.627833	-0.795309	-0.597187	-0.104168
233	5852950225.000000													14.787686	1.631677	0.922667	-0.529103	0.411352	0.742186	-0.461881	0.594111	-0.658557	-0.711840	-0.691246	-0.124350
234	5853000236.000000													13.992884	-2.983811	1.019791	-0.634058	0.368062	0.680074	-0.484845	0.495899	-0.720423	-0.602409	-0.786520	-0.135976
235	5853050248.000000													9.074543	-10.946047	-7.491229	-0.688422	0.321582	0.650123	-0.485945	0.460924	-0.742567	-0.538454	-0.827124	-0.161039
236	5853100259.000000													4.466998	-6.686753	-8.105644	-0.656939	0.261511	0.707138	-0.537707	0.494940	-0.682573	-0.528491	-0.828641	-0.184529
237	5853150271.000000													3.839961	-5.002367	-6.082379	-0.598590	0.273686	0.752852	-0.530207	0.569133	-0.628465	-0.600475	-0.775360	-0.195567
238	5853200282.000000													2.616600	-4.833085	-6.768967	-0.501040	0.350409	0.791310	-0.471661	0.656064	-0.589165	-0.725599	-0.668426	-0.163441
239	5853250294.000000													3.021338	-6.299305	-6.462350	-0.346937	0.411528	0.842781	-0.369768	0.765791	-0.526152	-0.861920	-0.494175	-0.113511
240	5853300305.000000													4.679965	-4.779842	-5.021848	-0.159291	0.424425	0.891341	-0.205700	0.868785	-0.450445	-0.965564	-0.255101	-0.051086
241	5853350317.000000													10.685625	-0.748110	-2.439419	0.011796	0.469850	0.882667	-0.011569	0.882734	-0.469731	-0.999863	-0.004671	0.015849
242	5853400328.000000													9.464494	2.457598	-0.526139	0.147426	0.546449	0.824414	0.097139	0.821493	-0.561884	-0.984291	0.162919	0.068027
243	5853450340.000000													8.514617	-2.907413	0.853517	0.152693	0.611689	0.776223	0.053746	0.779131	-0.624553	-0.986811	0.137084	0.086093
244	5853500351.000000													9.371298	-4.168729	-4.219351	0.077173	0.527589	0.845987	0.009975	0.848066	-0.529796	-0.996968	0.049325	0.060185
245	5853550363.000000													14.429184	1.253380	-2.463067	0.036381	0.508898	0.860057	-0.026187	0.860817	-0.508240	-0.998995	-0.004033	0.044644
246	5853600374.000000													8.766688	-1.513469	-1.928876	-0.013205	0.498445	0.866821	-0.082022	0.863435	-0.497747	-0.996543	-0.077671	0.029482
247	5853650386.000000													9.422893	-5.529347	-3.015122	-0.046644	0.480184	0.875927	-0.121757	0.867610	-0.482109	-0.991463	-0.129137	0.017997
248	5853700397.000000													10.005765	-1.217279	-0.529472	-0.074131	0.481483	0.873315	-0.150558	0.860283	-0.487079	-0.985818	-0.167592	0.008718
249	5853750409.000000													9.705853	-1.372017	-0.622321	-0.101057	0.487350	0.867339	-0.176401	0.849212	-0.497717	-0.979117	-0.203297	0.000150
250	5853800420.000000													9.605146	-0.770942	0.280111	-0.133389	0.502253	0.854370	-0.205229	0.829390	-0.519610	-0.969582	-0.244652	-0.007554
251	5853850432.000000													8.950736	-1.954896	-0.672780	-0.170370	0.508665	0.843940	-0.237429	0.810036	-0.536161	-0.956348	-0.291721	-0.017234
252	5853900443.000000													9.256129	-2.381607	-2.190891	-0.208419	0.508567	0.835417	-0.269205	0.791350	-0.548902	-0.940261	-0.339300	-0.028023
253	5853950455.000000													9.439796	-1.753897	-0.817977	-0.250527	0.501517	0.828081	-0.300659	0.772758	-0.558972	-0.920240	-0.389007	-0.042811
254	5854000466.000000													10.090326	-0.745838	-0.636293	-0.303617	0.485901	0.819583	-0.338552	0.749038	-0.569495	-0.890617	-0.450380	-0.062918
255	5854050478.000000													10.060218	-0.705412	-0.928395	-0.368817	0.456803	0.809509	-0.383440	0.718578	-0.580189	-0.846727	-0.524382	-0.089867
256	5854100489.000000													11.916402	0.617285	-0.251152	-0.453949	0.423263	0.784078	-0.432472	0.664707	-0.609207	-0.779037	-0.615640	-0.118693
257	5854150501.000000													16.952749	2.156971	1.478312	-0.549786	0.382462	0.742602	-0.480546	0.582351	-0.655701	-0.683235	-0.717350	-0.136378
258	5854200512.000000													13.994912	-5.908693	-0.582700	-0.659231	0.329668	0.675821	-0.491127	0.491804	-0.718974	-0.569394	-0.805884	-0.162303
259	5854250524.000000													7.393768	-11.782594	-8.941042	-0.674504	0.267364	0.688158	-0.515003	0.497474	-0.698063	-0.528978	-0.825249	-0.197854
260	5854300535.000000													4.171091	-4.277264	-6.590861	-0.622847	0.207761	0.754253	-0.564410	0.548289	-0.617106	-0.541759	-0.810071	-0.224238
261	5854350547.000000													3.178375	-5.207644	-5.980422	-0.561588	0.264820	0.783894	-0.521999	0.621676	-0.583983	-0.641978	-0.737149	-0.210891
262	5854400558.000000													2.566759	-4.859406	-6.812646	-0.449328	0.357483	0.818725	-0.441076	0.708190	-0.551289	-0.776889	-0.608829	-0.160532
263	5854450570.000000													2.743620	-6.058200	-6.423764	-0.273293	0.416595	0.867040	-0.317969	0.811563	-0.490164	-0.907858	-0.409651	-0.089330
264	5854500581.000000													6.915018	-3.380932	-3.737285	-0.086982	0.449220	0.889177	-0.141703	0.877905	-0.457387	-0.986080	-0.165784	-0.012706
