// Start Time: Unknown
// Update Rate: 60.0Hz
//Filter Profile: human (46.1)
// Option Flags: AHS Disabled ICC Disabled
// Firmware Version: 4.0.2
0	sampleTimeFine	Year	Month	Day	Second	UTC_Nano	UTC_Year	UTC_Month	UTC_Day	UTC_Hour	UTC_Minute	UTC_Second	UTC_Valid	Acc_X	Acc_Y	Acc_Z	Mat[1][1]	Mat[2][1]	Mat[3][1]	Mat[1][2]	Mat[2][2]	Mat[3][2]	Mat[1][3]	Mat[2][3]	Mat[3][3]
0	2203827													-0.251083	0.164218	0.043203	-0.201577	-0.901427	0.383139	0.025087	0.386289	0.922037	-0.979151	0.195473	-0.055253
1	2203994													9.526541	0.237870	-1.976870	-0.201869	-0.901674	0.382404	0.024779	0.385615	0.922327	-0.979099	0.195665	-0.055502
2	2204161													9.536575	0.257759	-1.977961	-0.202289	-0.902385	0.380501	0.024499	0.383749	0.923112	-0.979019	0.196058	-0.055521
3	2204327													9.551102	0.246272	-1.962580	-0.202663	-0.902780	0.379363	0.024549	0.382597	0.923589	-0.978941	0.196491	-0.055376
4	2204494													9.553788	0.246186	-1.963738	-0.202720	-0.903134	0.378488	0.024527	0.381709	0.923957	-0.978930	0.196588	-0.055228
5	2204661													9.559978	0.257719	-1.984691	-0.202638	-0.903198	0.378379	0.024453	0.381607	0.924001	-0.978948	0.196490	-0.055242
6	2204827													9.536489	0.257966	-1.965755	-0.202600	-0.903135	0.378551	0.024439	0.381785	0.923928	-0.978957	0.196439	-0.055278
7	2204994													9.570621	0.267211	-1.977253	-0.202526	-0.903052	0.378787	0.024420	0.382025	0.923829	-0.978972	0.196349	-0.055317
8	2205161													9.540975	0.264457	-1.961457	-0.202451	-0.902922	0.379137	0.024408	0.382381	0.923682	-0.978988	0.196255	-0.055375
9	2205327													9.518125	0.257959	-1.951372	-0.202401	-0.903014	0.378945	0.024345	0.382194	0.923761	-0.979000	0.196195	-0.055373
10	2205494													9.524789	0.236691	-1.982894	-0.202396	-0.903041	0.378884	0.024195	0.382162	0.923779	-0.979005	0.196136	-0.055499
11	2205661													9.562697	0.212496	-1.975088	-0.202417	-0.903032	0.378894	0.023972	0.382218	0.923761	-0.979006	0.196067	-0.055720
12	2205827													9.548634	0.184712	-1.979495	-0.202371	-0.903085	0.378793	0.023727	0.382161	0.923791	-0.979021	0.195936	-0.055910
13	2205994													9.428678	0.198959	-1.939510	-0.202371	-0.903128	0.378689	0.023487	0.382103	0.923821	-0.979027	0.195849	-0.056115
14	2206161													9.516212	0.149499	-1.991409	-0.202625	-0.903089	0.378646	0.023291	0.382113	0.923822	-0.978979	0.196008	-0.056392
15	2206327													9.559596	0.138349	-1.968717	-0.202862	-0.903136	0.378408	0.023104	0.381921	0.923906	-0.978935	0.196169	-0.056611
16	2206494													9.543938	0.204378	-1.957405	-0.203143	-0.903107	0.378326	0.023088	0.381857	0.923933	-0.978877	0.196425	-0.056721
17	2206661													9.579975	0.277317	-1.931228	-0.203421	-0.903270	0.377787	0.023233	0.381293	0.924162	-0.978816	0.196771	-0.056577
18	2206827													9.540765	0.282037	-1.920556	-0.203600	-0.903165	0.377942	0.023490	0.381410	0.924108	-0.978772	0.197027	-0.056440
19	2206994													9.542967	0.280029	-1.959634	-0.203763	-0.903117	0.377968	0.023701	0.381404	0.924105	-0.978733	0.197256	-0.056311
20	2207161													9.540682	0.325368	-1.949104	-0.203911	-0.902956	0.378273	0.023821	0.381701	0.923979	-0.978700	0.197420	-0.056324
21	2207327													9.530137	0.369155	-1.968076	-0.204056	-0.902848	0.378452	0.023895	0.381878	0.923904	-0.978667	0.197572	-0.056351
22	2207494													9.577210	0.343462	-1.966658	-0.204205	-0.902676	0.378782	0.023973	0.382208	0.923765	-0.978635	0.197718	-0.056409
23	2207661													9.564316	0.262627	-1.989793	-0.204251	-0.902475	0.379237	0.023989	0.382674	0.923572	-0.978625	0.197738	-0.056512
24	2207827													9.547946	0.224597	-1.986671	-0.204234	-0.902353	0.379537	0.023872	0.383003	0.923439	-0.978631	0.197658	-0.056681
25	2207994													9.540772	0.195915	-1.990542	-0.204158	-0.902313	0.379671	0.023608	0.383189	0.923368	-0.978653	0.197477	-0.056929
26	2208161													9.586246	0.179497	-1.994581	-0.203995	-0.902417	0.379511	0.023312	0.383075	0.923423	-0.978694	0.197221	-0.057108
27	2208328													9.554358	0.217161	-1.983157	-0.203657	-0.902597	0.379267	0.023093	0.382849	0.923522	-0.978770	0.196840	-0.057126
28	2208494													9.524452	0.221900	-1.994645	-0.203412	-0.902740	0.379056	0.022898	0.382658	0.923606	-0.978825	0.196553	-0.057166
29	2208661													9.560102	0.240189	-1.985906	-0.203121	-0.902886	0.378864	0.022650	0.382494	0.923680	-0.978892	0.196200	-0.057242
30	2208828													9.485785	0.300992	-1.981833	-0.202940	-0.902947	0.378817	0.022523	0.382461	0.923697	-0.978932	0.195987	-0.057279
31	2208994													9.548263	0.374028	-1.990167	-0.202824	-0.903050	0.378634	0.022570	0.382257	0.923780	-0.978955	0.195911	-0.057149
32	2209161													9.518969	0.332386	-1.995576	-0.202699	-0.902959	0.378918	0.022716	0.382511	0.923672	-0.978978	0.195834	-0.057023
33	2209328													9.515801	0.300370	-1.993671	-0.202624	-0.902804	0.379326	0.022798	0.382907	0.923506	-0.978991	0.195773	-0.057004
34	2209494													9.511375	0.278119	-2.001428	-0.202587	-0.902649	0.379714	0.022795	0.383302	0.923342	-0.978999	0.195713	-0.057076
35	2209661													9.554705	0.274129	-1.981729	-0.202577	-0.902521	0.380025	0.022738	0.383631	0.923206	-0.979002	0.195662	-0.057193
36	2209828													9.557374	0.242107	-1.970432	-0.202471	-0.902467	0.380208	0.022691	0.383822	0.923128	-0.979025	0.195534	-0.057235
37	2209994													9.553467	0.205042	-1.991424	-0.202339	-0.902369	0.380512	0.022698	0.384124	0.923003	-0.979052	0.195396	-0.057241
38	2210161													9.535465	0.217465	-1.951275	-0.202202	-0.902346	0.380638	0.022704	0.384243	0.922953	-0.979081	0.195265	-0.057208
39	2210328													9.526598	0.234774	-1.964393	-0.202110	-0.902346	0.380689	0.022714	0.384287	0.922934	-0.979099	0.195182	-0.057172
40	2210494													9.520353	0.273347	-1.943036	-0.202099	-0.902295	0.380814	0.022732	0.384411	0.922882	-0.979101	0.195171	-0.057178
41	2210661													9.519724	0.305919	-1.955799	-0.202128	-0.902355	0.380656	0.022753	0.384247	0.922950	-0.979095	0.195215	-0.057136
42	2210828													9.538382	0.332977	-1.955302	-0.202195	-0.902314	0.380718	0.022753	0.384314	0.922922	-0.979081	0.195273	-0.057176
43	2210994													9.556588	0.335609	-1.937321	-0.202229	-0.902272	0.380800	0.022715	0.384408	0.922884	-0.979075	0.195284	-0.057243
44	2211161													9.568705	0.325707	-1.969307	-0.202240	-0.902154	0.381074	0.022654	0.384701	0.922763	-0.979074	0.195252	-0.057364
45	2211328													9.566740	0.310326	-1.959928	-0.202183	-0.902057	0.381333	0.022571	0.384979	0.922649	-0.979088	0.195151	-0.057477
46	2211494													9.547699	0.274197	-1.961970	-0.202062	-0.902038	0.381442	0.022499	0.385098	0.922601	-0.979114	0.195004	-0.057519
47	2211661													9.552029	0.254811	-1.970300	-0.201929	-0.901965	0.381687	0.022416	0.385356	0.922496	-0.979144	0.194834	-0.057596
48	2211828													9.538234	0.247590	-1.959018	-0.201776	-0.902004	0.381674	0.022280	0.385361	0.922497	-0.979178	0.194642	-0.057660
49	2211994													9.567574	0.254813	-1.978613	-0.201530	-0.902016	0.381777	0.022122	0.385483	0.922450	-0.979233	0.194346	-0.057732
50	2212161													9.539505	0.262402	-1.968254	-0.201217	-0.902135	0.381660	0.021947	0.385380	0.922497	-0.979301	0.193999	-0.057746
51	2212328													9.560733	0.273271	-1.980592	-0.200845	-0.902279	0.381515	0.021744	0.385249	0.922556	-0.979382	0.193586	-0.057756
52	2212494													9.570757	0.263677	-1.958816	-0.200393	-0.902401	0.381465	0.021524	0.385214	0.922576	-0.979479	0.193089	-0.057771
53	2212661													9.585205	0.262986	-1.945971	-0.199858	-0.902611	0.381249	0.021262	0.385012	0.922667	-0.979594	0.192508	-0.057756
54	2212828													9.572470	0.281417	-1.921720	-0.199245	-0.902822	0.381069	0.020951	0.384852	0.922740	-0.979726	0.191836	-0.057765
55	2212994													9.537671	0.291201	-1.910749	-0.198632	-0.903005	0.380956	0.020653	0.384758	0.922786	-0.979856	0.191163	-0.057776
56	2213161													9.515075	0.294804	-1.902586	-0.198132	-0.903158	0.380854	0.020349	0.384683	0.922824	-0.979964	0.190591	-0.057839
57	2213328													9.536457	0.278146	-1.911975	-0.197726	-0.903264	0.380813	0.020055	0.384674	0.922835	-0.980052	0.190106	-0.057945
58	2213494													9.546454	0.279321	-1.901815	-0.197392	-0.903363	0.380753	0.019809	0.384640	0.922854	-0.980124	0.189706	-0.058030
59	2213661													9.516914	0.257401	-1.885695	-0.197136	-0.903434	0.380715	0.019586	0.384629	0.922863	-0.980180	0.189387	-0.058129
60	2213828													9.556641	0.262201	-1.885185	-0.196951	-0.903427	0.380827	0.019394	0.384769	0.922809	-0.980222	0.189134	-0.058260
61	2213994													9.565962	0.266231	-1.904346	-0.196789	-0.903420	0.380928	0.019206	0.384899	0.922759	-0.980258	0.188905	-0.058392
62	2214161													9.541702	0.270002	-1.884918	-0.196657	-0.903373	0.381109	0.019050	0.385105	0.922676	-0.980287	0.188710	-0.058524
63	2214328													9.541039	0.259625	-1.901631	-0.196604	-0.903371	0.381139	0.018899	0.385162	0.922655	-0.980301	0.188601	-0.058651
64	2214494													9.537041	0.238258	-1.900144	-0.196598	-0.903346	0.381202	0.018768	0.385252	0.922621	-0.980305	0.188540	-0.058786
65	2214661													9.552343	0.244008	-1.885741	-0.196628	-0.903246	0.381424	0.018636	0.385506	0.922517	-0.980301	0.188501	-0.058969
66	2214828													9.575063	0.239867	-1.913207	-0.196642	-0.903178	0.381577	0.018565	0.385676	0.922448	-0.980300	0.188476	-0.059072
67	2214994													9.561405	0.233784	-1.916454	-0.196653	-0.903127	0.381691	0.018499	0.385806	0.922394	-0.980299	0.188453	-0.059163
68	2215161													9.575095	0.233004	-1.902142	-0.196634	-0.903114	0.381733	0.018405	0.385865	0.922372	-0.980304	0.188395	-0.059253
69	2215328													9.580191	0.229821	-1.928545	-0.196583	-0.903048	0.381916	0.018327	0.386064	0.922290	-0.980316	0.188306	-0.059343
70	2215494													9.571376	0.252988	-1.904842	-0.196467	-0.903093	0.381869	0.018266	0.386021	0.922309	-0.980340	0.188178	-0.059344
71	2215661													9.557729	0.271924	-1.924733	-0.196304	-0.903065	0.382019	0.018211	0.386175	0.922246	-0.980374	0.187997	-0.059362
72	2215828													9.540141	0.270093	-1.892017	-0.196138	-0.902967	0.382335	0.018150	0.386499	0.922111	-0.980408	0.187801	-0.059419
73	2215994													9.552479	0.268369	-1.910031	-0.196016	-0.903007	0.382304	0.018054	0.386478	0.922122	-0.980434	0.187653	-0.059453
74	2216161													9.538872	0.266835	-1.893248	-0.195900	-0.902957	0.382482	0.017939	0.386674	0.922042	-0.980460	0.187489	-0.059551
75	2216328													9.543373	0.263780	-1.858496	-0.195876	-0.902810	0.382840	0.017842	0.387057	0.921883	-0.980466	0.187406	-0.059707
76	2216494													9.563744	0.271069	-1.885344	-0.195886	-0.902675	0.383154	0.017822	0.387382	0.921747	-0.980465	0.187386	-0.059795
77	2216661													9.553995	0.274234	-1.879082	-0.195827	-0.902600	0.383360	0.017810	0.387591	0.921659	-0.980477	0.187314	-0.059825
78	2216828													9.515469	0.244945	-1.872069	-0.195821	-0.902469	0.383671	0.017790	0.387912	0.921525	-0.980478	0.187279	-0.059906
79	2216994													9.497276	0.236136	-1.887192	-0.195955	-0.902328	0.383934	0.017727	0.388201	0.921404	-0.980453	0.187360	-0.060075
80	2217161													9.520381	0.246227	-1.873116	-0.196161	-0.902223	0.384077	0.017692	0.388367	0.921335	-0.980412	0.187525	-0.060220
81	2217328													9.502523	0.252481	-1.887043	-0.196428	-0.902030	0.384394	0.017690	0.388708	0.921191	-0.980359	0.187747	-0.060396
82	2217494													9.534648	0.263017	-1.920262	-0.196800	-0.901883	0.384547	0.017656	0.388893	0.921114	-0.980285	0.188065	-0.060610
83	2217661													9.599277	0.239810	-1.934663	-0.197195	-0.901763	0.384628	0.017640	0.389004	0.921067	-0.980206	0.188415	-0.060802
84	2217828													9.670837	0.227571	-1.968327	-0.197362	-0.901665	0.384772	0.017594	0.389170	0.920998	-0.980173	0.188540	-0.060943
85	2217994													9.623560	0.286350	-1.939731	-0.197378	-0.901544	0.385047	0.017678	0.389436	0.920884	-0.980168	0.188569	-0.060928
86	2218161													9.618081	0.296153	-1.937335	-0.197315	-0.901438	0.385325	0.017902	0.389674	0.920779	-0.980177	0.188581	-0.060751
87	2218328													9.599634	0.266414	-1.914896	-0.197053	-0.901452	0.385428	0.018062	0.389731	0.920752	-0.980227	0.188398	-0.060515
88	2218494													9.561843	0.270578	-1.938930	-0.196730	-0.901506	0.385466	0.018046	0.389753	0.920743	-0.980292	0.188094	-0.060407
89	2218661													9.551458	0.280695	-1.906554	-0.196357	-0.901601	0.385433	0.017888	0.389726	0.920757	-0.980369	0.187692	-0.060397
90	2218828													9.519058	0.302378	-1.866401	-0.196030	-0.901677	0.385423	0.017616	0.389748	0.920753	-0.980440	0.187285	-0.060518
91	2218994													9.551003	0.299762	-1.880254	-0.195692	-0.901697	0.385549	0.017327	0.389910	0.920690	-0.980512	0.186852	-0.060678
92	2219161													9.550529	0.257776	-1.909617	-0.195345	-0.901744	0.385614	0.017075	0.390002	0.920655	-0.980586	0.186430	-0.060787
93	2219328													9.549419	0.219818	-1.881948	-0.195004	-0.901898	0.385426	0.016818	0.389838	0.920730	-0.980658	0.186028	-0.060852
94	2219494													9.544456	0.198283	-1.873278	-0.194716	-0.902038	0.385244	0.016497	0.389694	0.920796	-0.980721	0.185649	-0.060999
95	2219661													9.560649	0.245082	-1.875429	-0.194494	-0.902174	0.385039	0.016196	0.389528	0.920872	-0.980770	0.185340	-0.061149
96	2219828													9.558192	0.276419	-1.862256	-0.194248	-0.902371	0.384700	0.016036	0.389196	0.921015	-0.980821	0.185074	-0.061130
97	2219994													9.505982	0.289561	-1.864988	-0.194072	-0.902511	0.384460	0.015930	0.388960	0.921117	-0.980858	0.184888	-0.061110
98	2220161													9.591088	0.270483	-1.859373	-0.193959	-0.902592	0.384327	0.015757	0.388850	0.921166	-0.980883	0.184725	-0.061199
99	2220328													9.527288	0.286123	-1.849424	-0.193892	-0.902601	0.384340	0.015655	0.388878	0.921156	-0.980898	0.184621	-0.061270
100	2220494													9.561627	0.344178	-1.858269	-0.193918	-0.902526	0.384504	0.015639	0.389050	0.921084	-0.980893	0.184628	-0.061329
101	2220661													9.537162	0.310308	-1.866748	-0.193986	-0.902421	0.384715	0.015699	0.389258	0.920995	-0.980879	0.184699	-0.061344
102	2220828													9.584027	0.263264	-1.887396	-0.194128	-0.902311	0.384902	0.015675	0.389463	0.920909	-0.980851	0.184807	-0.061462
103	2220994													9.554235	0.234849	-1.863412	-0.194199	-0.902231	0.385052	0.015528	0.389649	0.920833	-0.980839	0.184804	-0.061660
104	2221161													9.558132	0.251485	-1.877500	-0.194320	-0.902133	0.385222	0.015288	0.389875	0.920741	-0.980819	0.184808	-0.061969
105	2221328													9.568162	0.247767	-1.869062	-0.194395	-0.902118	0.385218	0.015063	0.389918	0.920726	-0.980808	0.184787	-0.062210
106	2221494													9.545216	0.241533	-1.879551	-0.194441	-0.902086	0.385271	0.014942	0.389998	0.920694	-0.980800	0.184777	-0.062353
107	2221661													9.549954	0.223377	-1.849790	-0.194517	-0.902022	0.385381	0.014874	0.390128	0.920641	-0.980786	0.184813	-0.062470
108	2221828													9.561501	0.232031	-1.865014	-0.194652	-0.901988	0.385394	0.014772	0.390169	0.920625	-0.980761	0.184894	-0.062623
109	2221994													9.573335	0.241446	-1.867891	-0.194787	-0.902008	0.385277	0.014692	0.390074	0.920666	-0.980735	0.184995	-0.062729
110	2222161													9.560182	0.254082	-1.857700	-0.194921	-0.902028	0.385165	0.014620	0.389981	0.920707	-0.980710	0.185097	-0.062828
111	2222328													9.535112	0.275093	-1.852758	-0.195104	-0.902058	0.385002	0.014594	0.389832	0.920770	-0.980674	0.185265	-0.062893
112	2222494													9.545331	0.258087	-1.866781	-0.195370	-0.902030	0.384933	0.014590	0.389780	0.920793	-0.980621	0.185512	-0.062991
113	2222661													9.552328	0.264856	-1.885616	-0.195674	-0.901944	0.384979	0.014613	0.389842	0.920766	-0.980560	0.185796	-0.063102
114	2222828													9.570121	0.269962	-1.893015	-0.195977	-0.901836	0.385079	0.014630	0.389961	0.920715	-0.980499	0.186073	-0.063229
115	2222994													9.582132	0.285567	-1.914586	-0.196233	-0.901719	0.385222	0.014653	0.390120	0.920648	-0.980448	0.186306	-0.063341
116	2223161													9.566089	0.275297	-1.915228	-0.196436	-0.901614	0.385363	0.014613	0.390284	0.920578	-0.980408	0.186466	-0.063491
117	2223328													9.560470	0.235626	-1.904698	-0.196588	-0.901508	0.385535	0.014505	0.390491	0.920492	-0.980379	0.186549	-0.063690
118	2223494													9.542992	0.239158	-1.912785	-0.196704	-0.901506	0.385479	0.014382	0.390465	0.920506	-0.980358	0.186611	-0.063840
119	2223661													9.556659	0.244089	-1.919906	-0.196816	-0.901451	0.385551	0.014232	0.390574	0.920461	-0.980337	0.186649	-0.064042
120	2223828													9.572593	0.247275	-1.907306	-0.196905	-0.901409	0.385605	0.014043	0.390671	0.920423	-0.980322	0.186651	-0.064267
121	2223994													9.546610	0.247363	-1.915303	-0.196935	-0.901529	0.385308	0.013868	0.390403	0.920540	-0.980318	0.186630	-0.064381
122	2224161													9.549301	0.238675	-1.926748	-0.196979	-0.901594	0.385134	0.013675	0.390266	0.920601	-0.980312	0.186606	-0.064545
123	2224328													9.571781	0.237408	-1.901349	-0.197060	-0.901644	0.384974	0.013469	0.390147	0.920654	-0.980299	0.186609	-0.064738
124	2224494													9.550045	0.245351	-1.905028	-0.197178	-0.901688	0.384811	0.013291	0.390022	0.920709	-0.980278	0.186658	-0.064919
125	2224661													9.540896	0.252697	-1.915991	-0.197370	-0.901689	0.384711	0.013156	0.389959	0.920738	-0.980241	0.186788	-0.065104
126	2224828													9.547304	0.251424	-1.898798	-0.197623	-0.901705	0.384543	0.013039	0.389826	0.920796	-0.980191	0.186985	-0.065281
127	2224995													9.564218	0.252375	-1.904613	-0.197933	-0.901678	0.384447	0.012940	0.389769	0.920822	-0.980130	0.187236	-0.065481
128	2225161													9.545808	0.255621	-1.927492	-0.198226	-0.901651	0.384359	0.012877	0.389711	0.920847	-0.980072	0.187485	-0.065640
129	2225328													9.549892	0.249331	-1.903103	-0.198573	-0.901526	0.384475	0.012825	0.389863	0.920784	-0.980002	0.187773	-0.065854
130	2225495													9.545476	0.244849	-1.920673	-0.198943	-0.901409	0.384557	0.012775	0.389982	0.920734	-0.979928	0.188087	-0.066069
131	2225661													9.540897	0.238610	-1.942768	-0.199349	-0.901340	0.384508	0.012752	0.389965	0.920741	-0.979846	0.188452	-0.066245
132	2225828													9.550052	0.222667	-1.951535	-0.199754	-0.901196	0.384635	0.012744	0.390124	0.920674	-0.979763	0.188810	-0.066444
133	2225995													9.530526	0.249244	-1.948666	-0.200136	-0.901119	0.384617	0.012752	0.390130	0.920671	-0.979685	0.189164	-0.066588
134	2226161													9.546534	0.237631	-1.961357	-0.200477	-0.901034	0.384638	0.012733	0.390179	0.920651	-0.979616	0.189467	-0.066749
135	2226328													9.549523	0.259043	-1.976844	-0.200750	-0.900984	0.384613	0.012734	0.390172	0.920654	-0.979560	0.189719	-0.066854
136	2226495													9.563344	0.246968	-1.954308	-0.200930	-0.900929	0.384647	0.012716	0.390223	0.920632	-0.979523	0.189874	-0.066951
137	2226661													9.553227	0.254020	-1.950143	-0.201067	-0.900922	0.384594	0.012641	0.390193	0.920646	-0.979496	0.189973	-0.067066
138	2226828													9.542563	0.248662	-1.975382	-0.201155	-0.900899	0.384601	0.012570	0.390220	0.920636	-0.979479	0.190026	-0.067170
139	2226995													9.532008	0.237275	-1.973454	-0.201231	-0.900901	0.384556	0.012471	0.390199	0.920646	-0.979464	0.190058	-0.067285
140	2227161													9.536072	0.234328	-1.958740	-0.201385	-0.900914	0.384445	0.012332	0.390123	0.920680	-0.979435	0.190152	-0.067455
141	2227328													9.557428	0.207194	-1.975274	-0.201564	-0.900945	0.384280	0.012152	0.390002	0.920734	-0.979400	0.190256	-0.067662
142	2227495													9.551791	0.205900	-1.983872	-0.201660	-0.900992	0.384118	0.011978	0.389877	0.920789	-0.979382	0.190288	-0.067830
143	2227661													9.486522	0.242808	-1.972021	-0.201765	-0.901091	0.383832	0.011859	0.389615	0.920902	-0.979362	0.190357	-0.067925
144	2227828													9.525965	0.230405	-1.991396	-0.202043	-0.901121	0.383613	0.011815	0.389420	0.920985	-0.979305	0.190611	-0.068033
145	2227995													9.583404	0.205845	-1.998958	-0.202247	-0.901176	0.383376	0.011755	0.389204	0.921077	-0.979264	0.190792	-0.068122
146	2228161													9.554951	0.253322	-1.987011	-0.202465	-0.901176	0.383262	0.011826	0.389089	0.921124	-0.979218	0.191028	-0.068120
147	2228328													9.566089	0.287990	-1.970446	-0.202687	-0.901144	0.383220	0.012014	0.389025	0.921149	-0.979170	0.191308	-0.068024
148	2228495													9.541189	0.297912	-1.978969	-0.202821	-0.901062	0.383341	0.012189	0.389124	0.921105	-0.979140	0.191492	-0.067940
149	2228661													9.550325	0.285093	-1.973386	-0.202960	-0.900964	0.383499	0.012280	0.389278	0.921038	-0.979110	0.191643	-0.067944
150	2228828													9.575346	0.262689	-1.941088	-0.202995	-0.900823	0.383810	0.012231	0.389608	0.920900	-0.979103	0.191633	-0.068071
151	2228995													9.559832	0.263829	-1.953992	-0.202969	-0.900715	0.384078	0.012092	0.389907	0.920775	-0.979111	0.191533	-0.068247
152	2229161													9.548634	0.260442	-1.947899	-0.202904	-0.900642	0.384284	0.011914	0.390148	0.920675	-0.979126	0.191387	-0.068432
153	2229328													9.545784	0.219821	-1.937533	-0.202849	-0.900577	0.384465	0.011763	0.390358	0.920588	-0.979139	0.191263	-0.068590
154	2229495													9.518500	0.153636	-1.942768	-0.202840	-0.900637	0.384328	0.011544	0.390260	0.920632	-0.979144	0.191178	-0.068764
155	2229661													9.502561	0.144637	-1.960349	-0.202958	-0.900706	0.384105	0.011267	0.390095	0.920706	-0.979123	0.191192	-0.069024
156	2229828													9.560899	0.176761	-1.979485	-0.203142	-0.900832	0.383711	0.010976	0.389762	0.920850	-0.979088	0.191275	-0.069289
157	2229995													9.576048	0.204073	-1.981855	-0.203249	-0.901052	0.383139	0.010738	0.389232	0.921077	-0.979068	0.191322	-0.069435
158	2230161													9.510519	0.219627	-1.993768	-0.203281	-0.901277	0.382593	0.010602	0.388702	0.921302	-0.979063	0.191340	-0.069461
159	2230328													9.571054	0.205799	-1.999240	-0.203406	-0.901412	0.382209	0.010424	0.388354	0.921451	-0.979039	0.191412	-0.069597
160	2230495													9.513353	0.228138	-2.008581	-0.203451	-0.901535	0.381894	0.010280	0.388063	0.921575	-0.979031	0.191421	-0.069684
161	2230661													9.509093	0.295311	-1.995603	-0.203670	-0.901523	0.381804	0.010291	0.387985	0.921608	-0.978985	0.191633	-0.069743
162	2230828													9.569427	0.286887	-1.991837	-0.203854	-0.901452	0.381875	0.010408	0.388048	0.921580	-0.978946	0.191843	-0.069723
163	2230995													9.579575	0.231974	-2.010856	-0.203967	-0.901324	0.382115	0.010527	0.388279	0.921482	-0.978921	0.191974	-0.069708
164	2231161													9.540641	0.202423	-1.996262	-0.203991	-0.901228	0.382329	0.010578	0.388489	0.921393	-0.978916	0.192000	-0.069715
165	2231328													9.535998	0.191888	-2.013480	-0.204014	-0.901165	0.382465	0.010528	0.388640	0.921330	-0.978911	0.191991	-0.069800
166	2231495													9.549413	0.203953	-2.025251	-0.203996	-0.901133	0.382552	0.010489	0.388734	0.921290	-0.978916	0.191952	-0.069848
167	2231661													9.553991	0.201165	-2.026654	-0.203908	-0.901115	0.382641	0.010507	0.388816	0.921256	-0.978934	0.191872	-0.069815
168	2231828													9.551198	0.193401	-2.011620	-0.203727	-0.901151	0.382651	0.010561	0.388802	0.921261	-0.978971	0.191727	-0.069692
169	2231995													9.540140	0.193679	-2.011006	-0.203508	-0.901224	0.382597	0.010586	0.388726	0.921293	-0.979016	0.191541	-0.069568
170	2232161													9.540321	0.214467	-1.990777	-0.203316	-0.901326	0.382457	0.010585	0.388569	0.921359	-0.979056	0.191375	-0.069462
171	2232328													9.513097	0.227715	-1.984865	-0.203183	-0.901439	0.382262	0.010597	0.388358	0.921447	-0.979083	0.191273	-0.069355
172	2232495													9.542948	0.238837	-1.955148	-0.203119	-0.901483	0.382192	0.010641	0.388274	0.921483	-0.979096	0.191237	-0.069273
173	2232661													9.539733	0.264364	-1.975651	-0.203095	-0.901506	0.382152	0.010711	0.388217	0.921506	-0.979100	0.191247	-0.069189
174	2232828													9.531719	0.262937	-1.962973	-0.203095	-0.901489	0.382191	0.010776	0.388244	0.921493	-0.979100	0.191269	-0.069136
175	2232995													9.514224	0.259322	-1.953775	-0.203159	-0.901462	0.382220	0.010822	0.388270	0.921482	-0.979086	0.191344	-0.069125
176	2233161													9.514349	0.242092	-1.965764	-0.203288	-0.901380	0.382345	0.010845	0.388402	0.921426	-0.979059	0.191461	-0.069182
177	2233328													9.549178	0.248898	-1.969611	-0.203421	-0.901311	0.382437	0.010826	0.388509	0.921381	-0.979031	0.191569	-0.069273
178	2233495													9.572983	0.220376	-1.968525	-0.203489	-0.901234	0.382582	0.010738	0.388680	0.921310	-0.979018	0.191585	-0.069414
179	2233661													9.572559	0.207673	-1.975990	-0.203470	-0.901260	0.382532	0.010610	0.388653	0.921323	-0.979024	0.191520	-0.069517
180	2233828													9.567498	0.176200	-1.987343	-0.203352	-0.901304	0.382490	0.010490	0.388625	0.921336	-0.979050	0.191368	-0.069573
181	2233995													9.561130	0.188080	-1.993930	-0.203135	-0.901407	0.382363	0.010360	0.388504	0.921389	-0.979096	0.191127	-0.069580
182	2234161													9.548536	0.176529	-1.969509	-0.202859	-0.901555	0.382160	0.010228	0.388303	0.921475	-0.979155	0.190838	-0.069550
183	2234328													9.526924	0.206561	-1.945935	-0.202623	-0.901763	0.381795	0.010073	0.387943	0.921629	-0.979205	0.190589	-0.069522
184	2234495													9.540969	0.206893	-1.955683	-0.202453	-0.901941	0.381465	0.009934	0.387620	0.921766	-0.979242	0.190404	-0.069515
185	2234661													9.556573	0.226963	-1.938545	-0.202251	-0.902085	0.381231	0.009751	0.387401	0.921860	-0.979285	0.190165	-0.069557
186	2234828													9.546733	0.239040	-1.949065	-0.202104	-0.902212	0.381009	0.009619	0.387190	0.921950	-0.979317	0.189995	-0.069574
187	2234995													9.548012	0.237549	-1.940429	-0.202004	-0.902310	0.380829	0.009503	0.387021	0.922022	-0.979339	0.189871	-0.069605
188	2235161													9.536208	0.223312	-1.953308	-0.201901	-0.902354	0.380780	0.009407	0.386982	0.922039	-0.979361	0.189742	-0.069644
189	2235328													9.535975	0.207470	-1.948590	-0.201866	-0.902363	0.380777	0.009383	0.386981	0.922040	-0.979368	0.189701	-0.069651
190	2235495													9.546932	0.204323	-1.947989	-0.201855	-0.902347	0.380820	0.009375	0.387026	0.922021	-0.979371	0.189684	-0.069663
191	2235661													9.525186	0.191373	-1.964278	-0.201887	-0.902315	0.380879	0.009371	0.387089	0.921995	-0.979364	0.189708	-0.069693
192	2235828													9.544822	0.193412	-1.948640	-0.201921	-0.902266	0.380977	0.009400	0.387186	0.921954	-0.979357	0.189743	-0.069700
193	2235995													9.542147	0.188334	-1.955427	-0.201990	-0.902188	0.381125	0.009485	0.387326	0.921894	-0.979342	0.189829	-0.069678
194	2236161													9.564105	0.190944	-1.969299	-0.202019	-0.902165	0.381165	0.009529	0.387361	0.921879	-0.979335	0.189869	-0.069657
195	2236328													9.541225	0.196727	-1.969163	-0.202032	-0.902140	0.381217	0.009577	0.387405	0.921860	-0.979332	0.189896	-0.069629
196	2236495													9.539136	0.184196	-1.965555	-0.202076	-0.902163	0.381139	0.009639	0.387316	0.921897	-0.979322	0.189967	-0.069571
197	2236661													9.541081	0.195948	-1.975890	-0.202134	-0.902152	0.381135	0.009691	0.387307	0.921900	-0.979310	0.190040	-0.069545
198	2236828													9.539330	0.204920	-1.998453	-0.202185	-0.902169	0.381068	0.009745	0.387231	0.921931	-0.979299	0.190114	-0.069500
199	2236995													9.538907	0.215788	-1.977099	-0.202262	-0.902173	0.381017	0.009818	0.387170	0.921956	-0.979282	0.190217	-0.069452
200	2237161													9.568164	0.198000	-1.983236	-0.202319	-0.902209	0.380902	0.009889	0.387043	0.922009	-0.979270	0.190307	-0.069385
201	2237328													9.546495	0.223302	-1.995055	-0.202308	-0.902230	0.380858	0.009962	0.386984	0.922033	-0.979271	0.190329	-0.069302
202	2237495													9.548873	0.217516	-2.010358	-0.202237	-0.902258	0.380829	0.010017	0.386938	0.922051	-0.979285	0.190288	-0.069215
203	2237661													9.545438	0.222841	-1.985324	-0.202123	-0.902282	0.380832	0.010038	0.386929	0.922055	-0.979309	0.190191	-0.069150
204	2237828													9.523561	0.225051	-1.983030	-0.202006	-0.902298	0.380857	0.009979	0.386958	0.922044	-0.979333	0.190059	-0.069164
205	2237995													9.534036	0.213861	-1.977210	-0.201942	-0.902350	0.380766	0.009872	0.386881	0.922077	-0.979348	0.189965	-0.069219
206	2238161													9.557770	0.177083	-1.962682	-0.201904	-0.902383	0.380710	0.009717	0.386851	0.922091	-0.979357	0.189873	-0.069338
207	2238328													9.545077	0.157848	-1.967995	-0.201736	-0.902468	0.380598	0.009562	0.386754	0.922133	-0.979393	0.189666	-0.069393
208	2238495													9.466442	0.166464	-1.945284	-0.201559	-0.902593	0.380395	0.009466	0.386553	0.922219	-0.979431	0.189482	-0.069369
209	2238661													9.505381	0.144350	-1.982708	-0.201640	-0.902656	0.380202	0.009417	0.386370	0.922296	-0.979414	0.189552	-0.069408
210	2238828													9.573920	0.140908	-1.977582	-0.201650	-0.902711	0.380066	0.009420	0.386232	0.922354	-0.979412	0.189573	-0.069380
211	2238995													9.571422	0.199012	-1.958978	-0.201646	-0.902770	0.379928	0.009607	0.386054	0.922426	-0.979411	0.189654	-0.069174
212	2239161													9.578565	0.249791	-1.948571	-0.201611	-0.902781	0.379921	0.009907	0.385987	0.922451	-0.979416	0.189740	-0.068876
213	2239328													9.549618	0.260548	-1.949126	-0.201538	-0.902809	0.379893	0.010160	0.385904	0.922483	-0.979428	0.189775	-0.068601
214	2239495													9.547480	0.227483	-1.949344	-0.201463	-0.902775	0.380013	0.010306	0.385993	0.922444	-0.979442	0.189755	-0.068459
215	2239661													9.532153	0.229322	-1.937285	-0.201357	-0.902732	0.380172	0.010341	0.386141	0.922382	-0.979463	0.189660	-0.068418
216	2239828													9.539375	0.244033	-1.930241	-0.201230	-0.902663	0.380403	0.010333	0.386370	0.922286	-0.979489	0.189523	-0.068422
217	2239995													9.546591	0.205629	-1.923497	-0.201080	-0.902583	0.380672	0.010377	0.386625	0.922179	-0.979520	0.189382	-0.068376
218	2240161													9.554646	0.152919	-1.940942	-0.200928	-0.902520	0.380902	0.010414	0.386842	0.922087	-0.979551	0.189239	-0.068329
219	2240328													9.537464	0.109365	-1.943170	-0.200754	-0.902539	0.380949	0.010401	0.386880	0.922071	-0.979586	0.189072	-0.068280
220	2240495													9.521304	0.114002	-1.915658	-0.200592	-0.902644	0.380784	0.010348	0.386710	0.922143	-0.979620	0.188915	-0.068231
221	2240661													9.561700	0.130176	-1.935295	-0.200450	-0.902824	0.380433	0.010273	0.386356	0.922293	-0.979650	0.188781	-0.068171
222	2240828													9.569141	0.190683	-1.935359	-0.200314	-0.903018	0.380044	0.010291	0.385946	0.922464	-0.979678	0.188693	-0.068017
223	2240995													9.502193	0.213504	-1.942510	-0.200164	-0.903153	0.379800	0.010399	0.385665	0.922580	-0.979707	0.188617	-0.067805
224	2241161													9.564418	0.203341	-1.946072	-0.200222	-0.903243	0.379557	0.010502	0.385400	0.922690	-0.979694	0.188729	-0.067680
225	2241328													9.493132	0.210267	-1.942217	-0.200300	-0.903312	0.379351	0.010585	0.385180	0.922781	-0.979677	0.188848	-0.067590
226	2241495													9.528520	0.271457	-1.938006	-0.200632	-0.903245	0.379335	0.010771	0.385151	0.922791	-0.979607	0.189227	-0.067545
227	2241662													9.541802	0.279568	-1.939757	-0.200923	-0.903103	0.379520	0.011074	0.385302	0.922724	-0.979544	0.189599	-0.067415
228	2241828													9.525741	0.221646	-1.996833	-0.201292	-0.902951	0.379685	0.011332	0.385447	0.922661	-0.979466	0.190027	-0.067355
229	2241995													9.528544	0.220384	-1.980140	-0.201675	-0.902782	0.379884	0.011530	0.385638	0.922578	-0.979385	0.190441	-0.067365
230	2242162													9.530540	0.209548	-1.987724	-0.202029	-0.902617	0.380088	0.011622	0.385854	0.922487	-0.979311	0.190787	-0.067464
231	2242328													9.552145	0.203482	-2.002770	-0.202295	-0.902503	0.380217	0.011642	0.386000	0.922425	-0.979255	0.191028	-0.067579
232	2242495													9.556705	0.199081	-1.973228	-0.202480	-0.902445	0.380256	0.011713	0.386040	0.922408	-0.979216	0.191223	-0.067595
233	2242662													9.559842	0.195222	-2.014656	-0.202587	-0.902415	0.380270	0.011806	0.386043	0.922405	-0.979193	0.191357	-0.067553
234	2242828													9.538167	0.187164	-1.992223	-0.202647	-0.902414	0.380241	0.011874	0.386005	0.922420	-0.979180	0.191440	-0.067507
235	2242995													9.537604	0.188942	-1.994000	-0.202681	-0.902464	0.380105	0.011919	0.385859	0.922481	-0.979172	0.191499	-0.067450
236	2243162													9.548953	0.213446	-1.991987	-0.202684	-0.902491	0.380039	0.011921	0.385791	0.922509	-0.979172	0.191508	-0.067435
237	2243328													9.562035	0.228670	-1.981079	-0.202698	-0.902554	0.379880	0.011994	0.385616	0.922581	-0.979168	0.191562	-0.067338
238	2243495													9.555311	0.249623	-1.989398	-0.202675	-0.902562	0.379875	0.012077	0.385593	0.922590	-0.979172	0.191574	-0.067249
239	2243662													9.531937	0.251765	-1.980310	-0.202623	-0.902583	0.379852	0.012187	0.385544	0.922609	-0.979181	0.191571	-0.067120
240	2243828													9.544972	0.266299	-1.987878	-0.202558	-0.902548	0.379970	0.012278	0.385642	0.922567	-0.979193	0.191538	-0.067033
241	2243995													9.523973	0.226499	-1.982356	-0.202491	-0.902508	0.380099	0.012398	0.385746	0.922522	-0.979206	0.191515	-0.066921
242	2244162													9.550756	0.231731	-1.992880	-0.202432	-0.902492	0.380170	0.012492	0.385796	0.922499	-0.979217	0.191493	-0.066824
243	2244328													9.553209	0.205246	-1.972503	-0.202354	-0.902480	0.380241	0.012579	0.385846	0.922477	-0.979232	0.191450	-0.066726
244	2244495													9.544010	0.206801	-1.984434	-0.202266	-0.902501	0.380238	0.012653	0.385822	0.922486	-0.979249	0.191399	-0.066619
245	2244828													9.548062	0.191624	-1.972729	-0.202176	-0.902542	0.380187	0.012721	0.385751	0.922515	-0.979267	0.191347	-0.066508
246	2244995													9.541368	0.209273	-1.964185	-0.202071	-0.902583	0.380146	0.012769	0.385693	0.922539	-0.979288	0.191273	-0.066412
247	2245162													9.558469	0.227983	-1.948808	-0.201959	-0.902675	0.379987	0.012839	0.385509	0.922615	-0.979310	0.191209	-0.066268
248	2245328													9.564077	0.247035	-1.961610	-0.201796	-0.902770	0.379848	0.012869	0.385349	0.922681	-0.979343	0.191081	-0.066144
249	2245495													9.545632	0.253517	-1.946213	-0.201622	-0.902852	0.379746	0.012869	0.385233	0.922730	-0.979379	0.190929	-0.066052
250	2245662													9.520059	0.246422	-1.945404	-0.201477	-0.902943	0.379607	0.012854	0.385084	0.922792	-0.979409	0.190801	-0.065979
251	2245828													9.514853	0.244738	-1.939252	-0.201401	-0.902999	0.379514	0.012826	0.384988	0.922832	-0.979425	0.190727	-0.065955
252	2245995													9.524023	0.223495	-1.944520	-0.201386	-0.902962	0.379611	0.012812	0.385089	0.922790	-0.979428	0.190700	-0.065983
253	2246162													9.533055	0.227875	-1.961783	-0.201434	-0.902899	0.379734	0.012784	0.385224	0.922734	-0.979419	0.190725	-0.066054
254	2246328													9.554385	0.206556	-1.960029	-0.201463	-0.902889	0.379743	0.012779	0.385236	0.922730	-0.979413	0.190748	-0.066072
255	2246495													9.553470	0.210281	-1.971241	-0.201455	-0.902883	0.379761	0.012795	0.385252	0.922723	-0.979414	0.190746	-0.066059
256	2246662													9.541042	0.212234	-1.975711	-0.201481	-0.902841	0.379847	0.012805	0.385339	0.922686	-0.979409	0.190768	-0.066078
257	2246828													9.563148	0.221569	-1.975121	-0.201494	-0.902799	0.379939	0.012805	0.385434	0.922646	-0.979406	0.190773	-0.066102
258	2246995													9.550820	0.220069	-1.978998	-0.201451	-0.902763	0.380047	0.012808	0.385541	0.922602	-0.979415	0.190727	-0.066105
259	2247162													9.547572	0.209648	-1.988915	-0.201394	-0.902767	0.380069	0.012806	0.385560	0.922594	-0.979427	0.190672	-0.066089
260	2247328													9.561019	0.213199	-1.960341	-0.201285	-0.902773	0.380112	0.012765	0.385604	0.922576	-0.979450	0.190553	-0.066092
261	2247495													9.556236	0.200518	-1.960963	-0.201082	-0.902801	0.380152	0.012706	0.385642	0.922561	-0.979492	0.190341	-0.066075
262	2247662													9.562658	0.200437	-1.958497	-0.200854	-0.902910	0.380015	0.012641	0.385499	0.922622	-0.979540	0.190116	-0.066015
263	2247828													9.540727	0.204954	-1.943771	-0.200628	-0.902993	0.379937	0.012577	0.385417	0.922657	-0.979587	0.189889	-0.065968
264	2247995													9.538967	0.211048	-1.954604	-0.200389	-0.903065	0.379893	0.012542	0.385362	0.922680	-0.979636	0.189659	-0.065896
265	2248162													9.568363	0.216133	-1.966958	-0.200176	-0.903112	0.379893	0.012506	0.385354	0.922684	-0.979680	0.189450	-0.065844
266	2248328													9.555701	0.198070	-1.943274	-0.199943	-0.903182	0.379849	0.012469	0.385300	0.922707	-0.979728	0.189226	-0.065776
267	2248495													9.545408	0.227138	-1.937972	-0.199696	-0.903255	0.379804	0.012452	0.385241	0.922732	-0.979779	0.188995	-0.065683
268	2248662													9.560308	0.223986	-1.947008	-0.199416	-0.903320	0.379798	0.012405	0.385225	0.922739	-0.979836	0.188720	-0.065614
269	2248828													9.530592	0.218243	-1.940387	-0.199099	-0.903386	0.379807	0.012399	0.385213	0.922744	-0.979901	0.188427	-0.065495
270	2248995													9.533430	0.196868	-1.967819	-0.198869	-0.903433	0.379816	0.012351	0.385216	0.922744	-0.979948	0.188196	-0.065449
271	2249162													9.549477	0.186094	-1.958501	-0.198615	-0.903510	0.379764	0.012285	0.385159	0.922769	-0.980001	0.187941	-0.065399
272	2249328													9.516595	0.170000	-1.938269	-0.198455	-0.903599	0.379636	0.012167	0.385040	0.922820	-0.980035	0.187757	-0.065419
273	2249495													9.555107	0.166366	-1.938502	-0.198288	-0.903714	0.379452	0.012101	0.384852	0.922899	-0.980069	0.187591	-0.065376
274	2249662													9.534628	0.186624	-1.939830	-0.198076	-0.903840	0.379262	0.012100	0.384644	0.922986	-0.980112	0.187410	-0.065252
275	2249828													9.486913	0.215052	-1.962744	-0.197955	-0.903948	0.379067	0.012167	0.384423	0.923077	-0.980136	0.187340	-0.065100
276	2249995													9.587762	0.201966	-1.962934	-0.197917	-0.904032	0.378888	0.012196	0.384233	0.923156	-0.980143	0.187328	-0.065021
277	2250162													9.619258	0.224571	-1.950696	-0.197753	-0.904123	0.378755	0.012277	0.384071	0.923222	-0.980175	0.187220	-0.064851
278	2250328													9.616643	0.303645	-1.937389	-0.197556	-0.904161	0.378767	0.012536	0.384020	0.923240	-0.980212	0.187139	-0.064531
279	2250495													9.601690	0.288378	-1.904941	-0.197254	-0.904163	0.378919	0.012845	0.384096	0.923204	-0.980268	0.186973	-0.064150
280	2250662													9.585013	0.259346	-1.881935	-0.196860	-0.904127	0.379212	0.012994	0.384340	0.923100	-0.980346	0.186648	-0.063913
281	2250828													9.573688	0.218962	-1.896144	-0.196414	-0.904108	0.379488	0.012972	0.384597	0.922994	-0.980435	0.186212	-0.063812
282	2250995													9.534782	0.215279	-1.872703	-0.195948	-0.904099	0.379750	0.012806	0.384865	0.922884	-0.980531	0.185700	-0.063836
283	2251162													9.525321	0.193174	-1.874586	-0.195528	-0.904102	0.379958	0.012605	0.385088	0.922794	-0.980617	0.185222	-0.063899
284	2251328													9.539157	0.175414	-1.846242	-0.195127	-0.904102	0.380165	0.012478	0.385296	0.922709	-0.980699	0.184789	-0.063900
285	2251495													9.525818	0.154053	-1.840787	-0.194818	-0.904151	0.380207	0.012392	0.385335	0.922694	-0.980761	0.184469	-0.063866
286	2251662													9.530753	0.137109	-1.852634	-0.194538	-0.904244	0.380129	0.012268	0.385259	0.922727	-0.980818	0.184169	-0.063854
287	2251828													9.538010	0.150366	-1.853402	-0.194386	-0.904372	0.379901	0.012073	0.385053	0.922815	-0.980851	0.183969	-0.063930
288	2251995													9.586457	0.182280	-1.841778	-0.194297	-0.904522	0.379590	0.011924	0.384758	0.922940	-0.980870	0.183851	-0.063972
289	2252162													9.569253	0.214565	-1.842474	-0.194145	-0.904636	0.379397	0.011882	0.384559	0.923024	-0.980901	0.183708	-0.063911
