// Start Time: Unknown
// Update Rate: 60.0Hz
//Filter Profile: human (46.1)
// Option Flags: AHS Disabled ICC Disabled
// Firmware Version: 4.0.2
0	sampleTimeFine	Year	Month	Day	Second	UTC_Nano	UTC_Year	UTC_Month	UTC_Day	UTC_Hour	UTC_Minute	UTC_Second	UTC_Valid	Acc_X	Acc_Y	Acc_Z	Mat[1][1]	Mat[2][1]	Mat[3][1]	Mat[1][2]	Mat[2][2]	Mat[3][2]	Mat[1][3]	Mat[2][3]	Mat[3][3]
0	2203827													0.091655	0.192281	-0.347410	0.334642	-0.823560	-0.457999	0.006353	-0.484038	0.875024	-0.942324	-0.295729	-0.156747
1	2203994													9.255846	0.056261	3.293371	0.334053	-0.824312	-0.457076	0.006062	-0.483044	0.875575	-0.942535	-0.295259	-0.156365
2	2204161													9.274157	0.057734	3.273982	0.334028	-0.824469	-0.456811	0.005856	-0.482823	0.875699	-0.942545	-0.295183	-0.156449
3	2204327													9.266597	0.045375	3.283920	0.333778	-0.824284	-0.457326	0.005689	-0.483378	0.875393	-0.942635	-0.294789	-0.156652
4	2204494													9.254269	0.044323	3.273124	0.333601	-0.824202	-0.457604	0.005458	-0.483715	0.875209	-0.942699	-0.294468	-0.156869
5	2204661													9.263980	0.054967	3.274457	0.333438	-0.824035	-0.458024	0.005235	-0.484201	0.874941	-0.942758	-0.294136	-0.157137
6	2204827													9.263167	0.056644	3.279532	0.333301	-0.824064	-0.458072	0.005074	-0.484278	0.874900	-0.942807	-0.293929	-0.157229
7	2204994													9.249774	0.051529	3.288652	0.333188	-0.824183	-0.457939	0.004956	-0.484154	0.874969	-0.942847	-0.293799	-0.157230
8	2205161													9.264104	0.070834	3.291523	0.333141	-0.824048	-0.458216	0.004852	-0.484471	0.874794	-0.942865	-0.293653	-0.157399
9	2205327													9.258843	0.053768	3.290590	0.333154	-0.824040	-0.458222	0.004798	-0.484497	0.874780	-0.942860	-0.293635	-0.157459
10	2205494													9.247235	0.047993	3.280773	0.333170	-0.824011	-0.458262	0.004736	-0.484562	0.874744	-0.942855	-0.293608	-0.157539
11	2205661													9.263343	0.043440	3.294803	0.333091	-0.824234	-0.457918	0.004625	-0.484217	0.874936	-0.942883	-0.293551	-0.157476
12	2205827													9.254580	0.040354	3.278123	0.333049	-0.824341	-0.457757	0.004482	-0.484083	0.875011	-0.942899	-0.293473	-0.157529
13	2205994													9.268992	0.028159	3.257496	0.333048	-0.824407	-0.457637	0.004306	-0.484011	0.875052	-0.942900	-0.293405	-0.157649
14	2206161													9.273346	0.040683	3.313885	0.333042	-0.824501	-0.457472	0.004169	-0.483877	0.875126	-0.942903	-0.293360	-0.157714
15	2206327													9.227281	0.008812	3.242601	0.333083	-0.824488	-0.457465	0.004010	-0.483927	0.875099	-0.942889	-0.293315	-0.157881
16	2206494													9.241961	0.030469	3.217928	0.333086	-0.824466	-0.457504	0.003857	-0.484015	0.875051	-0.942888	-0.293232	-0.158039
17	2206661													9.328533	-0.011923	3.291062	0.333071	-0.824443	-0.457555	0.003753	-0.484100	0.875005	-0.942894	-0.293156	-0.158145
18	2206827													9.302037	0.066789	3.297249	0.333101	-0.824723	-0.457029	0.003747	-0.483549	0.875309	-0.942884	-0.293279	-0.157980
19	2206994													9.247702	0.107733	3.274569	0.333297	-0.824246	-0.457747	0.003910	-0.484294	0.874896	-0.942814	-0.293391	-0.158191
20	2207161													9.228350	0.021318	3.343289	0.333305	-0.824207	-0.457810	0.004018	-0.484330	0.874876	-0.942811	-0.293440	-0.158117
21	2207327													9.276424	0.028706	3.297349	0.333147	-0.824334	-0.457697	0.004030	-0.484177	0.874961	-0.942866	-0.293335	-0.157980
22	2207494													9.242130	0.051854	3.320056	0.333148	-0.824237	-0.457870	0.004174	-0.484317	0.874883	-0.942865	-0.293377	-0.157909
23	2207661													9.207282	0.096692	3.342254	0.333006	-0.824213	-0.458017	0.004266	-0.484419	0.874826	-0.942915	-0.293276	-0.157798
24	2207827													9.234811	0.060532	3.320936	0.332847	-0.824383	-0.457827	0.004375	-0.484155	0.874971	-0.942971	-0.293234	-0.157543
25	2207994													9.241652	0.023410	3.312691	0.332759	-0.824483	-0.457711	0.004432	-0.483999	0.875057	-0.943002	-0.293212	-0.157401
26	2208161													9.242768	0.032783	3.315030	0.332670	-0.824408	-0.457910	0.004393	-0.484206	0.874943	-0.943033	-0.293079	-0.157459
27	2208328													9.241406	0.027390	3.305328	0.332635	-0.824421	-0.457912	0.004377	-0.484207	0.874942	-0.943045	-0.293041	-0.157456
28	2208494													9.237579	0.034564	3.337220	0.332659	-0.824490	-0.457771	0.004363	-0.484066	0.875021	-0.943037	-0.293081	-0.157431
29	2208661													9.228820	0.043919	3.315144	0.332590	-0.824596	-0.457629	0.004285	-0.483928	0.875097	-0.943062	-0.293010	-0.157416
30	2208828													9.237268	0.049269	3.281378	0.332455	-0.824698	-0.457545	0.004199	-0.483841	0.875146	-0.943110	-0.292868	-0.157392
31	2208994													9.313258	0.001871	3.231024	0.332236	-0.824917	-0.457309	0.004012	-0.483610	0.875274	-0.943188	-0.292632	-0.157363
32	2209161													9.296505	0.056748	3.320598	0.332237	-0.825013	-0.457135	0.003930	-0.483452	0.875362	-0.943188	-0.292624	-0.157379
33	2209328													9.264222	0.118308	3.208648	0.332164	-0.825035	-0.457148	0.004059	-0.483412	0.875384	-0.943213	-0.292626	-0.157223
34	2209494													9.264633	0.089774	3.264140	0.332173	-0.824985	-0.457231	0.004162	-0.483470	0.875351	-0.943209	-0.292671	-0.157162
35	2209661													9.304392	0.051745	3.240494	0.331966	-0.825066	-0.457237	0.004180	-0.483433	0.875371	-0.943282	-0.292505	-0.157034
36	2209828													9.276889	0.051615	3.242790	0.331932	-0.825074	-0.457246	0.004241	-0.483418	0.875379	-0.943294	-0.292505	-0.156963
37	2209994													9.263600	0.090807	3.278184	0.331868	-0.824879	-0.457645	0.004319	-0.483806	0.875165	-0.943316	-0.292416	-0.156997
38	2210161													9.267076	0.105351	3.274572	0.331783	-0.824886	-0.457693	0.004398	-0.483817	0.875158	-0.943345	-0.292376	-0.156894
39	2210328													9.271013	0.058682	3.280741	0.331780	-0.824906	-0.457660	0.004405	-0.483780	0.875179	-0.943346	-0.292383	-0.156875
40	2210494													9.249581	0.068735	3.254077	0.331732	-0.824930	-0.457650	0.004347	-0.483779	0.875180	-0.943363	-0.292315	-0.156899
41	2210661													9.271164	0.092102	3.270792	0.331671	-0.825067	-0.457448	0.004349	-0.483553	0.875304	-0.943385	-0.292302	-0.156793
42	2210828													9.263732	0.067926	3.256788	0.331601	-0.825148	-0.457353	0.004363	-0.483436	0.875369	-0.943410	-0.292269	-0.156708
43	2210994													9.273055	0.059051	3.252715	0.331564	-0.825267	-0.457165	0.004363	-0.483229	0.875483	-0.943423	-0.292273	-0.156621
44	2211161													9.247021	0.072071	3.304269	0.331586	-0.825430	-0.456855	0.004371	-0.482902	0.875663	-0.943415	-0.292355	-0.156516
45	2211328													9.252099	0.079113	3.273474	0.331539	-0.825443	-0.456866	0.004406	-0.482895	0.875667	-0.943431	-0.292331	-0.156462
46	2211494													9.258024	0.084534	3.287808	0.331492	-0.825491	-0.456812	0.004392	-0.482834	0.875701	-0.943448	-0.292294	-0.156431
47	2211661													9.266662	0.082632	3.298872	0.331466	-0.825604	-0.456627	0.004375	-0.482638	0.875809	-0.943457	-0.292299	-0.156366
48	2211828													9.272215	0.089441	3.313828	0.331451	-0.825618	-0.456614	0.004380	-0.482620	0.875819	-0.943462	-0.292290	-0.156349
49	2211994													9.244181	0.074607	3.277569	0.331413	-0.825638	-0.456605	0.004340	-0.482616	0.875821	-0.943476	-0.292240	-0.156362
50	2212161													9.258408	0.077253	3.296759	0.331355	-0.825691	-0.456551	0.004285	-0.482566	0.875849	-0.943497	-0.292173	-0.156362
51	2212328													9.263322	0.075401	3.306000	0.331383	-0.825799	-0.456335	0.004239	-0.482356	0.875965	-0.943487	-0.292214	-0.156344
52	2212494													9.260274	0.072497	3.301902	0.331426	-0.825692	-0.456497	0.004182	-0.482553	0.875857	-0.943472	-0.292190	-0.156478
53	2212661													9.252238	0.069493	3.302903	0.331475	-0.825758	-0.456341	0.004107	-0.482419	0.875931	-0.943455	-0.292224	-0.156519
54	2212828													9.250425	0.061014	3.304991	0.331566	-0.825787	-0.456223	0.004023	-0.482336	0.875977	-0.943423	-0.292280	-0.156604
55	2212994													9.255443	0.068266	3.304058	0.331699	-0.825869	-0.455979	0.003910	-0.482136	0.876088	-0.943377	-0.292380	-0.156695
56	2213161													9.254813	0.062036	3.291598	0.331803	-0.826008	-0.455650	0.003775	-0.481847	0.876247	-0.943341	-0.292462	-0.156760
57	2213328													9.246441	0.065620	3.301086	0.331775	-0.826102	-0.455500	0.003633	-0.481727	0.876314	-0.943352	-0.292394	-0.156824
58	2213494													9.277004	0.063721	3.258594	0.331853	-0.826164	-0.455331	0.003472	-0.481611	0.876378	-0.943325	-0.292410	-0.156955
59	2213661													9.255907	0.074024	3.286545	0.331930	-0.826196	-0.455216	0.003338	-0.481545	0.876415	-0.943298	-0.292428	-0.157081
60	2213828													9.271838	0.075565	3.290336	0.332032	-0.826207	-0.455123	0.003194	-0.481508	0.876436	-0.943263	-0.292459	-0.157237
61	2213994													9.251333	0.070716	3.258007	0.332111	-0.826274	-0.454944	0.003049	-0.481377	0.876508	-0.943235	-0.292485	-0.157351
62	2214161													9.259248	0.068987	3.277740	0.332189	-0.826209	-0.455004	0.002913	-0.481497	0.876443	-0.943208	-0.292470	-0.157541
63	2214328													9.254374	0.075537	3.271872	0.332208	-0.826185	-0.455034	0.002802	-0.481566	0.876405	-0.943202	-0.292423	-0.157665
64	2214494													9.248101	0.068306	3.282891	0.332239	-0.826205	-0.454976	0.002701	-0.481542	0.876419	-0.943191	-0.292409	-0.157755
65	2214661													9.253247	0.057849	3.274515	0.332253	-0.826346	-0.454709	0.002608	-0.481290	0.876558	-0.943187	-0.292425	-0.157755
66	2214828													9.250172	0.065809	3.270700	0.332260	-0.826464	-0.454489	0.002558	-0.481073	0.876677	-0.943184	-0.292447	-0.157728
67	2214994													9.258990	0.056286	3.295707	0.332235	-0.826553	-0.454345	0.002454	-0.480949	0.876745	-0.943193	-0.292400	-0.157760
68	2215161													9.251026	0.042163	3.303046	0.332183	-0.826593	-0.454310	0.002384	-0.480924	0.876759	-0.943212	-0.292328	-0.157784
69	2215328													9.267302	0.055270	3.301204	0.332147	-0.826604	-0.454317	0.002321	-0.480944	0.876748	-0.943225	-0.292264	-0.157826
70	2215494													9.259438	0.042972	3.297209	0.332128	-0.826638	-0.454270	0.002267	-0.480908	0.876768	-0.943232	-0.292229	-0.157849
71	2215661													9.257241	0.044699	3.293093	0.332115	-0.826710	-0.454147	0.002202	-0.480796	0.876830	-0.943236	-0.292208	-0.157859
72	2215828													9.249563	0.037364	3.298361	0.332076	-0.826752	-0.454100	0.002128	-0.480761	0.876849	-0.943250	-0.292147	-0.157890
73	2215994													9.252940	0.055899	3.303572	0.332054	-0.826829	-0.453976	0.002113	-0.480631	0.876920	-0.943258	-0.292144	-0.157849
74	2216161													9.261890	0.054408	3.308693	0.332064	-0.826934	-0.453776	0.002059	-0.480437	0.877027	-0.943254	-0.292164	-0.157834
75	2216328													9.231078	0.055599	3.300807	0.332089	-0.827062	-0.453526	0.002015	-0.480190	0.877162	-0.943246	-0.292210	-0.157799
76	2216494													9.240323	0.057988	3.318367	0.332110	-0.827093	-0.453453	0.001979	-0.480128	0.877196	-0.943239	-0.292223	-0.157818
77	2216661													9.260885	0.050143	3.338409	0.332382	-0.827269	-0.452933	0.001913	-0.479644	0.877461	-0.943143	-0.292519	-0.157843
78	2216828													9.230470	0.074126	3.301610	0.332896	-0.827365	-0.452379	0.001890	-0.479155	0.877728	-0.942962	-0.293047	-0.157946
79	2216994													9.235746	0.073685	3.308649	0.333243	-0.827464	-0.451943	0.001856	-0.478765	0.877941	-0.942839	-0.293407	-0.158010
80	2217161													9.248735	0.047500	3.322917	0.333618	-0.827422	-0.451743	0.001773	-0.478645	0.878007	-0.942707	-0.293720	-0.158218
81	2217328													9.226928	0.038149	3.326968	0.334167	-0.827568	-0.451069	0.001694	-0.478053	0.878329	-0.942512	-0.294273	-0.158347
82	2217494													9.187533	0.063712	3.326861	0.334665	-0.827621	-0.450602	0.001622	-0.477669	0.878538	-0.942336	-0.294747	-0.158517
83	2217661													9.214650	0.063313	3.309900	0.334953	-0.827779	-0.450099	0.001599	-0.477192	0.878797	-0.942233	-0.295076	-0.158513
84	2217828													9.251844	0.024363	3.266877	0.335167	-0.827950	-0.449624	0.001575	-0.476734	0.879046	-0.942158	-0.295335	-0.158481
85	2217994													9.238250	0.065923	3.250950	0.335503	-0.827981	-0.449317	0.001595	-0.476462	0.879194	-0.942038	-0.295689	-0.158534
86	2218161													9.272969	0.003422	3.305202	0.335678	-0.827993	-0.449163	0.001586	-0.476332	0.879264	-0.941975	-0.295862	-0.158581
87	2218328													9.337171	0.070505	3.403864	0.335746	-0.827970	-0.449154	0.001824	-0.476261	0.879302	-0.941951	-0.296042	-0.158393
88	2218494													9.285272	0.133434	3.348944	0.335953	-0.827846	-0.449228	0.002155	-0.476272	0.879295	-0.941876	-0.296370	-0.158221
89	2218661													9.167623	0.054895	3.397249	0.336236	-0.827679	-0.449325	0.002422	-0.476342	0.879257	-0.941775	-0.296726	-0.158158
90	2218828													9.177467	0.039077	3.384349	0.336100	-0.827746	-0.449303	0.002408	-0.476298	0.879281	-0.941823	-0.296608	-0.158090
91	2218994													9.250307	0.049279	3.329185	0.335899	-0.827720	-0.449501	0.002406	-0.476473	0.879186	-0.941895	-0.296400	-0.158055
92	2219161													9.218288	0.102040	3.346045	0.335788	-0.827678	-0.449662	0.002371	-0.476635	0.879098	-0.941935	-0.296256	-0.158086
93	2219328													9.183697	0.072262	3.326918	0.335584	-0.827732	-0.449715	0.002293	-0.476680	0.879074	-0.942008	-0.296034	-0.158068
94	2219494													9.233138	0.048222	3.326924	0.335491	-0.827789	-0.449678	0.002244	-0.476640	0.879096	-0.942041	-0.295938	-0.158051
95	2219661													9.221288	0.077986	3.338406	0.335424	-0.827768	-0.449768	0.002152	-0.476752	0.879035	-0.942065	-0.295817	-0.158133
96	2219828													9.200968	0.053571	3.344476	0.335293	-0.827761	-0.449879	0.002027	-0.476885	0.878963	-0.942112	-0.295622	-0.158218
97	2219994													9.218946	0.057445	3.346287	0.335175	-0.827843	-0.449815	0.001909	-0.476834	0.878992	-0.942154	-0.295475	-0.158243
98	2220161													9.241957	0.062378	3.379908	0.335159	-0.827768	-0.449966	0.001839	-0.477013	0.878894	-0.942160	-0.295396	-0.158353
99	2220328													9.214369	0.093726	3.328122	0.335059	-0.827797	-0.449986	0.001763	-0.477041	0.878879	-0.942196	-0.295269	-0.158377
100	2220494													9.246250	0.009086	3.266957	0.334896	-0.827867	-0.449978	0.001591	-0.477056	0.878871	-0.942254	-0.295047	-0.158447
101	2220661													9.290022	0.065912	3.393034	0.334807	-0.827729	-0.450298	0.001552	-0.477393	0.878688	-0.942286	-0.294890	-0.158550
102	2220828													9.264977	0.124558	3.251971	0.334597	-0.827623	-0.450649	0.001619	-0.477707	0.878518	-0.942360	-0.294679	-0.158499
103	2220994													9.226238	0.121538	3.330529	0.334688	-0.827486	-0.450834	0.001718	-0.477889	0.878419	-0.942327	-0.294771	-0.158522
104	2221161													9.221035	0.059755	3.345717	0.334543	-0.827558	-0.450809	0.001633	-0.477862	0.878433	-0.942379	-0.294609	-0.158514
105	2221328													9.277557	0.042996	3.315974	0.334382	-0.827470	-0.451089	0.001562	-0.478153	0.878275	-0.942436	-0.294384	-0.158593
106	2221494													9.225913	0.072949	3.362421	0.334352	-0.827479	-0.451095	0.001449	-0.478190	0.878255	-0.942447	-0.294300	-0.158684
107	2221661													9.206473	0.093815	3.353378	0.334287	-0.827511	-0.451085	0.001344	-0.478201	0.878249	-0.942470	-0.294194	-0.158745
108	2221828													9.235916	0.064801	3.341715	0.334204	-0.827673	-0.450850	0.001282	-0.477956	0.878383	-0.942500	-0.294137	-0.158674
109	2221994													9.237947	0.037940	3.336791	0.334126	-0.827755	-0.450757	0.001171	-0.477877	0.878426	-0.942528	-0.294033	-0.158702
110	2222161													9.217971	0.069159	3.340536	0.334011	-0.827783	-0.450790	0.001110	-0.477911	0.878408	-0.942568	-0.293898	-0.158709
111	2222328													9.232167	0.062410	3.339886	0.333866	-0.827793	-0.450879	0.001066	-0.477993	0.878363	-0.942620	-0.293736	-0.158703
112	2222494													9.254782	0.044186	3.329755	0.333742	-0.827884	-0.450804	0.001058	-0.477894	0.878417	-0.942664	-0.293641	-0.158617
113	2222661													9.249326	0.067021	3.324503	0.333627	-0.827888	-0.450882	0.001048	-0.477960	0.878381	-0.942705	-0.293524	-0.158592
114	2222828													9.240283	0.062655	3.339816	0.333501	-0.827957	-0.450848	0.001030	-0.477907	0.878410	-0.942749	-0.293415	-0.158530
115	2222994													9.259918	0.074724	3.293734	0.333367	-0.828073	-0.450734	0.001025	-0.477763	0.878488	-0.942796	-0.293321	-0.158421
116	2223161													9.251902	0.082221	3.330976	0.333282	-0.828078	-0.450788	0.001005	-0.477811	0.878462	-0.942827	-0.293229	-0.158413
117	2223328													9.237885	0.065185	3.343600	0.333182	-0.828129	-0.450768	0.001003	-0.477773	0.878483	-0.942862	-0.293147	-0.158354
118	2223494													9.235270	0.078051	3.345009	0.333127	-0.828203	-0.450674	0.000994	-0.477666	0.878541	-0.942882	-0.293113	-0.158300
119	2223661													9.238856	0.063302	3.341583	0.333108	-0.828302	-0.450505	0.000932	-0.477503	0.878630	-0.942888	-0.293099	-0.158288
120	2223828													9.231549	0.060162	3.340128	0.333059	-0.828449	-0.450270	0.000826	-0.477278	0.878752	-0.942906	-0.293048	-0.158278
121	2223994													9.232968	0.045905	3.328867	0.333034	-0.828481	-0.450231	0.000698	-0.477272	0.878756	-0.942915	-0.292969	-0.158369
122	2224161													9.245625	0.058203	3.331037	0.333041	-0.828493	-0.450203	0.000567	-0.477284	0.878749	-0.942912	-0.292915	-0.158485
123	2224328													9.215974	0.049790	3.321744	0.332967	-0.828598	-0.450065	0.000387	-0.477181	0.878805	-0.942938	-0.292787	-0.158565
124	2224494													9.246298	0.034238	3.340057	0.332868	-0.828651	-0.450040	0.000220	-0.477188	0.878801	-0.942973	-0.292624	-0.158658
125	2224661													9.237581	0.023819	3.326115	0.332831	-0.828683	-0.450008	0.000040	-0.477203	0.878793	-0.942987	-0.292507	-0.158795
126	2224828													9.219046	0.049767	3.315275	0.332773	-0.828743	-0.449941	-0.000150	-0.477181	0.878805	-0.943007	-0.292375	-0.158918
127	2224995													9.240692	0.045507	3.323853	0.332668	-0.828806	-0.449902	-0.000317	-0.477173	0.878809	-0.943044	-0.292209	-0.159003
128	2225161													9.261010	0.043230	3.301476	0.332612	-0.828803	-0.449950	-0.000485	-0.477265	0.878759	-0.943064	-0.292067	-0.159146
129	2225328													9.248166	0.053279	3.324720	0.332559	-0.828894	-0.449822	-0.000637	-0.477167	0.878812	-0.943082	-0.291970	-0.159215
130	2225495													9.242121	0.047463	3.314464	0.332444	-0.828868	-0.449954	-0.000751	-0.477322	0.878728	-0.943123	-0.291790	-0.159305
131	2225661													9.250985	0.040650	3.324697	0.332309	-0.828912	-0.449973	-0.000855	-0.477349	0.878713	-0.943170	-0.291619	-0.159336
132	2225828													9.257321	0.045335	3.302239	0.332198	-0.828933	-0.450016	-0.000929	-0.477399	0.878686	-0.943209	-0.291480	-0.159361
133	2225995													9.249149	0.049974	3.321151	0.332033	-0.829005	-0.450005	-0.001009	-0.477382	0.878695	-0.943267	-0.291302	-0.159343
134	2226161													9.254781	0.044843	3.285998	0.331869	-0.829069	-0.450009	-0.001065	-0.477374	0.878699	-0.943325	-0.291134	-0.159308
135	2226328													9.264475	0.056579	3.297267	0.331792	-0.829133	-0.449947	-0.001097	-0.477305	0.878737	-0.943352	-0.291065	-0.159275
136	2226495													9.249764	0.033023	3.316660	0.331711	-0.829095	-0.450077	-0.001139	-0.477441	0.878663	-0.943380	-0.290950	-0.159317
137	2226661													9.241771	0.045767	3.310632	0.331658	-0.829117	-0.450076	-0.001149	-0.477434	0.878667	-0.943399	-0.290900	-0.159297
138	2226828													9.228596	0.046910	3.335891	0.331599	-0.829152	-0.450055	-0.001155	-0.477402	0.878684	-0.943420	-0.290851	-0.159264
139	2226995													9.236251	0.046936	3.314213	0.331519	-0.829145	-0.450127	-0.001178	-0.477471	0.878646	-0.943448	-0.290758	-0.159267
140	2227161													9.251824	0.048642	3.314335	0.331477	-0.829092	-0.450254	-0.001228	-0.477615	0.878569	-0.943462	-0.290673	-0.159336
141	2227328													9.256921	0.026125	3.303662	0.331437	-0.829185	-0.450113	-0.001331	-0.477489	0.878637	-0.943476	-0.290614	-0.159362
142	2227495													9.254147	0.033301	3.287148	0.331423	-0.829130	-0.450225	-0.001445	-0.477640	0.878554	-0.943481	-0.290523	-0.159499
143	2227661													9.271456	0.037801	3.314112	0.331411	-0.829069	-0.450346	-0.001579	-0.477808	0.878463	-0.943485	-0.290421	-0.159660
144	2227828													9.280208	0.015812	3.343613	0.331454	-0.829000	-0.450442	-0.001695	-0.477953	0.878384	-0.943470	-0.290380	-0.159824
145	2227995													9.239479	0.008742	3.303407	0.331514	-0.829011	-0.450377	-0.001823	-0.477935	0.878394	-0.943448	-0.290379	-0.159953
146	2228161													9.230744	0.057907	3.253570	0.331593	-0.829035	-0.450274	-0.001894	-0.477861	0.878433	-0.943421	-0.290429	-0.160025
147	2228328													9.276779	-0.019980	3.275474	0.331650	-0.829019	-0.450262	-0.001986	-0.477887	0.878419	-0.943400	-0.290434	-0.160138
148	2228495													9.303463	0.020871	3.380806	0.331706	-0.828923	-0.450397	-0.001960	-0.478032	0.878340	-0.943381	-0.290468	-0.160191
149	2228661													9.263354	0.106382	3.287462	0.331907	-0.828862	-0.450361	-0.001786	-0.477977	0.878371	-0.943310	-0.290734	-0.160124
150	2228828													9.205204	0.053593	3.350829	0.332055	-0.828653	-0.450637	-0.001624	-0.478246	0.878224	-0.943259	-0.290887	-0.160150
151	2228995													9.278600	0.016085	3.353216	0.331921	-0.828658	-0.450726	-0.001712	-0.478344	0.878171	-0.943306	-0.290712	-0.160191
152	2229161													9.265168	0.022153	3.319789	0.331952	-0.828581	-0.450845	-0.001727	-0.478479	0.878097	-0.943295	-0.290707	-0.160263
153	2229328													9.189194	0.060418	3.337222	0.331980	-0.828522	-0.450934	-0.001777	-0.478594	0.878035	-0.943285	-0.290689	-0.160356
154	2229495													9.225509	0.050254	3.340245	0.331870	-0.828663	-0.450755	-0.001854	-0.478408	0.878136	-0.943323	-0.290591	-0.160305
155	2229661													9.259001	0.021826	3.318027	0.331845	-0.828688	-0.450727	-0.001919	-0.478394	0.878143	-0.943332	-0.290542	-0.160343
156	2229828													9.224765	0.006443	3.332030	0.331844	-0.828737	-0.450638	-0.002043	-0.478338	0.878173	-0.943332	-0.290495	-0.160427
157	2229995													9.215279	0.018067	3.302632	0.331746	-0.828793	-0.450607	-0.002206	-0.478338	0.878173	-0.943366	-0.290336	-0.160515
158	2230161													9.250118	-0.017218	3.311037	0.331721	-0.828815	-0.450585	-0.002367	-0.478359	0.878161	-0.943374	-0.290238	-0.160643
159	2230328													9.253693	0.004094	3.351517	0.331726	-0.828748	-0.450705	-0.002509	-0.478531	0.878067	-0.943372	-0.290147	-0.160821
160	2230495													9.223215	0.032057	3.347972	0.331721	-0.828686	-0.450822	-0.002612	-0.478686	0.877982	-0.943374	-0.290068	-0.160955
161	2230661													9.234772	-0.012566	3.286495	0.331560	-0.828738	-0.450846	-0.002828	-0.478748	0.877948	-0.943430	-0.289817	-0.161078
162	2230828													9.314372	0.010978	3.343264	0.331421	-0.828707	-0.451004	-0.002942	-0.478926	0.877851	-0.943478	-0.289612	-0.161164
163	2230995													9.275823	0.068173	3.249141	0.331296	-0.828696	-0.451116	-0.002964	-0.479028	0.877794	-0.943522	-0.289473	-0.161156
164	2231161													9.244686	0.100641	3.285221	0.331368	-0.828655	-0.451138	-0.002869	-0.479036	0.877791	-0.943497	-0.289577	-0.161114
165	2231328													9.263582	0.041072	3.290983	0.331220	-0.828640	-0.451276	-0.002913	-0.479168	0.877718	-0.943549	-0.289403	-0.161124
166	2231495													9.306859	0.007451	3.255783	0.331137	-0.828648	-0.451321	-0.002941	-0.479210	0.877695	-0.943578	-0.289310	-0.161122
167	2231661													9.248546	0.020671	3.313153	0.331178	-0.828505	-0.451554	-0.002903	-0.479453	0.877563	-0.943564	-0.289319	-0.161190
168	2231828													9.230906	0.037178	3.292114	0.331071	-0.828527	-0.451592	-0.002921	-0.479478	0.877549	-0.943601	-0.289212	-0.161162
169	2231995													9.274282	0.021121	3.277898	0.331086	-0.828621	-0.451408	-0.002903	-0.479281	0.877657	-0.943596	-0.289269	-0.161089
170	2232161													9.243759	0.017080	3.282182	0.331130	-0.828677	-0.451273	-0.002903	-0.479146	0.877730	-0.943581	-0.289333	-0.161065
171	2232328													9.236753	0.005506	3.324528	0.331125	-0.828709	-0.451218	-0.002931	-0.479095	0.877758	-0.943582	-0.289325	-0.161069
172	2232495													9.268177	0.021583	3.300879	0.331135	-0.828728	-0.451175	-0.002903	-0.479043	0.877787	-0.943579	-0.289356	-0.161034
173	2232661													9.255743	0.019433	3.301265	0.331147	-0.828804	-0.451027	-0.002862	-0.478876	0.877878	-0.943575	-0.289416	-0.160950
174	2232828													9.245780	0.022240	3.298015	0.331169	-0.828819	-0.450983	-0.002833	-0.478825	0.877906	-0.943567	-0.289458	-0.160920
175	2232995													9.263779	0.036313	3.325286	0.331232	-0.828765	-0.451037	-0.002810	-0.478886	0.877873	-0.943545	-0.289512	-0.160951
176	2233161													9.264069	0.025380	3.313417	0.331283	-0.828699	-0.451120	-0.002789	-0.478977	0.877823	-0.943527	-0.289550	-0.160988
177	2233328													9.245468	0.042984	3.311694	0.331382	-0.828653	-0.451132	-0.002768	-0.479000	0.877810	-0.943493	-0.289642	-0.161025
178	2233495													9.251934	0.052098	3.300332	0.331485	-0.828617	-0.451122	-0.002768	-0.479009	0.877805	-0.943456	-0.289731	-0.161078
179	2233661													9.259127	0.032615	3.291087	0.331578	-0.828528	-0.451217	-0.002776	-0.479128	0.877740	-0.943424	-0.289787	-0.161168
180	2233828													9.229355	0.031214	3.314988	0.331766	-0.828436	-0.451249	-0.002808	-0.479206	0.877698	-0.943357	-0.289924	-0.161310
181	2233995													9.239323	0.020917	3.306389	0.331907	-0.828411	-0.451190	-0.002841	-0.479179	0.877712	-0.943308	-0.290037	-0.161397
182	2234161													9.235028	0.000857	3.348838	0.332038	-0.828325	-0.451252	-0.002903	-0.479288	0.877653	-0.943262	-0.290104	-0.161546
183	2234328													9.224872	0.013483	3.342388	0.332127	-0.828291	-0.451249	-0.002976	-0.479323	0.877633	-0.943230	-0.290143	-0.161661
184	2234495													9.237314	0.005448	3.328138	0.332228	-0.828244	-0.451260	-0.003084	-0.479387	0.877598	-0.943194	-0.290171	-0.161820
185	2234661													9.247767	0.006640	3.333531	0.332355	-0.828192	-0.451263	-0.003170	-0.479439	0.877569	-0.943149	-0.290234	-0.161970
186	2234828													9.228821	0.005601	3.334008	0.332465	-0.828066	-0.451413	-0.003287	-0.479654	0.877451	-0.943110	-0.290238	-0.162190
187	2234995													9.229227	0.017992	3.324380	0.332463	-0.828053	-0.451440	-0.003421	-0.479724	0.877413	-0.943110	-0.290162	-0.162323
188	2235161													9.255309	0.010194	3.324883	0.332511	-0.828013	-0.451476	-0.003526	-0.479804	0.877369	-0.943093	-0.290143	-0.162459
189	2235328													9.242256	0.021493	3.329411	0.332591	-0.827939	-0.451553	-0.003650	-0.479937	0.877295	-0.943064	-0.290132	-0.162645
190	2235495													9.246242	0.027166	3.303861	0.332639	-0.827941	-0.451515	-0.003740	-0.479934	0.877297	-0.943047	-0.290134	-0.162741
191	2235661													9.262721	0.026429	3.318993	0.332702	-0.827983	-0.451391	-0.003797	-0.479832	0.877352	-0.943024	-0.290183	-0.162785
192	2235828													9.240254	0.020320	3.324732	0.332778	-0.827899	-0.451490	-0.003832	-0.479960	0.877282	-0.942998	-0.290210	-0.162892
193	2235995													9.235352	0.031653	3.329003	0.332783	-0.827902	-0.451480	-0.003849	-0.479956	0.877284	-0.942996	-0.290207	-0.162908
194	2236161													9.244246	0.012764	3.316678	0.332764	-0.827905	-0.451488	-0.003840	-0.479959	0.877283	-0.943002	-0.290195	-0.162892
195	2236328													9.245129	0.009373	3.302524	0.332788	-0.827897	-0.451485	-0.003813	-0.479952	0.877286	-0.942994	-0.290229	-0.162879
196	2236495													9.242014	0.016648	3.334742	0.332789	-0.827879	-0.451518	-0.003786	-0.479979	0.877272	-0.942994	-0.290237	-0.162866
197	2236661													9.236975	0.013121	3.310821	0.332801	-0.827875	-0.451517	-0.003768	-0.479974	0.877275	-0.942990	-0.290256	-0.162855
198	2236828													9.242668	0.012888	3.312412	0.332779	-0.827932	-0.451427	-0.003738	-0.479866	0.877334	-0.942998	-0.290270	-0.162784
199	2236995													9.248033	0.016447	3.317082	0.332773	-0.827824	-0.451631	-0.003666	-0.480058	0.877229	-0.943000	-0.290262	-0.162785
200	2237161													9.247192	0.007596	3.312165	0.332771	-0.827764	-0.451741	-0.003631	-0.480164	0.877171	-0.943001	-0.290257	-0.162790
201	2237328													9.251359	0.015764	3.314787	0.332744	-0.827754	-0.451779	-0.003624	-0.480197	0.877153	-0.943010	-0.290230	-0.162783
202	2237495													9.237283	0.011941	3.335771	0.332800	-0.827669	-0.451894	-0.003622	-0.480329	0.877081	-0.942990	-0.290256	-0.162852
203	2237661													9.228900	0.011104	3.345925	0.332842	-0.827618	-0.451957	-0.003588	-0.480393	0.877046	-0.942976	-0.290296	-0.162864
204	2237828													9.262710	0.015267	3.309544	0.332872	-0.827663	-0.451853	-0.003563	-0.480280	0.877108	-0.942965	-0.290355	-0.162821
205	2237995													9.261537	0.029228	3.338611	0.332900	-0.827689	-0.451784	-0.003566	-0.480213	0.877145	-0.942955	-0.290390	-0.162815
206	2238161													9.257049	0.006720	3.342491	0.332962	-0.827630	-0.451846	-0.003605	-0.480302	0.877096	-0.942933	-0.290411	-0.162906
207	2238328													9.257608	0.011680	3.311568	0.332981	-0.827648	-0.451799	-0.003700	-0.480285	0.877105	-0.942926	-0.290388	-0.162988
208	2238495													9.265460	0.013286	3.314994	0.333056	-0.827682	-0.451681	-0.003827	-0.480213	0.877144	-0.942899	-0.290409	-0.163106
209	2238661													9.258142	0.003326	3.355226	0.333157	-0.827709	-0.451558	-0.003920	-0.480129	0.877189	-0.942863	-0.290472	-0.163202
210	2238828													9.227695	-0.019118	3.284267	0.333209	-0.827730	-0.451482	-0.004028	-0.480092	0.877209	-0.942845	-0.290475	-0.163305
211	2238995													9.226580	0.012470	3.263210	0.333271	-0.827743	-0.451410	-0.004114	-0.480054	0.877229	-0.942822	-0.290498	-0.163393
212	2239161													9.276357	-0.044406	3.330541	0.333325	-0.827714	-0.451423	-0.004122	-0.480080	0.877215	-0.942803	-0.290537	-0.163435
213	2239328													9.280366	0.011942	3.348610	0.333353	-0.827602	-0.451610	-0.003986	-0.480241	0.877128	-0.942794	-0.290593	-0.163389
214	2239495													9.256553	0.087926	3.309596	0.333513	-0.827489	-0.451698	-0.003679	-0.480269	0.877114	-0.942738	-0.290867	-0.163220
215	2239661													9.230079	0.010766	3.383775	0.333597	-0.827347	-0.451895	-0.003480	-0.480432	0.877025	-0.942709	-0.291000	-0.163150
216	2239828													9.253542	-0.010433	3.344566	0.333454	-0.827355	-0.451987	-0.003487	-0.480506	0.876985	-0.942760	-0.290858	-0.163111
217	2239995													9.245118	0.011737	3.337095	0.333475	-0.827292	-0.452088	-0.003393	-0.480587	0.876940	-0.942753	-0.290903	-0.163071
218	2240161													9.191661	0.065881	3.358938	0.333435	-0.827330	-0.452046	-0.003374	-0.480530	0.876972	-0.942767	-0.290888	-0.163017
219	2240328													9.232762	0.011354	3.314112	0.333348	-0.827552	-0.451705	-0.003325	-0.480137	0.877187	-0.942798	-0.290906	-0.162804
220	2240495													9.240734	-0.028928	3.319046	0.333413	-0.827558	-0.451645	-0.003258	-0.480065	0.877227	-0.942775	-0.291008	-0.162756
221	2240661													9.214598	-0.002089	3.329753	0.333490	-0.827602	-0.451509	-0.003263	-0.479936	0.877297	-0.942748	-0.291096	-0.162754
222	2240828													9.220689	-0.008876	3.318803	0.333474	-0.827633	-0.451463	-0.003276	-0.479888	0.877323	-0.942754	-0.291085	-0.162742
223	2240995													9.237401	-0.041591	3.324250	0.333478	-0.827752	-0.451241	-0.003274	-0.479654	0.877452	-0.942752	-0.291133	-0.162664
224	2241161													9.240648	-0.007567	3.334091	0.333537	-0.827783	-0.451141	-0.003250	-0.479551	0.877508	-0.942731	-0.291215	-0.162639
225	2241328													9.215439	0.023152	3.376647	0.333577	-0.827725	-0.451218	-0.003173	-0.479616	0.877473	-0.942718	-0.291273	-0.162615
226	2241495													9.233041	-0.025325	3.286032	0.333421	-0.827726	-0.451330	-0.003201	-0.479715	0.877419	-0.942773	-0.291105	-0.162597
227	2241662													9.306567	0.003702	3.352410	0.333350	-0.827678	-0.451472	-0.003157	-0.479839	0.877351	-0.942798	-0.291040	-0.162567
228	2241828													9.256224	0.039096	3.275369	0.333226	-0.827678	-0.451564	-0.003010	-0.479869	0.877335	-0.942842	-0.290991	-0.162396
229	2241995													9.267806	0.088637	3.298664	0.333263	-0.827567	-0.451740	-0.002730	-0.479975	0.877278	-0.942830	-0.291131	-0.162217
230	2242162													9.274421	0.011680	3.331104	0.333118	-0.827551	-0.451876	-0.002590	-0.480050	0.877237	-0.942882	-0.291053	-0.162056
231	2242328													9.284788	0.003821	3.249929	0.333017	-0.827516	-0.452014	-0.002460	-0.480137	0.877190	-0.942918	-0.291008	-0.161929
232	2242495													9.252201	0.033974	3.300082	0.333001	-0.827419	-0.452203	-0.002327	-0.480294	0.877105	-0.942924	-0.291024	-0.161864
233	2242662													9.221760	0.055795	3.302212	0.332880	-0.827422	-0.452288	-0.002248	-0.480337	0.877081	-0.942967	-0.290946	-0.161755
234	2242828													9.266116	0.011537	3.304422	0.332775	-0.827538	-0.452152	-0.002163	-0.480148	0.877185	-0.943004	-0.290928	-0.161571
235	2242995													9.245498	0.015607	3.305861	0.332733	-0.827580	-0.452107	-0.002079	-0.480066	0.877230	-0.943019	-0.290943	-0.161454
236	2243162													9.236199	0.030528	3.314732	0.332636	-0.827602	-0.452137	-0.002004	-0.480057	0.877235	-0.943053	-0.290894	-0.161343
237	2243328													9.278882	0.021969	3.314146	0.332561	-0.827592	-0.452210	-0.001921	-0.480096	0.877214	-0.943080	-0.290859	-0.161251
238	2243495													9.260221	0.012917	3.305978	0.332528	-0.827641	-0.452145	-0.001847	-0.479998	0.877268	-0.943092	-0.290881	-0.161141
239	2243662													9.267373	0.024329	3.277490	0.332500	-0.827657	-0.452137	-0.001776	-0.479963	0.877287	-0.943102	-0.290895	-0.161058
240	2243828													9.261469	0.027018	3.319414	0.332516	-0.827656	-0.452126	-0.001721	-0.479937	0.877301	-0.943096	-0.290938	-0.161012
241	2243995													9.250692	0.037299	3.281928	0.332489	-0.827697	-0.452071	-0.001660	-0.479855	0.877346	-0.943106	-0.290957	-0.160920
242	2244162													9.260983	0.054609	3.297653	0.332551	-0.827661	-0.452092	-0.001590	-0.479867	0.877340	-0.943084	-0.291042	-0.160896
243	2244328													9.259798	0.040275	3.303446	0.332623	-0.827624	-0.452107	-0.001546	-0.479882	0.877332	-0.943059	-0.291122	-0.160899
244	2244495													9.249660	0.033262	3.322847	0.332700	-0.827646	-0.452009	-0.001507	-0.479780	0.877388	-0.943031	-0.291226	-0.160870
245	2244828													9.251702	0.029861	3.330146	0.332807	-0.827604	-0.452009	-0.001441	-0.479779	0.877388	-0.942994	-0.291349	-0.160866
246	2244995													9.254873	0.026306	3.289929	0.332853	-0.827584	-0.452011	-0.001417	-0.479782	0.877386	-0.942978	-0.291400	-0.160870
247	2245162													9.247332	0.027959	3.307670	0.332925	-0.827617	-0.451896	-0.001445	-0.479682	0.877441	-0.942952	-0.291469	-0.160894
248	2245328													9.248691	0.027337	3.323973	0.333007	-0.827527	-0.452002	-0.001431	-0.479805	0.877374	-0.942923	-0.291525	-0.160962
249	2245495													9.245090	0.040744	3.305345	0.333064	-0.827509	-0.451992	-0.001418	-0.479801	0.877376	-0.942903	-0.291582	-0.160978
250	2245662													9.241117	0.030140	3.303178	0.333110	-0.827517	-0.451944	-0.001371	-0.479743	0.877408	-0.942887	-0.291654	-0.160942
251	2245828													9.258586	0.051111	3.314636	0.333140	-0.827432	-0.452077	-0.001365	-0.479889	0.877328	-0.942876	-0.291656	-0.161000
252	2245995													9.247797	0.039503	3.316231	0.333166	-0.827461	-0.452004	-0.001367	-0.479816	0.877368	-0.942867	-0.291691	-0.160989
253	2246162													9.238967	0.061590	3.294681	0.333158	-0.827396	-0.452130	-0.001378	-0.479951	0.877294	-0.942870	-0.291655	-0.161040
254	2246328													9.252292	0.058832	3.303307	0.333188	-0.827406	-0.452090	-0.001389	-0.479918	0.877312	-0.942859	-0.291682	-0.161053
255	2246495													9.234919	0.052084	3.284990	0.333229	-0.827337	-0.452186	-0.001419	-0.480037	0.877247	-0.942845	-0.291683	-0.161136
256	2246662													9.235673	0.053049	3.291623	0.333218	-0.827347	-0.452176	-0.001414	-0.480022	0.877255	-0.942849	-0.291678	-0.161121
257	2246828													9.266511	0.029228	3.316900	0.333228	-0.827384	-0.452101	-0.001444	-0.479954	0.877292	-0.942845	-0.291686	-0.161129
258	2246995													9.246674	0.025291	3.325100	0.333270	-0.827373	-0.452090	-0.001474	-0.479960	0.877289	-0.942830	-0.291708	-0.161176
259	2247162													9.241954	0.022226	3.303608	0.333316	-0.827317	-0.452159	-0.001484	-0.480044	0.877243	-0.942814	-0.291728	-0.161234
260	2247328													9.252514	0.030952	3.299384	0.333316	-0.827390	-0.452024	-0.001458	-0.479892	0.877326	-0.942814	-0.291768	-0.161162
261	2247495													9.246244	0.022394	3.299434	0.333392	-0.827424	-0.451906	-0.001470	-0.479785	0.877385	-0.942787	-0.291848	-0.161173
262	2247662													9.237145	0.028145	3.300668	0.333425	-0.827439	-0.451856	-0.001507	-0.479749	0.877405	-0.942776	-0.291867	-0.161207
263	2247828													9.262830	0.013897	3.300382	0.333456	-0.827462	-0.451789	-0.001540	-0.479694	0.877434	-0.942764	-0.291890	-0.161231
264	2247995													9.251719	0.014834	3.290715	0.333527	-0.827463	-0.451736	-0.001596	-0.479668	0.877449	-0.942739	-0.291932	-0.161303
265	2248162													9.256522	0.012209	3.295461	0.333568	-0.827450	-0.451728	-0.001625	-0.479677	0.877444	-0.942725	-0.291953	-0.161350
266	2248328													9.271557	0.024615	3.327028	0.333652	-0.827496	-0.451582	-0.001666	-0.479549	0.877513	-0.942695	-0.292032	-0.161381
267	2248495													9.243942	0.020409	3.321746	0.333721	-0.827499	-0.451526	-0.001723	-0.479520	0.877529	-0.942670	-0.292071	-0.161452
268	2248662													9.254838	0.016426	3.311042	0.333815	-0.827452	-0.451542	-0.001757	-0.479565	0.877505	-0.942637	-0.292131	-0.161540
269	2248828													9.242923	0.033445	3.332889	0.333909	-0.827355	-0.451650	-0.001753	-0.479696	0.877433	-0.942604	-0.292191	-0.161626
270	2248995													9.263493	0.037400	3.330718	0.333950	-0.827349	-0.451631	-0.001732	-0.479676	0.877444	-0.942589	-0.292240	-0.161621
271	2249162													9.252952	0.026260	3.306449	0.334066	-0.827288	-0.451657	-0.001767	-0.479736	0.877411	-0.942548	-0.292315	-0.161726
272	2249328													9.245077	0.004136	3.304830	0.334239	-0.827255	-0.451589	-0.001822	-0.479712	0.877424	-0.942487	-0.292447	-0.161846
273	2249495													9.226501	0.003955	3.301200	0.334351	-0.827216	-0.451579	-0.001914	-0.479750	0.877403	-0.942447	-0.292496	-0.161988
274	2249662													9.266915	0.022201	3.340757	0.334488	-0.827221	-0.451467	-0.001988	-0.479679	0.877442	-0.942398	-0.292597	-0.162091
275	2249828													9.234221	0.013461	3.329038	0.334609	-0.827181	-0.451451	-0.001985	-0.479683	0.877440	-0.942355	-0.292703	-0.162149
276	2249995													9.243073	0.015279	3.270401	0.334740	-0.827101	-0.451501	-0.001982	-0.479760	0.877398	-0.942308	-0.292805	-0.162234
277	2250162													9.255721	0.010764	3.262218	0.334954	-0.826977	-0.451570	-0.001990	-0.479874	0.877335	-0.942232	-0.292968	-0.162382
278	2250328													9.291529	-0.018102	3.336659	0.335148	-0.826776	-0.451792	-0.001881	-0.480112	0.877205	-0.942163	-0.293144	-0.162464
279	2250495													9.301301	0.111181	3.382360	0.335294	-0.826643	-0.451928	-0.001617	-0.480200	0.877158	-0.942112	-0.293375	-0.162345
280	2250662													9.262248	0.102025	3.322202	0.335586	-0.826524	-0.451928	-0.001285	-0.480151	0.877185	-0.942009	-0.293791	-0.162194
281	2250828													9.230765	0.001171	3.423061	0.335783	-0.826381	-0.452045	-0.001132	-0.480262	0.877124	-0.941939	-0.294012	-0.162199
282	2250995													9.231912	0.025949	3.383818	0.335846	-0.826400	-0.451963	-0.001161	-0.480196	0.877161	-0.941916	-0.294066	-0.162231
283	2251162													9.224537	0.037765	3.365916	0.335976	-0.826336	-0.451983	-0.001126	-0.480230	0.877142	-0.941870	-0.294190	-0.162276
284	2251328													9.196285	0.073008	3.359153	0.336025	-0.826434	-0.451767	-0.001197	-0.480032	0.877250	-0.941852	-0.294237	-0.162291
285	2251495													9.221867	0.005471	3.335564	0.336037	-0.826626	-0.451408	-0.001279	-0.479679	0.877443	-0.941848	-0.294275	-0.162247
