// Start Time: Unknown
// Update Rate: 60.0Hz
//Filter Profile: human (46.1)
// Option Flags: AHS Disabled ICC Disabled
// Firmware Version: 4.0.2
0	sampleTimeFine	Year	Month	Day	Second	UTC_Nano	UTC_Year	UTC_Month	UTC_Day	UTC_Hour	UTC_Minute	UTC_Second	UTC_Valid	Acc_X	Acc_Y	Acc_Z	Mat[1][1]	Mat[2][1]	Mat[3][1]	Mat[1][2]	Mat[2][2]	Mat[3][2]	Mat[1][3]	Mat[2][3]	Mat[3][3]
0	2257732													-49.293350	-427.013245	-858.872253	0.650104	-0.759169	-0.032064	0.303953	0.221148	0.926664	-0.696403	-0.612174	0.374521
1	2257898													9.670987	0.634637	1.573978	0.650078	-0.759189	-0.032100	0.304051	0.221174	0.926626	-0.696385	-0.612139	0.374613
2	2258065													9.663270	0.629716	1.563804	0.649291	-0.759867	-0.031985	0.304083	0.220826	0.926698	-0.697104	-0.611423	0.374443
3	2258232													9.686931	0.631690	1.566275	0.648964	-0.760148	-0.031951	0.304148	0.220709	0.926705	-0.697381	-0.611116	0.374429
4	2265899													9.686475	0.613335	1.529354	0.635826	-0.771252	-0.029928	0.303720	0.214366	0.928333	-0.709563	-0.599347	0.370544
