// Start Time: Unknown
// Update Rate: 60.0Hz
//Filter Profile: human (46.1)
// Option Flags: AHS Disabled ICC Disabled
// Firmware Version: 4.0.2
0	sampleTimeFine	Year	Month	Day	Second	UTC_Nano	UTC_Year	UTC_Month	UTC_Day	UTC_Hour	UTC_Minute	UTC_Second	UTC_Valid	Acc_X	Acc_Y	Acc_Z	Mat[1][1]	Mat[2][1]	Mat[3][1]	Mat[1][2]	Mat[2][2]	Mat[3][2]	Mat[1][3]	Mat[2][3]	Mat[3][3]
0	2257732													-698.608643	-531.412292	-38.003815	-0.068890	-0.918482	0.389416	0.491497	0.308436	0.814431	-0.868150	0.247503	0.430183
1	2257898													9.660071	0.234529	-1.182629	-0.069376	-0.918165	0.390076	0.491078	0.308928	0.814498	-0.868349	0.248064	0.429459
2	2258065													9.588659	0.206777	-1.217780	-0.070083	-0.917825	0.390751	0.490073	0.309504	0.814884	-0.868860	0.248606	0.428110
3	2258232													9.586198	0.192226	-1.221289	-0.070762	-0.917439	0.391534	0.489596	0.310039	0.814967	-0.869073	0.249362	0.427236
4	2265899													9.728662	0.201478	-1.184108	-0.066456	-0.919247	0.388032	0.471808	0.313718	0.824001	-0.879193	0.237836	0.412859
