// Start Time: Unknown
// Update Rate: 60.0Hz
//Filter Profile: human (46.1)
// Option Flags: AHS Disabled ICC Disabled
// Firmware Version: 4.0.2
0	sampleTimeFine	Year	Month	Day	Second	UTC_Nano	UTC_Year	UTC_Month	UTC_Day	UTC_Hour	UTC_Minute	UTC_Second	UTC_Valid	Acc_X	Acc_Y	Acc_Z	Mat[1][1]	Mat[2][1]	Mat[3][1]	Mat[1][2]	Mat[2][2]	Mat[3][2]	Mat[1][3]	Mat[2][3]	Mat[3][3]
0	1539440													-0.228249	-0.097656	-0.533226	0.134128	-0.915805	-0.378565	-0.046509	-0.387414	0.920732	-0.989872	-0.105890	-0.094557
1	1539607													9.732752	-0.433926	1.299175	0.133864	-0.915646	-0.379043	-0.046796	-0.387899	0.920513	-0.989894	-0.105486	-0.094774
2	1539773													9.735891	-0.430847	1.292102	0.133305	-0.915409	-0.379811	-0.046389	-0.388574	0.920249	-0.989989	-0.105055	-0.094264
3	1539940													9.735513	-0.433623	1.294824	0.132688	-0.915447	-0.379936	-0.045891	-0.388589	0.920268	-0.990095	-0.104672	-0.093572
4	1540107													9.735160	-0.428784	1.285303	0.132229	-0.915324	-0.380390	-0.045550	-0.388966	0.920125	-0.990172	-0.104341	-0.093126
5	1540273													9.744257	-0.442323	1.286151	0.131829	-0.915266	-0.380670	-0.045318	-0.389185	0.920044	-0.990236	-0.104037	-0.092784
6	1540440													9.729620	-0.436608	1.289909	0.131487	-0.915231	-0.380872	-0.045205	-0.389344	0.919982	-0.990287	-0.103749	-0.092566
7	1540607													9.726701	-0.445660	1.311356	0.131221	-0.915209	-0.381015	-0.045155	-0.389458	0.919937	-0.990324	-0.103510	-0.092431
8	1540773													9.734322	-0.463469	1.287477	0.131071	-0.915090	-0.381354	-0.045162	-0.389785	0.919798	-0.990344	-0.103336	-0.092416
9	1540940													9.729723	-0.450223	1.304071	0.130921	-0.915048	-0.381507	-0.045263	-0.389935	0.919729	-0.990359	-0.103144	-0.092469
10	1541107													9.739367	-0.461238	1.299729	0.130758	-0.915047	-0.381565	-0.045386	-0.389990	0.919700	-0.990375	-0.102941	-0.092525
11	1541273													9.753985	-0.447003	1.305986	0.130605	-0.915017	-0.381689	-0.045523	-0.390115	0.919640	-0.990389	-0.102734	-0.092605
12	1541440													9.748508	-0.454443	1.305535	0.130458	-0.914987	-0.381811	-0.045653	-0.390237	0.919582	-0.990402	-0.102536	-0.092681
13	1541607													9.742120	-0.449091	1.285259	0.130313	-0.915035	-0.381745	-0.045776	-0.390171	0.919604	-0.990416	-0.102362	-0.092731
14	1541773													9.730292	-0.439748	1.320477	0.130184	-0.915014	-0.381839	-0.045894	-0.390265	0.919558	-0.990427	-0.102187	-0.092800
15	1541940													9.733128	-0.446737	1.319206	0.130081	-0.914940	-0.382052	-0.046004	-0.390481	0.919461	-0.990436	-0.102028	-0.092885
16	1542107													9.747369	-0.449266	1.316077	0.129939	-0.914857	-0.382300	-0.046132	-0.390729	0.919349	-0.990448	-0.101823	-0.092975
17	1542274													9.731795	-0.448890	1.290619	0.129808	-0.914834	-0.382398	-0.046260	-0.390829	0.919300	-0.990459	-0.101643	-0.093053
18	1542440													9.741827	-0.443387	1.290754	0.129664	-0.914788	-0.382557	-0.046385	-0.390988	0.919226	-0.990472	-0.101446	-0.093130
19	1542607													9.734592	-0.440706	1.302816	0.129447	-0.914802	-0.382597	-0.046502	-0.391019	0.919207	-0.990495	-0.101197	-0.093157
20	1542774													9.764060	-0.450414	1.287470	0.129338	-0.914776	-0.382696	-0.046633	-0.391122	0.919157	-0.990503	-0.101036	-0.093246
21	1542940													9.696703	-0.441788	1.247561	0.129154	-0.914712	-0.382911	-0.046735	-0.391331	0.919063	-0.990523	-0.100805	-0.093291
22	1543107													9.768561	-0.416084	1.275719	0.129076	-0.914707	-0.382949	-0.046816	-0.391370	0.919042	-0.990529	-0.100698	-0.093340
23	1543274													9.800782	-0.442345	1.277014	0.129020	-0.914711	-0.382959	-0.046790	-0.391372	0.919042	-0.990538	-0.100656	-0.093294
24	1543440													9.794459	-0.414268	1.291404	0.129113	-0.914652	-0.383069	-0.046700	-0.391482	0.919000	-0.990530	-0.100766	-0.093259
25	1543607													9.753680	-0.481579	1.291887	0.129208	-0.914621	-0.383111	-0.046738	-0.391538	0.918974	-0.990515	-0.100833	-0.093337
26	1543774													9.714142	-0.475849	1.325005	0.129212	-0.914543	-0.383297	-0.046822	-0.391733	0.918887	-0.990511	-0.100784	-0.093438
27	1543940													9.702762	-0.421221	1.303352	0.129197	-0.914452	-0.383517	-0.046835	-0.391954	0.918792	-0.990512	-0.100743	-0.093467
28	1544107													9.739207	-0.430690	1.280665	0.129134	-0.914436	-0.383577	-0.046815	-0.392007	0.918770	-0.990522	-0.100687	-0.093430
29	1544274													9.739484	-0.422564	1.287922	0.129040	-0.914366	-0.383776	-0.046827	-0.392198	0.918688	-0.990533	-0.100576	-0.093426
30	1544440													9.746549	-0.415183	1.269468	0.128942	-0.914329	-0.383896	-0.046873	-0.392315	0.918636	-0.990544	-0.100456	-0.093444
31	1544607													9.749438	-0.443793	1.268002	0.128878	-0.914328	-0.383921	-0.046969	-0.392344	0.918619	-0.990548	-0.100357	-0.093509
32	1544774													9.733418	-0.446385	1.253981	0.128835	-0.914281	-0.384047	-0.047085	-0.392477	0.918556	-0.990548	-0.100259	-0.093613
33	1544940													9.739659	-0.444190	1.261792	0.128779	-0.914258	-0.384120	-0.047195	-0.392557	0.918516	-0.990550	-0.100157	-0.093702
34	1545107													9.757903	-0.437159	1.274299	0.128774	-0.914231	-0.384186	-0.047287	-0.392631	0.918480	-0.990546	-0.100109	-0.093792
35	1545274													9.735212	-0.443479	1.294331	0.128792	-0.914216	-0.384216	-0.047435	-0.392679	0.918452	-0.990536	-0.100064	-0.093940
36	1545440													9.737370	-0.446626	1.291328	0.128792	-0.914194	-0.384268	-0.047573	-0.392745	0.918416	-0.990530	-0.100004	-0.094073
37	1545607													9.725583	-0.441525	1.252255	0.128785	-0.914114	-0.384461	-0.047718	-0.392952	0.918320	-0.990524	-0.099920	-0.094226
38	1545774													9.733091	-0.414972	1.303688	0.128784	-0.914089	-0.384521	-0.047845	-0.393025	0.918282	-0.990518	-0.099863	-0.094350
39	1545940													9.761524	-0.402310	1.249792	0.128795	-0.914036	-0.384642	-0.047891	-0.393153	0.918225	-0.990514	-0.099842	-0.094410
40	1546107													9.759499	-0.416285	1.255718	0.128858	-0.914057	-0.384572	-0.047975	-0.393097	0.918245	-0.990502	-0.099874	-0.094505
41	1546274													9.755144	-0.431663	1.254370	0.128874	-0.914025	-0.384643	-0.048135	-0.393186	0.918198	-0.990492	-0.099818	-0.094668
42	1546440													9.743906	-0.438393	1.292806	0.128908	-0.913988	-0.384719	-0.048240	-0.393276	0.918154	-0.990483	-0.099798	-0.094787
43	1546607													9.746237	-0.450459	1.301304	0.128969	-0.914046	-0.384560	-0.048287	-0.393127	0.918215	-0.990472	-0.099852	-0.094838
44	1546774													9.727406	-0.442002	1.294694	0.129039	-0.914125	-0.384350	-0.048342	-0.392928	0.918298	-0.990461	-0.099916	-0.094894
45	1546940													9.736504	-0.424700	1.296103	0.129108	-0.914106	-0.384372	-0.048368	-0.392960	0.918283	-0.990450	-0.099966	-0.094948
46	1547107													9.740001	-0.425801	1.278326	0.129204	-0.914074	-0.384415	-0.048399	-0.393016	0.918257	-0.990436	-0.100037	-0.095020
47	1547274													9.746513	-0.429817	1.306449	0.129287	-0.914064	-0.384411	-0.048431	-0.393023	0.918252	-0.990424	-0.100101	-0.095081
48	1547440													9.737431	-0.427293	1.311130	0.129423	-0.914035	-0.384435	-0.048471	-0.393064	0.918233	-0.990404	-0.100206	-0.095176
49	1547607													9.742565	-0.435457	1.290932	0.129529	-0.914079	-0.384293	-0.048515	-0.392936	0.918285	-0.990388	-0.100301	-0.095243
50	1547774													9.740334	-0.453406	1.303306	0.129672	-0.914048	-0.384319	-0.048560	-0.392980	0.918264	-0.990367	-0.100411	-0.095344
51	1547940													9.743023	-0.456824	1.307251	0.129799	-0.914066	-0.384234	-0.048632	-0.392915	0.918288	-0.990347	-0.100507	-0.095453
52	1548107													9.742494	-0.468948	1.274038	0.129938	-0.914027	-0.384280	-0.048702	-0.392982	0.918256	-0.990325	-0.100601	-0.095578
53	1548274													9.746614	-0.466277	1.326340	0.130061	-0.914007	-0.384285	-0.048792	-0.393008	0.918240	-0.990305	-0.100677	-0.095712
54	1548440													9.734380	-0.448472	1.301592	0.130208	-0.914004	-0.384243	-0.048891	-0.392990	0.918242	-0.990281	-0.100777	-0.095857
55	1548607													9.751456	-0.437603	1.312965	0.130300	-0.914051	-0.384100	-0.049033	-0.392869	0.918286	-0.990261	-0.100819	-0.096010
56	1548774													9.741299	-0.442523	1.285328	0.130383	-0.914082	-0.383999	-0.049178	-0.392791	0.918312	-0.990243	-0.100848	-0.096166
57	1548940													9.729780	-0.439670	1.295102	0.130462	-0.914073	-0.383992	-0.049344	-0.392809	0.918295	-0.990225	-0.100855	-0.096351
58	1549107													9.728157	-0.458917	1.309661	0.130468	-0.914073	-0.383990	-0.049471	-0.392820	0.918284	-0.990218	-0.100810	-0.096470
59	1549274													9.745541	-0.481366	1.290733	0.130549	-0.914019	-0.384092	-0.049641	-0.392947	0.918220	-0.990198	-0.100806	-0.096672
60	1549440													9.708306	-0.435581	1.294024	0.130596	-0.914020	-0.384074	-0.049789	-0.392949	0.918211	-0.990185	-0.100792	-0.096825
61	1549607													9.754835	-0.401622	1.298046	0.130642	-0.914106	-0.383852	-0.049876	-0.392739	0.918296	-0.990174	-0.100823	-0.096901
62	1549774													9.775077	-0.437234	1.318501	0.130733	-0.914182	-0.383641	-0.049965	-0.392545	0.918374	-0.990158	-0.100893	-0.096996
63	1549940													9.776406	-0.403039	1.321566	0.130884	-0.914197	-0.383554	-0.049931	-0.392470	0.918409	-0.990139	-0.101054	-0.097015
64	1550107													9.729151	-0.442413	1.336103	0.131078	-0.914216	-0.383441	-0.049954	-0.392378	0.918447	-0.990113	-0.101233	-0.097101
65	1550274													9.717863	-0.502556	1.366227	0.131220	-0.914234	-0.383350	-0.050056	-0.392310	0.918470	-0.990089	-0.101333	-0.097241
66	1550440													9.709306	-0.460142	1.344946	0.131292	-0.914227	-0.383342	-0.050068	-0.392311	0.918469	-0.990079	-0.101395	-0.097281
67	1550607													9.709653	-0.454135	1.307401	0.131314	-0.914250	-0.383280	-0.050029	-0.392247	0.918498	-0.990078	-0.101437	-0.097246
68	1550774													9.725871	-0.437746	1.338320	0.131330	-0.914249	-0.383277	-0.050027	-0.392245	0.918499	-0.990076	-0.101453	-0.097251
69	1550940													9.723382	-0.413535	1.324616	0.131304	-0.914244	-0.383299	-0.050039	-0.392266	0.918490	-0.990078	-0.101422	-0.097254
70	1551107													9.738342	-0.447033	1.311446	0.131302	-0.914189	-0.383430	-0.050087	-0.392403	0.918429	-0.990076	-0.101386	-0.097313
71	1551274													9.737119	-0.459521	1.321981	0.131259	-0.914191	-0.383439	-0.050140	-0.392413	0.918422	-0.990079	-0.101326	-0.097346
72	1551440													9.726000	-0.423180	1.324337	0.131220	-0.914137	-0.383581	-0.050206	-0.392558	0.918356	-0.990081	-0.101249	-0.097407
73	1551607													9.750862	-0.432582	1.296829	0.131175	-0.914163	-0.383536	-0.050280	-0.392516	0.918370	-0.990083	-0.101183	-0.097453
74	1551774													9.749360	-0.439659	1.313813	0.131113	-0.914145	-0.383599	-0.050361	-0.392581	0.918337	-0.990087	-0.101088	-0.097510
75	1551940													9.721951	-0.448684	1.332265	0.130989	-0.914142	-0.383649	-0.050464	-0.392630	0.918311	-0.990099	-0.100928	-0.097561
76	1552107													9.734270	-0.447450	1.287336	0.130881	-0.914164	-0.383633	-0.050601	-0.392617	0.918309	-0.990106	-0.100777	-0.097644
77	1552274													9.730476	-0.445458	1.311771	0.130741	-0.914191	-0.383617	-0.050733	-0.392601	0.918309	-0.990118	-0.100599	-0.097709
78	1552440													9.779518	-0.404455	1.269686	0.130673	-0.914208	-0.383599	-0.050703	-0.392573	0.918322	-0.990128	-0.100550	-0.097652
79	1552607													9.729157	-0.426259	1.300180	0.130646	-0.914176	-0.383685	-0.050781	-0.392665	0.918279	-0.990128	-0.100486	-0.097723
80	1552774													9.749903	-0.447808	1.307253	0.130586	-0.914180	-0.383695	-0.050923	-0.392682	0.918263	-0.990128	-0.100373	-0.097832
81	1552940													9.745515	-0.439502	1.357396	0.130615	-0.914179	-0.383687	-0.051041	-0.392689	0.918254	-0.990118	-0.100354	-0.097952
82	1553107													9.736063	-0.462189	1.322850	0.130636	-0.914214	-0.383598	-0.051084	-0.392607	0.918287	-0.990113	-0.100366	-0.097990
83	1553607													9.750919	-0.436147	1.316280	0.130760	-0.914277	-0.383406	-0.051203	-0.392438	0.918352	-0.990091	-0.100452	-0.098129
84	1553774													9.754939	-0.431394	1.313280	0.130863	-0.914249	-0.383437	-0.051284	-0.392488	0.918326	-0.990073	-0.100511	-0.098249
85	1553940													9.747386	-0.431473	1.311667	0.130991	-0.914232	-0.383432	-0.051304	-0.392498	0.918321	-0.990055	-0.100621	-0.098317
86	1554107													9.742894	-0.435296	1.301661	0.131180	-0.914280	-0.383254	-0.051298	-0.392336	0.918390	-0.990030	-0.100814	-0.098367
87	1554274													9.739628	-0.425297	1.321112	0.131380	-0.914263	-0.383227	-0.051335	-0.392334	0.918389	-0.990002	-0.100985	-0.098479
88	1554440													9.726554	-0.432481	1.334282	0.131587	-0.914260	-0.383163	-0.051409	-0.392297	0.918401	-0.989971	-0.101152	-0.098623
89	1554607													9.732627	-0.463426	1.335073	0.131750	-0.914233	-0.383172	-0.051479	-0.392330	0.918383	-0.989945	-0.101272	-0.098753
90	1554774													9.733843	-0.458967	1.335277	0.131927	-0.914248	-0.383075	-0.051521	-0.392255	0.918413	-0.989920	-0.101427	-0.098852
91	1554940													9.721523	-0.456346	1.327910	0.132054	-0.914265	-0.382990	-0.051583	-0.392189	0.918437	-0.989899	-0.101528	-0.098951
92	1555107													9.745050	-0.440782	1.342905	0.132140	-0.914274	-0.382939	-0.051644	-0.392152	0.918450	-0.989885	-0.101588	-0.099036
93	1555274													9.741392	-0.430919	1.338195	0.132278	-0.914283	-0.382869	-0.051673	-0.392098	0.918471	-0.989865	-0.101709	-0.099109
94	1555440													9.737293	-0.439713	1.328125	0.132446	-0.914294	-0.382786	-0.051733	-0.392039	0.918493	-0.989839	-0.101848	-0.099223
95	1555607													9.729501	-0.442466	1.339644	0.132610	-0.914296	-0.382724	-0.051817	-0.392001	0.918504	-0.989813	-0.101971	-0.099360
96	1555774													9.723027	-0.446189	1.340928	0.132740	-0.914316	-0.382632	-0.051899	-0.391930	0.918530	-0.989791	-0.102067	-0.099477
97	1555940													9.720223	-0.431394	1.308402	0.132852	-0.914355	-0.382498	-0.051985	-0.391816	0.918574	-0.989772	-0.102150	-0.099586
98	1556107													9.749560	-0.450155	1.349675	0.132977	-0.914404	-0.382339	-0.052031	-0.391673	0.918632	-0.989752	-0.102263	-0.099661
99	1556274													9.739829	-0.478461	1.349067	0.133098	-0.914477	-0.382121	-0.052117	-0.391476	0.918711	-0.989732	-0.102363	-0.099765
100	1556440													9.694357	-0.457018	1.352075	0.133115	-0.914465	-0.382145	-0.052228	-0.391513	0.918689	-0.989724	-0.102332	-0.099877
101	1556607													9.772752	-0.423423	1.340180	0.133213	-0.914529	-0.381956	-0.052290	-0.391339	0.918760	-0.989707	-0.102418	-0.099952
102	1556774													9.766755	-0.435103	1.366490	0.133383	-0.914597	-0.381736	-0.052259	-0.391132	0.918850	-0.989686	-0.102610	-0.099966
103	1556940													9.747568	-0.405710	1.363257	0.133618	-0.914595	-0.381657	-0.052115	-0.391062	0.918888	-0.989662	-0.102890	-0.099917
104	1557107													9.729212	-0.452601	1.371089	0.133836	-0.914593	-0.381587	-0.052094	-0.391011	0.918910	-0.989633	-0.103105	-0.099976
105	1557274													9.724680	-0.459092	1.378674	0.133963	-0.914590	-0.381549	-0.052129	-0.390990	0.918917	-0.989614	-0.103211	-0.100055
106	1557440													9.706775	-0.418248	1.399939	0.134154	-0.914587	-0.381488	-0.052059	-0.390941	0.918942	-0.989592	-0.103420	-0.100059
107	1557607													9.713723	-0.439877	1.374490	0.134293	-0.914597	-0.381415	-0.051983	-0.390874	0.918975	-0.989577	-0.103585	-0.100035
108	1557774													9.736171	-0.443890	1.346260	0.134431	-0.914609	-0.381337	-0.051909	-0.390802	0.919010	-0.989562	-0.103749	-0.100012
109	1557940													9.740759	-0.437435	1.357528	0.134586	-0.914641	-0.381206	-0.051880	-0.390683	0.919062	-0.989543	-0.103916	-0.100032
110	1558107													9.748917	-0.444458	1.343821	0.134746	-0.914676	-0.381067	-0.051888	-0.390560	0.919114	-0.989521	-0.104074	-0.100087
111	1558274													9.750022	-0.461073	1.336414	0.134953	-0.914685	-0.380972	-0.051905	-0.390487	0.919144	-0.989492	-0.104267	-0.100174
112	1558440													9.738612	-0.429152	1.324707	0.135246	-0.914649	-0.380954	-0.051888	-0.390498	0.919141	-0.989452	-0.104543	-0.100273
113	1558607													9.746452	-0.445224	1.331723	0.135571	-0.914645	-0.380849	-0.051860	-0.390422	0.919174	-0.989409	-0.104863	-0.100363
114	1558774													9.753828	-0.443600	1.332648	0.135944	-0.914609	-0.380802	-0.051813	-0.390408	0.919183	-0.989361	-0.105227	-0.100462
115	1558941													9.750476	-0.429199	1.371968	0.136358	-0.914570	-0.380746	-0.051786	-0.390391	0.919192	-0.989305	-0.105622	-0.100595
116	1559107													9.723805	-0.419668	1.377250	0.136740	-0.914535	-0.380695	-0.051769	-0.390377	0.919198	-0.989253	-0.105983	-0.100724
117	1559274													9.770369	-0.432778	1.349075	0.137326	-0.914503	-0.380561	-0.051770	-0.390302	0.919230	-0.989172	-0.106533	-0.100943
118	1559441													9.747750	-0.434292	1.332432	0.137967	-0.914421	-0.380525	-0.051640	-0.390318	0.919231	-0.989090	-0.107173	-0.101071
119	1559607													9.728590	-0.408014	1.371711	0.138751	-0.914273	-0.380595	-0.051391	-0.390442	0.919192	-0.988993	-0.107980	-0.101159
120	1559774													9.739361	-0.450746	1.409535	0.139415	-0.914149	-0.380651	-0.051281	-0.390554	0.919150	-0.988905	-0.108624	-0.101327
121	1559941													9.737494	-0.464014	1.410218	0.140075	-0.914075	-0.380586	-0.051161	-0.390544	0.919162	-0.988818	-0.109281	-0.101470
122	1560107													9.724665	-0.448940	1.424451	0.140677	-0.914058	-0.380405	-0.050997	-0.390406	0.919229	-0.988741	-0.109915	-0.101535
123	1560274													9.749524	-0.435249	1.398240	0.141352	-0.914028	-0.380226	-0.050785	-0.390272	0.919298	-0.988656	-0.110635	-0.101584
124	1560441													9.704037	-0.435099	1.438047	0.142014	-0.913983	-0.380088	-0.050526	-0.390172	0.919355	-0.988574	-0.111357	-0.101590
125	1560607													9.703169	-0.415201	1.395957	0.142630	-0.913863	-0.380145	-0.050272	-0.390265	0.919329	-0.988498	-0.112014	-0.101605
126	1560774													9.723868	-0.429645	1.487276	0.143299	-0.913772	-0.380113	-0.049991	-0.390270	0.919342	-0.988416	-0.112739	-0.101605
127	1560941													9.693917	-0.400318	1.485760	0.143891	-0.913622	-0.380251	-0.049729	-0.390440	0.919284	-0.988343	-0.113368	-0.101614
128	1561107													9.699101	-0.393807	1.504867	0.144412	-0.913547	-0.380234	-0.049508	-0.390451	0.919291	-0.988278	-0.113932	-0.101614
129	1561274													9.709801	-0.395179	1.512779	0.144870	-0.913461	-0.380264	-0.049338	-0.390510	0.919276	-0.988220	-0.114414	-0.101641
130	1561441													9.699076	-0.376392	1.515956	0.145253	-0.913444	-0.380159	-0.049207	-0.390428	0.919317	-0.988170	-0.114827	-0.101658
131	1561607													9.706176	-0.404719	1.534804	0.145601	-0.913449	-0.380014	-0.049088	-0.390305	0.919376	-0.988125	-0.115208	-0.101669
132	1561774													9.722392	-0.398022	1.508585	0.145912	-0.913442	-0.379913	-0.048972	-0.390221	0.919418	-0.988085	-0.115549	-0.101671
133	1561941													9.709167	-0.383663	1.490238	0.146189	-0.913476	-0.379724	-0.048873	-0.390048	0.919497	-0.988049	-0.115862	-0.101665
134	1562107													9.720659	-0.405624	1.455298	0.146441	-0.913452	-0.379686	-0.048790	-0.390026	0.919510	-0.988016	-0.116129	-0.101683
135	1562274													9.723792	-0.381398	1.461612	0.146795	-0.913408	-0.379653	-0.048681	-0.390016	0.919520	-0.987968	-0.116500	-0.101718
136	1562441													9.683062	-0.394321	1.506438	0.147157	-0.913354	-0.379644	-0.048558	-0.390031	0.919521	-0.987920	-0.116879	-0.101747
137	1562607													9.692737	-0.399612	1.489278	0.147471	-0.913283	-0.379692	-0.048514	-0.390106	0.919491	-0.987876	-0.117178	-0.101836
138	1562774													9.707996	-0.402564	1.480103	0.147784	-0.913219	-0.379725	-0.048463	-0.390166	0.919468	-0.987832	-0.117480	-0.101917
139	1562941													9.723728	-0.368388	1.483619	0.148148	-0.913151	-0.379746	-0.048364	-0.390214	0.919453	-0.987782	-0.117849	-0.101973
140	1563107													9.718699	-0.378482	1.513904	0.148466	-0.913117	-0.379705	-0.048253	-0.390192	0.919468	-0.987740	-0.118188	-0.101991
141	1563274													9.731081	-0.417391	1.470899	0.148809	-0.913049	-0.379732	-0.048178	-0.390246	0.919449	-0.987692	-0.118528	-0.102061
142	1563441													9.685609	-0.366389	1.504693	0.149170	-0.912944	-0.379845	-0.048102	-0.390388	0.919393	-0.987641	-0.118874	-0.102148
143	1563607													9.757741	-0.369668	1.464093	0.149587	-0.912901	-0.379784	-0.047972	-0.390354	0.919414	-0.987584	-0.119314	-0.102185
144	1563774													9.757817	-0.378006	1.504459	0.150276	-0.912827	-0.379690	-0.047835	-0.390314	0.919438	-0.987486	-0.120007	-0.102320
145	1563941													9.752125	-0.334342	1.493803	0.151121	-0.912705	-0.379648	-0.047543	-0.390325	0.919449	-0.987371	-0.120898	-0.102379
146	1564107													9.747077	-0.379907	1.513374	0.152133	-0.912592	-0.379514	-0.047349	-0.390272	0.919481	-0.987225	-0.121914	-0.102583
147	1564274													9.715591	-0.399288	1.550793	0.153131	-0.912442	-0.379473	-0.047258	-0.390324	0.919464	-0.987075	-0.122866	-0.102891
148	1564441													9.695005	-0.366176	1.551815	0.154159	-0.912288	-0.379427	-0.047107	-0.390367	0.919453	-0.986922	-0.123868	-0.103154
149	1564607													9.678944	-0.362789	1.573998	0.155121	-0.912160	-0.379343	-0.046907	-0.390358	0.919467	-0.986781	-0.124835	-0.103339
150	1564774													9.688093	-0.357985	1.605875	0.156077	-0.912062	-0.379186	-0.046707	-0.390276	0.919512	-0.986640	-0.125804	-0.103513
151	1564941													9.706531	-0.366229	1.596890	0.157100	-0.911898	-0.379158	-0.046556	-0.390337	0.919494	-0.986485	-0.126801	-0.103776
152	1565107													9.716063	-0.378867	1.613328	0.158197	-0.911736	-0.379093	-0.046429	-0.390371	0.919486	-0.986315	-0.127859	-0.104087
153	1565274													9.704010	-0.385269	1.622670	0.159416	-0.911526	-0.379088	-0.046315	-0.390481	0.919445	-0.986125	-0.129016	-0.104466
154	1565441													9.694095	-0.380819	1.593329	0.160723	-0.911264	-0.379165	-0.046205	-0.390685	0.919364	-0.985917	-0.130244	-0.104897
155	1565607													9.728650	-0.379588	1.589759	0.162108	-0.911005	-0.379197	-0.046083	-0.390850	0.919300	-0.985696	-0.131551	-0.105342
156	1565774													9.717449	-0.374851	1.596108	0.163595	-0.910789	-0.379079	-0.045947	-0.390873	0.919297	-0.985457	-0.132975	-0.105793
157	1565941													9.736610	-0.369277	1.589290	0.165143	-0.910548	-0.378987	-0.045806	-0.390929	0.919280	-0.985205	-0.134453	-0.106268
158	1566107													9.685880	-0.389718	1.580917	0.166744	-0.910224	-0.379063	-0.045676	-0.391163	0.919187	-0.984942	-0.135955	-0.106799
159	1566274													9.724240	-0.355325	1.581003	0.168441	-0.909970	-0.378923	-0.045544	-0.391189	0.919183	-0.984659	-0.137570	-0.107336
160	1566441													9.720112	-0.373621	1.580920	0.170301	-0.909652	-0.378856	-0.045309	-0.391294	0.919150	-0.984350	-0.139367	-0.107853
161	1566607													9.712892	-0.325955	1.644050	0.172325	-0.909287	-0.378816	-0.044967	-0.391430	0.919109	-0.984013	-0.141351	-0.108341
162	1566774													9.689508	-0.371306	1.687773	0.174301	-0.908979	-0.378650	-0.044757	-0.391452	0.919109	-0.983675	-0.143255	-0.108913
163	1566941													9.694902	-0.373396	1.720994	0.176249	-0.908641	-0.378561	-0.044576	-0.391554	0.919075	-0.983336	-0.145111	-0.109515
164	1567107													9.656885	-0.354606	1.752828	0.178238	-0.908279	-0.378497	-0.044332	-0.391678	0.919034	-0.982988	-0.147027	-0.110077
165	1567274													9.638709	-0.350117	1.815333	0.180186	-0.907934	-0.378402	-0.043992	-0.391753	0.919018	-0.982648	-0.148947	-0.110531
166	1567441													9.590860	-0.359812	1.889288	0.181955	-0.907638	-0.378268	-0.043623	-0.391762	0.919032	-0.982339	-0.150721	-0.110877
167	1567607													9.654392	-0.341212	1.870994	0.183485	-0.907359	-0.378197	-0.043268	-0.391810	0.919028	-0.982070	-0.152264	-0.111151
168	1567774													9.652711	-0.316658	1.884483	0.185047	-0.907081	-0.378102	-0.042921	-0.391839	0.919032	-0.981792	-0.153836	-0.111442
169	1567941													9.650668	-0.328295	1.909450	0.186685	-0.906838	-0.377882	-0.042551	-0.391746	0.919089	-0.981498	-0.155501	-0.111720
170	1568107													9.647132	-0.310232	1.927213	0.188293	-0.906576	-0.377711	-0.042202	-0.391703	0.919123	-0.981206	-0.157125	-0.112014
171	1568274													9.639151	-0.297873	1.939175	0.189926	-0.906359	-0.377415	-0.041848	-0.391536	0.919211	-0.980906	-0.158787	-0.112292
172	1568441													9.625764	-0.300133	1.962421	0.191581	-0.906112	-0.377170	-0.041530	-0.391428	0.919271	-0.980598	-0.160451	-0.112621
173	1568607													9.622934	-0.316553	1.979828	0.193175	-0.905898	-0.376873	-0.041248	-0.391266	0.919353	-0.980297	-0.162050	-0.112949
174	1568774													9.636996	-0.323838	2.002314	0.194766	-0.905700	-0.376528	-0.040984	-0.391058	0.919453	-0.979993	-0.163647	-0.113284
175	1568941													9.611466	-0.348435	2.030490	0.196259	-0.905476	-0.376292	-0.040733	-0.390952	0.919509	-0.979706	-0.165135	-0.113611
176	1569107													9.571840	-0.337860	2.049569	0.197545	-0.905279	-0.376093	-0.040529	-0.390868	0.919554	-0.979456	-0.166411	-0.113904
177	1569274													9.570938	-0.320670	1.925767	0.198523	-0.905124	-0.375951	-0.040330	-0.390805	0.919589	-0.979266	-0.167397	-0.114088
178	1569441													9.661521	-0.294181	1.886438	0.199498	-0.904979	-0.375784	-0.040165	-0.390723	0.919632	-0.979075	-0.168372	-0.114297
179	1569607													9.680800	-0.350769	1.866319	0.200577	-0.904769	-0.375714	-0.040005	-0.390752	0.919626	-0.978861	-0.169425	-0.114572
180	1569774													9.613900	-0.343636	1.922051	0.201845	-0.904509	-0.375662	-0.039766	-0.390808	0.919613	-0.978610	-0.170681	-0.114851
181	1569941													9.615271	-0.317495	1.932009	0.203065	-0.904243	-0.375646	-0.039510	-0.390893	0.919588	-0.978368	-0.171895	-0.115103
182	1570107													9.666255	-0.304342	1.989791	0.204448	-0.903994	-0.375493	-0.039164	-0.390842	0.919624	-0.978094	-0.173310	-0.115311
183	1570274													9.670861	-0.300928	2.069619	0.206043	-0.903724	-0.375273	-0.038739	-0.390734	0.919688	-0.977776	-0.174957	-0.115517
184	1570441													9.609970	-0.317081	2.096310	0.207695	-0.903376	-0.375199	-0.038380	-0.390794	0.919678	-0.977440	-0.176612	-0.115837
185	1570607													9.604276	-0.362741	2.110952	0.209317	-0.903053	-0.375076	-0.038100	-0.390813	0.919681	-0.977105	-0.178215	-0.116210
186	1570774													9.597541	-0.348598	2.115571	0.211007	-0.902572	-0.375285	-0.037819	-0.391180	0.919537	-0.976753	-0.179836	-0.116676
187	1570941													9.578280	-0.297547	2.150115	0.212708	-0.902096	-0.375471	-0.037471	-0.391512	0.919410	-0.976397	-0.181496	-0.117080
188	1571107													9.574885	-0.265121	2.158870	0.214367	-0.901615	-0.375683	-0.037174	-0.391877	0.919266	-0.976045	-0.183095	-0.117522
189	1571274													9.560725	-0.251321	2.226032	0.216020	-0.901153	-0.375843	-0.036861	-0.392184	0.919148	-0.975693	-0.184700	-0.117937
190	1571441													9.568681	-0.239862	2.231878	0.217625	-0.900686	-0.376038	-0.036627	-0.392537	0.919007	-0.975345	-0.186225	-0.118415
191	1571607													9.589929	-0.256082	2.199368	0.219320	-0.900190	-0.376239	-0.036483	-0.392926	0.918846	-0.974971	-0.187795	-0.119019
192	1571774													9.558082	-0.242072	2.223582	0.221006	-0.899720	-0.376378	-0.036366	-0.393255	0.918710	-0.974594	-0.189353	-0.119631
193	1571941													9.583550	-0.249751	2.222800	0.222653	-0.899265	-0.376493	-0.036248	-0.393557	0.918585	-0.974224	-0.190878	-0.120223
194	1572107													9.580330	-0.242817	2.206735	0.224236	-0.898826	-0.376604	-0.036202	-0.393861	0.918457	-0.973862	-0.192318	-0.120857
195	1572274													9.585389	-0.260006	2.240190	0.225857	-0.898399	-0.376653	-0.036192	-0.394115	0.918348	-0.973488	-0.193784	-0.121529
196	1572441													9.536810	-0.264899	2.175802	0.227279	-0.897966	-0.376831	-0.036218	-0.394485	0.918188	-0.973156	-0.195037	-0.122181
197	1572607													9.601600	-0.248041	2.226872	0.228791	-0.897592	-0.376808	-0.036267	-0.394665	0.918109	-0.972800	-0.196389	-0.122848
198	1572774													9.554677	-0.249567	2.265643	0.230292	-0.897219	-0.376781	-0.036196	-0.394818	0.918046	-0.972448	-0.197780	-0.123399
199	1572941													9.576324	-0.246243	2.267686	0.231766	-0.896835	-0.376791	-0.036142	-0.395009	0.917966	-0.972100	-0.199135	-0.123963
200	1573107													9.597189	-0.280377	2.289014	0.233293	-0.896484	-0.376684	-0.036171	-0.395105	0.917924	-0.971733	-0.200521	-0.124602
201	1573274													9.599460	-0.284754	2.355525	0.234918	-0.896083	-0.376628	-0.036233	-0.395275	0.917848	-0.971340	-0.201973	-0.125325
202	1573441													9.544792	-0.307497	2.397014	0.236600	-0.895679	-0.376536	-0.036306	-0.395419	0.917783	-0.970929	-0.203477	-0.126075
203	1573607													9.542757	-0.293887	2.373436	0.238272	-0.895242	-0.376521	-0.036378	-0.395641	0.917684	-0.970517	-0.204962	-0.126837
204	1573774													9.534541	-0.292545	2.399425	0.239974	-0.894837	-0.376403	-0.036405	-0.395755	0.917634	-0.970096	-0.206505	-0.127547
205	1573941													9.540504	-0.274267	2.408151	0.241751	-0.894394	-0.376320	-0.036415	-0.395913	0.917566	-0.969655	-0.208119	-0.128281
206	1574107													9.547510	-0.292449	2.433813	0.243618	-0.893918	-0.376247	-0.036367	-0.396082	0.917495	-0.969189	-0.209835	-0.129001
207	1574274													9.554500	-0.289850	2.456677	0.245567	-0.893425	-0.376150	-0.036258	-0.396226	0.917437	-0.968701	-0.211654	-0.129693
208	1574441													9.539148	-0.279723	2.429527	0.247609	-0.892877	-0.376112	-0.036162	-0.396447	0.917345	-0.968185	-0.213542	-0.130452
209	1574607													9.524020	-0.278370	2.448805	0.249759	-0.892303	-0.376054	-0.036050	-0.396661	0.917257	-0.967637	-0.215536	-0.131237
210	1574774													9.530470	-0.297551	2.441028	0.251890	-0.891745	-0.375955	-0.035884	-0.396821	0.917195	-0.967090	-0.217541	-0.131954
211	1574941													9.520162	-0.285712	2.483157	0.254117	-0.891177	-0.375804	-0.035710	-0.396939	0.917150	-0.966514	-0.219644	-0.132693
212	1575107													9.503222	-0.283249	2.519213	0.256405	-0.890576	-0.375673	-0.035518	-0.397085	0.917094	-0.965917	-0.221804	-0.133446
213	1575274													9.506774	-0.292701	2.521712	0.258677	-0.889987	-0.375511	-0.035308	-0.397194	0.917055	-0.965318	-0.223963	-0.134169
214	1575441													9.488130	-0.306915	2.537924	0.260912	-0.889369	-0.375430	-0.035051	-0.397372	0.916988	-0.964726	-0.226094	-0.134852
215	1575608													9.486894	-0.306114	2.548625	0.263146	-0.888691	-0.375476	-0.034758	-0.397673	0.916868	-0.964130	-0.228220	-0.135535
216	1575774													9.485028	-0.297044	2.605233	0.265446	-0.888003	-0.375486	-0.034403	-0.397934	0.916769	-0.963512	-0.230435	-0.136179
217	1575941													9.482865	-0.307478	2.634414	0.267740	-0.887308	-0.375499	-0.034034	-0.398194	0.916670	-0.962890	-0.232649	-0.136811
218	1576108													9.454490	-0.305372	2.668322	0.270117	-0.886584	-0.375506	-0.033688	-0.398467	0.916564	-0.962238	-0.234929	-0.137500
219	1576274													9.403332	-0.253694	2.699707	0.272430	-0.885868	-0.375526	-0.033319	-0.398740	0.916459	-0.961599	-0.237158	-0.138145
220	1576441													9.464965	-0.241443	2.769797	0.274853	-0.885184	-0.375373	-0.032906	-0.398841	0.916430	-0.960923	-0.239531	-0.138751
221	1576608													9.466224	-0.229309	2.792559	0.277429	-0.884443	-0.375226	-0.032376	-0.398942	0.916405	-0.960201	-0.242089	-0.139313
222	1576774													9.473389	-0.217178	2.829760	0.280044	-0.883681	-0.375078	-0.031740	-0.399021	0.916392	-0.959462	-0.244725	-0.139791
223	1576941													9.443450	-0.277234	2.867073	0.282711	-0.882887	-0.374946	-0.031222	-0.399155	0.916352	-0.958697	-0.247356	-0.140411
224	1577108													9.401053	-0.282602	2.885636	0.285409	-0.881973	-0.375054	-0.030683	-0.399539	0.916202	-0.957914	-0.249985	-0.141094
225	1577274													9.410083	-0.233017	2.872706	0.288122	-0.880987	-0.375296	-0.030060	-0.400043	0.916003	-0.957122	-0.252639	-0.141744
226	1577441													9.395685	-0.217729	2.888898	0.290869	-0.880005	-0.375481	-0.029424	-0.400491	0.915828	-0.956310	-0.255338	-0.142384
227	1577608													9.352738	-0.192276	2.923805	0.293648	-0.879046	-0.375566	-0.028791	-0.400842	0.915695	-0.955480	-0.258079	-0.143014
228	1577774													9.344076	-0.185449	2.958996	0.296469	-0.878070	-0.375633	-0.028210	-0.401195	0.915558	-0.954626	-0.260838	-0.143712
229	1577941													9.357769	-0.218657	2.876347	0.299179	-0.877100	-0.375749	-0.027640	-0.401586	0.915404	-0.953797	-0.263484	-0.144389
230	1578108													9.425479	-0.208010	2.905364	0.301941	-0.876112	-0.375844	-0.027146	-0.401986	0.915243	-0.952940	-0.266147	-0.145159
231	1578274													9.363719	-0.191464	2.943071	0.304685	-0.875122	-0.375936	-0.026659	-0.402384	0.915083	-0.952080	-0.268790	-0.145931
232	1578441													9.382200	-0.171494	2.985301	0.307338	-0.874170	-0.375993	-0.026234	-0.402750	0.914934	-0.951239	-0.271330	-0.146713
233	1578608													9.332873	-0.164617	3.032228	0.309886	-0.873263	-0.376009	-0.025798	-0.403054	0.914813	-0.950424	-0.273787	-0.147429
234	1578774													9.318987	-0.182799	3.074001	0.312392	-0.872339	-0.376079	-0.025367	-0.403411	0.914667	-0.949615	-0.276195	-0.148151
235	1578941													9.322960	-0.153349	3.093236	0.314765	-0.871490	-0.376070	-0.025009	-0.403687	0.914555	-0.948840	-0.278465	-0.148862
236	1579108													9.322737	-0.184397	3.139443	0.317272	-0.870625	-0.375967	-0.024621	-0.403878	0.914482	-0.948015	-0.280882	-0.149575
237	1579274													9.320771	-0.137235	3.157708	0.319726	-0.869712	-0.376001	-0.024128	-0.404175	0.914363	-0.947203	-0.283274	-0.150210
238	1579441													9.328457	-0.125258	3.194352	0.322195	-0.868802	-0.375997	-0.023668	-0.404446	0.914256	-0.946377	-0.285670	-0.150873
239	1579608													9.340838	-0.171586	3.246119	0.324787	-0.867887	-0.375881	-0.023332	-0.404658	0.914171	-0.945499	-0.288141	-0.151677
240	1579774													9.281413	-0.166511	3.278778	0.327501	-0.866923	-0.375749	-0.022993	-0.404876	0.914083	-0.944571	-0.290723	-0.152530
241	1579941													9.281588	-0.167558	3.288869	0.330228	-0.865920	-0.375676	-0.022577	-0.405136	0.913978	-0.943631	-0.293340	-0.153338
242	1580108													9.241708	-0.153717	3.352656	0.333065	-0.864865	-0.375603	-0.022120	-0.405404	0.913870	-0.942644	-0.296069	-0.154156
243	1580274													9.276749	-0.133600	3.347173	0.336001	-0.863743	-0.375569	-0.021598	-0.405713	0.913745	-0.941614	-0.298907	-0.154975
244	1580441													9.250964	-0.163487	3.376616	0.338996	-0.862588	-0.375531	-0.021045	-0.406020	0.913622	-0.940553	-0.301811	-0.155793
245	1580608													9.254191	-0.178771	3.394512	0.341985	-0.861353	-0.375656	-0.020457	-0.406489	0.913427	-0.939483	-0.304693	-0.156633
246	1580774													9.276161	-0.144456	3.359415	0.345006	-0.860049	-0.375882	-0.019889	-0.407079	0.913176	-0.938390	-0.307576	-0.157550
247	1580941													9.271254	-0.126090	3.420805	0.348189	-0.858662	-0.376116	-0.019304	-0.407706	0.912909	-0.937226	-0.310605	-0.158534
248	1581108													9.223378	-0.107849	3.463967	0.351329	-0.857263	-0.376389	-0.018747	-0.408377	0.912621	-0.936064	-0.313574	-0.159546
249	1581274													9.192528	-0.095693	3.458706	0.354516	-0.855868	-0.376575	-0.018226	-0.408981	0.912361	-0.934872	-0.316583	-0.160590
250	1581441													9.145592	-0.106420	3.474433	0.357653	-0.854499	-0.376717	-0.017718	-0.409536	0.912122	-0.933687	-0.319548	-0.161611
251	1581608													9.171708	-0.100641	3.494849	0.360620	-0.853201	-0.376831	-0.017222	-0.410038	0.911906	-0.932554	-0.322361	-0.162561
252	1581774													9.151822	-0.091064	3.523839	0.363526	-0.851943	-0.376883	-0.016790	-0.410488	0.911712	-0.931433	-0.325104	-0.163527
253	1581941													9.154396	-0.095782	3.531932	0.366278	-0.850731	-0.376958	-0.016338	-0.410928	0.911521	-0.930362	-0.327712	-0.164413
254	1582108													9.125610	-0.102092	3.588629	0.368845	-0.849589	-0.377030	-0.015944	-0.411354	0.911336	-0.929354	-0.330131	-0.165272
255	1582274													9.104537	-0.096383	3.608823	0.371247	-0.848534	-0.377050	-0.015654	-0.411732	0.911171	-0.928402	-0.332367	-0.166137
256	1582441													9.064900	-0.078505	3.686411	0.373481	-0.847585	-0.376977	-0.015388	-0.411988	0.911059	-0.927510	-0.334463	-0.166913
257	1582608													9.068777	-0.097327	3.707646	0.375388	-0.846788	-0.376874	-0.015240	-0.412194	0.910968	-0.926743	-0.336223	-0.167638
258	1582774													9.056095	-0.106401	3.746818	0.377342	-0.845937	-0.376834	-0.015057	-0.412466	0.910848	-0.925952	-0.338027	-0.168378
259	1582941													9.072812	-0.088123	3.754581	0.379149	-0.845143	-0.376802	-0.014862	-0.412716	0.910739	-0.925216	-0.339706	-0.169041
260	1583108													9.065133	-0.080989	3.807826	0.380975	-0.844390	-0.376648	-0.014641	-0.412828	0.910691	-0.924469	-0.341436	-0.169640
261	1583274													9.081250	-0.058165	3.841491	0.382793	-0.843633	-0.376500	-0.014304	-0.412905	0.910662	-0.923723	-0.343210	-0.170124
262	1583441													9.100136	-0.058536	3.861782	0.384639	-0.842833	-0.376412	-0.013879	-0.413018	0.910617	-0.922963	-0.345035	-0.170561
263	1583608													9.088404	-0.084197	3.882176	0.386582	-0.841988	-0.376311	-0.013503	-0.413158	0.910559	-0.922156	-0.346925	-0.171089
264	1583774													9.066010	-0.111658	3.911051	0.388596	-0.841086	-0.376255	-0.013136	-0.413364	0.910471	-0.921315	-0.348863	-0.171680
265	1583941													9.014227	-0.061487	3.940745	0.390638	-0.840127	-0.376283	-0.012698	-0.413640	0.910352	-0.920457	-0.350840	-0.172251
266	1584108													9.037013	-0.036926	3.928896	0.392690	-0.839170	-0.376284	-0.012181	-0.413860	0.910259	-0.919590	-0.352866	-0.172740
267	1584274													9.062449	-0.035454	3.906329	0.394802	-0.838185	-0.376267	-0.011687	-0.414084	0.910164	-0.918692	-0.354937	-0.173277
268	1584441													9.060118	-0.030608	3.925351	0.397048	-0.837172	-0.376160	-0.011227	-0.414250	0.910094	-0.917729	-0.357127	-0.173876
269	1584608													9.037729	-0.058331	3.893653	0.399273	-0.836163	-0.376048	-0.010791	-0.414418	0.910023	-0.916769	-0.359289	-0.174489
270	1584774													9.029462	-0.035554	3.930501	0.401549	-0.835161	-0.375851	-0.010390	-0.414518	0.909982	-0.915779	-0.361497	-0.175127
271	1584941													9.005228	-0.042165	3.956296	0.403806	-0.834175	-0.375622	-0.009949	-0.414566	0.909965	-0.914790	-0.363712	-0.175704
272	1585108													9.023034	-0.046589	3.936037	0.406074	-0.833170	-0.375408	-0.009480	-0.414621	0.909945	-0.913791	-0.365947	-0.176265
273	1585274													8.991305	-0.052390	3.978355	0.408332	-0.832110	-0.375310	-0.008924	-0.414768	0.909884	-0.912790	-0.368186	-0.176789
274	1585441													8.986679	-0.086394	4.017143	0.410491	-0.831041	-0.375323	-0.008308	-0.414991	0.909788	-0.911827	-0.370342	-0.177254
275	1585608													8.953398	-0.103213	3.985969	0.412442	-0.829966	-0.375563	-0.007657	-0.415405	0.909604	-0.910952	-0.372284	-0.177686
276	1585774													8.949761	-0.103061	4.034062	0.414446	-0.828867	-0.375785	-0.006947	-0.415786	0.909436	-0.910048	-0.374301	-0.178079
277	1585941													8.888019	-0.033160	4.015462	0.416348	-0.827693	-0.376269	-0.005998	-0.416335	0.909192	-0.909186	-0.376283	-0.178304
278	1586108													8.881674	0.002229	4.090540	0.418158	-0.826607	-0.376649	-0.005133	-0.416784	0.908991	-0.908360	-0.378169	-0.178524
279	1586274													8.910604	-0.029367	4.100426	0.419974	-0.825553	-0.376940	-0.004318	-0.417157	0.908824	-0.907526	-0.380055	-0.178760
280	1586441													8.920304	0.002103	4.173252	0.421757	-0.824514	-0.377224	-0.003535	-0.417528	0.908657	-0.906702	-0.381899	-0.179010
281	1586608													8.948966	0.019288	4.184956	0.423630	-0.823461	-0.377425	-0.002725	-0.417816	0.908527	-0.905831	-0.383851	-0.179243
282	1586774													8.900150	0.045398	4.218439	0.425554	-0.822376	-0.377625	-0.001902	-0.418108	0.908395	-0.904931	-0.385854	-0.179492
