// General information: 
//  MT Manager version: 2022.2.0 
//  XDA version: 2022.2.0 build 7381 rev 124627 built on 2023-07-19
// Device information: 
//  DeviceId: 00B4D204
//  ProductCode: MTW2-3A7G6
//  Firmware Version: 4.6.0
//  Hardware Version: 2.0.0
// Device settings: 
//  Filter Profile: human(46.1)
//  Option Flags: Orientation Smoother Disabled, Position/Velocity Smoother Disabled, Continuous Zero Rotation Update Disabled, AHS Disabled, ICC Disabled
// Coordinate system: ENU
PacketCounter	SampleTimeFine	Year	Month	Day	Second	UTC_Nano	UTC_Year	UTC_Month	UTC_Day	UTC_Hour	UTC_Minute	UTC_Second	UTC_Valid	Acc_X	Acc_Y	Acc_Z	VelInc_X	VelInc_Y	VelInc_Z	OriInc_q0	OriInc_q1	OriInc_q2	OriInc_q3	Quat_q0	Quat_q1	Quat_q2	Quat_q3	Roll	Pitch	Yaw	Mat[1][1]	Mat[2][1]	Mat[3][1]	Mat[1][2]	Mat[2][2]	Mat[3][2]	Mat[1][3]	Mat[2][3]	Mat[3][3]
26649														7.680742	0.059512	5.818499	0.128018	0.000999	0.096967	1.000000	-0.000049	0.000063	0.000019	-0.418187	-0.400521	0.205152	-0.789060	1.081307	-53.480454	123.609661	-0.329405	0.495613	0.803654	-0.824285	-0.566064	0.011230	0.460485	-0.658740	0.594991
26650														7.661964	0.092279	5.857634	0.127695	0.001545	0.097633	1.000000	-0.000047	-0.000049	0.000022	-0.418156	-0.400493	0.205175	-0.789084	1.072134	-53.478742	123.619330	-0.329502	0.495578	0.803636	-0.824263	-0.566097	0.011135	0.460455	-0.658738	0.595017
26651														7.730026	0.081754	5.787139	0.128825	0.001370	0.096463	1.000000	-0.000031	-0.000087	0.000038	-0.418130	-0.400502	0.205223	-0.789081	1.063866	-53.482614	123.626222	-0.329532	0.495493	0.803676	-0.824261	-0.566102	0.011049	0.460437	-0.658798	0.594964
26652														7.729553	0.053488	5.775705	0.128817	0.000897	0.096274	1.000000	0.000013	-0.000095	0.000050	-0.418083	-0.400538	0.205246	-0.789082	1.059738	-53.488153	123.633552	-0.329552	0.495386	0.803734	-0.824221	-0.566161	0.011004	0.460494	-0.658828	0.594887
26653														7.724522	0.074356	5.802651	0.128734	0.001240	0.096721	1.000000	0.000042	-0.000078	0.000040	-0.418051	-0.400578	0.205242	-0.789080	1.061240	-53.492469	123.636302	-0.329542	0.495320	0.803779	-0.824182	-0.566218	0.011019	0.460572	-0.658828	0.594826
26654														7.740064	0.086803	5.765600	0.129002	0.001446	0.096092	1.000000	0.000051	0.000007	0.000033	-0.417964	-0.400547	0.205160	-0.789162	1.061041	-53.484127	123.651252	-0.329736	0.495331	0.803692	-0.824036	-0.566430	0.011019	0.460693	-0.658638	0.594943
26655														7.766902	0.090058	5.754085	0.129447	0.001492	0.095903	1.000000	0.000104	-0.000010	0.000009	-0.417851	-0.400559	0.205025	-0.789251	1.070212	-53.477526	123.664897	-0.329906	0.495330	0.803623	-0.823828	-0.566730	0.011116	0.460944	-0.658381	0.595034
26656														7.768265	0.118774	5.764320	0.129475	0.001968	0.096067	1.000000	0.000127	0.000040	0.000004	-0.417801	-0.400553	0.204874	-0.789320	1.085919	-53.467767	123.666905	-0.329999	0.495432	0.803522	-0.823683	-0.566938	0.011281	0.461137	-0.658125	0.595168
26657														7.716273	0.125780	5.756589	0.128602	0.002087	0.095947	1.000000	0.000099	-0.000027	0.000002	-0.417822	-0.400590	0.204803	-0.789308	1.101643	-53.467647	123.655877	-0.329904	0.495497	0.803521	-0.823666	-0.566960	0.011445	0.461235	-0.658057	0.595167
26658														7.715164	0.116079	5.786512	0.128579	0.001921	0.096452	1.000000	0.000142	-0.000078	-0.000004	-0.417838	-0.400684	0.204727	-0.789272	1.123633	-53.473659	123.640796	-0.329727	0.495514	0.803583	-0.823637	-0.566997	0.011672	0.461413	-0.658013	0.595078
26659														7.770447	0.136792	5.767325	0.129500	0.002267	0.096132	1.000000	0.000120	-0.000074	-0.000009	-0.417788	-0.400755	0.204629	-0.789288	1.139689	-53.475786	123.639345	-0.329698	0.495497	0.803605	-0.823522	-0.567161	0.011838	0.461639	-0.657884	0.595045
26660														7.772936	0.166020	5.775995	0.129540	0.002751	0.096279	1.000000	0.000103	-0.000092	-0.000048	-0.417778	-0.400844	0.204539	-0.789271	1.160615	-53.480414	123.628805	-0.329571	0.495504	0.803653	-0.823457	-0.567250	0.012054	0.461846	-0.657802	0.594975
26661														7.835302	0.162917	5.692536	0.130580	0.002702	0.094887	1.000000	0.000053	-0.000089	-0.000061	-0.417877	-0.400916	0.204517	-0.789188	1.181006	-53.487035	123.602179	-0.329289	0.495580	0.803722	-0.823556	-0.567103	0.012264	0.461871	-0.657872	0.594878
26662														7.822445	0.162786	5.697497	0.130373	0.002706	0.094960	1.000000	0.000045	-0.000010	-0.000021	-0.417922	-0.400919	0.204464	-0.789177	1.193005	-53.484044	123.590474	-0.329211	0.495682	0.803691	-0.823575	-0.567072	0.012389	0.461892	-0.657821	0.594918
26663														7.774050	0.139735	5.727811	0.129566	0.002321	0.095466	1.000000	0.000075	-0.000016	-0.000009	-0.417882	-0.400935	0.204367	-0.789215	1.204256	-53.480093	123.591695	-0.329253	0.495721	0.803650	-0.823473	-0.567218	0.012507	0.462045	-0.657666	0.594971
26664														7.753103	0.118898	5.745782	0.129207	0.001982	0.095778	1.000000	0.000004	-0.000119	0.000008	-0.417874	-0.400993	0.204395	-0.789182	1.205623	-53.488403	123.589825	-0.329172	0.495635	0.803736	-0.823479	-0.567208	0.012519	0.462091	-0.657739	0.594854
26665														7.773511	0.115428	5.750990	0.129551	0.001922	0.095860	1.000000	0.000038	-0.000080	0.000015	-0.417822	-0.401037	0.204368	-0.789194	1.208969	-53.491726	123.594652	-0.329188	0.495568	0.803771	-0.823404	-0.567317	0.012553	0.462213	-0.657696	0.594806
26666														7.813525	0.105996	5.727943	0.130223	0.001763	0.095468	1.000000	0.000045	-0.000020	0.000006	-0.417745	-0.401041	0.204287	-0.789254	1.213142	-53.487419	123.604999	-0.329311	0.495559	0.803726	-0.823268	-0.567513	0.012597	0.462367	-0.657534	0.594866
26667														7.800713	0.102621	5.698358	0.130019	0.001703	0.094963	1.000000	0.000019	0.000076	-0.000042	-0.417742	-0.400967	0.204170	-0.789323	1.221566	-53.472072	123.605425	-0.329434	0.495736	0.803567	-0.823198	-0.567613	0.012689	0.462405	-0.657314	0.595079
26668														7.790527	0.086809	5.748689	0.129851	0.001430	0.095800	1.000000	0.000039	0.000089	-0.000102	-0.417847	-0.400895	0.204039	-0.789338	1.242847	-53.455837	123.583863	-0.329373	0.496049	0.803398	-0.823242	-0.567544	0.012915	0.462370	-0.657137	0.595302
26669														7.731397	0.101922	5.764718	0.128855	0.001685	0.096081	1.000000	0.000037	-0.000019	-0.000081	-0.417880	-0.400916	0.203946	-0.789334	1.261208	-53.452515	123.570683	-0.329285	0.496164	0.803364	-0.823225	-0.567564	0.013107	0.462464	-0.657033	0.595345
26670														7.718116	0.119021	5.810813	0.128632	0.001964	0.096851	1.000000	0.000093	-0.000033	-0.000080	-0.417892	-0.400961	0.203818	-0.789338	1.284884	-53.449826	123.557690	-0.329193	0.496270	0.803336	-0.823163	-0.567649	0.013354	0.462640	-0.656880	0.595377
26671														7.718784	0.121165	5.809881	0.128638	0.002003	0.096842	1.000000	0.000078	-0.000085	-0.000069	-0.417887	-0.401037	0.203728	-0.789326	1.304960	-53.452923	123.547375	-0.329080	0.496293	0.803368	-0.823102	-0.567731	0.013561	0.462827	-0.656791	0.595329
26672														7.715260	0.155505	5.806191	0.128582	0.002575	0.096778	1.000000	0.000103	-0.000059	-0.000051	-0.417824	-0.401092	0.203597	-0.789365	1.322773	-53.451279	123.547929	-0.329097	0.496309	0.803351	-0.822953	-0.567943	0.013747	0.463080	-0.656596	0.595347
26673														7.756763	0.158418	5.752581	0.129278	0.002630	0.095878	1.000000	0.000064	-0.000011	-0.000030	-0.417846	-0.401094	0.203518	-0.789372	1.336277	-53.446727	123.539124	-0.329056	0.496413	0.803303	-0.822932	-0.567970	0.013889	0.463147	-0.656494	0.595408
26674														7.688030	0.125758	5.771676	0.128138	0.002080	0.096189	1.000000	0.000081	0.000045	-0.000065	-0.417945	-0.401079	0.203406	-0.789357	1.359970	-53.438089	123.515204	-0.328916	0.496651	0.803214	-0.822979	-0.567896	0.014138	0.463164	-0.656377	0.595523
26675														7.589780	0.150843	5.809492	0.126493	0.002495	0.096829	1.000000	0.000116	-0.000032	-0.000065	-0.417941	-0.401131	0.203268	-0.789368	1.384310	-53.435611	123.504055	-0.328838	0.496744	0.803188	-0.822893	-0.568015	0.014392	0.463372	-0.656205	0.595552
26676														7.650373	0.169692	5.837978	0.127488	0.002817	0.097324	1.000000	0.000125	-0.000188	0.000009	-0.417924	-0.401302	0.203252	-0.789294	1.402694	-53.453947	123.492006	-0.328592	0.496599	0.803378	-0.822861	-0.568056	0.014577	0.463603	-0.656279	0.595290
26677														7.732514	0.164673	5.795078	0.128852	0.002744	0.096616	1.000000	0.000075	-0.000241	0.000054	-0.417792	-0.401468	0.203278	-0.789272	1.403491	-53.474466	123.504954	-0.328545	0.496285	0.803592	-0.822723	-0.568255	0.014578	0.463880	-0.656344	0.595002
26678														7.582962	0.138362	5.800638	0.126347	0.002305	0.096724	1.000000	0.000149	-0.000370	0.000103	-0.417599	-0.401772	0.203333	-0.789206	1.408492	-53.512350	123.519810	-0.328380	0.495756	0.803985	-0.822530	-0.568534	0.014617	0.464339	-0.656502	0.594470
26679														7.680556	0.215951	5.695342	0.127975	0.003599	0.094968	1.000000	0.000131	-0.000353	0.000095	-0.417401	-0.402049	0.203382	-0.789157	1.411023	-53.546909	123.537499	-0.328266	0.495251	0.804344	-0.822329	-0.568824	0.014631	0.464776	-0.656632	0.593984
26680														7.682445	0.209095	5.533666	0.128000	0.003496	0.092284	1.000000	0.000005	-0.000438	0.000089	-0.417299	-0.402343	0.203589	-0.789007	1.402596	-53.592773	123.543611	-0.327962	0.494679	0.804819	-0.822330	-0.568825	0.014528	0.464988	-0.657062	0.593343
26681														7.001941	0.182208	5.477875	0.116582	0.003089	0.091446	0.999999	-0.000296	-0.001276	0.000212	-0.417011	-0.403151	0.204415	-0.788534	1.342588	-53.734392	123.576156	-0.327142	0.492834	0.806283	-0.822475	-0.568633	0.013860	0.465310	-0.658614	0.591367
26682														6.994571	0.150576	5.916285	0.116264	0.002537	0.098972	0.999995	0.000070	-0.003154	0.000295	-0.416088	-0.405569	0.205753	-0.787433	1.316145	-54.090017	123.623130	-0.324769	0.488388	0.809939	-0.822177	-0.569073	0.013472	0.467494	-0.661538	0.586359
26683														7.708342	0.125738	6.146603	0.127938	0.002134	0.103109	0.999986	-0.000006	-0.005192	0.000295	-0.414812	-0.409553	0.208013	-0.785447	1.289374	-54.680195	123.654319	-0.320394	0.481241	0.815938	-0.822011	-0.569324	0.013009	0.470793	-0.666541	0.577993
26684														8.448544	0.041755	5.904500	0.140314	0.000716	0.099111	0.999987	-0.000038	-0.005001	0.000116	-0.413738	-0.413405	0.210148	-0.783425	1.287888	-55.248906	123.647667	-0.315835	0.474513	0.821636	-0.822018	-0.569317	0.012812	0.473851	-0.671353	0.569868
26685														8.406825	0.151229	5.707477	0.139670	0.002520	0.095773	0.999989	0.000127	-0.004637	0.000084	-0.412701	-0.417033	0.211992	-0.781550	1.309727	-55.775854	123.633873	-0.311522	0.468277	0.826844	-0.821908	-0.569475	0.012856	0.476886	-0.675585	0.562285
26686														7.950118	0.190741	5.547810	0.132152	0.003151	0.092963	0.999993	0.000358	-0.003770	0.000040	-0.411759	-0.420081	0.213267	-0.780067	1.361704	-56.202764	123.618138	-0.307974	0.463220	0.831011	-0.821577	-0.569944	0.013219	0.479753	-0.678669	0.556098
26687														7.925728	0.121897	5.358939	0.131849	0.002017	0.089678	0.999996	0.000393	-0.002744	0.000157	-0.410931	-0.422313	0.214142	-0.779057	1.394276	-56.512643	123.629819	-0.305575	0.459408	0.834008	-0.821148	-0.570558	0.013425	0.482017	-0.680741	0.551590
26688														8.245960	0.051061	5.239838	0.137261	0.000845	0.087601	0.999998	0.000284	-0.001965	0.000137	-0.410345	-0.423903	0.214779	-0.778328	1.416074	-56.734405	123.637778	-0.303848	0.456674	0.836137	-0.820856	-0.570975	0.013555	0.483603	-0.682229	0.548353
26689														8.275312	0.036726	5.163143	0.137783	0.000602	0.086274	0.999999	0.000262	-0.001607	0.000088	-0.409880	-0.425206	0.215265	-0.777727	1.441409	-56.914221	123.638269	-0.302397	0.454485	0.837854	-0.820613	-0.571319	0.013732	0.484923	-0.683402	0.545721
26690														8.180055	0.068122	5.122998	0.136225	0.001126	0.085558	0.999999	0.000194	-0.001277	0.000056	-0.409469	-0.426230	0.215622	-0.777284	1.460187	-57.054111	123.646144	-0.301325	0.452739	0.839185	-0.820357	-0.571684	0.013858	0.486023	-0.684255	0.543670
26691														8.189364	0.107277	5.174688	0.136417	0.001779	0.086360	1.000000	0.000113	-0.000842	0.000007	-0.409280	-0.426892	0.215869	-0.776951	1.478455	-57.145468	123.636346	-0.300506	0.451676	0.840051	-0.820287	-0.571781	0.013997	0.486647	-0.684876	0.542327
26692														8.206579	0.104269	5.085145	0.136730	0.001722	0.084828	1.000000	0.000100	-0.000550	-0.000051	-0.409164	-0.427333	0.215963	-0.776744	1.502364	-57.201952	123.623176	-0.299943	0.451055	0.840585	-0.820208	-0.571890	0.014202	0.487128	-0.685195	0.541493
26693														8.283082	0.100368	5.125695	0.138048	0.001645	0.085435	1.000000	0.000157	-0.000046	-0.000103	-0.409157	-0.427418	0.215776	-0.776753	1.539357	-57.200279	123.604407	-0.299809	0.451174	0.840569	-0.820081	-0.572063	0.014552	0.487424	-0.684972	0.541509
26694														8.337876	0.150351	5.114427	0.138978	0.002474	0.085220	1.000000	0.000242	0.000150	-0.000080	-0.409211	-0.427372	0.215491	-0.776829	1.582739	-57.177404	123.579485	-0.299799	0.451584	0.840353	-0.819964	-0.572220	0.014971	0.487627	-0.684570	0.541833
26695														8.377600	0.163937	5.169442	0.139651	0.002698	0.086119	1.000000	0.000300	0.000279	-0.000061	-0.409199	-0.427254	0.215089	-0.777012	1.627568	-57.139184	123.568314	-0.300020	0.452109	0.839991	-0.819699	-0.572587	0.015411	0.487935	-0.683916	0.542381
26696														8.342974	0.172659	5.211762	0.139083	0.002853	0.086810	1.000000	0.000284	0.000382	0.000000	-0.409137	-0.427029	0.214668	-0.777284	1.656934	-57.087680	123.576968	-0.300506	0.452693	0.839503	-0.819370	-0.573049	0.015711	0.488189	-0.683143	0.543128
26697														8.347459	0.156359	5.136036	0.139166	0.002595	0.085533	1.000000	0.000196	0.000490	0.000044	-0.409157	-0.426681	0.214317	-0.777562	1.670790	-57.026233	123.585178	-0.301069	0.453399	0.838920	-0.819179	-0.573318	0.015869	0.488162	-0.682448	0.544024
26698														8.307046	0.142823	5.105059	0.138496	0.002375	0.085011	1.000000	0.000202	0.000534	0.000087	-0.409121	-0.426298	0.213946	-0.777893	1.677492	-56.959753	123.606966	-0.301780	0.454095	0.838288	-0.818914	-0.573694	0.015961	0.488168	-0.681669	0.544994
26699														8.290511	0.180725	5.099294	0.138221	0.003005	0.084913	1.000000	0.000211	0.000548	0.000075	-0.409121	-0.425914	0.213572	-0.778205	1.688663	-56.892927	123.621142	-0.302433	0.454834	0.837651	-0.818688	-0.574013	0.016096	0.488144	-0.680907	0.545968
26700														8.159844	0.235003	5.161098	0.136029	0.003911	0.085968	1.000000	0.000225	0.000376	0.000097	-0.409102	-0.425654	0.213288	-0.778436	1.698414	-56.845817	123.632982	-0.302909	0.455345	0.837202	-0.818493	-0.574287	0.016209	0.488175	-0.680334	0.546654
26701														8.244104	0.237758	5.050431	0.137441	0.003968	0.084109	1.000000	0.000135	0.000475	0.000121	-0.409064	-0.425279	0.213014	-0.778736	1.691600	-56.786238	123.660291	-0.303608	0.455925	0.836633	-0.818287	-0.574583	0.016170	0.488087	-0.679696	0.547525
26702														8.309130	0.235208	5.003034	0.138537	0.003931	0.083298	1.000000	0.000062	0.000621	0.000116	-0.409023	-0.424763	0.212699	-0.779125	1.674378	-56.708039	123.699406	-0.304552	0.456667	0.835884	-0.818053	-0.574919	0.016039	0.487890	-0.678913	0.548671
26703														8.305316	0.218418	5.147101	0.138479	0.003651	0.085692	1.000000	0.000003	0.000674	0.000078	-0.409085	-0.424194	0.212410	-0.779481	1.658727	-56.625221	123.723802	-0.305417	0.457542	0.835090	-0.817955	-0.575062	0.015924	0.487515	-0.678202	0.549883
26704														8.057258	0.241127	5.366443	0.134327	0.004029	0.089381	1.000000	-0.000003	0.000444	0.000076	-0.409171	-0.423792	0.212257	-0.779696	1.644997	-56.569777	123.735373	-0.305958	0.458152	0.834557	-0.817964	-0.575052	0.015815	0.487160	-0.677799	0.550694
26705														8.090325	0.250541	5.287695	0.134881	0.004199	0.088063	1.000000	-0.000137	0.000481	0.000085	-0.409308	-0.423294	0.212195	-0.779912	1.612497	-56.508783	123.751251	-0.306579	0.458806	0.833970	-0.818090	-0.574881	0.015528	0.486558	-0.677502	0.551591
26706														8.245916	0.170866	5.217082	0.137517	0.002860	0.086816	0.999999	-0.000259	0.000977	-0.000074	-0.409757	-0.422403	0.211973	-0.780220	1.593771	-56.392500	123.730304	-0.307350	0.460325	0.832849	-0.818476	-0.574334	0.015394	0.485420	-0.676935	0.553286
26707														8.177748	0.176142	5.320165	0.136401	0.002932	0.088507	0.999999	-0.000204	0.001188	-0.000158	-0.410202	-0.421392	0.211539	-0.780650	1.592172	-56.249688	123.708482	-0.308326	0.462167	0.831467	-0.818730	-0.573972	0.015437	0.484372	-0.675987	0.555360
26708														8.075786	0.198472	5.431080	0.134715	0.003303	0.090342	0.999999	-0.000186	0.001302	-0.000160	-0.410619	-0.420288	0.211021	-0.781166	1.589241	-56.091265	123.696138	-0.309501	0.464144	0.829927	-0.818902	-0.573725	0.015472	0.483331	-0.674840	0.557657
26709														7.832410	0.182569	5.548525	0.130657	0.003038	0.092310	0.999999	-0.000146	0.001263	-0.000141	-0.411032	-0.419235	0.210512	-0.781652	1.590300	-55.939464	123.680143	-0.310589	0.466059	0.828446	-0.819076	-0.573475	0.015543	0.482337	-0.673733	0.559853
26710														7.831286	0.184522	5.562193	0.130642	0.003069	0.092534	0.999999	-0.000124	0.001292	-0.000140	-0.411532	-0.418170	0.210021	-0.782091	1.596938	-55.787244	123.648480	-0.311550	0.468061	0.826955	-0.819360	-0.573065	0.015669	0.481234	-0.672692	0.562049
26711														7.910607	0.126544	5.598797	0.131978	0.002099	0.093123	0.999999	-0.000179	0.001440	-0.000205	-0.412092	-0.416983	0.209462	-0.782580	1.606235	-55.616837	123.611915	-0.312612	0.470306	0.825279	-0.819673	-0.572612	0.015829	0.480010	-0.671511	0.564503
26712														7.875023	0.134362	5.651901	0.131393	0.002227	0.094000	0.999999	-0.000182	0.001509	-0.000226	-0.412671	-0.415733	0.208862	-0.783099	1.616393	-55.437114	123.574747	-0.313737	0.472663	0.823504	-0.819987	-0.572158	0.016002	0.478738	-0.670242	0.567085
26713														7.726500	0.138153	5.604741	0.128913	0.002304	0.093221	0.999999	-0.000221	0.001479	-0.000151	-0.413213	-0.414483	0.208341	-0.783615	1.611191	-55.262224	123.549711	-0.314918	0.474893	0.821769	-0.820308	-0.571698	0.016022	0.477412	-0.669057	0.569596
26714														7.430433	0.139725	5.716696	0.123941	0.002343	0.095148	0.999999	-0.000183	0.001050	-0.000028	-0.413602	-0.413559	0.208042	-0.783978	1.593718	-55.138398	123.538415	-0.315805	0.476434	0.820535	-0.820585	-0.571304	0.015897	0.476349	-0.668298	0.571375
26715														7.556625	0.189885	5.819020	0.125992	0.003181	0.096920	1.000000	-0.000112	0.000500	0.000044	-0.413701	-0.413076	0.207899	-0.784218	1.571708	-55.074705	123.554259	-0.316440	0.477107	0.819899	-0.820619	-0.571259	0.015703	0.475867	-0.667856	0.572293
26716														7.725820	0.130238	5.731778	0.128783	0.002199	0.095503	1.000000	-0.000172	0.000204	0.000093	-0.413751	-0.412798	0.207957	-0.784323	1.538310	-55.046572	123.572656	-0.316816	0.477341	0.819618	-0.820717	-0.571127	0.015380	0.475448	-0.667802	0.572704
26717														7.813682	0.102717	5.610281	0.130246	0.001738	0.093479	1.000000	-0.000182	0.000196	0.000066	-0.413812	-0.412522	0.208009	-0.784422	1.507121	-55.018367	123.588465	-0.317171	0.477589	0.819336	-0.820823	-0.570984	0.015079	0.475029	-0.667747	0.573115
26718														7.871367	0.114399	5.606141	0.131211	0.001921	0.093405	1.000000	-0.000129	0.000228	0.000021	-0.413902	-0.412247	0.207995	-0.784523	1.488721	-54.986112	123.594318	-0.317475	0.477941	0.819013	-0.820922	-0.570846	0.014907	0.474655	-0.667613	0.573581
26719														7.909632	0.127630	5.559766	0.131841	0.002138	0.092642	1.000000	-0.000071	0.000153	0.000035	-0.413930	-0.412054	0.207964	-0.784617	1.475071	-54.962374	123.604316	-0.317746	0.478168	0.818775	-0.820938	-0.570825	0.014779	0.474444	-0.667468	0.573924
26720														7.892830	0.086159	5.588383	0.131549	0.001453	0.093137	1.000000	-0.000100	0.000018	0.000060	-0.414014	-0.411951	0.208069	-0.784599	1.457441	-54.956876	123.602968	-0.317778	0.478241	0.818720	-0.821099	-0.570600	0.014604	0.474146	-0.667609	0.574007
26721														7.972017	0.092330	5.551556	0.132868	0.001548	0.092525	1.000000	-0.000073	0.000008	0.000015	-0.414097	-0.411871	0.208129	-0.784581	1.448918	-54.951275	123.596860	-0.317772	0.478341	0.818664	-0.821231	-0.570411	0.014521	0.473921	-0.667698	0.574089
26722														8.006567	0.124894	5.495582	0.133452	0.002087	0.091580	1.000000	-0.000076	0.000097	-0.000012	-0.414195	-0.411721	0.208130	-0.784608	1.442630	-54.934171	123.590920	-0.317857	0.478578	0.818493	-0.821344	-0.570249	0.014464	0.473667	-0.667667	0.574335
26723														8.031085	0.127277	5.486060	0.133875	0.002119	0.091400	1.000000	-0.000023	0.000253	-0.000030	-0.414340	-0.411483	0.208026	-0.784684	1.446774	-54.900609	123.577283	-0.318008	0.479053	0.818156	-0.821450	-0.570095	0.014518	0.473381	-0.667458	0.574813
26724														7.966485	0.187120	5.510033	0.132802	0.003116	0.091795	1.000000	-0.000048	0.000293	-0.000053	-0.414480	-0.411201	0.207899	-0.784792	1.449051	-54.860625	123.567202	-0.318240	0.479585	0.817754	-0.821537	-0.569969	0.014555	0.473075	-0.667184	0.575383
26725														7.916937	0.176553	5.551132	0.131969	0.002955	0.092489	1.000000	-0.000117	0.000222	0.000009	-0.414617	-0.410944	0.207893	-0.784856	1.436216	-54.830833	123.562586	-0.318436	0.479964	0.817455	-0.821693	-0.569747	0.014437	0.472671	-0.667100	0.575812
26726														7.903513	0.200934	5.570115	0.131739	0.003368	0.092815	1.000000	-0.000151	0.000151	0.000038	-0.414694	-0.410711	0.207939	-0.784925	1.412389	-54.807139	123.570685	-0.318691	0.480201	0.817217	-0.821813	-0.569581	0.014206	0.472292	-0.667072	0.576155
26727														7.918564	0.153484	5.563901	0.131989	0.002583	0.092713	1.000000	-0.000216	0.000135	0.000034	-0.414767	-0.410474	0.208023	-0.784987	1.382346	-54.785273	123.582010	-0.318958	0.480398	0.816997	-0.821951	-0.569389	0.013911	0.471872	-0.667094	0.576475
26728														7.871129	0.151774	5.572204	0.131198	0.002549	0.092851	1.000000	-0.000209	0.000139	0.000003	-0.414911	-0.410236	0.208114	-0.785012	1.358489	-54.763594	123.579783	-0.319110	0.480668	0.816778	-0.822172	-0.569075	0.013678	0.471383	-0.667168	0.576789
26729														7.895614	0.149349	5.526893	0.131612	0.002507	0.092088	1.000000	-0.000187	0.000201	0.000004	-0.415061	-0.409952	0.208167	-0.785067	1.335914	-54.734342	123.578119	-0.319327	0.481024	0.816484	-0.822378	-0.568782	0.013461	0.470876	-0.667160	0.577211
26730														7.825587	0.110422	5.514626	0.130439	0.001858	0.091892	1.000000	-0.000149	0.000139	0.000032	-0.415130	-0.409741	0.208208	-0.785130	1.314483	-54.712786	123.585391	-0.319558	0.481240	0.816267	-0.822485	-0.568633	0.013252	0.470533	-0.667132	0.577523
26731														7.838327	0.115176	5.581035	0.130637	0.001936	0.093019	1.000000	-0.000086	-0.000017	0.000061	-0.415123	-0.409669	0.208279	-0.785152	1.295786	-54.708943	123.597262	-0.319688	0.481219	0.816228	-0.822521	-0.568585	0.013065	0.470382	-0.667188	0.577582
26732														7.903684	0.095276	5.574990	0.131714	0.001599	0.092936	1.000000	-0.000025	-0.000149	0.000068	-0.415024	-0.409723	0.208342	-0.785160	1.282323	-54.719099	123.615935	-0.319765	0.480994	0.816330	-0.822445	-0.568698	0.012926	0.470463	-0.667253	0.577441
26733														7.952739	0.117848	5.541143	0.132537	0.001974	0.092365	1.000000	0.000013	-0.000092	0.000081	-0.414884	-0.409748	0.208343	-0.785221	1.270473	-54.722200	123.641661	-0.319956	0.480814	0.816361	-0.822286	-0.568930	0.012805	0.470609	-0.667186	0.577399
26734														7.967383	0.131917	5.539307	0.132791	0.002206	0.092320	1.000000	0.000001	0.000011	0.000053	-0.414831	-0.409694	0.208318	-0.785283	1.262712	-54.714603	123.655565	-0.320133	0.480826	0.816285	-0.822213	-0.569038	0.012729	0.470617	-0.667085	0.577509
26735														7.947862	0.134641	5.533232	0.132465	0.002251	0.092220	1.000000	0.000018	0.000007	0.000066	-0.414751	-0.409655	0.208281	-0.785355	1.255650	-54.708142	123.672715	-0.320328	0.480807	0.816220	-0.822101	-0.569200	0.012660	0.470680	-0.666960	0.577603
26736														7.939525	0.113957	5.547296	0.132331	0.001905	0.092447	1.000000	-0.000004	0.000059	0.000041	-0.414821	-0.409573	0.208286	-0.785361	1.253347	-54.698901	123.666433	-0.320348	0.480952	0.816127	-0.822184	-0.569082	0.012640	0.470522	-0.666957	0.577735
26737														7.918423	0.105830	5.573090	0.131982	0.001769	0.092873	1.000000	0.000004	0.000090	0.000045	-0.414831	-0.409464	0.208243	-0.785423	1.248874	-54.684051	123.671545	-0.320508	0.481099	0.815977	-0.822172	-0.569100	0.012599	0.470434	-0.666835	0.577947
26738														7.894137	0.144186	5.601088	0.131571	0.002403	0.093348	1.000000	0.000025	0.000026	0.000018	-0.414844	-0.409420	0.208201	-0.785450	1.251408	-54.676418	123.670496	-0.320560	0.481196	0.815900	-0.822162	-0.569113	0.012627	0.470416	-0.666754	0.578056
26739														7.887362	0.148774	5.589565	0.131463	0.002484	0.093149	1.000000	-0.000003	0.000079	0.000033	-0.414792	-0.409316	0.208129	-0.785551	1.245318	-54.660329	123.685821	-0.320815	0.481300	0.815737	-0.822062	-0.569259	0.012571	0.470416	-0.666554	0.578286
26740														7.897617	0.121857	5.575122	0.131638	0.002038	0.092903	1.000000	-0.000016	0.000119	0.000042	-0.414785	-0.409171	0.208073	-0.785645	1.236969	-54.640541	123.696948	-0.321065	0.481472	0.815537	-0.822022	-0.569318	0.012493	0.470315	-0.666379	0.578569
26741														7.915729	0.120316	5.619113	0.131941	0.002010	0.093634	1.000000	-0.000030	0.000131	0.000016	-0.414775	-0.409012	0.207997	-0.785753	1.229768	-54.617968	123.708567	-0.321341	0.481675	0.815309	-0.821969	-0.569397	0.012427	0.470221	-0.666166	0.578892
26742														7.874019	0.102020	5.633990	0.131239	0.001707	0.093893	1.000000	-0.000056	0.000052	0.000008	-0.414832	-0.408914	0.208005	-0.785772	1.224163	-54.607223	123.706247	-0.321406	0.481815	0.815201	-0.822039	-0.569297	0.012374	0.470053	-0.666150	0.579046
26743														7.834771	0.111700	5.657926	0.130582	0.001859	0.094295	1.000000	-0.000019	0.000028	-0.000036	-0.414866	-0.408862	0.207955	-0.785794	1.229253	-54.598244	123.701172	-0.321435	0.481950	0.815110	-0.822049	-0.569281	0.012428	0.470017	-0.666065	0.579173
26744														7.834319	0.111847	5.658550	0.130577	0.001865	0.094302	1.000000	-0.000050	0.000051	-0.000033	-0.414982	-0.408767	0.207958	-0.785782	1.230402	-54.587416	123.686828	-0.321399	0.482158	0.815001	-0.822183	-0.569087	0.012443	0.469806	-0.666081	0.579327
26745														7.846494	0.107953	5.582217	0.130786	0.001794	0.093021	1.000000	-0.000012	0.000119	-0.000046	-0.415039	-0.408644	0.207861	-0.785841	1.237020	-54.567548	123.680780	-0.321505	0.482427	0.814800	-0.822191	-0.569074	0.012516	0.469719	-0.665897	0.579608
26746														7.897038	0.102921	5.590774	0.131632	0.001707	0.093159	1.000000	0.000004	0.000158	-0.000063	-0.415191	-0.408496	0.207770	-0.785862	1.249709	-54.545063	123.658362	-0.321494	0.482819	0.814572	-0.822313	-0.568895	0.012651	0.469514	-0.665766	0.579925
26747														7.897110	0.131487	5.603186	0.131634	0.002183	0.093365	1.000000	0.000018	0.000161	-0.000055	-0.415243	-0.408349	0.207626	-0.785949	1.259735	-54.519506	123.652969	-0.321650	0.483152	0.814313	-0.822287	-0.568930	0.012761	0.469452	-0.665495	0.580285
26748														7.874039	0.111241	5.625327	0.131249	0.001847	0.093735	1.000000	0.000022	0.000158	-0.000040	-0.415314	-0.408208	0.207502	-0.786018	1.269668	-54.495857	123.644242	-0.321762	0.483481	0.814074	-0.822295	-0.568915	0.012869	0.469361	-0.665268	0.580619
26749														7.841594	0.139062	5.601528	0.130705	0.002312	0.093342	1.000000	0.000031	0.000128	-0.000021	-0.415410	-0.408088	0.207416	-0.786052	1.278847	-54.476963	123.630833	-0.321798	0.483779	0.813882	-0.822356	-0.568826	0.012968	0.469231	-0.665128	0.580886
26750														7.873624	0.151032	5.608839	0.131241	0.002515	0.093461	1.000000	0.000000	0.000152	-0.000018	-0.415477	-0.407939	0.207323	-0.786118	1.283028	-54.454340	123.625392	-0.321930	0.484077	0.813652	-0.822378	-0.568792	0.013017	0.469100	-0.664940	0.581206
26751														7.878072	0.146467	5.623603	0.131316	0.002439	0.093707	1.000000	0.000046	0.000153	0.000013	-0.415508	-0.407805	0.207208	-0.786202	1.288297	-54.432105	123.624523	-0.322097	0.484345	0.813427	-0.822347	-0.568836	0.013078	0.469041	-0.664707	0.581520
26752														7.883708	0.155790	5.642931	0.131405	0.002592	0.094035	1.000000	0.000070	0.000104	0.000016	-0.415454	-0.407707	0.207067	-0.786318	1.292402	-54.412630	123.635815	-0.322346	0.484512	0.813229	-0.822203	-0.569042	0.013126	0.469121	-0.664409	0.581796
26753														7.847975	0.130651	5.634528	0.130810	0.002180	0.093894	1.000000	0.000033	0.000112	0.000044	-0.415436	-0.407591	0.206983	-0.786410	1.290219	-54.394399	123.644698	-0.322564	0.484677	0.813044	-0.822135	-0.569141	0.013109	0.469090	-0.664204	0.582055
26754														7.872311	0.118988	5.619191	0.131216	0.001989	0.093638	1.000000	0.000006	0.000115	0.000047	-0.415432	-0.407450	0.206925	-0.786501	1.283048	-54.374880	123.654662	-0.322802	0.484852	0.812845	-0.822098	-0.569197	0.013043	0.468993	-0.664028	0.582333
26755														7.845424	0.129853	5.638098	0.130768	0.002164	0.093953	1.000000	0.000035	0.000115	0.000022	-0.415383	-0.407326	0.206807	-0.786621	1.281665	-54.353796	123.668505	-0.323085	0.485023	0.812631	-0.821974	-0.569376	0.013035	0.469015	-0.663750	0.582633
26756														7.871695	0.143653	5.596826	0.131205	0.002391	0.093267	1.000000	0.000033	0.000105	0.000002	-0.415370	-0.407221	0.206695	-0.786713	1.285002	-54.335088	123.674050	-0.323279	0.485212	0.812441	-0.821894	-0.569490	0.013075	0.469021	-0.663513	0.582897
26757														7.900224	0.100297	5.584168	0.131684	0.001671	0.093051	1.000000	0.000006	0.000141	0.000002	-0.415380	-0.407082	0.206590	-0.786807	1.286252	-54.312956	123.678222	-0.323488	0.485450	0.812215	-0.821845	-0.569561	0.013095	0.468963	-0.663279	0.583211
26758														7.916041	0.069537	5.583062	0.131950	0.001154	0.093028	1.000000	0.000038	0.000171	-0.000011	-0.415455	-0.406928	0.206475	-0.786877	1.293871	-54.288542	123.670336	-0.323613	0.485782	0.811967	-0.821864	-0.569531	0.013180	0.468843	-0.663061	0.583555
26759														7.930866	0.126770	5.599752	0.132201	0.002103	0.093302	1.000000	0.000022	0.000207	-0.000060	-0.415566	-0.406749	0.206331	-0.786948	1.306568	-54.259324	123.655885	-0.323720	0.486208	0.811669	-0.821908	-0.569465	0.013319	0.468693	-0.662805	0.583966
26760														7.855899	0.126530	5.621125	0.130953	0.002096	0.093655	1.000000	0.000043	0.000231	-0.000067	-0.415649	-0.406554	0.206144	-0.787054	1.320792	-54.225829	123.645989	-0.323899	0.486659	0.811327	-0.821894	-0.569481	0.013475	0.468593	-0.662461	0.584437
26761														7.852863	0.133976	5.696532	0.130906	0.002214	0.094908	1.000000	0.000103	0.000262	-0.000073	-0.415706	-0.406371	0.205884	-0.787187	1.343884	-54.189312	123.636254	-0.324103	0.487145	0.810955	-0.821807	-0.569601	0.013723	0.468606	-0.662000	0.584948
26762														7.833706	0.178226	5.672772	0.130580	0.002954	0.094521	1.000000	0.000084	0.000193	-0.000069	-0.415786	-0.406236	0.205687	-0.787266	1.365613	-54.161915	123.621192	-0.324189	0.487553	0.810675	-0.821782	-0.569631	0.013954	0.468588	-0.661675	0.585330
26763														7.823361	0.159753	5.689370	0.130409	0.002656	0.094796	1.000000	0.000043	0.000205	-0.000022	-0.415865	-0.406069	0.205543	-0.787348	1.376313	-54.134150	123.612047	-0.324329	0.487932	0.810391	-0.821790	-0.569617	0.014072	0.468479	-0.661407	0.585720
26764														7.839362	0.143187	5.694204	0.130678	0.002381	0.094873	1.000000	0.000032	0.000232	-0.000019	-0.415902	-0.405869	0.205374	-0.787475	1.382694	-54.101296	123.612724	-0.324592	0.488315	0.810055	-0.821735	-0.569694	0.014149	0.468392	-0.661058	0.586183
26765														7.823572	0.142280	5.703670	0.130413	0.002370	0.095034	1.000000	0.000006	0.000207	-0.000004	-0.416007	-0.405678	0.205280	-0.787543	1.386453	-54.073748	123.603320	-0.324727	0.488692	0.809773	-0.821802	-0.569597	0.014197	0.468182	-0.660863	0.586572
26766														7.743672	0.159439	5.716869	0.129077	0.002655	0.095259	1.000000	0.000028	0.000171	0.000004	-0.416004	-0.405523	0.205143	-0.787660	1.389123	-54.047956	123.609707	-0.324983	0.488960	0.809509	-0.821720	-0.569714	0.014233	0.468148	-0.660564	0.586935
26767														7.726583	0.130637	5.715743	0.128794	0.002179	0.095239	1.000000	0.000016	0.000182	0.000025	-0.416046	-0.405353	0.205045	-0.787751	1.389215	-54.022805	123.610801	-0.325189	0.489249	0.809251	-0.821712	-0.569725	0.014242	0.468019	-0.660339	0.587291
26768														7.730734	0.122771	5.695307	0.128864	0.002048	0.094896	1.000000	0.000029	0.000197	0.000039	-0.416032	-0.405173	0.204915	-0.787885	1.387177	-53.994584	123.621876	-0.325505	0.489518	0.808961	-0.821622	-0.569855	0.014231	0.467957	-0.660028	0.587689
26769														7.755161	0.125309	5.686224	0.129270	0.002087	0.094747	1.000000	0.000049	0.000184	0.000025	-0.416023	-0.405004	0.204775	-0.788013	1.388199	-53.966972	123.630493	-0.325794	0.489794	0.808678	-0.821532	-0.569984	0.014251	0.467914	-0.659712	0.588079
26770														7.773177	0.135882	5.700627	0.129573	0.002260	0.094983	1.000000	0.000053	0.000212	0.000004	-0.416025	-0.404819	0.204606	-0.788150	1.392883	-53.935970	123.636517	-0.326088	0.490124	0.808360	-0.821438	-0.570118	0.014310	0.467874	-0.659351	0.588515
26771														7.821451	0.119848	5.741859	0.130381	0.001989	0.095666	1.000000	0.000064	0.000246	-0.000015	-0.416072	-0.404616	0.204421	-0.788278	1.402150	-53.901693	123.634697	-0.326340	0.490537	0.808007	-0.821385	-0.570192	0.014417	0.467791	-0.658980	0.588996
26772														7.800362	0.138168	5.743884	0.130026	0.002294	0.095705	1.000000	0.000071	0.000206	-0.000015	-0.416134	-0.404450	0.204259	-0.788372	1.413844	-53.873054	123.627830	-0.326505	0.490912	0.807713	-0.821362	-0.570222	0.014547	0.467717	-0.658675	0.589397
26773														7.785325	0.134478	5.716845	0.129769	0.002243	0.095262	1.000000	0.000025	0.000147	0.000035	-0.416147	-0.404297	0.204171	-0.788467	1.411350	-53.850421	123.633633	-0.326731	0.491145	0.807480	-0.821328	-0.570271	0.014529	0.467619	-0.658458	0.589716
26774														7.743240	0.117098	5.731615	0.129061	0.001945	0.095517	1.000000	0.000104	0.000078	0.000027	-0.416118	-0.404239	0.204043	-0.788545	1.420416	-53.836238	123.637277	-0.326873	0.491290	0.807334	-0.821220	-0.570425	0.014628	0.467709	-0.658217	0.589914
26775														7.817835	0.157907	5.694414	0.130306	0.002626	0.094895	1.000000	0.000103	0.000091	0.000033	-0.416082	-0.404171	0.203910	-0.788633	1.428463	-53.820583	123.642794	-0.327043	0.491442	0.807172	-0.821101	-0.570593	0.014716	0.467799	-0.657958	0.590132
26776														7.891586	0.185089	5.652265	0.131533	0.003076	0.094195	1.000000	0.000108	0.000074	0.000009	-0.416018	-0.404119	0.203752	-0.788735	1.438921	-53.805188	123.651110	-0.327234	0.491575	0.807014	-0.820935	-0.570829	0.014829	0.467956	-0.657653	0.590346
26777														7.874535	0.143467	5.644981	0.131253	0.002384	0.094068	1.000000	0.000147	0.000121	0.000051	-0.415963	-0.404039	0.203583	-0.788848	1.448841	-53.786081	123.659463	-0.327455	0.491752	0.806817	-0.820774	-0.571058	0.014938	0.468085	-0.657322	0.590613
26778														7.866318	0.138461	5.664701	0.131110	0.002296	0.094405	1.000000	0.000234	0.000052	0.000083	-0.415804	-0.404043	0.203373	-0.788984	1.463015	-53.774155	123.678669	-0.327713	0.491782	0.806694	-0.820468	-0.571493	0.015088	0.468440	-0.656922	0.590777
26779														7.896044	0.106776	5.621688	0.131621	0.001774	0.093666	1.000000	0.000159	0.000219	0.000074	-0.415750	-0.403886	0.203166	-0.789146	1.470426	-53.743972	123.691192	-0.328056	0.492064	0.806382	-0.820287	-0.571751	0.015176	0.468517	-0.656486	0.591200
26780														7.882778	0.147634	5.646007	0.131403	0.002452	0.094068	1.000000	0.000172	0.000246	0.000060	-0.415716	-0.403710	0.202938	-0.789313	1.480620	-53.710412	123.700444	-0.328398	0.492403	0.806036	-0.820116	-0.571993	0.015293	0.468577	-0.656021	0.591669
26781														7.861125	0.165932	5.648838	0.131049	0.002758	0.094106	1.000000	0.000156	0.000321	0.000051	-0.415681	-0.403471	0.202674	-0.789521	1.489528	-53.667601	123.712985	-0.328840	0.492832	0.805593	-0.819924	-0.572265	0.015401	0.468603	-0.655461	0.592269
26782														7.805289	0.175231	5.682297	0.130115	0.002919	0.094668	1.000000	0.000127	0.000288	0.000079	-0.415635	-0.403241	0.202459	-0.789718	1.491097	-53.628775	123.729857	-0.329288	0.493189	0.805192	-0.819749	-0.572515	0.015431	0.468595	-0.654974	0.592814
26783														7.846977	0.160459	5.676728	0.130813	0.002676	0.094571	1.000000	0.000093	0.000320	0.000077	-0.415633	-0.402970	0.202269	-0.789906	1.489287	-53.586756	123.743029	-0.329729	0.493605	0.804757	-0.819638	-0.572674	0.015428	0.468478	-0.654522	0.593404
26784														7.878543	0.196261	5.662026	0.131349	0.003276	0.094312	1.000000	0.000084	0.000422	0.000094	-0.415655	-0.402624	0.202054	-0.790126	1.485751	-53.534698	123.756211	-0.330249	0.494136	0.804217	-0.819543	-0.572810	0.015410	0.468278	-0.654001	0.594136
26785														7.847334	0.209112	5.721441	0.130832	0.003503	0.095298	1.000000	0.000012	0.000458	0.000143	-0.415593	-0.402208	0.201860	-0.790420	1.463583	-53.476254	123.792976	-0.331022	0.494606	0.803610	-0.819365	-0.573070	0.015201	0.468044	-0.653419	0.594962
26786														7.834574	0.184963	5.706117	0.130617	0.003088	0.095046	1.000000	0.000031	0.000428	0.000066	-0.415638	-0.401835	0.201665	-0.790636	1.456711	-53.422256	123.805049	-0.331547	0.495165	0.803049	-0.819309	-0.573152	0.015149	0.467771	-0.652922	0.595720
26787														7.802133	0.181837	5.725813	0.130091	0.003035	0.095355	1.000000	-0.000004	0.000581	0.000033	-0.415723	-0.401327	0.201406	-0.790915	1.448623	-53.349243	123.817315	-0.332223	0.495944	0.802289	-0.819263	-0.573220	0.015091	0.467372	-0.652272	0.596745
26788														7.749485	0.182103	5.740023	0.129213	0.003044	0.095592	1.000000	-0.000128	0.000576	-0.000028	-0.415917	-0.400791	0.201227	-0.791131	1.437278	-53.277694	123.815007	-0.332760	0.496789	0.801543	-0.819389	-0.573042	0.014998	0.466769	-0.651785	0.597749
26789														7.742790	0.163837	5.708118	0.129099	0.002748	0.095064	1.000000	-0.000424	0.000542	-0.000174	-0.416326	-0.400186	0.201231	-0.791221	1.413981	-53.209025	123.786721	-0.333049	0.497752	0.800826	-0.819871	-0.572358	0.014778	0.465715	-0.651652	0.598715
26790														7.828840	0.170854	5.677428	0.130554	0.002860	0.094523	1.000000	-0.000434	0.000766	-0.000221	-0.416847	-0.399407	0.201145	-0.791361	1.396425	-53.115254	123.746203	-0.333424	0.499076	0.799844	-0.820431	-0.571558	0.014627	0.464457	-0.651341	0.600029
26791														7.924914	0.171338	5.709363	0.132153	0.002870	0.095056	1.000000	-0.000318	0.000748	-0.000121	-0.417239	-0.398670	0.201014	-0.791560	1.376682	-53.023678	123.724992	-0.333949	0.500262	0.798884	-0.820816	-0.571010	0.014451	0.463400	-0.650911	0.601311
26792														7.852819	0.114662	5.713339	0.130964	0.001919	0.095106	1.000000	-0.000226	0.000883	-0.000104	-0.417601	-0.397861	0.200759	-0.791841	1.364296	-52.916722	123.708432	-0.334631	0.501598	0.797760	-0.821096	-0.570610	0.014356	0.462411	-0.650233	0.602804
26793														7.755430	0.097044	5.744753	0.129345	0.001626	0.095627	1.000000	-0.000140	0.000919	-0.000037	-0.417889	-0.397048	0.200449	-0.792176	1.351869	-52.806037	123.703702	-0.335444	0.502907	0.796594	-0.821258	-0.570378	0.014262	0.461532	-0.649425	0.604347
26794														7.792417	0.092731	5.717717	0.129951	0.001546	0.095189	1.000000	-0.000007	0.000817	-0.000003	-0.418075	-0.396369	0.200087	-0.792509	1.350748	-52.707642	123.704503	-0.336210	0.504040	0.795554	-0.821273	-0.570357	0.014282	0.460949	-0.648565	0.605714
26795														7.782772	0.126242	5.811775	0.129791	0.002097	0.096758	1.000000	0.000070	0.000807	-0.000002	-0.418208	-0.395722	0.199663	-0.792869	1.356501	-52.609165	123.709542	-0.337013	0.505147	0.794512	-0.821190	-0.570474	0.014376	0.460510	-0.647600	0.607079
