// General information: 
//  MT Manager version: 2022.2.0 
//  XDA version: 2022.2.0 build 7381 rev 124627 built on 2023-07-19
// Device information: 
//  DeviceId: 00B4D204
//  ProductCode: MTW2-3A7G6
//  Firmware Version: 4.6.0
//  Hardware Version: 2.0.0
// Device settings: 
//  Filter Profile: human(46.1)
//  Option Flags: Orientation Smoother Disabled, Position/Velocity Smoother Disabled, Continuous Zero Rotation Update Disabled, AHS Disabled, ICC Disabled
// Coordinate system: ENU
PacketCounter	SampleTimeFine	Year	Month	Day	Second	UTC_Nano	UTC_Year	UTC_Month	UTC_Day	UTC_Hour	UTC_Minute	UTC_Second	UTC_Valid	Acc_X	Acc_Y	Acc_Z	VelInc_X	VelInc_Y	VelInc_Z	OriInc_q0	OriInc_q1	OriInc_q2	OriInc_q3	Quat_q0	Quat_q1	Quat_q2	Quat_q3	Roll	Pitch	Yaw	Mat[1][1]	Mat[2][1]	Mat[3][1]	Mat[1][2]	Mat[2][2]	Mat[3][2]	Mat[1][3]	Mat[2][3]	Mat[3][3]
47059														7.644399	0.067552	5.850457	0.127395	0.001133	0.097522	1.000000	0.000030	-0.000115	0.000076	-0.443898	-0.388122	0.214644	-0.778616	0.974994	-52.651149	120.141631	-0.304631	0.524637	0.794957	-0.857869	-0.513764	0.010323	0.413836	-0.678824	0.606579
47060														7.669367	0.099362	5.872119	0.127812	0.001656	0.097883	1.000000	0.000065	-0.000111	0.000053	-0.443829	-0.388195	0.214639	-0.778621	0.976641	-52.659009	120.148783	-0.304642	0.524505	0.795040	-0.857792	-0.513892	0.010339	0.413987	-0.678829	0.606469
47061														7.617998	0.102407	5.855264	0.126958	0.001707	0.097599	1.000000	0.000101	-0.000085	0.000076	-0.443673	-0.388274	0.214576	-0.778688	0.978534	-52.663940	120.169330	-0.304795	0.524336	0.795092	-0.857594	-0.514223	0.010358	0.414285	-0.678709	0.606400
47062														7.691860	0.103453	5.870581	0.128188	0.001724	0.097855	1.000000	0.000098	-0.000095	0.000075	-0.443585	-0.388341	0.214552	-0.778711	0.980467	-52.669905	120.179501	-0.304847	0.524211	0.795155	-0.857488	-0.514399	0.010377	0.414467	-0.678673	0.606317
47063														7.716896	0.084723	5.880508	0.128612	0.001406	0.098012	1.000000	0.000059	-0.000029	0.000001	-0.443556	-0.388364	0.214486	-0.778735	0.988914	-52.668266	120.180134	-0.304864	0.524227	0.795138	-0.857421	-0.514508	0.010466	0.414592	-0.678577	0.606339
47064														7.737231	0.082717	5.909536	0.128947	0.001371	0.098502	1.000000	0.000051	-0.000075	-0.000022	-0.443517	-0.388429	0.214428	-0.778740	0.999935	-52.671837	120.179268	-0.304831	0.524189	0.795176	-0.857349	-0.514627	0.010582	0.414765	-0.678517	0.606287
47065														7.706946	0.043031	5.867467	0.128438	0.000708	0.097805	1.000000	0.000045	-0.000111	-0.000036	-0.443533	-0.388509	0.214409	-0.778696	1.012507	-52.679438	120.168413	-0.304679	0.524155	0.795256	-0.857355	-0.514614	0.010713	0.414865	-0.678552	0.606179
47066														7.675580	0.054727	5.838436	0.127926	0.000903	0.097307	1.000000	0.000038	-0.000001	-0.000041	-0.443569	-0.388504	0.214340	-0.778698	1.024852	-52.674436	120.158469	-0.304623	0.524268	0.795203	-0.857355	-0.514611	0.010845	0.414906	-0.678468	0.606246
47067														7.739235	0.093712	5.879073	0.128992	0.001538	0.097979	1.000000	0.000049	0.000043	-0.000149	-0.443688	-0.388493	0.214198	-0.778674	1.054221	-52.664071	120.129323	-0.304428	0.524547	0.795093	-0.857405	-0.514521	0.011159	0.414945	-0.678320	0.606384
47068														7.698935	0.094691	5.848236	0.128316	0.001564	0.097470	1.000000	0.000022	0.000005	-0.000094	-0.443769	-0.388489	0.214117	-0.778652	1.072527	-52.658276	120.109893	-0.304291	0.524720	0.795032	-0.857448	-0.514446	0.011354	0.414958	-0.678244	0.606461
47069														7.653527	0.104266	5.864814	0.127563	0.001726	0.097741	1.000000	-0.000000	0.000045	-0.000091	-0.443866	-0.388442	0.214036	-0.778642	1.087719	-52.647862	120.091076	-0.304191	0.524945	0.794922	-0.857508	-0.514342	0.011517	0.414908	-0.678148	0.606603
47070														7.670073	0.088504	5.816845	0.127844	0.001464	0.096935	1.000000	-0.000019	0.000098	-0.000104	-0.443985	-0.388351	0.213939	-0.778647	1.102505	-52.631420	120.071108	-0.304122	0.525249	0.794748	-0.857582	-0.514215	0.011678	0.414805	-0.678009	0.606828
47071														7.639329	0.114900	5.868910	0.127330	0.001902	0.097805	1.000000	0.000009	0.000077	-0.000095	-0.444097	-0.388282	0.213839	-0.778645	1.119313	-52.617333	120.050351	-0.304030	0.525528	0.794598	-0.857648	-0.514101	0.011860	0.414737	-0.677880	0.607020
47072														7.642553	0.147999	5.877147	0.127375	0.002455	0.097954	1.000000	0.000029	-0.000011	-0.000069	-0.444139	-0.388293	0.213762	-0.778637	1.134822	-52.613553	120.037624	-0.303939	0.525641	0.794558	-0.857650	-0.514093	0.012025	0.414798	-0.677798	0.607069
47073														7.667948	0.137190	5.858851	0.127791	0.002276	0.097658	1.000000	0.000065	-0.000084	-0.000031	-0.444152	-0.388358	0.213719	-0.778608	1.148911	-52.617988	120.027303	-0.303814	0.525642	0.794605	-0.857640	-0.514106	0.012173	0.414910	-0.677787	0.607004
47074														7.636399	0.138757	5.871696	0.127260	0.002300	0.097879	1.000000	0.000067	-0.000133	-0.000045	-0.444154	-0.388469	0.213686	-0.778561	1.165451	-52.628103	120.015732	-0.303637	0.525582	0.794712	-0.857623	-0.514131	0.012346	0.415075	-0.677815	0.606861
47075														7.654446	0.171152	5.847145	0.127560	0.002837	0.097471	1.000000	0.000074	-0.000145	-0.000064	-0.444158	-0.388598	0.213641	-0.778507	1.185691	-52.639519	120.001750	-0.303430	0.525519	0.794833	-0.857601	-0.514163	0.012557	0.415273	-0.677839	0.606698
47076														7.688427	0.165483	5.858824	0.128126	0.002750	0.097666	1.000000	0.000047	-0.000146	-0.000031	-0.444155	-0.388707	0.213635	-0.778456	1.197795	-52.651128	119.992718	-0.303267	0.525427	0.794956	-0.857593	-0.514173	0.012682	0.415408	-0.677903	0.606534
47077														7.661511	0.146900	5.866630	0.127680	0.002442	0.097792	1.000000	0.000032	-0.000119	-0.000029	-0.444157	-0.388788	0.213627	-0.778416	1.207761	-52.659647	119.984865	-0.303135	0.525366	0.795046	-0.857590	-0.514175	0.012785	0.415510	-0.677948	0.606414
47078														7.671192	0.162898	5.853469	0.127840	0.002711	0.097575	1.000000	0.000046	-0.000133	0.000006	-0.444128	-0.388879	0.213630	-0.778387	1.214189	-52.669835	119.982927	-0.303047	0.525254	0.795154	-0.857560	-0.514224	0.012850	0.415637	-0.677998	0.606271
47079														7.713322	0.174801	5.840103	0.128545	0.002914	0.097348	1.000000	0.000027	-0.000102	0.000025	-0.444111	-0.388929	0.213647	-0.778366	1.215660	-52.676533	119.982774	-0.302999	0.525175	0.795225	-0.857550	-0.514241	0.012863	0.415693	-0.678047	0.606178
47080														7.710059	0.132697	5.873679	0.128493	0.002213	0.097905	1.000000	0.000016	-0.000082	0.000027	-0.444053	-0.388972	0.213642	-0.778380	1.215419	-52.681008	119.990132	-0.303036	0.525082	0.795273	-0.857485	-0.514349	0.012860	0.415800	-0.678037	0.606116
47081														7.698892	0.147111	5.846035	0.128312	0.002454	0.097438	1.000000	-0.000020	-0.000029	0.000004	-0.444050	-0.388959	0.213638	-0.778389	1.214190	-52.679253	119.991717	-0.303062	0.525095	0.795254	-0.857480	-0.514358	0.012847	0.415791	-0.678021	0.606140
47082														7.674363	0.162396	5.849324	0.127908	0.002709	0.097486	1.000000	-0.000011	0.000019	0.000010	-0.444047	-0.388911	0.213607	-0.778423	1.213006	-52.672110	119.994792	-0.303140	0.525164	0.795178	-0.857461	-0.514388	0.012837	0.415772	-0.677943	0.606240
47083														7.654033	0.161504	5.834166	0.127571	0.002693	0.097232	1.000000	-0.000018	0.000034	-0.000006	-0.444094	-0.388845	0.213583	-0.778436	1.213601	-52.663157	119.990193	-0.303160	0.525296	0.795084	-0.857499	-0.514325	0.012846	0.415679	-0.677889	0.606364
47084														7.640304	0.155626	5.893415	0.127343	0.002591	0.098218	1.000000	0.000002	0.000047	-0.000021	-0.444129	-0.388786	0.213524	-0.778462	1.218639	-52.652755	119.985663	-0.303191	0.525445	0.794974	-0.857505	-0.514314	0.012902	0.415646	-0.677782	0.606507
47085														7.628369	0.115615	5.869204	0.127145	0.001928	0.097813	1.000000	-0.000019	0.000051	-0.000004	-0.444160	-0.388710	0.213485	-0.778493	1.218644	-52.641841	119.984375	-0.303254	0.525583	0.794858	-0.857517	-0.514293	0.012905	0.415573	-0.677691	0.606658
47086														7.627335	0.109000	5.898388	0.127126	0.001811	0.098301	1.000000	0.000023	0.000042	-0.000028	-0.444203	-0.388661	0.213414	-0.778512	1.227097	-52.631904	119.976660	-0.303253	0.525743	0.794753	-0.857526	-0.514276	0.012998	0.415555	-0.677580	0.606794
47087														7.639077	0.101936	5.897415	0.127323	0.001693	0.098284	1.000000	0.000002	0.000050	-0.000047	-0.444249	-0.388608	0.213338	-0.778533	1.236126	-52.621157	119.968618	-0.303253	0.525915	0.794639	-0.857534	-0.514260	0.013096	0.415539	-0.677459	0.606941
47088														7.650916	0.094868	5.896321	0.127518	0.001575	0.098269	1.000000	0.000007	0.000026	-0.000040	-0.444318	-0.388564	0.213289	-0.778529	1.244667	-52.613092	119.956487	-0.303198	0.526076	0.794553	-0.857582	-0.514178	0.013189	0.415480	-0.677396	0.607051
47089														7.630188	0.088029	5.909498	0.127171	0.001461	0.098490	1.000000	0.000014	0.000012	-0.000041	-0.444344	-0.388544	0.213222	-0.778543	1.253955	-52.606548	119.950092	-0.303184	0.526189	0.794484	-0.857573	-0.514191	0.013290	0.415509	-0.677299	0.607140
47090														7.613558	0.116321	5.915839	0.126891	0.001932	0.098599	1.000000	0.000011	-0.000015	-0.000045	-0.444373	-0.388544	0.213170	-0.778540	1.263649	-52.603143	119.941912	-0.303133	0.526273	0.794448	-0.857577	-0.514182	0.013394	0.415539	-0.677240	0.607185
47091														7.666531	0.117381	5.916631	0.127774	0.001954	0.098612	1.000000	0.000001	-0.000015	-0.000019	-0.444371	-0.388537	0.213129	-0.778556	1.268306	-52.599839	119.940818	-0.303146	0.526318	0.794413	-0.857553	-0.514220	0.013444	0.415579	-0.677176	0.607229
47092														7.663590	0.092884	5.880199	0.127725	0.001546	0.098006	1.000000	-0.000023	-0.000018	-0.000030	-0.444399	-0.388522	0.213110	-0.778552	1.272029	-52.596882	119.935715	-0.303119	0.526381	0.794382	-0.857572	-0.514187	0.013484	0.415559	-0.677152	0.607269
47093														7.639697	0.112309	5.868701	0.127322	0.001866	0.097820	1.000000	0.000026	-0.000062	-0.000023	-0.444413	-0.388556	0.213083	-0.778535	1.280440	-52.598892	119.928965	-0.303043	0.526392	0.794403	-0.857571	-0.514186	0.013573	0.415615	-0.677144	0.607240
47094														7.697126	0.148633	5.862155	0.128278	0.002470	0.097712	1.000000	0.000041	-0.000072	-0.000023	-0.444395	-0.388610	0.213039	-0.778531	1.290496	-52.602093	119.925665	-0.302991	0.526371	0.794437	-0.857528	-0.514256	0.013678	0.415744	-0.677107	0.607193
47095														7.727358	0.123601	5.810639	0.128787	0.002068	0.096847	1.000000	-0.000024	-0.000027	0.000048	-0.444357	-0.388586	0.213053	-0.778560	1.282399	-52.600333	119.935761	-0.303096	0.526339	0.794418	-0.857496	-0.514311	0.013593	0.415733	-0.677090	0.607219
47096														7.711409	0.098851	5.804675	0.128527	0.001654	0.096740	1.000000	-0.000005	0.000035	0.000047	-0.444350	-0.388515	0.213035	-0.778605	1.276456	-52.591437	119.942387	-0.303218	0.526411	0.794324	-0.857481	-0.514338	0.013533	0.415675	-0.677014	0.607344
47097														7.725058	0.163017	5.866922	0.128761	0.002722	0.097768	1.000000	-0.000024	0.000107	0.000019	-0.444380	-0.388388	0.212987	-0.778664	1.272295	-52.574300	119.945055	-0.303361	0.526603	0.794142	-0.857489	-0.514325	0.013494	0.415553	-0.676875	0.607582
47098														7.751893	0.178940	5.873101	0.129211	0.002980	0.097869	1.000000	-0.000014	0.000127	-0.000030	-0.444433	-0.388264	0.212895	-0.778721	1.276335	-52.554662	119.941092	-0.303461	0.526859	0.793934	-0.857498	-0.514310	0.013543	0.415463	-0.676687	0.607853
47099														7.689785	0.163364	5.884732	0.128169	0.002720	0.098071	1.000000	0.000012	0.000060	-0.000010	-0.444479	-0.388190	0.212837	-0.778747	1.280716	-52.542727	119.935657	-0.303493	0.527032	0.793807	-0.857516	-0.514278	0.013593	0.415401	-0.676577	0.608018
47100														7.665121	0.127181	5.876722	0.127759	0.002129	0.097935	1.000000	-0.000003	0.000078	0.000070	-0.444474	-0.388078	0.212814	-0.778812	1.271279	-52.528936	119.945196	-0.303676	0.527147	0.793661	-0.857500	-0.514306	0.013497	0.415300	-0.676466	0.608211
47101														7.737124	0.126893	5.894440	0.128958	0.002130	0.098233	1.000000	-0.000024	0.000063	0.000102	-0.444439	-0.387966	0.212821	-0.778887	1.254978	-52.517023	119.962049	-0.303914	0.527200	0.793534	-0.857469	-0.514364	0.013328	0.415191	-0.676380	0.608380
47102														7.675194	0.163623	5.903416	0.127921	0.002748	0.098388	1.000000	-0.000071	0.000019	0.000111	-0.444439	-0.387856	0.212903	-0.778919	1.232231	-52.510101	119.975380	-0.304084	0.527212	0.793461	-0.857515	-0.514293	0.013088	0.414972	-0.676424	0.608481
47103														7.593693	0.140819	5.912583	0.126564	0.002373	0.098539	1.000000	-0.000102	0.000026	0.000127	-0.444419	-0.387728	0.213002	-0.778966	1.203376	-52.502390	119.994898	-0.304317	0.527201	0.793379	-0.857549	-0.514243	0.012784	0.414729	-0.676471	0.608594
47104														7.631553	0.131416	5.836858	0.127195	0.002219	0.097277	1.000000	-0.000130	0.000029	0.000125	-0.444413	-0.387585	0.213122	-0.779008	1.171507	-52.494300	120.014081	-0.304550	0.527196	0.793293	-0.857609	-0.514152	0.012448	0.414436	-0.676544	0.608713
47105														7.639190	0.133567	5.868184	0.127314	0.002245	0.097810	1.000000	-0.000024	-0.000054	0.000132	-0.444343	-0.387554	0.213199	-0.779043	1.151207	-52.495864	120.033999	-0.304722	0.527072	0.793309	-0.857576	-0.514211	0.012232	0.414376	-0.676596	0.608696
47106														7.628118	0.142491	5.854425	0.127125	0.002394	0.097587	1.000000	0.000025	-0.000102	0.000174	-0.444205	-0.387575	0.213272	-0.779091	1.130377	-52.503014	120.062613	-0.304936	0.526834	0.793385	-0.857469	-0.514395	0.012009	0.414440	-0.676642	0.608601
47107														7.698255	0.110078	5.862073	0.128298	0.001846	0.097709	1.000000	0.000025	-0.000060	0.000109	-0.444095	-0.387584	0.213288	-0.779145	1.118808	-52.505153	120.083788	-0.305116	0.526695	0.793408	-0.857363	-0.514575	0.011885	0.414528	-0.676612	0.608574
47108														7.718788	0.112697	5.863097	0.128648	0.001892	0.097716	1.000000	-0.000032	0.000017	0.000078	-0.444056	-0.387511	0.213305	-0.779198	1.104910	-52.498298	120.098464	-0.305298	0.526699	0.793335	-0.857332	-0.514630	0.011739	0.414457	-0.676568	0.608672
47109														7.705757	0.115540	5.879684	0.128436	0.001938	0.097986	1.000000	-0.000034	0.000070	0.000067	-0.444016	-0.387406	0.213286	-0.779279	1.092447	-52.485445	120.114335	-0.305533	0.526769	0.793199	-0.857281	-0.514718	0.011610	0.414389	-0.676447	0.608852
47110														7.697439	0.109067	5.849330	0.128298	0.001830	0.097479	1.000000	-0.000055	0.000077	0.000057	-0.444012	-0.387283	0.213284	-0.779343	1.079255	-52.471790	120.125526	-0.305731	0.526873	0.793054	-0.857277	-0.514727	0.011474	0.414251	-0.676359	0.609044
47111														7.671847	0.061347	5.884094	0.127871	0.001037	0.098059	1.000000	-0.000079	0.000073	0.000055	-0.444002	-0.387157	0.213294	-0.779408	1.063595	-52.458596	120.138603	-0.305943	0.526961	0.792913	-0.857274	-0.514735	0.011311	0.414101	-0.676284	0.609230
47112														7.674598	0.088105	5.906963	0.127914	0.001477	0.098444	1.000000	-0.000026	0.000042	0.000047	-0.444034	-0.387064	0.213304	-0.779434	1.055417	-52.448852	120.140793	-0.306031	0.527066	0.792810	-0.857315	-0.514670	0.011226	0.413952	-0.676252	0.609366
47113														7.694266	0.091480	5.909114	0.128244	0.001528	0.098478	1.000000	-0.000016	0.000060	0.000014	-0.444087	-0.386970	0.213283	-0.779456	1.053275	-52.437064	120.137589	-0.306083	0.527224	0.792684	-0.857360	-0.514595	0.011206	0.413819	-0.676186	0.609530
47114														7.649710	0.112779	5.869086	0.127498	0.001886	0.097814	1.000000	0.000005	0.000031	0.000056	-0.444081	-0.386900	0.213270	-0.779497	1.047188	-52.428567	120.143910	-0.306200	0.527292	0.792594	-0.857348	-0.514616	0.011144	0.413758	-0.676117	0.609648
47115														7.632936	0.081056	5.891844	0.127217	0.001361	0.098195	1.000000	0.000002	0.000018	0.000081	-0.444067	-0.386832	0.213280	-0.779537	1.037191	-52.421643	120.152922	-0.306331	0.527326	0.792520	-0.857340	-0.514632	0.011039	0.413677	-0.676078	0.609746
47116														7.673718	0.095132	5.866501	0.127898	0.001592	0.097771	1.000000	0.000005	0.000031	0.000056	-0.444077	-0.386760	0.213273	-0.779569	1.031413	-52.413241	120.156813	-0.306426	0.527406	0.792431	-0.857348	-0.514621	0.010980	0.413592	-0.676024	0.609863
47117														7.661229	0.102043	5.868461	0.127688	0.001709	0.097807	1.000000	0.000033	0.000007	0.000091	-0.444028	-0.386715	0.213261	-0.779622	1.023583	-52.407597	120.169533	-0.306582	0.527405	0.792371	-0.857291	-0.514718	0.010898	0.413595	-0.675951	0.609943
47118														7.636008	0.109823	5.900446	0.127268	0.001838	0.098339	1.000000	-0.000005	0.000017	0.000054	-0.444021	-0.386652	0.213259	-0.779657	1.016613	-52.400610	120.176022	-0.306690	0.527454	0.792296	-0.857283	-0.514731	0.010825	0.413529	-0.675902	0.610041
47119														7.639693	0.082331	5.924296	0.127328	0.001379	0.098739	1.000000	-0.000018	-0.000006	0.000042	-0.443992	-0.386615	0.213258	-0.779693	1.010093	-52.396351	120.184715	-0.306800	0.527459	0.792251	-0.857253	-0.514784	0.010757	0.413512	-0.675859	0.610101
47120														7.628247	0.099876	5.883254	0.127138	0.001668	0.098054	1.000000	-0.000004	0.000004	0.000026	-0.443985	-0.386576	0.213241	-0.779721	1.007506	-52.391022	120.188705	-0.306874	0.527501	0.792194	-0.857236	-0.514812	0.010731	0.413491	-0.675804	0.610175
47121														7.648030	0.100167	5.899140	0.127470	0.001671	0.098315	1.000000	-0.000001	0.000033	0.000012	-0.444018	-0.386511	0.213216	-0.779741	1.007199	-52.382219	120.186449	-0.306914	0.527618	0.792100	-0.857259	-0.514773	0.010729	0.413413	-0.675742	0.610297
47122														7.672424	0.087753	5.882131	0.127878	0.001465	0.098030	1.000000	-0.000005	0.000040	0.000013	-0.444019	-0.386449	0.213174	-0.779783	1.006276	-52.372707	120.189527	-0.307009	0.527715	0.791999	-0.857239	-0.514807	0.010722	0.413385	-0.675641	0.610428
47123														7.651174	0.076759	5.909791	0.127523	0.001277	0.098492	1.000000	0.000016	0.000035	-0.000003	-0.444018	-0.386404	0.213109	-0.779823	1.010204	-52.363666	120.190387	-0.307079	0.527819	0.791903	-0.857204	-0.514865	0.010766	0.413405	-0.675516	0.610553
47124														7.646370	0.096417	5.915173	0.127445	0.001610	0.098579	1.000000	-0.000012	0.000053	0.000014	-0.444024	-0.386328	0.213068	-0.779869	1.008341	-52.352665	120.193619	-0.307186	0.527933	0.791785	-0.857189	-0.514889	0.010749	0.413356	-0.675408	0.610705
47125														7.621325	0.111713	5.919147	0.127025	0.001865	0.098648	1.000000	-0.000001	0.000032	0.000021	-0.444002	-0.386277	0.213023	-0.779919	1.006707	-52.344134	120.200183	-0.307305	0.528000	0.791694	-0.857143	-0.514967	0.010733	0.413364	-0.675297	0.610823
47126														7.645277	0.092335	5.930471	0.127423	0.001541	0.098838	1.000000	-0.000004	0.000023	0.000011	-0.444012	-0.386225	0.212994	-0.779947	1.006151	-52.336512	120.201130	-0.307367	0.528085	0.791613	-0.857139	-0.514973	0.010729	0.413326	-0.675225	0.610928
47127														7.628523	0.119744	5.937097	0.127143	0.001996	0.098950	1.000000	-0.000014	0.000011	-0.000009	-0.444018	-0.386189	0.212959	-0.779971	1.007524	-52.330315	120.201497	-0.307413	0.528157	0.791547	-0.857127	-0.514994	0.010746	0.413317	-0.675153	0.611014
47128														7.624946	0.091525	5.915300	0.127084	0.001526	0.098587	1.000000	-0.000007	0.000013	0.000001	-0.444019	-0.386150	0.212924	-0.779999	1.008254	-52.323840	120.202884	-0.307471	0.528227	0.791478	-0.857109	-0.515022	0.010755	0.413310	-0.675076	0.611103
47129														7.612454	0.099253	5.917245	0.126877	0.001655	0.098618	1.000000	-0.000004	0.000024	0.000002	-0.444040	-0.386098	0.212892	-0.780021	1.009033	-52.316092	120.201523	-0.307513	0.528327	0.791395	-0.857117	-0.515010	0.010765	0.413264	-0.675008	0.611210
47130														7.617067	0.086262	5.884369	0.126953	0.001440	0.098071	1.000000	-0.000001	0.000015	0.000019	-0.444057	-0.386049	0.212874	-0.780041	1.007927	-52.309427	120.201536	-0.307559	0.528407	0.791324	-0.857125	-0.514996	0.010755	0.413212	-0.674956	0.611302
47131														7.649087	0.078825	5.898639	0.127487	0.001315	0.098307	1.000000	0.000002	0.000026	0.000012	-0.444092	-0.385990	0.212850	-0.780057	1.008162	-52.301394	120.198720	-0.307589	0.528518	0.791238	-0.857150	-0.514955	0.010759	0.413139	-0.674900	0.611413
47132														7.624299	0.094169	5.902276	0.127073	0.001573	0.098369	1.000000	0.000023	0.000016	0.000047	-0.444067	-0.385947	0.212818	-0.780101	1.005550	-52.294698	120.205633	-0.307699	0.528560	0.791167	-0.857107	-0.515027	0.010733	0.413145	-0.674812	0.611506
47133														7.652406	0.110003	5.906907	0.127541	0.001832	0.098447	1.000000	0.000020	0.000011	0.000003	-0.444087	-0.385914	0.212778	-0.780117	1.009333	-52.288510	120.202592	-0.307714	0.528651	0.791101	-0.857108	-0.515025	0.010775	0.413133	-0.674743	0.611591
47134														7.656690	0.090312	5.902196	0.127610	0.001506	0.098371	1.000000	-0.000003	-0.000011	0.000007	-0.444059	-0.385900	0.212746	-0.780149	1.009526	-52.284852	120.207558	-0.307785	0.528668	0.791062	-0.857062	-0.515101	0.010778	0.413174	-0.674672	0.611641
47135														7.640117	0.117885	5.908586	0.127337	0.001963	0.098475	1.000000	0.000010	0.000015	-0.000006	-0.444073	-0.385866	0.212700	-0.780170	1.013361	-52.278182	120.205624	-0.307814	0.528758	0.790991	-0.857052	-0.515116	0.010821	0.413173	-0.674590	0.611733
47136														7.631888	0.106214	5.905841	0.127201	0.001768	0.098428	1.000000	0.000013	0.000025	-0.000005	-0.444084	-0.385826	0.212647	-0.780199	1.017290	-52.270338	120.204379	-0.307857	0.528858	0.790907	-0.857036	-0.515142	0.010864	0.413175	-0.674491	0.611840
47137														7.643376	0.091474	5.932933	0.127391	0.001527	0.098881	1.000000	-0.000007	0.000012	0.000010	-0.444110	-0.385776	0.212631	-0.780212	1.016682	-52.263871	120.202735	-0.307886	0.528944	0.790838	-0.857056	-0.515109	0.010859	0.413112	-0.674448	0.611929
47138														7.639627	0.117638	5.909224	0.127326	0.001966	0.098488	1.000000	-0.000041	-0.000006	0.000014	-0.444093	-0.385740	0.212628	-0.780240	1.011642	-52.259713	120.208830	-0.307972	0.528961	0.790793	-0.857038	-0.515141	0.010807	0.413086	-0.674411	0.611988
47139														7.623597	0.093431	5.903195	0.127061	0.001558	0.098385	1.000000	-0.000024	0.000014	-0.000009	-0.444117	-0.385692	0.212607	-0.780256	1.011759	-52.253057	120.207228	-0.308003	0.529049	0.790722	-0.857052	-0.515117	0.010810	0.413033	-0.674361	0.612080
47140														7.667163	0.126446	5.942334	0.127787	0.002103	0.099038	1.000000	0.000000	0.000004	-0.000034	-0.444147	-0.385669	0.212560	-0.780263	1.018426	-52.247455	120.201103	-0.307985	0.529148	0.790662	-0.857059	-0.515103	0.010882	0.413031	-0.674293	0.612156
47141														7.653167	0.068644	5.852606	0.127552	0.001148	0.097544	1.000000	-0.000024	-0.000006	0.000015	-0.444151	-0.385632	0.212557	-0.780281	1.015195	-52.243188	120.203472	-0.308037	0.529187	0.790617	-0.857062	-0.515100	0.010849	0.412987	-0.674266	0.612215
47142														7.635136	0.082259	5.916349	0.127259	0.001368	0.098598	1.000000	0.000042	0.000065	0.000011	-0.444150	-0.385568	0.212471	-0.780336	1.019968	-52.230682	120.204767	-0.308136	0.529329	0.790483	-0.857017	-0.515173	0.010903	0.413007	-0.674098	0.612387
47143														7.674589	0.145248	5.918385	0.127917	0.002422	0.098631	1.000000	-0.000019	0.000068	-0.000002	-0.444199	-0.385473	0.212434	-0.780365	1.019510	-52.217737	120.201658	-0.308197	0.529500	0.790345	-0.857049	-0.515119	0.010901	0.412894	-0.674005	0.612565
47144														7.645393	0.126445	5.929004	0.127427	0.002096	0.098812	1.000000	0.000027	0.000040	-0.000072	-0.444280	-0.385435	0.212346	-0.780361	1.034996	-52.207960	120.184842	-0.308109	0.529707	0.790240	-0.857090	-0.515048	0.011069	0.412875	-0.673896	0.612697
47145														7.632395	0.132059	5.945424	0.127210	0.002192	0.099087	1.000000	0.000031	0.000031	-0.000047	-0.444304	-0.385411	0.212254	-0.780385	1.046940	-52.199372	120.177991	-0.308105	0.529846	0.790148	-0.857066	-0.515085	0.011199	0.412927	-0.673759	0.612813
47146														7.652494	0.140190	5.933158	0.127546	0.002335	0.098880	1.000000	0.000019	0.000045	0.000007	-0.444358	-0.385340	0.212216	-0.780399	1.049753	-52.189132	120.171613	-0.308117	0.530002	0.790039	-0.857104	-0.515020	0.011232	0.412839	-0.673685	0.612954
47147														7.647962	0.101242	5.954205	0.127466	0.001696	0.099237	1.000000	-0.000004	-0.000001	0.000061	-0.444332	-0.385294	0.212219	-0.780436	1.041982	-52.184275	120.180721	-0.308235	0.530011	0.789987	-0.857079	-0.515065	0.011150	0.412804	-0.673644	0.613022
47148														7.587640	0.091594	5.935557	0.126458	0.001533	0.098930	1.000000	-0.000030	-0.000029	0.000029	-0.444314	-0.385272	0.212233	-0.780454	1.036040	-52.182686	120.186754	-0.308302	0.529998	0.789970	-0.857068	-0.515085	0.011086	0.412777	-0.673640	0.613046
47149														7.567795	0.086579	5.933638	0.126126	0.001452	0.098899	1.000000	-0.000034	-0.000041	0.000045	-0.444328	-0.385241	0.212283	-0.780447	1.027439	-52.182404	120.189001	-0.308325	0.529989	0.789967	-0.857109	-0.515017	0.010995	0.412673	-0.673698	0.613051
47150														7.629893	0.104763	5.908444	0.127157	0.001753	0.098484	1.000000	-0.000012	-0.000081	0.000042	-0.444290	-0.385261	0.212315	-0.780450	1.021746	-52.186767	120.196159	-0.308361	0.529899	0.790013	-0.857086	-0.515058	0.010933	0.412696	-0.673738	0.612992
47151														7.614384	0.077053	5.915600	0.126902	0.001286	0.098599	1.000000	0.000015	-0.000047	0.000022	-0.444262	-0.385274	0.212301	-0.780464	1.022237	-52.187280	120.199867	-0.308391	0.529872	0.790019	-0.857049	-0.515119	0.010938	0.412750	-0.673712	0.612985
47152														7.602146	0.081367	5.931079	0.126702	0.001356	0.098852	1.000000	0.000004	-0.000007	-0.000000	-0.444280	-0.385249	0.212277	-0.780472	1.024579	-52.183068	120.197321	-0.308397	0.529936	0.789974	-0.857055	-0.515108	0.010964	0.412732	-0.673670	0.613042
47153														7.614723	0.076966	5.915164	0.126912	0.001284	0.098586	1.000000	-0.000010	0.000003	-0.000000	-0.444267	-0.385221	0.212243	-0.780503	1.025012	-52.177723	120.200458	-0.308463	0.529983	0.789917	-0.857024	-0.515159	0.010970	0.412747	-0.673594	0.613116
47154														7.622331	0.088818	5.918711	0.127045	0.001480	0.098637	1.000000	0.000001	0.000062	-0.000002	-0.444272	-0.385149	0.212176	-0.780553	1.026892	-52.165636	120.202320	-0.308564	0.530117	0.789787	-0.856995	-0.515207	0.010993	0.412731	-0.673452	0.613282
47155														7.633112	0.128889	5.944573	0.127223	0.002148	0.099070	1.000000	-0.000015	0.000046	-0.000013	-0.444366	-0.385066	0.212161	-0.780546	1.028960	-52.155284	120.190544	-0.308527	0.530304	0.789676	-0.857087	-0.515054	0.011018	0.412568	-0.673422	0.613425
47156														7.616532	0.101360	5.953102	0.126943	0.001694	0.099218	1.000000	-0.000055	0.000006	-0.000003	-0.444390	-0.385012	0.212166	-0.780556	1.024944	-52.149718	120.190540	-0.308566	0.530370	0.789617	-0.857117	-0.515005	0.010976	0.412478	-0.673407	0.613502
47157														7.616360	0.100548	5.953336	0.126942	0.001684	0.099219	1.000000	-0.000066	0.000024	0.000015	-0.444393	-0.384940	0.212173	-0.780589	1.016726	-52.142114	120.196434	-0.308673	0.530429	0.789535	-0.857124	-0.514996	0.010890	0.412384	-0.673368	0.613608
47158														7.608244	0.090992	5.936595	0.126809	0.001527	0.098937	1.000000	-0.000071	0.000046	0.000026	-0.444445	-0.384832	0.212200	-0.780605	1.006567	-52.131884	120.196799	-0.308747	0.530549	0.789426	-0.857194	-0.514880	0.010783	0.412181	-0.673362	0.613751
47159														7.663991	0.118633	5.960371	0.127737	0.001980	0.099335	1.000000	-0.000052	0.000035	-0.000017	-0.444523	-0.384748	0.212203	-0.780601	1.004771	-52.122791	120.188854	-0.308737	0.530700	0.789328	-0.857280	-0.514739	0.010766	0.412012	-0.673351	0.613877
47160														7.631518	0.128859	5.932839	0.127197	0.002152	0.098874	1.000000	-0.000070	0.000051	-0.000017	-0.444630	-0.384639	0.212222	-0.780589	1.000866	-52.111759	120.178184	-0.308714	0.530889	0.789210	-0.857405	-0.514531	0.010727	0.411768	-0.673361	0.614030
47161														7.630629	0.127848	5.934003	0.127187	0.002143	0.098887	1.000000	-0.000106	0.000098	0.000012	-0.444694	-0.384483	0.212238	-0.780625	0.988402	-52.095535	120.179726	-0.308841	0.531074	0.789036	-0.857482	-0.514405	0.010597	0.411512	-0.673311	0.614255
47162														7.641540	0.118449	5.934135	0.127372	0.001988	0.098885	1.000000	-0.000125	0.000132	0.000014	-0.444757	-0.384296	0.212249	-0.780678	0.973405	-52.075516	120.183591	-0.309015	0.531291	0.788822	-0.857557	-0.514284	0.010441	0.411225	-0.673233	0.614534
47163														7.604198	0.096013	5.900330	0.126752	0.001612	0.098319	1.000000	-0.000118	0.000154	0.000000	-0.444853	-0.384093	0.212247	-0.780723	0.961331	-52.052881	120.181908	-0.309156	0.531570	0.788579	-0.857660	-0.514113	0.010317	0.410903	-0.673143	0.614847
47164														7.577610	0.103532	5.933948	0.126302	0.001733	0.098888	1.000000	-0.000099	0.000088	-0.000015	-0.444971	-0.383943	0.212270	-0.780724	0.953735	-52.037667	120.172744	-0.309176	0.531800	0.788415	-0.857798	-0.513884	0.010239	0.410599	-0.673136	0.615058
47165														7.634616	0.086801	5.916701	0.127241	0.001452	0.098615	1.000000	-0.000041	-0.000023	0.000012	-0.444983	-0.383912	0.212288	-0.780727	0.949187	-52.035391	120.173872	-0.309203	0.531821	0.788391	-0.857821	-0.513847	0.010191	0.410532	-0.673147	0.615090
47166														7.651717	0.062439	5.895787	0.127527	0.001040	0.098265	1.000000	0.000001	-0.000017	-0.000002	-0.444988	-0.383897	0.212265	-0.780738	0.951139	-52.032265	120.173136	-0.309217	0.531862	0.788357	-0.857814	-0.513859	0.010212	0.410536	-0.673106	0.615133
47167														7.614762	0.082653	5.914747	0.126912	0.001374	0.098581	1.000000	0.000025	-0.000012	-0.000008	-0.445016	-0.383884	0.212230	-0.780738	0.956974	-52.028578	120.167241	-0.309188	0.531938	0.788318	-0.857825	-0.513839	0.010276	0.410534	-0.673062	0.615183
47168														7.647778	0.082996	5.900060	0.127461	0.001376	0.098337	1.000000	0.000063	-0.000018	-0.000006	-0.445039	-0.383890	0.212175	-0.780737	0.967103	-52.025655	120.159708	-0.309138	0.532013	0.788286	-0.857821	-0.513844	0.010385	0.410582	-0.672998	0.615221
47169														7.667824	0.084609	5.915587	0.127797	0.001400	0.098593	1.000000	0.000103	0.000003	-0.000001	-0.445036	-0.383897	0.212077	-0.780762	0.980723	-52.020199	120.154938	-0.309132	0.532104	0.788228	-0.857766	-0.513932	0.010533	0.410700	-0.672859	0.615293
47170														7.675929	0.101313	5.904658	0.127935	0.001676	0.098408	1.000000	0.000116	0.000028	-0.000005	-0.444943	-0.383918	0.211910	-0.780850	0.996346	-52.012101	120.163352	-0.309266	0.532155	0.788141	-0.857579	-0.514240	0.010703	0.410989	-0.672583	0.615402
47171														7.670778	0.115587	5.938141	0.127848	0.001913	0.098967	1.000000	0.000123	0.000015	-0.000006	-0.444949	-0.383925	0.211792	-0.780875	1.013400	-52.005401	120.156036	-0.309244	0.532274	0.788069	-0.857523	-0.514330	0.010887	0.411122	-0.672421	0.615491
47172														7.629509	0.105177	5.950060	0.127164	0.001746	0.099160	1.000000	0.000098	0.000059	0.000023	-0.444923	-0.383887	0.211674	-0.780941	1.022819	-51.993705	120.158490	-0.309348	0.532400	0.787943	-0.857435	-0.514475	0.010991	0.411229	-0.672210	0.615650
47173														7.616907	0.117273	5.938271	0.126953	0.001948	0.098965	1.000000	0.000094	0.000049	0.000021	-0.444922	-0.383850	0.211572	-0.780987	1.032218	-51.983155	120.157180	-0.309409	0.532532	0.787830	-0.857380	-0.514564	0.011095	0.411297	-0.672037	0.615793
47174														7.608362	0.106120	5.935904	0.126811	0.001763	0.098926	1.000000	0.000071	0.000046	0.000011	-0.444911	-0.383813	0.211475	-0.781038	1.040332	-51.972920	120.157631	-0.309484	0.532652	0.787720	-0.857319	-0.514664	0.011185	0.411369	-0.671865	0.615932
47175														7.595259	0.111130	5.952424	0.126592	0.001847	0.099202	1.000000	0.000064	0.000042	0.000010	-0.444876	-0.383782	0.211372	-0.781101	1.047604	-51.963071	120.162028	-0.309592	0.532745	0.787614	-0.857228	-0.514813	0.011265	0.411476	-0.671677	0.616066
47176														7.594425	0.108410	5.967308	0.126578	0.001800	0.099449	1.000000	0.000088	0.000046	0.000012	-0.444863	-0.383752	0.211263	-0.781153	1.057626	-51.952852	120.162072	-0.309663	0.532866	0.787504	-0.857157	-0.514930	0.011376	0.411571	-0.671492	0.616205
47177														7.614105	0.113129	5.969470	0.126907	0.001882	0.099485	1.000000	0.000050	0.000052	0.000010	-0.444860	-0.383701	0.211179	-0.781202	1.063333	-51.941839	120.162815	-0.309746	0.532993	0.787385	-0.857110	-0.515006	0.011440	0.411606	-0.671333	0.616355
47178														7.572674	0.101898	5.981582	0.126216	0.001696	0.099687	1.000000	0.000043	0.000047	0.000017	-0.444854	-0.383649	0.211104	-0.781251	1.067280	-51.931432	120.164801	-0.309837	0.533106	0.787273	-0.857065	-0.515080	0.011485	0.411632	-0.671186	0.616497
47179														7.572737	0.109241	5.953830	0.126217	0.001816	0.099225	1.000000	0.000077	0.000048	0.000020	-0.444792	-0.383623	0.210984	-0.781332	1.074657	-51.921018	120.173225	-0.309987	0.533184	0.787161	-0.856937	-0.515291	0.011567	0.411784	-0.670962	0.616639
47180														7.559520	0.113895	5.970479	0.125998	0.001899	0.099501	1.000000	0.000052	0.000058	0.000046	-0.444744	-0.383566	0.210900	-0.781410	1.075495	-51.909475	120.183254	-0.310160	0.533267	0.787037	-0.856842	-0.515448	0.011579	0.411852	-0.670775	0.616797
47181														7.558470	0.110423	5.985637	0.125981	0.001840	0.099752	1.000000	0.000049	0.000066	0.000037	-0.444710	-0.383501	0.210814	-0.781484	1.076993	-51.896967	120.191119	-0.310320	0.533373	0.786902	-0.856762	-0.515581	0.011599	0.411899	-0.670589	0.616969
47182														7.574407	0.086146	5.966289	0.126249	0.001439	0.099427	1.000000	0.000017	0.000092	0.000038	-0.444704	-0.383400	0.210745	-0.781556	1.074929	-51.881510	120.197513	-0.310486	0.533521	0.786736	-0.856721	-0.515650	0.011580	0.411859	-0.670418	0.617181
47183														7.568775	0.105567	5.972689	0.126160	0.001761	0.099528	1.000000	0.000013	0.000135	0.000025	-0.444704	-0.383269	0.210651	-0.781646	1.073849	-51.861055	120.203919	-0.310687	0.533729	0.786515	-0.856673	-0.515730	0.011574	0.411807	-0.670191	0.617462
47184														7.595696	0.121526	5.978894	0.126604	0.002023	0.099637	1.000000	0.000038	0.000089	0.000013	-0.444680	-0.383194	0.210544	-0.781725	1.077885	-51.846014	120.209821	-0.310846	0.533876	0.786353	-0.856593	-0.515863	0.011621	0.411855	-0.669972	0.617668
47185														7.571890	0.096170	5.928047	0.126203	0.001606	0.098795	1.000000	0.000039	0.000050	0.000052	-0.444659	-0.383128	0.210490	-0.781783	1.076291	-51.835361	120.216608	-0.310983	0.533965	0.786238	-0.856544	-0.515944	0.011607	0.411852	-0.669838	0.617814
47186														7.623038	0.089729	5.959069	0.127062	0.001490	0.099303	1.000000	0.000133	0.000118	0.000058	-0.444588	-0.383055	0.210324	-0.781904	1.084207	-51.816958	120.228517	-0.311221	0.534119	0.786040	-0.856382	-0.516211	0.011697	0.412010	-0.669510	0.618065
47187														7.596377	0.153470	5.990472	0.126615	0.002561	0.099830	1.000000	0.000068	0.000089	0.000076	-0.444517	-0.382975	0.210225	-0.782011	1.082334	-51.801930	120.244192	-0.311471	0.534212	0.785878	-0.856255	-0.516421	0.011681	0.412083	-0.669274	0.618272
47188														7.542105	0.096120	6.006919	0.125716	0.001580	0.100098	1.000000	0.000066	0.000137	-0.000119	-0.444625	-0.382893	0.210039	-0.782039	1.108598	-51.781018	120.221470	-0.311403	0.534583	0.785652	-0.856273	-0.516384	0.011970	0.412097	-0.669006	0.618553
47189														7.568236	0.174569	5.998070	0.126161	0.002860	0.099940	1.000000	0.000210	0.000226	-0.000229	-0.444756	-0.382835	0.209647	-0.782098	1.166820	-51.749560	120.182777	-0.311259	0.535166	0.785312	-0.856207	-0.516479	0.012607	0.412344	-0.668466	0.618972
47190														7.672183	0.181980	5.988973	0.127880	0.003026	0.099804	1.000000	0.000052	0.000099	-0.000011	-0.444776	-0.382753	0.209530	-0.782158	1.175785	-51.733160	120.180215	-0.311348	0.535374	0.785135	-0.856167	-0.516543	0.012708	0.412359	-0.668250	0.619194
47191														7.610498	0.116082	5.987878	0.126851	0.001923	0.099786	1.000000	0.000090	0.000094	-0.000017	-0.444782	-0.382695	0.209381	-0.782223	1.189997	-51.717299	120.177039	-0.311427	0.535579	0.784963	-0.856095	-0.516658	0.012867	0.412449	-0.667997	0.619408
47192														7.560845	0.151416	5.981094	0.126020	0.002525	0.099678	1.000000	0.000029	0.000055	0.000035	-0.444797	-0.382620	0.209333	-0.782264	1.189827	-51.705981	120.178178	-0.311516	0.535707	0.784841	-0.856088	-0.516671	0.012868	0.412398	-0.667884	0.619563
47193														7.519139	0.136106	6.007218	0.125322	0.002272	0.100117	1.000000	0.000009	0.000027	0.000039	-0.444761	-0.382571	0.209293	-0.782319	1.186866	-51.698084	120.187085	-0.311654	0.535752	0.784756	-0.856029	-0.516768	0.012838	0.412414	-0.667773	0.619672
47194														7.556962	0.122660	5.959859	0.125948	0.002044	0.099333	1.000000	0.000048	-0.000013	0.000037	-0.444698	-0.382572	0.209236	-0.782370	1.188576	-51.694694	120.196507	-0.311765	0.535741	0.784719	-0.855932	-0.516928	0.012858	0.412531	-0.667658	0.619718
47195														7.577110	0.126388	5.961491	0.126288	0.002112	0.099354	1.000000	0.000029	0.000034	0.000067	-0.444685	-0.382505	0.209211	-0.782417	1.183691	-51.685826	120.203424	-0.311891	0.535809	0.784623	-0.855906	-0.516972	0.012807	0.412491	-0.667569	0.619841
47196														7.560158	0.098448	5.970414	0.126010	0.001647	0.099498	1.000000	0.000000	0.000073	0.000052	-0.444666	-0.382410	0.209168	-0.782486	1.177722	-51.672626	120.212933	-0.312071	0.535913	0.784480	-0.855865	-0.517042	0.012746	0.412440	-0.667431	0.620023
47197														7.566368	0.103147	6.003294	0.126117	0.001718	0.100042	1.000000	0.000038	0.000105	0.000023	-0.444696	-0.382302	0.209087	-0.782542	1.180177	-51.655629	120.212116	-0.312180	0.536118	0.784296	-0.855856	-0.517056	0.012778	0.412375	-0.667256	0.620255
47198														7.560719	0.122673	6.009648	0.126024	0.002049	0.100145	1.000000	0.000009	0.000123	0.000041	-0.444728	-0.382165	0.209027	-0.782608	1.176825	-51.636642	120.214592	-0.312334	0.536330	0.784091	-0.855860	-0.517050	0.012747	0.412250	-0.667091	0.620516
47199														7.554071	0.131568	6.058592	0.125910	0.002198	0.100965	1.000000	-0.000007	0.000088	0.000036	-0.444748	-0.382052	0.208986	-0.782663	1.172384	-51.621576	120.218183	-0.312472	0.536488	0.783927	-0.855862	-0.517049	0.012703	0.412144	-0.666964	0.620723
47200														7.579165	0.128885	5.999681	0.126326	0.002155	0.099986	1.000000	-0.000013	0.000067	0.000041	-0.444739	-0.381959	0.208951	-0.782722	1.166538	-51.609102	120.225860	-0.312629	0.536594	0.783792	-0.855836	-0.517093	0.012643	0.412078	-0.666845	0.620895
47201														7.566276	0.081047	6.004214	0.126112	0.001359	0.100061	1.000000	-0.000034	0.000073	0.000040	-0.444734	-0.381852	0.208926	-0.782784	1.158309	-51.595865	120.234441	-0.312801	0.536703	0.783649	-0.855819	-0.517123	0.012558	0.411982	-0.666733	0.621077
47202														7.565827	0.083531	5.991026	0.126104	0.001399	0.099842	1.000000	0.000004	0.000065	0.000060	-0.444719	-0.381759	0.208893	-0.782847	1.151616	-51.583523	120.243429	-0.312970	0.536800	0.783515	-0.855787	-0.517177	0.012488	0.411920	-0.666614	0.621248
47203														7.568434	0.111434	6.013882	0.126146	0.001855	0.100224	1.000000	0.000022	0.000056	-0.000001	-0.444761	-0.381688	0.208836	-0.782873	1.155750	-51.572015	120.238566	-0.313004	0.536963	0.783390	-0.855803	-0.517150	0.012536	0.411862	-0.666503	0.621404
47204														7.577001	0.133342	5.974942	0.126287	0.002229	0.099578	1.000000	0.000018	0.000037	0.000067	-0.444750	-0.381616	0.208816	-0.782920	1.149883	-51.562835	120.245739	-0.313134	0.537032	0.783290	-0.855781	-0.517187	0.012475	0.411808	-0.666419	0.621531
47205														7.555357	0.121723	6.002714	0.125929	0.002034	0.100036	1.000000	0.000011	0.000070	0.000052	-0.444731	-0.381525	0.208769	-0.782987	1.144981	-51.549926	120.254529	-0.313305	0.537136	0.783150	-0.855738	-0.517259	0.012426	0.411766	-0.666279	0.621708
