// Start Time: Unknown
// Update Rate: 20.0Hz
// Filter Profile: human (46.1)
// Option Flags: AHS Disabled ICC Disabled
// Firmware Version: 4.0.2
0	sampleTimeFine	Year	Month	Day	Second	UTC_Nano	UTC_Year	UTC_Month	UTC_Day	UTC_Hour	UTC_Minute	UTC_Second	UTC_Valid	Acc_X	Acc_Y	Acc_Z	Mat[1][1]	Mat[2][1]	Mat[3][1]	Mat[1][2]	Mat[2][2]	Mat[3][2]	Mat[1][3]	Mat[2][3]	Mat[3][3]
0	5766642270.000000													9.637446	0.786319	-1.472519	-0.151300	0.467570	-0.870912	0.080421	-0.872311	-0.482292	-0.985211	-0.143011	0.094378
1	5766692273.000000													9.641670	0.783942	-1.481182	-0.151303	0.467175	-0.871123	0.080471	-0.872522	-0.481902	-0.985206	-0.143014	0.094421
2	5766742275.000000													9.634554	0.795538	-1.480656	-0.151329	0.466877	-0.871278	0.080514	-0.872679	-0.481612	-0.985199	-0.143031	0.094471
3	5766792277.000000													9.657463	0.802173	-1.491027	-0.151455	0.466502	-0.871457	0.080717	-0.872846	-0.481274	-0.985163	-0.143232	0.094542
4	5766842279.000000													9.642011	0.826675	-1.507302	-0.151517	0.466365	-0.871519	0.080748	-0.872912	-0.481149	-0.985151	-0.143276	0.094603
5	5766892281.000000													9.632992	0.771636	-1.466979	-0.151510	0.466340	-0.871534	0.080832	-0.872914	-0.481131	-0.985145	-0.143344	0.094560
6	5766942283.000000													9.659508	0.791661	-1.503924	-0.151636	0.466397	-0.871482	0.081074	-0.872838	-0.481229	-0.985106	-0.143626	0.094541
7	5766992286.000000													9.635349	0.843256	-1.515526	-0.151736	0.466599	-0.871356	0.081229	-0.872695	-0.481461	-0.985078	-0.143834	0.094518
8	5767042288.000000													9.639703	0.831446	-1.511239	-0.151593	0.466740	-0.871305	0.081225	-0.872629	-0.481581	-0.985100	-0.143776	0.094374
9	5767092290.000000													9.658022	0.793319	-1.499565	-0.151492	0.466613	-0.871391	0.081255	-0.872703	-0.481442	-0.985113	-0.143740	0.094293
10	5767142292.000000													9.636494	0.833964	-1.472951	-0.151344	0.466402	-0.871530	0.081300	-0.872825	-0.481214	-0.985132	-0.143685	0.094178
11	5767192294.000000													9.646506	0.771972	-1.463920	-0.151234	0.466585	-0.871451	0.081337	-0.872728	-0.481384	-0.985146	-0.143683	0.094035
12	5767242297.000000													9.635217	0.799760	-1.480393	-0.151306	0.466420	-0.871527	0.081610	-0.872773	-0.481255	-0.985112	-0.143942	0.093991
13	5767292299.000000													9.641419	0.828249	-1.481359	-0.151320	0.466300	-0.871589	0.081884	-0.872798	-0.481163	-0.985087	-0.144179	0.093889
14	5767342301.000000													9.642398	0.833223	-1.491026	-0.151344	0.466177	-0.871650	0.082136	-0.872827	-0.481068	-0.985063	-0.144401	0.093807
15	5767392303.000000													9.640416	0.825463	-1.499079	-0.151330	0.465879	-0.871812	0.082316	-0.872966	-0.480784	-0.985050	-0.144521	0.093756
16	5767442305.000000													9.635705	0.825835	-1.488273	-0.151240	0.465665	-0.871942	0.082476	-0.873068	-0.480573	-0.985050	-0.144596	0.093637
17	5767492307.000000													9.658520	0.841121	-1.501628	-0.151170	0.465549	-0.872016	0.082522	-0.873131	-0.480450	-0.985057	-0.144590	0.093573
18	5767542310.000000													9.634398	0.829226	-1.468345	-0.151084	0.465461	-0.872078	0.082538	-0.873184	-0.480351	-0.985069	-0.144553	0.093506
19	5767592312.000000													9.640561	0.824820	-1.495796	-0.150923	0.465483	-0.872094	0.082518	-0.873188	-0.480347	-0.985096	-0.144458	0.093373
20	5767642314.000000													9.652722	0.804900	-1.462217	-0.150804	0.465360	-0.872180	0.082606	-0.873253	-0.480215	-0.985106	-0.144465	0.093249
21	5767692316.000000													9.637897	0.832422	-1.484848	-0.150826	0.465514	-0.872094	0.082696	-0.873153	-0.480381	-0.985095	-0.144573	0.093198
22	5767742318.000000													9.641964	0.833509	-1.489931	-0.150781	0.465633	-0.872038	0.082748	-0.873083	-0.480499	-0.985098	-0.144610	0.093114
23	5767792320.000000													9.639633	0.826217	-1.487859	-0.150721	0.465565	-0.872085	0.082806	-0.873117	-0.480427	-0.985102	-0.144624	0.093045
24	5767842323.000000													9.648250	0.813175	-1.475154	-0.150648	0.465732	-0.872008	0.082829	-0.873027	-0.480586	-0.985111	-0.144627	0.092944
25	5767892325.000000													9.648615	0.809365	-1.465269	-0.150629	0.465774	-0.871990	0.082914	-0.872994	-0.480632	-0.985107	-0.144697	0.092879
26	5767942327.000000													9.641708	0.825959	-1.470113	-0.150647	0.465757	-0.871995	0.083058	-0.872980	-0.480632	-0.985092	-0.144832	0.092827
27	5767992329.000000													9.638255	0.823282	-1.488704	-0.150563	0.465790	-0.871992	0.083227	-0.872944	-0.480669	-0.985091	-0.144944	0.092667
28	5768042331.000000													9.645417	0.829236	-1.467636	-0.150588	0.465741	-0.872014	0.083355	-0.872950	-0.480636	-0.985076	-0.145065	0.092634
29	5768092333.000000													9.649114	0.846582	-1.502821	-0.150594	0.465673	-0.872049	0.083497	-0.872966	-0.480582	-0.985063	-0.145186	0.092582
30	5768142336.000000													9.632941	0.835312	-1.484105	-0.150607	0.465479	-0.872151	0.083622	-0.873053	-0.480401	-0.985051	-0.145282	0.092564
31	5768192338.000000													9.657850	0.839177	-1.496236	-0.150600	0.465456	-0.872164	0.083740	-0.873049	-0.480388	-0.985042	-0.145382	0.092504
32	5768242340.000000													9.631924	0.835692	-1.484013	-0.150538	0.465329	-0.872243	0.083720	-0.873127	-0.480250	-0.985053	-0.145320	0.092482
33	5768292342.000000													9.640676	0.818503	-1.468909	-0.150467	0.465373	-0.872231	0.083704	-0.873111	-0.480282	-0.985065	-0.145275	0.092421
34	5768342344.000000													9.649072	0.828024	-1.474272	-0.150404	0.465381	-0.872238	0.083782	-0.873100	-0.480288	-0.985068	-0.145315	0.092327
35	5768392347.000000													9.624168	0.848810	-1.502150	-0.150405	0.465495	-0.872177	0.083941	-0.873014	-0.480417	-0.985054	-0.145468	0.092232
36	5768442349.000000													9.642305	0.842250	-1.481790	-0.150406	0.465357	-0.872250	0.084118	-0.873064	-0.480296	-0.985039	-0.145612	0.092169
37	5768492351.000000													9.642628	0.835604	-1.479912	-0.150431	0.465047	-0.872412	0.084330	-0.873201	-0.480009	-0.985017	-0.145779	0.092139
38	5768542353.000000													9.638480	0.848049	-1.496515	-0.150434	0.465083	-0.872392	0.084408	-0.873169	-0.480053	-0.985010	-0.145853	0.092097
39	5768592355.000000													9.643194	0.843083	-1.473350	-0.150444	0.465074	-0.872395	0.084415	-0.873172	-0.480046	-0.985008	-0.145863	0.092104
40	5768642357.000000													9.649789	0.838626	-1.479412	-0.150447	0.464996	-0.872436	0.084505	-0.873202	-0.479977	-0.985000	-0.145937	0.092076
41	5768692360.000000													9.632334	0.843078	-1.481645	-0.150480	0.465147	-0.872349	0.084568	-0.873106	-0.480139	-0.984989	-0.146025	0.092049
42	5768742362.000000													9.640184	0.863839	-1.488690	-0.150482	0.465353	-0.872240	0.084608	-0.872987	-0.480349	-0.984986	-0.146083	0.091996
43	5768792364.000000													9.639876	0.870220	-1.511203	-0.150375	0.465472	-0.872194	0.084464	-0.872951	-0.480439	-0.985014	-0.145915	0.091955
44	5768842366.000000													9.642376	0.819328	-1.463021	-0.150240	0.465210	-0.872357	0.084378	-0.873119	-0.480149	-0.985042	-0.145746	0.091924
45	5768892368.000000													9.642829	0.831503	-1.450621	-0.150147	0.465215	-0.872371	0.084400	-0.873121	-0.480142	-0.985055	-0.145720	0.091832
46	5768942370.000000													9.630795	0.878811	-1.501093	-0.150122	0.465059	-0.872459	0.084428	-0.873205	-0.479984	-0.985056	-0.145716	0.091823
47	5768992373.000000													9.636019	0.829027	-1.480566	-0.150020	0.464870	-0.872576	0.084321	-0.873333	-0.479770	-0.985081	-0.145552	0.091819
48	5769042375.000000													9.648706	0.806047	-1.460896	-0.149992	0.464676	-0.872685	0.084399	-0.873431	-0.479579	-0.985078	-0.145586	0.091789
49	5769092377.000000													9.637165	0.850384	-1.489316	-0.150025	0.464707	-0.872662	0.084553	-0.873388	-0.479630	-0.985060	-0.145743	0.091738
50	5769142379.000000													9.645420	0.865374	-1.490075	-0.150032	0.464818	-0.872602	0.084619	-0.873316	-0.479748	-0.985053	-0.145816	0.091692
51	5769192381.000000													9.642894	0.851188	-1.486802	-0.149970	0.464702	-0.872675	0.084648	-0.873381	-0.479625	-0.985060	-0.145800	0.091644
52	5769242383.000000													9.643881	0.846535	-1.485658	-0.149915	0.464799	-0.872632	0.084612	-0.873338	-0.479711	-0.985072	-0.145751	0.091598
53	5769292386.000000													9.640083	0.845392	-1.489904	-0.149795	0.464794	-0.872656	0.084531	-0.873362	-0.479681	-0.985097	-0.145620	0.091536
54	5769342388.000000													9.650632	0.826187	-1.467719	-0.149611	0.464773	-0.872699	0.084441	-0.873402	-0.479623	-0.985133	-0.145449	0.091424
55	5769392390.000000													9.641583	0.838810	-1.479991	-0.149481	0.464756	-0.872730	0.084491	-0.873415	-0.479592	-0.985148	-0.145427	0.091292
56	5769442392.000000													9.629058	0.840427	-1.467129	-0.149410	0.464796	-0.872721	0.084564	-0.873387	-0.479628	-0.985153	-0.145462	0.091188
57	5769492394.000000													9.643689	0.846972	-1.481994	-0.149396	0.464814	-0.872713	0.084667	-0.873363	-0.479654	-0.985146	-0.145548	0.091123
58	5769542396.000000													9.652370	0.866447	-1.471807	-0.149267	0.464865	-0.872708	0.084707	-0.873340	-0.479689	-0.985162	-0.145527	0.090984
59	5769592399.000000													9.639721	0.852878	-1.473775	-0.149163	0.464808	-0.872756	0.084702	-0.873380	-0.479617	-0.985178	-0.145465	0.090906
60	5769642401.000000													9.641999	0.856061	-1.480519	-0.149060	0.464902	-0.872724	0.084583	-0.873354	-0.479685	-0.985204	-0.145320	0.090860
61	5769692403.000000													9.630540	0.819095	-1.454367	-0.148908	0.464833	-0.872787	0.084356	-0.873439	-0.479572	-0.985246	-0.145037	0.090850
62	5769742405.000000													9.664298	0.830879	-1.479914	-0.148822	0.464730	-0.872856	0.084293	-0.873511	-0.479451	-0.985265	-0.144929	0.090824
63	5769792407.000000													9.651732	0.854011	-1.484305	-0.148675	0.464963	-0.872757	0.084224	-0.873405	-0.479656	-0.985293	-0.144820	0.090692
64	5769842410.000000													9.623133	0.844029	-1.461953	-0.148537	0.465353	-0.872573	0.084123	-0.873217	-0.480017	-0.985322	-0.144703	0.090558
65	5769892412.000000													9.625620	0.846305	-1.456897	-0.148540	0.465322	-0.872589	0.084072	-0.873241	-0.479982	-0.985326	-0.144657	0.090590
66	5769942414.000000													9.658581	0.832639	-1.467940	-0.148479	0.465348	-0.872585	0.083897	-0.873257	-0.479982	-0.985350	-0.144474	0.090619
67	5769992416.000000													9.651828	0.821572	-1.461707	-0.148465	0.465520	-0.872496	0.083842	-0.873172	-0.480147	-0.985357	-0.144437	0.090606
68	5770042418.000000													9.637144	0.846054	-1.454773	-0.148504	0.465624	-0.872434	0.083749	-0.873125	-0.480248	-0.985359	-0.144384	0.090667
69	5770092420.000000													9.655858	0.841238	-1.465223	-0.148578	0.465629	-0.872419	0.083612	-0.873137	-0.480251	-0.985360	-0.144300	0.090797
70	5770142423.000000													9.648528	0.845613	-1.451600	-0.148692	0.465574	-0.872429	0.083491	-0.873175	-0.480202	-0.985353	-0.144243	0.090963
71	5770192425.000000													9.640280	0.822407	-1.463609	-0.148842	0.465399	-0.872496	0.083414	-0.873271	-0.480042	-0.985337	-0.144229	0.091159
72	5770242427.000000													9.645279	0.826707	-1.478031	-0.149086	0.465354	-0.872479	0.083399	-0.873278	-0.480031	-0.985301	-0.144329	0.091383
73	5770292429.000000													9.652968	0.850211	-1.490038	-0.149203	0.465348	-0.872462	0.083262	-0.873292	-0.480030	-0.985295	-0.144265	0.091552
74	5770342431.000000													9.647694	0.819185	-1.473019	-0.149237	0.465511	-0.872369	0.083044	-0.873232	-0.480177	-0.985308	-0.144105	0.091661
75	5770392433.000000													9.653247	0.789458	-1.439002	-0.149400	0.465496	-0.872349	0.083032	-0.873228	-0.480186	-0.985284	-0.144172	0.091809
76	5770442436.000000													9.651280	0.822193	-1.483024	-0.149631	0.465358	-0.872383	0.083213	-0.873259	-0.480098	-0.985234	-0.144431	0.091943
77	5770492438.000000													9.627968	0.874801	-1.485312	-0.149802	0.465317	-0.872376	0.083247	-0.873263	-0.480085	-0.985205	-0.144540	0.092080
78	5770542440.000000													9.643337	0.843196	-1.500217	-0.149893	0.465164	-0.872442	0.083201	-0.873346	-0.479941	-0.985195	-0.144528	0.092207
79	5770592442.000000													9.649177	0.818482	-1.463465	-0.149908	0.464968	-0.872544	0.083059	-0.873474	-0.479733	-0.985205	-0.144388	0.092321
80	5770642444.000000													9.637594	0.808862	-1.469807	-0.150091	0.465004	-0.872493	0.082999	-0.873448	-0.479791	-0.985182	-0.144428	0.092502
81	5770692446.000000													9.641479	0.834620	-1.496476	-0.150253	0.465012	-0.872461	0.082960	-0.873436	-0.479819	-0.985161	-0.144474	0.092659
82	5770742449.000000													9.633403	0.831454	-1.505470	-0.150340	0.464844	-0.872535	0.082967	-0.873521	-0.479664	-0.985147	-0.144504	0.092758
83	5770792451.000000													9.638364	0.823568	-1.476902	-0.150382	0.464900	-0.872498	0.082920	-0.873494	-0.479722	-0.985144	-0.144489	0.092809
84	5770842453.000000													9.644190	0.816663	-1.478985	-0.150465	0.465045	-0.872407	0.082978	-0.873399	-0.479885	-0.985127	-0.144596	0.092828
85	5770892455.000000													9.641561	0.847206	-1.505435	-0.150532	0.465142	-0.872343	0.083029	-0.873332	-0.479997	-0.985112	-0.144685	0.092844
86	5770942457.000000													9.638198	0.840895	-1.489834	-0.150492	0.465230	-0.872303	0.082917	-0.873304	-0.480068	-0.985128	-0.144576	0.092850
87	5770992459.000000													9.646628	0.842481	-1.498149	-0.150378	0.465268	-0.872303	0.082767	-0.873314	-0.480075	-0.985158	-0.144391	0.092819
88	5771042462.000000													9.642298	0.774544	-1.455204	-0.150265	0.465280	-0.872316	0.082646	-0.873334	-0.480060	-0.985185	-0.144229	0.092778
89	5771092464.000000													9.643051	0.799155	-1.477450	-0.150363	0.465182	-0.872351	0.082794	-0.873359	-0.479989	-0.985158	-0.144398	0.092806
90	5771142466.000000													9.632348	0.828764	-1.490465	-0.150470	0.465176	-0.872336	0.083021	-0.873320	-0.480021	-0.985123	-0.144651	0.092789
91	5771192468.000000													9.632349	0.839771	-1.493969	-0.150551	0.465227	-0.872295	0.083220	-0.873256	-0.480103	-0.985093	-0.144873	0.092753
92	5771242470.000000													9.639222	0.851340	-1.507821	-0.150572	0.465293	-0.872256	0.083309	-0.873205	-0.480180	-0.985083	-0.144969	0.092717
93	5771292473.000000													9.641523	0.842235	-1.492962	-0.150506	0.465227	-0.872302	0.083326	-0.873244	-0.480106	-0.985091	-0.144944	0.092663
94	5771342475.000000													9.630859	0.823346	-1.460851	-0.150517	0.465149	-0.872342	0.083375	-0.873279	-0.480034	-0.985085	-0.144985	0.092661
95	5771392477.000000													9.646151	0.824682	-1.488035	-0.150572	0.465011	-0.872407	0.083558	-0.873323	-0.479921	-0.985061	-0.145159	0.092642
96	5771442479.000000													9.636574	0.841333	-1.490874	-0.150587	0.464845	-0.872492	0.083756	-0.873384	-0.479776	-0.985042	-0.145325	0.092587
97	5771492481.000000													9.648412	0.839608	-1.511076	-0.150601	0.464612	-0.872614	0.084017	-0.873472	-0.479569	-0.985018	-0.145539	0.092510
98	5771542483.000000													9.632715	0.859027	-1.493263	-0.150533	0.464535	-0.872666	0.084169	-0.873498	-0.479497	-0.985015	-0.145632	0.092391
99	5771592486.000000													9.647035	0.839699	-1.478638	-0.150455	0.464518	-0.872689	0.084282	-0.873497	-0.479479	-0.985018	-0.145692	0.092272
100	5771642488.000000													9.645451	0.830762	-1.479253	-0.150372	0.464567	-0.872678	0.084365	-0.873465	-0.479523	-0.985023	-0.145730	0.092151
101	5771692490.000000													9.642203	0.839027	-1.491732	-0.150300	0.464644	-0.872649	0.084492	-0.873409	-0.479602	-0.985023	-0.145816	0.092015
102	5771742492.000000													9.641191	0.816254	-1.470017	-0.150221	0.464623	-0.872673	0.084694	-0.873397	-0.479588	-0.985018	-0.145955	0.091852
103	5771792494.000000													9.636000	0.860822	-1.486476	-0.150246	0.464307	-0.872837	0.085084	-0.873511	-0.479311	-0.984981	-0.146280	0.091737
104	5771842496.000000													9.636621	0.870454	-1.512339	-0.150230	0.464289	-0.872850	0.085297	-0.873491	-0.479310	-0.984965	-0.146458	0.091622
105	5771892499.000000													9.637221	0.852617	-1.476135	-0.150075	0.464364	-0.872836	0.085380	-0.873450	-0.479370	-0.984981	-0.146464	0.091436
106	5771942501.000000													9.637068	0.843660	-1.471570	-0.149963	0.464489	-0.872789	0.085468	-0.873377	-0.479487	-0.984991	-0.146501	0.091275
107	5771992503.000000													9.641626	0.858286	-1.477607	-0.150010	0.464201	-0.872934	0.085611	-0.873510	-0.479219	-0.984971	-0.146620	0.091294
108	5772042505.000000													9.633104	0.848193	-1.462382	-0.150146	0.464044	-0.872994	0.085797	-0.873557	-0.479100	-0.984934	-0.146835	0.091348
109	5772092507.000000													9.641923	0.858323	-1.479286	-0.150333	0.463857	-0.873062	0.085998	-0.873615	-0.478959	-0.984888	-0.147085	0.091442
110	5772142509.000000													9.640899	0.872664	-1.497161	-0.150520	0.463635	-0.873147	0.086166	-0.873696	-0.478780	-0.984845	-0.147301	0.091559
111	5772192512.000000													9.635441	0.849763	-1.481447	-0.150612	0.463530	-0.873187	0.086238	-0.873735	-0.478696	-0.984824	-0.147399	0.091621
112	5772242514.000000													9.638725	0.839733	-1.495038	-0.150745	0.463322	-0.873275	0.086450	-0.873806	-0.478528	-0.984786	-0.147630	0.091668
113	5772292516.000000													9.628240	0.876516	-1.487068	-0.150853	0.463414	-0.873207	0.086639	-0.873719	-0.478653	-0.984752	-0.147860	0.091653
114	5772342518.000000													9.642696	0.865828	-1.494839	-0.150938	0.463486	-0.873154	0.086745	-0.873656	-0.478748	-0.984730	-0.148003	0.091663
115	5772392520.000000													9.640539	0.864290	-1.471445	-0.151040	0.463401	-0.873182	0.086960	-0.873662	-0.478699	-0.984695	-0.148234	0.091661
116	5772442523.000000													9.640570	0.882390	-1.489478	-0.151185	0.463110	-0.873311	0.087124	-0.873785	-0.478444	-0.984659	-0.148420	0.091755
117	5772492525.000000													9.617368	0.842847	-1.471823	-0.151240	0.462796	-0.873468	0.087226	-0.873938	-0.478147	-0.984641	-0.148504	0.091806
118	5772542527.000000													9.649780	0.840756	-1.479086	-0.151427	0.462497	-0.873594	0.087529	-0.874039	-0.477905	-0.984585	-0.148833	0.091871
119	5772592529.000000													9.630286	0.890613	-1.491643	-0.151678	0.462044	-0.873790	0.087927	-0.874206	-0.477527	-0.984511	-0.149260	0.091971
120	5772642531.000000													9.632806	0.893782	-1.515576	-0.151794	0.461785	-0.873907	0.088189	-0.874298	-0.477310	-0.984470	-0.149522	0.091989
121	5772692533.000000													9.621486	0.886229	-1.488816	-0.151976	0.461345	-0.874107	0.088445	-0.874485	-0.476922	-0.984419	-0.149791	0.092097
122	5772742536.000000													9.645273	0.868892	-1.493912	-0.152124	0.460957	-0.874287	0.088652	-0.874653	-0.476575	-0.984378	-0.150005	0.092191
123	5772792538.000000													9.633240	0.879500	-1.499650	-0.152288	0.460822	-0.874329	0.088841	-0.874683	-0.476483	-0.984335	-0.150239	0.092264
124	5772842540.000000													9.626089	0.886254	-1.511402	-0.152427	0.460810	-0.874311	0.088983	-0.874657	-0.476505	-0.984301	-0.150431	0.092317
125	5772892542.000000													9.631930	0.894833	-1.516781	-0.152525	0.460637	-0.874385	0.089124	-0.874721	-0.476361	-0.984273	-0.150586	0.092363
126	5772942544.000000													9.631370	0.898505	-1.529418	-0.152600	0.460752	-0.874312	0.089181	-0.874644	-0.476493	-0.984256	-0.150685	0.092380
127	5772992546.000000													9.626616	0.890570	-1.520009	-0.152648	0.460490	-0.874441	0.089189	-0.874781	-0.476239	-0.984248	-0.150687	0.092463
128	5773042549.000000													9.619833	0.859730	-1.499955	-0.152689	0.460288	-0.874540	0.089240	-0.874880	-0.476048	-0.984237	-0.150731	0.092509
129	5773092551.000000													9.626648	0.888030	-1.510661	-0.152690	0.460282	-0.874544	0.089299	-0.874874	-0.476047	-0.984231	-0.150784	0.092482
130	5773142553.000000													9.633099	0.889774	-1.522462	-0.152669	0.460217	-0.874581	0.089368	-0.874901	-0.475986	-0.984228	-0.150828	0.092441
131	5773192555.000000													9.631076	0.908865	-1.531423	-0.152580	0.460315	-0.874545	0.089288	-0.874867	-0.476062	-0.984249	-0.150724	0.092387
132	5773242557.000000													9.621831	0.864254	-1.486730	-0.152446	0.460485	-0.874479	0.089114	-0.874812	-0.476195	-0.984286	-0.150522	0.092326
133	5773292559.000000													9.629517	0.866138	-1.498506	-0.152404	0.460407	-0.874528	0.089127	-0.874856	-0.476112	-0.984291	-0.150506	0.092297
134	5773342562.000000													9.628403	0.898472	-1.503916	-0.152408	0.460480	-0.874488	0.089171	-0.874810	-0.476190	-0.984287	-0.150554	0.092267
135	5773392564.000000													9.629122	0.909633	-1.509701	-0.152432	0.460564	-0.874440	0.089120	-0.874769	-0.476273	-0.984288	-0.150530	0.092297
136	5773442566.000000													9.627319	0.889591	-1.512174	-0.152435	0.460636	-0.874402	0.089056	-0.874740	-0.476339	-0.984293	-0.150481	0.092319
137	5773492568.000000													9.636323	0.901909	-1.512986	-0.152389	0.460665	-0.874394	0.088945	-0.874745	-0.476351	-0.984310	-0.150364	0.092328
138	5773542570.000000													9.635623	0.869816	-1.505696	-0.152400	0.460661	-0.874394	0.088868	-0.874758	-0.476342	-0.984315	-0.150300	0.092375
139	5773592572.000000													9.624501	0.893466	-1.520875	-0.152403	0.460495	-0.874481	0.088840	-0.874852	-0.476173	-0.984317	-0.150259	0.092420
140	5773642575.000000													9.633638	0.874895	-1.492088	-0.152415	0.460530	-0.874461	0.088811	-0.874837	-0.476207	-0.984318	-0.150243	0.092438
141	5773692577.000000													9.642406	0.894386	-1.525450	-0.152376	0.460440	-0.874515	0.088805	-0.874890	-0.476111	-0.984325	-0.150209	0.092423
142	5773742579.000000													9.627136	0.906852	-1.497263	-0.152291	0.460462	-0.874518	0.088677	-0.874904	-0.476108	-0.984349	-0.150057	0.092408
143	5773792581.000000													9.630747	0.888432	-1.522122	-0.152087	0.460758	-0.874398	0.088408	-0.874801	-0.476348	-0.984405	-0.149750	0.092311
144	5773842583.000000													9.639673	0.872484	-1.506116	-0.151822	0.461229	-0.874195	0.088002	-0.874628	-0.476741	-0.984482	-0.149311	0.092199
145	5773892586.000000													9.628735	0.876320	-1.494550	-0.151529	0.461655	-0.874022	0.087710	-0.874464	-0.477095	-0.984554	-0.148955	0.092015
146	5773942588.000000													9.641390	0.880289	-1.502014	-0.151169	0.462126	-0.873835	0.087283	-0.874301	-0.477472	-0.984647	-0.148450	0.091831
147	5773992590.000000													9.637169	0.829009	-1.462594	-0.150836	0.462223	-0.873841	0.086888	-0.874335	-0.477482	-0.984733	-0.147948	0.091719
148	5774042592.000000													9.646466	0.835191	-1.462983	-0.150616	0.462251	-0.873864	0.086793	-0.874352	-0.477469	-0.984775	-0.147760	0.091572
149	5774092594.000000													9.637617	0.863511	-1.483322	-0.150547	0.462488	-0.873751	0.086835	-0.874221	-0.477699	-0.984782	-0.147788	0.091451
150	5774142596.000000													9.631766	0.875814	-1.484933	-0.150430	0.462557	-0.873735	0.086852	-0.874191	-0.477752	-0.984798	-0.147754	0.091331
151	5774192599.000000													9.637779	0.864618	-1.481351	-0.150311	0.462426	-0.873824	0.086938	-0.874259	-0.477611	-0.984809	-0.147758	0.091209
152	5774242601.000000													9.638114	0.852807	-1.479086	-0.150310	0.462180	-0.873955	0.087060	-0.874376	-0.477376	-0.984798	-0.147840	0.091190
153	5774292603.000000													9.640045	0.871567	-1.489374	-0.150349	0.462099	-0.873990	0.087134	-0.874405	-0.477308	-0.984786	-0.147917	0.091202
154	5774342605.000000													9.631642	0.873365	-1.475761	-0.150391	0.462070	-0.873999	0.087171	-0.874412	-0.477288	-0.984776	-0.147967	0.091224
155	5774392607.000000													9.632624	0.875024	-1.487174	-0.150399	0.461801	-0.874140	0.087273	-0.874543	-0.477030	-0.984766	-0.148033	0.091227
156	5774442609.000000													9.637033	0.865400	-1.475160	-0.150446	0.461477	-0.874302	0.087421	-0.874694	-0.476727	-0.984746	-0.148154	0.091251
157	5774492612.000000													9.632539	0.888128	-1.492578	-0.150522	0.461233	-0.874418	0.087534	-0.874804	-0.476505	-0.984724	-0.148266	0.091304
158	5774542614.000000													9.637625	0.877521	-1.482754	-0.150557	0.461196	-0.874432	0.087594	-0.874812	-0.476478	-0.984713	-0.148332	0.091311
159	5774592616.000000													9.634198	0.848527	-1.481224	-0.150614	0.461352	-0.874340	0.087609	-0.874720	-0.476644	-0.984703	-0.148389	0.091326
160	5774642618.000000													9.637370	0.869846	-1.470918	-0.150732	0.461377	-0.874306	0.087698	-0.874683	-0.476696	-0.984677	-0.148528	0.091381
161	5774692620.000000													9.634505	0.883402	-1.497790	-0.150884	0.461237	-0.874354	0.087802	-0.874731	-0.476588	-0.984644	-0.148680	0.091485
162	5774742622.000000													9.632586	0.886843	-1.496351	-0.150895	0.461104	-0.874422	0.087744	-0.874812	-0.476451	-0.984648	-0.148620	0.091546
163	5774792625.000000													9.639251	0.842580	-1.483218	-0.150905	0.461063	-0.874442	0.087731	-0.874835	-0.476410	-0.984648	-0.148608	0.091568
164	5774842627.000000													9.638916	0.847803	-1.461454	-0.151041	0.461087	-0.874406	0.087880	-0.874789	-0.476468	-0.984614	-0.148809	0.091609
165	5774892629.000000													9.639856	0.908710	-1.514192	-0.151141	0.461212	-0.874323	0.087971	-0.874698	-0.476617	-0.984590	-0.148951	0.091629
166	5774942631.000000													9.629852	0.882236	-1.497417	-0.151132	0.461371	-0.874240	0.087963	-0.874614	-0.476774	-0.984592	-0.148956	0.091598
167	5774992633.000000													9.642349	0.867469	-1.478076	-0.151098	0.461227	-0.874322	0.087982	-0.874692	-0.476627	-0.984596	-0.148942	0.091584
168	5775042635.000000													9.634362	0.875287	-1.483291	-0.151115	0.461326	-0.874267	0.087976	-0.874638	-0.476728	-0.984594	-0.148955	0.091585
169	5775092638.000000													9.631069	0.872149	-1.494680	-0.151176	0.461338	-0.874250	0.087992	-0.874624	-0.476750	-0.984583	-0.149001	0.091628
170	5775142640.000000													9.629202	0.865905	-1.491212	-0.151244	0.461347	-0.874233	0.088067	-0.874601	-0.476777	-0.984566	-0.149101	0.091649
171	5775192642.000000													9.641109	0.869782	-1.483255	-0.151356	0.461383	-0.874195	0.088217	-0.874550	-0.476844	-0.984535	-0.149292	0.091666
172	5775242644.000000													9.636576	0.885738	-1.483375	-0.151457	0.461420	-0.874158	0.088356	-0.874500	-0.476909	-0.984507	-0.149468	0.091680
173	5775292646.000000													9.632718	0.886559	-1.516263	-0.151634	0.461313	-0.874184	0.088525	-0.874518	-0.476845	-0.984465	-0.149693	0.091769
174	5775342649.000000													9.627165	0.876204	-1.500620	-0.151687	0.461215	-0.874227	0.088591	-0.874557	-0.476761	-0.984450	-0.149767	0.091800
175	5775392651.000000													9.640518	0.886104	-1.502759	-0.151714	0.461226	-0.874216	0.088575	-0.874552	-0.476774	-0.984448	-0.149767	0.091829
176	5775442653.000000													9.636504	0.883463	-1.501880	-0.151842	0.461036	-0.874294	0.088668	-0.874630	-0.476613	-0.984420	-0.149892	0.091926
177	5775492655.000000													9.640506	0.889984	-1.518953	-0.151932	0.461067	-0.874262	0.088700	-0.874601	-0.476661	-0.984403	-0.149967	0.091983
178	5775542657.000000													9.624757	0.880820	-1.507720	-0.152018	0.461023	-0.874270	0.088644	-0.874627	-0.476624	-0.984395	-0.149954	0.092092
179	5775592659.000000													9.627422	0.867480	-1.502714	-0.152064	0.461129	-0.874206	0.088597	-0.874572	-0.476733	-0.984392	-0.149946	0.092136
180	5775642662.000000													9.634000	0.855847	-1.487600	-0.152172	0.461191	-0.874155	0.088726	-0.874510	-0.476823	-0.984363	-0.150120	0.092156
181	5775692664.000000													9.635638	0.892925	-1.515994	-0.152314	0.461443	-0.873997	0.088855	-0.874341	-0.477109	-0.984330	-0.150329	0.092173
182	5775742666.000000													9.633693	0.882612	-1.504475	-0.152426	0.461570	-0.873911	0.089011	-0.874238	-0.477268	-0.984298	-0.150536	0.092172
183	5775792668.000000													9.625743	0.891831	-1.524487	-0.152500	0.461587	-0.873888	0.089055	-0.874216	-0.477301	-0.984283	-0.150612	0.092211
184	5775842670.000000													9.630640	0.874668	-1.491232	-0.152547	0.461584	-0.873882	0.089169	-0.874196	-0.477316	-0.984265	-0.150736	0.092197
185	5775892672.000000													9.624494	0.873475	-1.510301	-0.152641	0.461442	-0.873940	0.089353	-0.874237	-0.477205	-0.984234	-0.150930	0.092213
186	5775942675.000000													9.626782	0.896151	-1.502400	-0.152682	0.461015	-0.874159	0.089603	-0.874429	-0.476808	-0.984205	-0.151127	0.092202
187	5775992677.000000													9.639672	0.904060	-1.530378	-0.152721	0.460651	-0.874344	0.089793	-0.874595	-0.476467	-0.984182	-0.151277	0.092205
188	5776042679.000000													9.615030	0.846399	-1.470387	-0.152716	0.460287	-0.874536	0.089968	-0.874767	-0.476119	-0.984166	-0.151391	0.092180
189	5776092681.000000													9.637896	0.884347	-1.503127	-0.153023	0.460637	-0.874298	0.090340	-0.874493	-0.476551	-0.984085	-0.151907	0.092204
190	5776142683.000000													9.625257	0.926017	-1.548908	-0.153220	0.460605	-0.874281	0.090666	-0.874443	-0.476580	-0.984024	-0.152289	0.092221
191	5776192685.000000													9.623289	0.989824	-1.576696	-0.153264	0.461179	-0.873970	0.090600	-0.874137	-0.477155	-0.984023	-0.152312	0.092191
192	5776242688.000000													9.633442	0.946195	-1.559946	-0.152959	0.461613	-0.873795	0.090065	-0.874008	-0.477492	-0.984120	-0.151735	0.092113
193	5776292690.000000													9.640845	0.885904	-1.496244	-0.152410	0.461693	-0.873848	0.089481	-0.874100	-0.477432	-0.984258	-0.150958	0.091909
194	5776342692.000000													9.634460	0.881775	-1.524405	-0.151783	0.461716	-0.873945	0.088875	-0.874233	-0.477303	-0.984410	-0.150119	0.091659
195	5776392694.000000													9.627873	0.804470	-1.430346	-0.151233	0.461380	-0.874218	0.088511	-0.874517	-0.476850	-0.984527	-0.149494	0.091418
196	5776442696.000000													9.639618	0.835850	-1.464504	-0.150900	0.461144	-0.874400	0.088382	-0.874693	-0.476551	-0.984590	-0.149193	0.091234
197	5776492699.000000													9.640242	0.865541	-1.477048	-0.150745	0.460956	-0.874526	0.088405	-0.874805	-0.476341	-0.984612	-0.149118	0.091122
198	5776542701.000000													9.633625	0.853864	-1.477247	-0.150782	0.460795	-0.874604	0.088578	-0.874863	-0.476202	-0.984591	-0.149273	0.091097
199	5776592703.000000													9.637798	0.901296	-1.501311	-0.150791	0.460333	-0.874846	0.088808	-0.875079	-0.475763	-0.984569	-0.149434	0.091073
200	5776642705.000000													9.640442	0.888478	-1.502747	-0.150797	0.459935	-0.875055	0.088956	-0.875272	-0.475379	-0.984554	-0.149527	0.091075
201	5776692707.000000													9.630019	0.885503	-1.483561	-0.150705	0.459842	-0.875119	0.089008	-0.875323	-0.475277	-0.984564	-0.149520	0.090986
202	5776742709.000000													9.630950	0.887206	-1.484825	-0.150641	0.459581	-0.875267	0.089133	-0.875450	-0.475018	-0.984562	-0.149572	0.090915
203	5776792712.000000													9.630202	0.907460	-1.478998	-0.150475	0.459635	-0.875268	0.089183	-0.875427	-0.475051	-0.984583	-0.149542	0.090738
204	5776842714.000000													9.638757	0.877621	-1.486015	-0.150272	0.459413	-0.875419	0.089281	-0.875549	-0.474807	-0.984605	-0.149509	0.090554
205	5776892716.000000													9.626422	0.886180	-1.484674	-0.150011	0.459635	-0.875347	0.089366	-0.875438	-0.474998	-0.984637	-0.149482	0.090250
206	5776942718.000000													9.645128	0.903562	-1.506110	-0.149801	0.459942	-0.875222	0.089444	-0.875277	-0.475280	-0.984662	-0.149481	0.089978
207	5776992720.000000													9.653358	0.898110	-1.486099	-0.149485	0.459955	-0.875269	0.089502	-0.875287	-0.475250	-0.984705	-0.149381	0.089676
208	5777042722.000000													9.637896	0.899623	-1.478643	-0.149181	0.460009	-0.875292	0.089554	-0.875274	-0.475263	-0.984746	-0.149287	0.089378
209	5777092725.000000													9.633161	0.899827	-1.479448	-0.148988	0.459880	-0.875393	0.089646	-0.875346	-0.475113	-0.984767	-0.149262	0.089190
210	5777142727.000000													9.631371	0.889977	-1.463356	-0.148673	0.459971	-0.875399	0.089656	-0.875321	-0.475157	-0.984814	-0.149128	0.088897
211	5777192729.000000													9.650662	0.882866	-1.455521	-0.148397	0.460081	-0.875388	0.089648	-0.875286	-0.475224	-0.984856	-0.148999	0.088644
212	5777242731.000000													9.636546	0.910550	-1.472667	-0.148202	0.460456	-0.875224	0.089541	-0.875114	-0.475560	-0.984895	-0.148847	0.088464
213	5777292733.000000													9.633412	0.916678	-1.482020	-0.147874	0.460886	-0.875053	0.089299	-0.874944	-0.475919	-0.984966	-0.148517	0.088225
214	5777342735.000000													9.638288	0.891689	-1.470458	-0.147491	0.461327	-0.874885	0.088947	-0.874788	-0.476271	-0.985056	-0.148064	0.087990
215	5777392738.000000													9.638214	0.897886	-1.466026	-0.147116	0.461826	-0.874685	0.088453	-0.874621	-0.476670	-0.985156	-0.147494	0.087821
216	5777442740.000000													9.650229	0.875625	-1.446598	-0.146682	0.462540	-0.874380	0.087867	-0.874355	-0.477267	-0.985274	-0.146835	0.087610
217	5777492742.000000													9.636821	0.860740	-1.432160	-0.146237	0.463243	-0.874083	0.087335	-0.874086	-0.477856	-0.985387	-0.146218	0.087366
218	5777542744.000000													9.641665	0.856064	-1.423598	-0.145857	0.463670	-0.873920	0.086994	-0.873933	-0.478197	-0.985473	-0.145774	0.087133
219	5777592746.000000													9.658375	0.881885	-1.449779	-0.145530	0.463974	-0.873813	0.086751	-0.873830	-0.478431	-0.985543	-0.145430	0.086919
220	5777642748.000000													9.634095	0.834475	-1.408949	-0.145297	0.464126	-0.873771	0.086546	-0.873795	-0.478530	-0.985595	-0.145151	0.086792
221	5777692751.000000													9.649668	0.855822	-1.427182	-0.145097	0.464257	-0.873735	0.086478	-0.873750	-0.478626	-0.985631	-0.145006	0.086630
222	5777742753.000000													9.649996	0.887656	-1.450334	-0.144897	0.464455	-0.873663	0.086372	-0.873673	-0.478785	-0.985670	-0.144834	0.086476
223	5777792755.000000													9.663179	0.872446	-1.426976	-0.144593	0.464550	-0.873663	0.086152	-0.873678	-0.478816	-0.985734	-0.144501	0.086306
224	5777842757.000000													9.647330	0.870053	-1.424719	-0.144274	0.464612	-0.873682	0.085902	-0.873706	-0.478810	-0.985802	-0.144131	0.086142
225	5777892759.000000													9.644128	0.832641	-1.407357	-0.144041	0.464792	-0.873625	0.085664	-0.873661	-0.478935	-0.985857	-0.143824	0.086027
226	5777942762.000000													9.653353	0.830294	-1.388288	-0.143983	0.464876	-0.873590	0.085633	-0.873624	-0.479008	-0.985868	-0.143777	0.085978
227	5777992764.000000													9.641188	0.869110	-1.413833	-0.144051	0.465107	-0.873456	0.085582	-0.873499	-0.479244	-0.985863	-0.143787	0.086023
228	5778042766.000000													9.649442	0.848160	-1.420697	-0.144127	0.465199	-0.873394	0.085546	-0.873447	-0.479345	-0.985855	-0.143802	0.086092
229	5778092768.000000													9.645478	0.859626	-1.423274	-0.144262	0.465276	-0.873331	0.085518	-0.873399	-0.479438	-0.985837	-0.143850	0.086209
230	5778142770.000000													9.644606	0.837337	-1.407501	-0.144442	0.465177	-0.873354	0.085516	-0.873439	-0.479365	-0.985811	-0.143927	0.086381
231	5778192772.000000													9.655577	0.849759	-1.433738	-0.144605	0.465129	-0.873353	0.085472	-0.873459	-0.479337	-0.985791	-0.143962	0.086551
232	5778242775.000000													9.646298	0.834134	-1.416887	-0.144787	0.464937	-0.873424	0.085474	-0.873549	-0.479172	-0.985764	-0.144034	0.086739
233	5778292777.000000													9.642060	0.831308	-1.418227	-0.144999	0.464541	-0.873600	0.085606	-0.873730	-0.478819	-0.985722	-0.144213	0.086923
234	5778342779.000000													9.645659	0.841933	-1.423090	-0.145354	0.464364	-0.873635	0.085826	-0.873766	-0.478713	-0.985650	-0.144563	0.087151
235	5778392781.000000													9.658628	0.866761	-1.446457	-0.145621	0.464255	-0.873648	0.085923	-0.873790	-0.478652	-0.985602	-0.144768	0.087353
236	5778442783.000000													9.642694	0.851115	-1.452536	-0.145842	0.463650	-0.873933	0.086046	-0.874086	-0.478090	-0.985559	-0.144924	0.087583
237	5778492785.000000													9.645910	0.851539	-1.418582	-0.146127	0.463429	-0.874003	0.086164	-0.874166	-0.477921	-0.985506	-0.145145	0.087809
238	5778542788.000000													9.641906	0.884114	-1.478733	-0.146305	0.463586	-0.873890	0.086131	-0.874071	-0.478102	-0.985483	-0.145218	0.087952
239	5778592790.000000													9.641726	0.850686	-1.449691	-0.146266	0.463582	-0.873898	0.085934	-0.874105	-0.478075	-0.985506	-0.145024	0.088014
240	5778642792.000000													9.651164	0.832567	-1.425035	-0.146306	0.463678	-0.873840	0.085854	-0.874061	-0.478170	-0.985507	-0.144982	0.088072
241	5778692794.000000													9.651638	0.851845	-1.438050	-0.146418	0.464112	-0.873591	0.085887	-0.873810	-0.478623	-0.985487	-0.145109	0.088080
242	5778742796.000000													9.639553	0.872499	-1.451846	-0.146487	0.464409	-0.873422	0.085844	-0.873647	-0.478927	-0.985481	-0.145134	0.088111
243	5778792798.000000													9.639714	0.872134	-1.455929	-0.146414	0.464506	-0.873383	0.085738	-0.873616	-0.479003	-0.985501	-0.145015	0.088084
244	5778842801.000000													9.644866	0.844056	-1.442869	-0.146418	0.464302	-0.873490	0.085644	-0.873741	-0.478792	-0.985508	-0.144913	0.088167
245	5778892803.000000													9.649292	0.836294	-1.433685	-0.146388	0.464294	-0.873500	0.085619	-0.873752	-0.478777	-0.985515	-0.144875	0.088155
246	5778942805.000000													9.650717	0.850949	-1.447455	-0.146472	0.463690	-0.873806	0.085716	-0.874062	-0.478193	-0.985494	-0.144941	0.088280
247	5778992807.000000													9.645002	0.868328	-1.458607	-0.146503	0.463515	-0.873894	0.085768	-0.874147	-0.478028	-0.985485	-0.144985	0.088311
248	5779042809.000000													9.647582	0.868820	-1.454158	-0.146449	0.463427	-0.873949	0.085755	-0.874201	-0.477931	-0.985494	-0.144938	0.088285
249	5779092811.000000													9.651817	0.861582	-1.458541	-0.146325	0.463484	-0.873940	0.085650	-0.874196	-0.477960	-0.985522	-0.144790	0.088219
250	5779142814.000000													9.633326	0.855528	-1.450482	-0.146129	0.463605	-0.873909	0.085438	-0.874177	-0.478033	-0.985569	-0.144519	0.088133
251	5779192816.000000													9.649701	0.840478	-1.452947	-0.145875	0.463794	-0.873851	0.085240	-0.874122	-0.478167	-0.985624	-0.144240	0.087979
252	5779242818.000000													9.657520	0.841832	-1.437875	-0.145676	0.463852	-0.873853	0.085087	-0.874129	-0.478183	-0.985667	-0.144014	0.087872
253	5779292820.000000													9.639308	0.846435	-1.444952	-0.145570	0.463625	-0.873991	0.084936	-0.874283	-0.477927	-0.985695	-0.143805	0.087891
254	5779342822.000000													9.636026	0.822138	-1.420007	-0.145445	0.463487	-0.874086	0.084838	-0.874383	-0.477762	-0.985722	-0.143644	0.087854
255	5779392825.000000													9.653807	0.812923	-1.417002	-0.145503	0.463233	-0.874211	0.084979	-0.874497	-0.477529	-0.985702	-0.143771	0.087877
256	5779442827.000000													9.648289	0.864681	-1.443724	-0.145517	0.463276	-0.874185	0.085080	-0.874457	-0.477583	-0.985691	-0.143872	0.087833
257	5779492829.000000													9.637997	0.867490	-1.453133	-0.145484	0.463416	-0.874116	0.085054	-0.874387	-0.477716	-0.985698	-0.143847	0.087794
258	5779542831.000000													9.647571	0.845779	-1.436249	-0.145368	0.463417	-0.874136	0.084999	-0.874404	-0.477694	-0.985720	-0.143742	0.087720
259	5779592833.000000													9.646753	0.846066	-1.435359	-0.145234	0.463595	-0.874063	0.084839	-0.874341	-0.477839	-0.985753	-0.143554	0.087653
260	5779642835.000000													9.650515	0.838990	-1.436925	-0.145177	0.463714	-0.874010	0.084765	-0.874291	-0.477943	-0.985768	-0.143472	0.087620
261	5779692838.000000													9.646718	0.830135	-1.413391	-0.145053	0.463427	-0.874182	0.084799	-0.874453	-0.477642	-0.985783	-0.143414	0.087544
262	5779742840.000000													9.641418	0.844743	-1.429522	-0.145007	0.463365	-0.874223	0.084872	-0.874480	-0.477578	-0.985784	-0.143449	0.087479
263	5779792842.000000													9.656121	0.837717	-1.434778	-0.144986	0.463288	-0.874267	0.084933	-0.874515	-0.477504	-0.985782	-0.143485	0.087444
264	5779842844.000000													9.645041	0.840702	-1.418237	-0.144938	0.463277	-0.874281	0.084999	-0.874515	-0.477492	-0.985783	-0.143520	0.087372
265	5779892846.000000													9.641216	0.849682	-1.436785	-0.144838	0.463306	-0.874282	0.085039	-0.874501	-0.477510	-0.985794	-0.143510	0.087262
