// Start Time: Unknown
// Update Rate: 20.0Hz
// Filter Profile: human (46.1)
// Option Flags: AHS Disabled ICC Disabled
// Firmware Version: 4.0.2
0	sampleTimeFine	Year	Month	Day	Second	UTC_Nano	UTC_Year	UTC_Month	UTC_Day	UTC_Hour	UTC_Minute	UTC_Second	UTC_Valid	Acc_X	Acc_Y	Acc_Z	Mat[1][1]	Mat[2][1]	Mat[3][1]	Mat[1][2]	Mat[2][2]	Mat[3][2]	Mat[1][3]	Mat[2][3]	Mat[3][3]
0	5766642270.000000													9.510982	-0.057953	2.663888	0.271847	0.177364	0.945855	-0.006954	0.983205	-0.182369	-0.962315	0.042999	0.268515
1	5766692273.000000													9.494658	-0.046425	2.659358	0.272175	0.177348	0.945763	-0.007039	0.983209	-0.182345	-0.962222	0.042972	0.268853
2	5766742275.000000													9.503238	-0.055808	2.675537	0.272286	0.177600	0.945684	-0.007068	0.983161	-0.182603	-0.962190	0.043036	0.268957
3	5766792277.000000													9.524359	-0.068467	2.675413	0.272427	0.177648	0.945635	-0.007045	0.983150	-0.182666	-0.962151	0.043101	0.269088
4	5766842279.000000													9.514717	-0.043639	2.653182	0.272785	0.177667	0.945528	-0.007182	0.983149	-0.182664	-0.962048	0.043037	0.269464
5	5766892281.000000													9.470252	-0.054765	2.700063	0.273068	0.177765	0.945428	-0.007265	0.983131	-0.182757	-0.961967	0.043037	0.269753
6	5766942283.000000													9.515116	-0.051403	2.696833	0.273193	0.177719	0.945400	-0.007173	0.983135	-0.182739	-0.961932	0.043142	0.269861
7	5766992286.000000													9.519277	-0.076251	2.675979	0.273256	0.177711	0.945384	-0.007192	0.983137	-0.182729	-0.961915	0.043132	0.269926
8	5767042288.000000													9.509537	-0.057174	2.682864	0.273521	0.177643	0.945320	-0.007131	0.983145	-0.182688	-0.961840	0.043228	0.270178
9	5767092290.000000													9.507962	-0.065463	2.707544	0.273852	0.177558	0.945240	-0.007137	0.983159	-0.182614	-0.961745	0.043263	0.270507
10	5767142292.000000													9.497093	-0.045161	2.697105	0.274093	0.177719	0.945140	-0.007235	0.983130	-0.182764	-0.961676	0.043256	0.270755
11	5767192294.000000													9.496157	-0.077653	2.709083	0.274411	0.177883	0.945016	-0.007182	0.983093	-0.182965	-0.961586	0.043421	0.271050
12	5767242297.000000													9.475740	-0.047202	2.704455	0.274572	0.177989	0.944950	-0.007136	0.983069	-0.183096	-0.961540	0.043529	0.271194
13	5767292299.000000													9.497132	-0.071698	2.698431	0.274676	0.178193	0.944881	-0.007067	0.983026	-0.183332	-0.961511	0.043680	0.271273
14	5767342301.000000													9.512486	-0.065785	2.709103	0.274844	0.178240	0.944823	-0.007037	0.983014	-0.183397	-0.961463	0.043757	0.271430
15	5767392303.000000													9.507204	-0.048094	2.713158	0.275152	0.178314	0.944720	-0.007046	0.982997	-0.183486	-0.961375	0.043830	0.271730
16	5767442305.000000													9.502584	-0.072958	2.714849	0.275484	0.178397	0.944607	-0.007012	0.982976	-0.183599	-0.961280	0.043955	0.272045
17	5767492307.000000													9.522719	-0.053357	2.716222	0.275792	0.178382	0.944520	-0.006867	0.982970	-0.183639	-0.961193	0.044160	0.272320
18	5767542310.000000													9.495327	-0.075360	2.693562	0.276228	0.178425	0.944385	-0.007008	0.982964	-0.183664	-0.961067	0.044115	0.272773
19	5767592312.000000													9.464502	-0.063531	2.724525	0.276568	0.178439	0.944283	-0.007032	0.982959	-0.183688	-0.960968	0.044162	0.273110
20	5767642314.000000													9.501947	-0.057121	2.738624	0.276625	0.178421	0.944269	-0.006972	0.982960	-0.183689	-0.960953	0.044230	0.273155
21	5767692316.000000													9.498525	-0.081075	2.720572	0.276700	0.178268	0.944276	-0.006973	0.982989	-0.183533	-0.960931	0.044199	0.273236
22	5767742318.000000													9.483228	-0.043230	2.733925	0.276828	0.178339	0.944225	-0.006994	0.982975	-0.183607	-0.960894	0.044223	0.273363
23	5767792320.000000													9.493826	-0.079195	2.712265	0.277060	0.178176	0.944188	-0.006925	0.983001	-0.183468	-0.960828	0.044293	0.273584
24	5767842323.000000													9.499035	-0.058721	2.725814	0.277313	0.178097	0.944129	-0.006962	0.983016	-0.183388	-0.960754	0.044283	0.273843
25	5767892325.000000													9.474447	-0.046082	2.731284	0.277489	0.178108	0.944075	-0.007014	0.983015	-0.183393	-0.960703	0.044267	0.274025
26	5767942327.000000													9.480884	-0.056312	2.739630	0.277649	0.178140	0.944022	-0.007054	0.983009	-0.183422	-0.960657	0.044268	0.274188
27	5767992329.000000													9.484782	-0.067637	2.737960	0.277802	0.178244	0.943957	-0.007054	0.982987	-0.183538	-0.960612	0.044329	0.274333
28	5768042331.000000													9.480643	-0.066124	2.738198	0.277870	0.178212	0.943943	-0.007131	0.982997	-0.183486	-0.960592	0.044254	0.274416
29	5768092333.000000													9.493382	-0.054633	2.730234	0.278097	0.178144	0.943889	-0.007236	0.983012	-0.183396	-0.960526	0.044172	0.274662
30	5768142336.000000													9.481203	-0.067222	2.736616	0.278168	0.178190	0.943860	-0.007241	0.983003	-0.183446	-0.960505	0.044195	0.274730
31	5768192338.000000													9.515337	-0.061157	2.748348	0.278338	0.178142	0.943818	-0.007210	0.983009	-0.183413	-0.960456	0.044246	0.274894
32	5768242340.000000													9.500365	-0.050006	2.716005	0.278649	0.178188	0.943718	-0.007284	0.983001	-0.183455	-0.960365	0.044245	0.275210
33	5768292342.000000													9.461520	-0.072457	2.754307	0.278834	0.178193	0.943663	-0.007276	0.982998	-0.183471	-0.960312	0.044292	0.275390
34	5768342344.000000													9.496878	-0.070667	2.755686	0.278905	0.177986	0.943680	-0.007155	0.983032	-0.183293	-0.960292	0.044370	0.275446
35	5768392347.000000													9.488756	-0.069763	2.741477	0.278871	0.177655	0.943753	-0.007159	0.983097	-0.182946	-0.960302	0.044262	0.275430
36	5768442349.000000													9.467358	-0.055460	2.773091	0.278962	0.177348	0.943784	-0.007152	0.983155	-0.182633	-0.960275	0.044198	0.275531
37	5768492351.000000													9.510748	-0.064493	2.759819	0.278993	0.177175	0.943807	-0.007101	0.983186	-0.182468	-0.960267	0.044205	0.275560
38	5768542353.000000													9.481733	-0.061614	2.744359	0.278997	0.177057	0.943828	-0.007142	0.983211	-0.182334	-0.960265	0.044130	0.275577
39	5768592355.000000													9.465975	-0.064702	2.752938	0.279158	0.177023	0.943787	-0.007120	0.983215	-0.182312	-0.960219	0.044174	0.275732
40	5768642357.000000													9.491524	-0.067354	2.760378	0.279127	0.177005	0.943799	-0.007075	0.983217	-0.182305	-0.960228	0.044209	0.275695
41	5768692360.000000													9.449253	-0.073699	2.775852	0.278974	0.176770	0.943889	-0.006960	0.983258	-0.182086	-0.960273	0.044228	0.275534
42	5768742362.000000													9.496086	-0.060527	2.752127	0.278840	0.176603	0.943960	-0.006938	0.983290	-0.181912	-0.960313	0.044175	0.275405
43	5768792364.000000													9.512764	-0.047411	2.725972	0.278913	0.176427	0.943971	-0.006924	0.983323	-0.181736	-0.960291	0.044152	0.275484
44	5768842366.000000													9.477562	-0.058888	2.779723	0.278839	0.176433	0.943992	-0.007022	0.983327	-0.181711	-0.960312	0.044039	0.275429
45	5768892368.000000													9.483067	-0.065278	2.762534	0.278729	0.176514	0.944009	-0.007002	0.983311	-0.181795	-0.960344	0.044061	0.275314
46	5768942370.000000													9.510101	-0.036835	2.694723	0.278670	0.176910	0.943952	-0.007098	0.983240	-0.182177	-0.960361	0.044067	0.275255
47	5768992373.000000													9.481540	-0.078191	2.723529	0.278809	0.177200	0.943857	-0.007226	0.983189	-0.182450	-0.960319	0.044048	0.275402
48	5769042375.000000													9.471508	-0.049573	2.774275	0.278609	0.177161	0.943923	-0.007212	0.983197	-0.182403	-0.960378	0.044012	0.275205
49	5769092377.000000													9.484069	-0.068944	2.736036	0.278204	0.177014	0.944070	-0.007134	0.983226	-0.182253	-0.960496	0.043969	0.274800
50	5769142379.000000													9.491057	-0.061533	2.731476	0.277815	0.176904	0.944205	-0.007112	0.983249	-0.182127	-0.960608	0.043883	0.274419
51	5769192381.000000													9.496469	-0.065306	2.744690	0.277478	0.176870	0.944311	-0.007110	0.983259	-0.182075	-0.960706	0.043808	0.274090
52	5769242383.000000													9.500564	-0.046589	2.728244	0.277257	0.176957	0.944359	-0.007223	0.983249	-0.182124	-0.960769	0.043674	0.273891
53	5769292386.000000													9.493389	-0.052137	2.723727	0.277179	0.177074	0.944361	-0.007277	0.983230	-0.182226	-0.960791	0.043637	0.273819
54	5769342388.000000													9.509027	-0.065406	2.723807	0.277174	0.177265	0.944326	-0.007250	0.983192	-0.182432	-0.960792	0.043719	0.273801
55	5769392390.000000													9.483011	-0.057171	2.712556	0.277136	0.177369	0.944318	-0.007278	0.983173	-0.182531	-0.960803	0.043713	0.273764
56	5769442392.000000													9.487413	-0.066968	2.724415	0.276921	0.177414	0.944372	-0.007286	0.983167	-0.182566	-0.960865	0.043676	0.273552
57	5769492394.000000													9.492994	-0.101690	2.718600	0.276881	0.176843	0.944491	-0.007077	0.983268	-0.182028	-0.960878	0.043716	0.273499
58	5769542396.000000													9.517741	-0.028721	2.759292	0.276757	0.176253	0.944638	-0.007056	0.983381	-0.181415	-0.960914	0.043542	0.273402
59	5769592399.000000													9.504108	-0.055757	2.744989	0.276636	0.175769	0.944763	-0.006905	0.983468	-0.180948	-0.960950	0.043533	0.273277
60	5769642401.000000													9.513320	-0.036617	2.702393	0.276645	0.175748	0.944765	-0.006996	0.983477	-0.180901	-0.960947	0.043436	0.273303
61	5769692403.000000													9.475711	-0.065119	2.701622	0.276774	0.175865	0.944705	-0.007178	0.983461	-0.180977	-0.960908	0.043308	0.273459
62	5769742405.000000													9.480302	-0.063928	2.723394	0.276626	0.175935	0.944735	-0.007164	0.983448	-0.181047	-0.960951	0.043314	0.273308
63	5769792407.000000													9.516141	-0.060496	2.713229	0.276483	0.175788	0.944805	-0.007148	0.983477	-0.180892	-0.960992	0.043260	0.273171
64	5769842410.000000													9.484310	-0.076853	2.726725	0.276261	0.175466	0.944929	-0.007033	0.983536	-0.180578	-0.961057	0.043241	0.272947
65	5769892412.000000													9.485509	-0.065940	2.742553	0.276276	0.175190	0.944976	-0.006934	0.983584	-0.180320	-0.961053	0.043265	0.272955
66	5769942414.000000													9.511006	-0.038359	2.737323	0.276221	0.175185	0.944993	-0.007029	0.983589	-0.180285	-0.961068	0.043156	0.272919
67	5769992416.000000													9.488316	-0.080713	2.717443	0.276008	0.175241	0.945045	-0.007087	0.983583	-0.180317	-0.961129	0.043071	0.272718
68	5770042418.000000													9.487329	-0.061041	2.708615	0.275794	0.175060	0.945141	-0.007029	0.983617	-0.180135	-0.961191	0.043037	0.272507
69	5770092420.000000													9.509427	-0.060181	2.704544	0.275642	0.175088	0.945180	-0.007012	0.983612	-0.180163	-0.961235	0.043033	0.272352
70	5770142423.000000													9.496436	-0.050904	2.704759	0.275651	0.175226	0.945152	-0.006920	0.983581	-0.180332	-0.961233	0.043169	0.272338
71	5770192425.000000													9.504526	-0.051147	2.709137	0.275698	0.175462	0.945095	-0.006871	0.983534	-0.180594	-0.961220	0.043296	0.272364
72	5770242427.000000													9.500815	-0.066862	2.713149	0.275655	0.175623	0.945077	-0.006894	0.983504	-0.180753	-0.961232	0.043310	0.272319
73	5770292429.000000													9.529643	-0.047198	2.710315	0.275732	0.175809	0.945020	-0.006723	0.983460	-0.180999	-0.961211	0.043553	0.272354
74	5770342431.000000													9.513371	-0.054852	2.671443	0.276004	0.175697	0.944961	-0.006740	0.983480	-0.180890	-0.961133	0.043558	0.272629
75	5770392433.000000													9.437827	-0.041080	2.743182	0.276042	0.175463	0.944994	-0.006627	0.983519	-0.180681	-0.961123	0.043613	0.272655
76	5770442436.000000													9.508392	-0.033994	2.743142	0.275838	0.175625	0.945023	-0.006500	0.983484	-0.180876	-0.961182	0.043750	0.272424
77	5770492438.000000													9.512611	-0.063367	2.699394	0.275785	0.175805	0.945006	-0.006328	0.983443	-0.181109	-0.961199	0.043968	0.272331
78	5770542440.000000													9.503282	-0.053993	2.721286	0.276161	0.175973	0.944864	-0.006262	0.983404	-0.181321	-0.961091	0.044157	0.272680
79	5770592442.000000													9.487313	-0.053333	2.721038	0.276409	0.176107	0.944767	-0.006283	0.983377	-0.181466	-0.961020	0.044222	0.272921
80	5770642444.000000													9.481474	-0.055175	2.723864	0.276510	0.176167	0.944726	-0.006321	0.983367	-0.181522	-0.960990	0.044221	0.273024
81	5770692446.000000													9.508288	-0.049664	2.707651	0.276595	0.176133	0.944708	-0.006384	0.983375	-0.181473	-0.960965	0.044163	0.273121
82	5770742449.000000													9.490882	-0.037828	2.717964	0.276694	0.176164	0.944673	-0.006346	0.983367	-0.181521	-0.960937	0.044231	0.273210
83	5770792451.000000													9.483066	-0.053742	2.736187	0.276900	0.175941	0.944654	-0.006298	0.983405	-0.181313	-0.960878	0.044256	0.273413
84	5770842453.000000													9.493471	-0.042339	2.740783	0.277020	0.175713	0.944661	-0.006299	0.983448	-0.181081	-0.960843	0.044212	0.273542
85	5770892455.000000													9.489953	-0.034124	2.733187	0.277099	0.175540	0.944670	-0.006311	0.983481	-0.180901	-0.960821	0.044165	0.273630
86	5770942457.000000													9.524586	-0.055768	2.720161	0.277317	0.175234	0.944663	-0.006280	0.983536	-0.180602	-0.960758	0.044152	0.273852
87	5770992459.000000													9.509424	-0.028543	2.707810	0.277685	0.175190	0.944563	-0.006306	0.983543	-0.180566	-0.960652	0.044184	0.274220
88	5771042462.000000													9.462908	-0.049911	2.731367	0.278067	0.175058	0.944475	-0.006427	0.983570	-0.180412	-0.960540	0.044097	0.274623
89	5771092464.000000													9.481659	-0.033742	2.742828	0.278080	0.174981	0.944486	-0.006408	0.983584	-0.180338	-0.960537	0.044096	0.274636
90	5771142466.000000													9.517502	-0.041001	2.729511	0.278011	0.175062	0.944491	-0.006459	0.983571	-0.180405	-0.960556	0.044054	0.274574
91	5771192468.000000													9.488465	-0.060668	2.741319	0.278013	0.175054	0.944492	-0.006506	0.983575	-0.180383	-0.960555	0.044004	0.274585
92	5771242470.000000													9.496907	-0.035355	2.754582	0.278222	0.175108	0.944420	-0.006518	0.983563	-0.180445	-0.960495	0.044048	0.274790
93	5771292473.000000													9.494853	-0.057740	2.745601	0.278565	0.175122	0.944317	-0.006598	0.983561	-0.180454	-0.960395	0.044038	0.275141
94	5771342475.000000													9.475646	-0.049131	2.740044	0.278798	0.175272	0.944220	-0.006686	0.983535	-0.180595	-0.960326	0.044037	0.275379
95	5771392477.000000													9.494298	-0.036859	2.742039	0.279023	0.175466	0.944118	-0.006847	0.983503	-0.180762	-0.960260	0.043972	0.275621
96	5771442479.000000													9.492195	-0.034080	2.766162	0.279233	0.175731	0.944006	-0.007002	0.983457	-0.181004	-0.960198	0.043932	0.275844
97	5771492481.000000													9.475531	-0.054693	2.745918	0.279514	0.176168	0.943841	-0.006982	0.983370	-0.181478	-0.960116	0.044136	0.276096
98	5771542483.000000													9.492709	-0.086154	2.739436	0.279734	0.176049	0.943798	-0.006938	0.983389	-0.181377	-0.960052	0.044189	0.276309
99	5771592486.000000													9.486333	-0.062379	2.751134	0.279926	0.175684	0.943810	-0.007000	0.983460	-0.180989	-0.959996	0.044056	0.276526
100	5771642488.000000													9.499525	-0.070315	2.753803	0.280186	0.175213	0.943820	-0.007083	0.983552	-0.180487	-0.959920	0.043885	0.276819
101	5771692490.000000													9.482289	-0.026180	2.736894	0.280494	0.175229	0.943726	-0.007159	0.983550	-0.180495	-0.959829	0.043871	0.277134
102	5771742492.000000													9.474345	-0.042251	2.782100	0.280789	0.175400	0.943606	-0.007192	0.983516	-0.180678	-0.959743	0.043946	0.277422
103	5771792494.000000													9.466408	-0.068423	2.771424	0.280865	0.175386	0.943586	-0.007082	0.983513	-0.180699	-0.959721	0.044070	0.277477
104	5771842496.000000													9.506286	-0.066484	2.733650	0.281068	0.175138	0.943572	-0.006937	0.983552	-0.180492	-0.959663	0.044185	0.277659
105	5771892499.000000													9.491689	-0.075849	2.767089	0.281292	0.174808	0.943566	-0.006938	0.983613	-0.180159	-0.959597	0.044131	0.277895
106	5771942501.000000													9.467731	-0.054636	2.767216	0.281622	0.174397	0.943544	-0.006738	0.983679	-0.179804	-0.959502	0.044280	0.278200
107	5771992503.000000													9.493614	-0.046031	2.752590	0.281877	0.174360	0.943474	-0.006655	0.983680	-0.179802	-0.959427	0.044403	0.278437
108	5772042505.000000													9.457780	-0.070031	2.764838	0.282037	0.174366	0.943426	-0.006615	0.983676	-0.179827	-0.959381	0.044477	0.278586
109	5772092507.000000													9.485044	-0.045104	2.769464	0.282107	0.174473	0.943385	-0.006615	0.983655	-0.179943	-0.959360	0.044523	0.278650
110	5772142509.000000													9.505165	-0.044908	2.758816	0.282247	0.174781	0.943286	-0.006678	0.983598	-0.180253	-0.959318	0.044576	0.278785
111	5772192512.000000													9.474921	-0.054330	2.778718	0.282507	0.175057	0.943157	-0.006707	0.983544	-0.180544	-0.959242	0.044679	0.279033
112	5772242514.000000													9.468315	-0.058580	2.793689	0.282667	0.175141	0.943093	-0.006645	0.983524	-0.180657	-0.959195	0.044799	0.279173
113	5772292516.000000													9.474731	-0.043770	2.774354	0.282756	0.175002	0.943092	-0.006620	0.983548	-0.180524	-0.959169	0.044801	0.279263
114	5772342518.000000													9.484226	-0.062152	2.775763	0.282848	0.174778	0.943106	-0.006582	0.983588	-0.180306	-0.959142	0.044792	0.279356
115	5772392520.000000													9.499774	-0.050758	2.776451	0.283036	0.174618	0.943080	-0.006545	0.983616	-0.180159	-0.959087	0.044819	0.279542
116	5772442523.000000													9.472434	-0.022611	2.788724	0.283308	0.174810	0.942962	-0.006628	0.983580	-0.180348	-0.959006	0.044844	0.279815
117	5772492525.000000													9.431412	-0.060171	2.783766	0.283552	0.175067	0.942841	-0.006692	0.983532	-0.180610	-0.958934	0.044903	0.280054
118	5772542527.000000													9.458379	-0.071815	2.812124	0.283526	0.175142	0.942835	-0.006628	0.983515	-0.180705	-0.958942	0.044986	0.280013
119	5772592529.000000													9.505755	-0.037696	2.790729	0.283437	0.175155	0.942860	-0.006661	0.983515	-0.180705	-0.958968	0.044938	0.279931
120	5772642531.000000													9.451498	-0.058304	2.789665	0.283307	0.175155	0.942899	-0.006659	0.983516	-0.180699	-0.959006	0.044914	0.279804
121	5772692533.000000													9.465913	-0.050000	2.798818	0.283261	0.175091	0.942924	-0.006632	0.983527	-0.180638	-0.959020	0.044915	0.279756
122	5772742536.000000													9.467961	-0.056855	2.781673	0.283089	0.174782	0.943033	-0.006672	0.983590	-0.180296	-0.959070	0.044748	0.279610
123	5772792538.000000													9.472280	-0.039821	2.785959	0.282965	0.174719	0.943082	-0.006665	0.983603	-0.180226	-0.959107	0.044712	0.279489
124	5772842540.000000													9.466709	-0.038015	2.782540	0.282796	0.174741	0.943129	-0.006586	0.983596	-0.180264	-0.959157	0.044767	0.279308
125	5772892542.000000													9.476448	-0.051988	2.802847	0.282703	0.174950	0.943118	-0.006580	0.983557	-0.180479	-0.959185	0.044816	0.279206
126	5772942544.000000													9.472780	-0.063885	2.796036	0.282629	0.175003	0.943130	-0.006564	0.983547	-0.180536	-0.959207	0.044834	0.279127
127	5772992546.000000													9.479514	-0.052901	2.790447	0.282571	0.174949	0.943158	-0.006611	0.983560	-0.180462	-0.959223	0.044759	0.279082
128	5773042549.000000													9.468125	-0.031489	2.792809	0.282422	0.174901	0.943211	-0.006674	0.983573	-0.180387	-0.959267	0.044650	0.278950
129	5773092551.000000													9.469562	-0.032010	2.794312	0.282241	0.175098	0.943229	-0.006701	0.983538	-0.180576	-0.959320	0.044645	0.278768
130	5773142553.000000													9.484266	-0.050029	2.768400	0.282105	0.175284	0.943235	-0.006598	0.983499	-0.180794	-0.959361	0.044779	0.278607
131	5773192555.000000													9.488996	-0.048330	2.755471	0.281938	0.175288	0.943284	-0.006533	0.983497	-0.180808	-0.959410	0.044815	0.278431
132	5773242557.000000													9.474291	-0.066530	2.778348	0.281958	0.175203	0.943294	-0.006662	0.983519	-0.180683	-0.959404	0.044660	0.278478
133	5773292559.000000													9.443427	-0.043538	2.799340	0.281797	0.175076	0.943366	-0.006707	0.983547	-0.180530	-0.959451	0.044546	0.278335
134	5773342562.000000													9.497943	-0.056760	2.768837	0.281650	0.175079	0.943409	-0.006750	0.983549	-0.180513	-0.959494	0.044473	0.278198
135	5773392564.000000													9.478605	-0.061461	2.762517	0.281457	0.174954	0.943490	-0.006771	0.983576	-0.180368	-0.959550	0.044377	0.278019
136	5773442566.000000													9.471768	-0.048425	2.783756	0.281362	0.174857	0.943536	-0.006822	0.983598	-0.180247	-0.959577	0.044278	0.277940
137	5773492568.000000													9.478749	-0.062358	2.764893	0.281286	0.174818	0.943566	-0.006850	0.983607	-0.180194	-0.959599	0.044223	0.277873
138	5773542570.000000													9.469965	-0.034055	2.779033	0.281257	0.174908	0.943558	-0.007004	0.983597	-0.180242	-0.959607	0.044085	0.277869
139	5773592572.000000													9.475411	-0.042839	2.762173	0.281168	0.174963	0.943574	-0.007047	0.983589	-0.180283	-0.959633	0.044041	0.277786
140	5773642575.000000													9.450783	-0.055201	2.770206	0.280935	0.175061	0.943625	-0.007092	0.983575	-0.180361	-0.959700	0.043978	0.277563
141	5773692577.000000													9.497257	-0.052070	2.790730	0.280742	0.175176	0.943662	-0.007094	0.983555	-0.180471	-0.959757	0.043971	0.277368
142	5773742579.000000													9.478210	-0.057939	2.760228	0.280555	0.175302	0.943694	-0.007115	0.983533	-0.180587	-0.959812	0.043950	0.277182
143	5773792581.000000													9.477967	-0.043077	2.771412	0.280607	0.175337	0.943672	-0.007062	0.983524	-0.180641	-0.959797	0.044025	0.277222
144	5773842583.000000													9.495377	-0.040822	2.766414	0.280577	0.175588	0.943634	-0.007004	0.983473	-0.180918	-0.959806	0.044152	0.277170
145	5773892586.000000													9.488891	-0.063642	2.745531	0.280677	0.175659	0.943591	-0.006824	0.983450	-0.181049	-0.959778	0.044377	0.277231
146	5773942588.000000													9.508682	-0.042781	2.713349	0.281198	0.175815	0.943407	-0.006803	0.983415	-0.181243	-0.959626	0.044547	0.277730
147	5773992590.000000													9.475385	-0.053754	2.757320	0.281553	0.175930	0.943280	-0.006770	0.983388	-0.181390	-0.959522	0.044685	0.278067
148	5774042592.000000													9.457551	-0.051143	2.800701	0.281499	0.176095	0.943265	-0.006506	0.983344	-0.181636	-0.959540	0.044993	0.277956
149	5774092594.000000													9.498010	-0.074169	2.737980	0.281383	0.175909	0.943334	-0.006390	0.983376	-0.181470	-0.959574	0.045035	0.277829
150	5774142596.000000													9.501448	-0.046118	2.738525	0.281272	0.175729	0.943401	-0.006352	0.983410	-0.181287	-0.959607	0.044998	0.277722
151	5774192599.000000													9.470697	-0.042315	2.750656	0.281354	0.175746	0.943373	-0.006331	0.983405	-0.181315	-0.959583	0.045041	0.277798
152	5774242601.000000													9.481279	-0.061106	2.755682	0.281438	0.175841	0.943331	-0.006316	0.983385	-0.181423	-0.959559	0.045101	0.277872
153	5774292603.000000													9.469841	-0.052447	2.773191	0.281435	0.175967	0.943308	-0.006313	0.983360	-0.181555	-0.959559	0.045141	0.277863
154	5774342605.000000													9.490829	-0.051588	2.765357	0.281482	0.176058	0.943277	-0.006292	0.983342	-0.181658	-0.959546	0.045199	0.277900
155	5774392607.000000													9.478517	-0.050312	2.769560	0.281599	0.176068	0.943240	-0.006363	0.983342	-0.181654	-0.959511	0.045151	0.278029
156	5774442609.000000													9.474046	-0.050980	2.765361	0.281703	0.176114	0.943200	-0.006438	0.983336	-0.181686	-0.959480	0.045109	0.278142
157	5774492612.000000													9.481408	-0.053655	2.747575	0.281843	0.176238	0.943135	-0.006481	0.983312	-0.181809	-0.959439	0.045130	0.278282
158	5774542614.000000													9.486034	-0.067986	2.762290	0.282207	0.176112	0.943050	-0.006536	0.983336	-0.181679	-0.959331	0.045108	0.278656
159	5774592616.000000													9.480893	-0.049194	2.775269	0.282436	0.176082	0.942987	-0.006613	0.983343	-0.181637	-0.959263	0.045064	0.278896
160	5774642618.000000													9.474343	-0.044472	2.788937	0.282606	0.176032	0.942946	-0.006696	0.983355	-0.181569	-0.959213	0.044999	0.279081
161	5774692620.000000													9.507363	-0.068979	2.775793	0.282761	0.176075	0.942891	-0.006824	0.983352	-0.181584	-0.959166	0.044911	0.279255
162	5774742622.000000													9.475965	-0.030541	2.753802	0.283136	0.176212	0.942753	-0.007139	0.983337	-0.181654	-0.959053	0.044702	0.279676
163	5774792625.000000													9.443172	-0.075237	2.787202	0.283552	0.176183	0.942633	-0.007214	0.983342	-0.181622	-0.958930	0.044699	0.280100
164	5774842627.000000													9.477691	-0.046185	2.802843	0.283664	0.176108	0.942614	-0.007244	0.983357	-0.181540	-0.958897	0.044668	0.280218
165	5774892629.000000													9.483682	-0.067443	2.786438	0.283669	0.175907	0.942650	-0.007431	0.983404	-0.181276	-0.958893	0.044418	0.280269
166	5774942631.000000													9.477273	-0.054059	2.794530	0.283816	0.175817	0.942622	-0.007512	0.983424	-0.181166	-0.958849	0.044336	0.280432
167	5774992633.000000													9.490532	-0.059663	2.801352	0.284145	0.175822	0.942522	-0.007560	0.983422	-0.181173	-0.958752	0.044354	0.280764
168	5775042635.000000													9.468330	-0.066397	2.794795	0.284373	0.175754	0.942466	-0.007646	0.983437	-0.181087	-0.958683	0.044290	0.281007
169	5775092638.000000													9.464616	-0.055234	2.794477	0.284597	0.175753	0.942399	-0.007706	0.983438	-0.181080	-0.958616	0.044273	0.281237
170	5775142640.000000													9.464103	-0.058036	2.791615	0.284718	0.175768	0.942359	-0.007635	0.983431	-0.181122	-0.958581	0.044373	0.281343
171	5775192642.000000													9.476500	-0.062253	2.801691	0.284734	0.175805	0.942348	-0.007653	0.983425	-0.181156	-0.958576	0.044370	0.281359
172	5775242644.000000													9.467681	-0.050093	2.800020	0.284764	0.175849	0.942330	-0.007564	0.983412	-0.181230	-0.958568	0.044480	0.281370
173	5775292646.000000													9.471485	-0.060609	2.801921	0.284859	0.176018	0.942270	-0.007538	0.983377	-0.181418	-0.958540	0.044576	0.281451
174	5775342649.000000													9.466760	-0.053673	2.816933	0.284984	0.176101	0.942217	-0.007487	0.983358	-0.181526	-0.958503	0.044678	0.281560
175	5775392651.000000													9.485640	-0.062489	2.811594	0.285159	0.176230	0.942140	-0.007396	0.983327	-0.181696	-0.958452	0.044844	0.281708
176	5775442653.000000													9.452133	-0.058824	2.810178	0.285253	0.176379	0.942083	-0.007414	0.983298	-0.181851	-0.958424	0.044889	0.281796
177	5775492655.000000													9.497131	-0.079981	2.794673	0.285425	0.176471	0.942014	-0.007495	0.983283	-0.181931	-0.958372	0.044867	0.281976
178	5775542657.000000													9.484365	-0.041014	2.770311	0.285582	0.176452	0.941970	-0.007530	0.983287	-0.181909	-0.958325	0.044857	0.282138
179	5775592659.000000													9.450626	-0.071299	2.809396	0.285911	0.176346	0.941890	-0.007610	0.983308	-0.181791	-0.958226	0.044808	0.282481
180	5775642662.000000													9.451381	-0.062283	2.840084	0.285950	0.176066	0.941931	-0.007629	0.983362	-0.181494	-0.958214	0.044712	0.282535
181	5775692664.000000													9.477838	-0.059758	2.811227	0.285922	0.175781	0.941992	-0.007576	0.983415	-0.181211	-0.958223	0.044676	0.282511
182	5775742666.000000													9.464341	-0.048053	2.829633	0.285812	0.175605	0.942059	-0.007642	0.983453	-0.181003	-0.958255	0.044534	0.282425
183	5775792668.000000													9.457713	-0.045128	2.841979	0.285679	0.175597	0.942100	-0.007633	0.983455	-0.180991	-0.958295	0.044514	0.282293
184	5775842670.000000													9.477533	-0.041714	2.828144	0.285577	0.175580	0.942134	-0.007705	0.983463	-0.180947	-0.958325	0.044415	0.282207
185	5775892672.000000													9.443515	-0.044440	2.822124	0.285108	0.175801	0.942235	-0.007871	0.983432	-0.181106	-0.958463	0.044219	0.281768
186	5775942675.000000													9.456397	-0.042953	2.803628	0.284668	0.176150	0.942303	-0.007835	0.983367	-0.181459	-0.958594	0.044272	0.281313
187	5775992677.000000													9.494250	-0.060364	2.784429	0.284247	0.176490	0.942367	-0.007839	0.983306	-0.181793	-0.958719	0.044287	0.280885
188	5776042679.000000													9.401636	-0.076196	2.826621	0.283007	0.176585	0.942722	-0.007874	0.983300	-0.181822	-0.959086	0.044034	0.279671
189	5776092681.000000													9.392495	-0.101448	2.768153	0.279956	0.175855	0.943769	-0.007988	0.983472	-0.180883	-0.959980	0.043101	0.276733
190	5776142683.000000													9.540055	-0.035869	2.737874	0.277891	0.175117	0.944516	-0.008067	0.983634	-0.179996	-0.960579	0.042400	0.274756
191	5776192685.000000													9.553091	-0.054580	2.730388	0.277001	0.174397	0.944910	-0.007989	0.983775	-0.179229	-0.960836	0.042098	0.273900
192	5776242688.000000													9.514464	-0.066185	2.769222	0.277106	0.173911	0.944969	-0.007903	0.983862	-0.178752	-0.960807	0.042066	0.274009
193	5776292690.000000													9.516235	-0.026949	2.804768	0.277821	0.174026	0.944738	-0.008005	0.983839	-0.178874	-0.960599	0.042132	0.274725
194	5776342692.000000													9.491767	-0.043587	2.780749	0.278373	0.174591	0.944472	-0.008049	0.983730	-0.179475	-0.960439	0.042359	0.275249
195	5776392694.000000													9.437031	-0.072088	2.733778	0.278917	0.175091	0.944218	-0.008283	0.983640	-0.179955	-0.960280	0.042371	0.275804
196	5776442696.000000													9.455071	-0.074405	2.729016	0.278866	0.175398	0.944177	-0.008318	0.983584	-0.180262	-0.960294	0.042416	0.275747
197	5776492699.000000													9.488321	-0.056659	2.691647	0.278185	0.175536	0.944352	-0.008395	0.983566	-0.180352	-0.960491	0.042243	0.275087
198	5776542701.000000													9.494555	-0.084034	2.704840	0.277480	0.175614	0.944545	-0.008471	0.983561	-0.180379	-0.960694	0.042051	0.274406
199	5776592703.000000													9.490136	-0.050902	2.727130	0.276872	0.175666	0.944714	-0.008593	0.983561	-0.180371	-0.960868	0.041822	0.273830
200	5776642705.000000													9.502202	-0.064966	2.704266	0.276350	0.175729	0.944855	-0.008701	0.983558	-0.180382	-0.961018	0.041627	0.273335
201	5776692707.000000													9.497252	-0.051776	2.721033	0.276120	0.175870	0.944895	-0.008784	0.983537	-0.180496	-0.961083	0.041538	0.273119
202	5776742709.000000													9.497321	-0.051736	2.722549	0.275917	0.176199	0.944894	-0.008919	0.983481	-0.180790	-0.961140	0.041455	0.272931
203	5776792712.000000													9.490032	-0.056939	2.710429	0.275722	0.176706	0.944856	-0.008933	0.983386	-0.181305	-0.961196	0.041549	0.272720
204	5776842714.000000													9.490380	-0.067377	2.718448	0.275515	0.177091	0.944844	-0.009006	0.983317	-0.181676	-0.961255	0.041545	0.272514
205	5776892716.000000													9.467189	-0.084321	2.719076	0.275167	0.177157	0.944933	-0.009088	0.983311	-0.181706	-0.961353	0.041412	0.272185
206	5776942718.000000													9.508364	-0.070376	2.700045	0.274946	0.177177	0.944994	-0.009133	0.983311	-0.181704	-0.961416	0.041328	0.271975
207	5776992720.000000													9.505040	-0.056595	2.717483	0.274641	0.177254	0.945068	-0.009183	0.983301	-0.181756	-0.961503	0.041239	0.271682
208	5777042722.000000													9.490966	-0.101068	2.705809	0.274332	0.177339	0.945142	-0.009164	0.983286	-0.181836	-0.961591	0.041222	0.271372
209	5777092725.000000													9.520186	-0.054409	2.697042	0.274155	0.177223	0.945215	-0.009364	0.983318	-0.181651	-0.961640	0.040950	0.271241
210	5777142727.000000													9.466078	-0.095231	2.688111	0.273957	0.177068	0.945301	-0.009578	0.983359	-0.181421	-0.961694	0.040647	0.271094
211	5777192729.000000													9.493650	-0.077857	2.712479	0.273831	0.176762	0.945395	-0.009622	0.983420	-0.181085	-0.961730	0.040490	0.270992
212	5777242731.000000													9.535335	-0.083749	2.709555	0.273667	0.176680	0.945458	-0.009791	0.983444	-0.180945	-0.961775	0.040262	0.270866
213	5777292733.000000													9.489980	-0.074552	2.702737	0.273612	0.176700	0.945470	-0.009929	0.983447	-0.180925	-0.961789	0.040116	0.270837
214	5777342735.000000													9.519262	-0.084077	2.705402	0.273749	0.176949	0.945384	-0.009952	0.983399	-0.181183	-0.961750	0.040190	0.270966
215	5777392738.000000													9.491234	-0.086308	2.689110	0.273876	0.177298	0.945282	-0.010033	0.983335	-0.181528	-0.961713	0.040232	0.271090
216	5777442740.000000													9.495231	-0.106167	2.673524	0.273920	0.177267	0.945275	-0.010053	0.983341	-0.181492	-0.961700	0.040212	0.271139
217	5777492742.000000													9.511876	-0.075423	2.690625	0.273885	0.177028	0.945330	-0.010099	0.983389	-0.181229	-0.961709	0.040089	0.271123
218	5777542744.000000													9.490583	-0.082508	2.689961	0.273877	0.176997	0.945338	-0.010118	0.983396	-0.181191	-0.961712	0.040059	0.271120
219	5777592746.000000													9.513796	-0.094820	2.688498	0.273809	0.177118	0.945335	-0.010109	0.983373	-0.181317	-0.961731	0.040090	0.271046
220	5777642748.000000													9.491613	-0.084970	2.685915	0.273791	0.177119	0.945340	-0.010113	0.983373	-0.181316	-0.961736	0.040082	0.271030
221	5777692751.000000													9.507051	-0.103611	2.693804	0.274020	0.176878	0.945319	-0.010132	0.983418	-0.181070	-0.961671	0.040038	0.271268
222	5777742753.000000													9.527072	-0.105132	2.692012	0.274455	0.176555	0.945253	-0.010162	0.983478	-0.180744	-0.961546	0.040000	0.271714
223	5777792755.000000													9.517970	-0.080024	2.705848	0.275129	0.176130	0.945136	-0.010061	0.983549	-0.180360	-0.961355	0.040113	0.272375
224	5777842757.000000													9.483692	-0.080589	2.709248	0.276123	0.175691	0.944928	-0.010132	0.983628	-0.179926	-0.961069	0.040107	0.273382
225	5777892759.000000													9.459017	-0.090952	2.709674	0.276654	0.175276	0.944850	-0.010040	0.983699	-0.179543	-0.960917	0.040185	0.273904
226	5777942762.000000													9.491625	-0.092527	2.720840	0.276714	0.174899	0.944902	-0.009945	0.983766	-0.179180	-0.960901	0.040185	0.273962
227	5777992764.000000													9.493891	-0.096589	2.701593	0.276667	0.174541	0.944982	-0.009854	0.983830	-0.178832	-0.960915	0.040165	0.273913
228	5778042766.000000													9.485735	-0.076376	2.708746	0.276597	0.174437	0.945022	-0.009793	0.983848	-0.178737	-0.960936	0.040184	0.273838
229	5778092768.000000													9.504067	-0.072140	2.707823	0.276597	0.174360	0.945036	-0.009767	0.983862	-0.178664	-0.960936	0.040188	0.273836
230	5778142770.000000													9.488508	-0.094981	2.714729	0.276615	0.174405	0.945022	-0.009725	0.983851	-0.178724	-0.960932	0.040248	0.273844
231	5778192772.000000													9.500703	-0.067071	2.706817	0.276749	0.174557	0.944955	-0.009742	0.983822	-0.178883	-0.960893	0.040300	0.273972
232	5778242775.000000													9.499453	-0.084143	2.719918	0.276879	0.174751	0.944881	-0.009696	0.983782	-0.179105	-0.960856	0.040429	0.274082
233	5778292777.000000													9.475237	-0.068984	2.729483	0.276725	0.174961	0.944887	-0.009595	0.983740	-0.179345	-0.960901	0.040563	0.273904
234	5778342779.000000													9.471898	-0.115306	2.723281	0.276450	0.174706	0.945015	-0.009529	0.983787	-0.179087	-0.960981	0.040504	0.273633
235	5778392781.000000													9.510991	-0.066928	2.700691	0.276396	0.174434	0.945081	-0.009506	0.983838	-0.178808	-0.960997	0.040438	0.273587
236	5778442783.000000													9.493957	-0.063089	2.742998	0.276266	0.174502	0.945106	-0.009578	0.983829	-0.178852	-0.961033	0.040358	0.273470
237	5778492785.000000													9.473258	-0.086982	2.736203	0.276211	0.174613	0.945102	-0.009513	0.983806	-0.178983	-0.961050	0.040446	0.273399
238	5778542788.000000													9.505300	-0.060649	2.704377	0.276403	0.174649	0.945039	-0.009582	0.983801	-0.179010	-0.960994	0.040423	0.273599
239	5778592790.000000													9.498925	-0.075763	2.721657	0.276751	0.174812	0.944907	-0.009651	0.983770	-0.179175	-0.960893	0.040468	0.273947
240	5778642792.000000													9.479912	-0.086644	2.751545	0.276840	0.174696	0.944903	-0.009500	0.983785	-0.179102	-0.960869	0.040606	0.274010
241	5778692794.000000													9.489305	-0.071434	2.733324	0.276767	0.174542	0.944952	-0.009541	0.983816	-0.178926	-0.960890	0.040505	0.273953
242	5778742796.000000													9.483054	-0.059711	2.748770	0.276462	0.174269	0.945092	-0.009510	0.983869	-0.178637	-0.960978	0.040398	0.273660
243	5778792798.000000													9.503507	-0.089582	2.733773	0.276303	0.174090	0.945172	-0.009359	0.983898	-0.178487	-0.961025	0.040471	0.273483
244	5778842801.000000													9.496490	-0.078238	2.723761	0.276071	0.173639	0.945323	-0.009388	0.983986	-0.177999	-0.961092	0.040265	0.273280
245	5778892803.000000													9.470165	-0.055387	2.738310	0.275685	0.173389	0.945481	-0.009369	0.984035	-0.177728	-0.961202	0.040139	0.272908
246	5778942805.000000													9.497212	-0.049092	2.712183	0.275311	0.173467	0.945575	-0.009276	0.984019	-0.177819	-0.961310	0.040184	0.272520
247	5778992807.000000													9.508184	-0.076188	2.706348	0.275044	0.173790	0.945594	-0.009201	0.983958	-0.178164	-0.961388	0.040302	0.272231
248	5779042809.000000													9.491179	-0.069738	2.718236	0.274791	0.174107	0.945609	-0.009153	0.983898	-0.178497	-0.961460	0.040394	0.271960
249	5779092811.000000													9.487281	-0.073345	2.728475	0.274543	0.174274	0.945650	-0.009064	0.983865	-0.178685	-0.961532	0.040486	0.271693
250	5779142814.000000													9.503985	-0.078217	2.680019	0.274417	0.174283	0.945685	-0.008975	0.983860	-0.178714	-0.961569	0.040555	0.271552
251	5779192816.000000													9.505876	-0.066874	2.710690	0.274226	0.174365	0.945726	-0.008972	0.983846	-0.178792	-0.961623	0.040544	0.271361
252	5779242818.000000													9.508908	-0.084193	2.701501	0.273952	0.174458	0.945788	-0.008864	0.983826	-0.178907	-0.961702	0.040628	0.271068
253	5779292820.000000													9.515347	-0.055688	2.647601	0.273798	0.174646	0.945798	-0.008907	0.983794	-0.179083	-0.961746	0.040608	0.270916
254	5779342822.000000													9.475956	-0.100316	2.677334	0.273583	0.174768	0.945837	-0.008948	0.983774	-0.179189	-0.961807	0.040559	0.270708
255	5779392825.000000													9.490585	-0.061227	2.699485	0.273128	0.174871	0.945950	-0.008960	0.983759	-0.179273	-0.961936	0.040489	0.270259
256	5779442827.000000													9.513302	-0.081057	2.677505	0.272631	0.174962	0.946076	-0.009073	0.983750	-0.179314	-0.962076	0.040303	0.269788
257	5779492829.000000													9.514553	-0.063259	2.680704	0.272331	0.175057	0.946145	-0.009188	0.983739	-0.179368	-0.962160	0.040154	0.269512
258	5779542831.000000													9.505398	-0.086571	2.691111	0.272241	0.175239	0.946138	-0.009161	0.983704	-0.179561	-0.962186	0.040216	0.269410
259	5779592833.000000													9.507410	-0.070525	2.679238	0.272203	0.175208	0.946154	-0.009266	0.983715	-0.179498	-0.962195	0.040093	0.269394
260	5779642835.000000													9.495797	-0.071583	2.677909	0.272085	0.175148	0.946199	-0.009362	0.983731	-0.179403	-0.962228	0.039955	0.269298
261	5779692838.000000													9.507661	-0.067523	2.664652	0.272032	0.175322	0.946182	-0.009394	0.983700	-0.179573	-0.962242	0.039961	0.269245
262	5779742840.000000													9.507915	-0.080899	2.672057	0.271860	0.175555	0.946188	-0.009385	0.983656	-0.179811	-0.962291	0.040003	0.269064
263	5779792842.000000													9.503807	-0.069366	2.682422	0.271702	0.175811	0.946186	-0.009454	0.983612	-0.180051	-0.962335	0.039975	0.268911
264	5779842844.000000													9.496528	-0.082744	2.684364	0.271475	0.175709	0.946270	-0.009498	0.983635	-0.179923	-0.962399	0.039857	0.268701
265	5779892846.000000													9.519137	-0.061357	2.662019	0.271391	0.175691	0.946298	-0.009544	0.983641	-0.179887	-0.962422	0.039789	0.268628
266	5779942848.000000													9.503287	-0.077072	2.681682	0.271354	0.175808	0.946287	-0.009495	0.983617	-0.180020	-0.962433	0.039864	0.268578
267	5779992851.000000													9.516499	-0.079766	2.688068	0.271131	0.175908	0.946332	-0.009366	0.983594	-0.180151	-0.962497	0.039981	0.268331
268	5780042853.000000													9.526742	-0.080670	2.626312	0.271375	0.176000	0.946245	-0.009472	0.983579	-0.180228	-0.962427	0.039946	0.268586
269	5780092855.000000													9.500855	-0.076942	2.668928	0.271565	0.175772	0.946233	-0.009571	0.983625	-0.179971	-0.962372	0.039818	0.268801
270	5780142857.000000													9.499565	-0.059966	2.677691	0.271680	0.175648	0.946223	-0.009490	0.983645	-0.179870	-0.962341	0.039887	0.268904
271	5780192859.000000													9.499724	-0.083602	2.661334	0.271725	0.175625	0.946214	-0.009449	0.983647	-0.179860	-0.962329	0.039932	0.268941
