// Start Time: Unknown
// Update Rate: 60.0Hz
//Filter Profile: human (46.1)
// Option Flags: AHS Disabled ICC Disabled
// Firmware Version: 4.0.2
0	sampleTimeFine	Year	Month	Day	Second	UTC_Nano	UTC_Year	UTC_Month	UTC_Day	UTC_Hour	UTC_Minute	UTC_Second	UTC_Valid	Acc_X	Acc_Y	Acc_Z	Mat[1][1]	Mat[2][1]	Mat[3][1]	Mat[1][2]	Mat[2][2]	Mat[3][2]	Mat[1][3]	Mat[2][3]	Mat[3][3]
0	2480720													195.486572	1497.028564	753.944092	0.352636	-0.925397	0.138880	0.906564	0.374634	0.194398	-0.231925	0.057352	0.971041
1	2480886													9.727406	-0.271216	-0.928644	0.352691	-0.925349	0.139065	0.906558	0.374723	0.194257	-0.231866	0.057558	0.971043
2	2481053													9.718232	-0.256585	-0.925456	0.353473	-0.925132	0.138520	0.906797	0.375236	0.192139	-0.229731	0.057694	0.971543
3	2481220													9.751785	-0.275060	-0.949245	0.353845	-0.924987	0.138540	0.906855	0.375553	0.191243	-0.228926	0.057965	0.971716
4	2487720													9.736114	-0.310329	-1.099383	0.359355	-0.921968	0.144360	0.908323	0.381045	0.172492	-0.214040	0.069140	0.974375
