// Start Time: Unknown
// Update Rate: 60.0Hz
//Filter Profile: human (46.1)
// Option Flags: AHS Disabled ICC Disabled
// Firmware Version: 4.0.2
0	sampleTimeFine	Year	Month	Day	Second	UTC_Nano	UTC_Year	UTC_Month	UTC_Day	UTC_Hour	UTC_Minute	UTC_Second	UTC_Valid	Acc_X	Acc_Y	Acc_Z	Mat[1][1]	Mat[2][1]	Mat[3][1]	Mat[1][2]	Mat[2][2]	Mat[3][2]	Mat[1][3]	Mat[2][3]	Mat[3][3]
0	2480720													-48.595833	-296.638428	-97.156013	0.784100	-0.233343	0.575099	0.003598	0.928323	0.371757	-0.620625	-0.289425	0.728737
1	2480886													9.753076	0.106660	1.144236	0.784152	-0.233236	0.575072	0.003501	0.928332	0.371736	-0.620559	-0.289484	0.728770
2	2481053													9.743374	0.110044	1.173847	0.783977	-0.233144	0.575346	0.003267	0.928335	0.371731	-0.620781	-0.289549	0.728555
3	2481220													9.761154	0.123150	1.175313	0.783912	-0.233065	0.575467	0.003132	0.928342	0.371714	-0.620864	-0.289589	0.728468
4	2487720													9.751269	0.118412	1.167778	0.779314	-0.233752	0.581403	0.000658	0.928125	0.372268	-0.626633	-0.289732	0.723455
