// Start Time: Unknown
// Update Rate: 60.0Hz
//Filter Profile: human (46.1)
// Option Flags: AHS Disabled ICC Disabled
// Firmware Version: 4.0.2
0	sampleTimeFine	Year	Month	Day	Second	UTC_Nano	UTC_Year	UTC_Month	UTC_Day	UTC_Hour	UTC_Minute	UTC_Second	UTC_Valid	Acc_X	Acc_Y	Acc_Z	Mat[1][1]	Mat[2][1]	Mat[3][1]	Mat[1][2]	Mat[2][2]	Mat[3][2]	Mat[1][3]	Mat[2][3]	Mat[3][3]
0	3411092													-0.005019	0.000209	-0.001379	0.291501	-0.697182	-0.654954	-0.036076	-0.692215	0.720789	-0.955890	-0.186483	-0.226932
1	3411258													9.374556	-0.341184	2.854317	0.291235	-0.696679	-0.655607	-0.036031	-0.692817	0.720213	-0.955973	-0.186129	-0.226875
2	3411425													9.387895	-0.339207	2.831233	0.290997	-0.696247	-0.656171	-0.035861	-0.693308	0.719749	-0.956051	-0.185914	-0.226719
3	3411592													9.416317	-0.347532	2.829248	0.290414	-0.696364	-0.656306	-0.035624	-0.693258	0.719808	-0.956238	-0.185662	-0.226139
4	3412092													9.418041	-0.383851	2.796217	0.288450	-0.696623	-0.656897	-0.035314	-0.693331	0.719754	-0.956844	-0.184415	-0.224592
5	3412258													9.405722	-0.393060	2.812183	0.287872	-0.697041	-0.656707	-0.035452	-0.693021	0.720045	-0.957012	-0.183999	-0.224213
6	3412425													9.382767	-0.356104	2.777842	0.287379	-0.697032	-0.656932	-0.035674	-0.693177	0.719884	-0.957152	-0.183444	-0.224070
7	3412592													9.392234	-0.352081	2.794975	0.286914	-0.697048	-0.657118	-0.035854	-0.693292	0.719765	-0.957285	-0.182950	-0.223907
8	3412758													9.407124	-0.346091	2.808560	0.286551	-0.696982	-0.657347	-0.036037	-0.693475	0.719579	-0.957387	-0.182507	-0.223833
9	3412925													9.428713	-0.335209	2.783416	0.286234	-0.697044	-0.657420	-0.036198	-0.693504	0.719543	-0.957476	-0.182160	-0.223736
10	3413092													9.414995	-0.344854	2.793408	0.285952	-0.697103	-0.657479	-0.036358	-0.693528	0.719512	-0.957554	-0.181841	-0.223661
11	3413258													9.415504	-0.340698	2.798121	0.285672	-0.697301	-0.657391	-0.036501	-0.693397	0.719631	-0.957632	-0.181583	-0.223536
12	3413425													9.422334	-0.345687	2.805731	0.285384	-0.697552	-0.657250	-0.036641	-0.693209	0.719805	-0.957713	-0.181339	-0.223390
13	3413592													9.415600	-0.358429	2.792685	0.285133	-0.697785	-0.657111	-0.036782	-0.693031	0.719969	-0.957782	-0.181117	-0.223272
14	3413758													9.405622	-0.383555	2.806103	0.284967	-0.697770	-0.657199	-0.036923	-0.693109	0.719887	-0.957826	-0.180878	-0.223277
15	3413925													9.403013	-0.388262	2.787593	0.284865	-0.697738	-0.657277	-0.037091	-0.693196	0.719794	-0.957850	-0.180665	-0.223347
16	3414092													9.404749	-0.371797	2.823395	0.284793	-0.697513	-0.657547	-0.037265	-0.693491	0.719501	-0.957864	-0.180406	-0.223494
17	3414258													9.404488	-0.384429	2.804592	0.284772	-0.697479	-0.657592	-0.037448	-0.693567	0.719419	-0.957863	-0.180245	-0.223628
18	3414425													9.393381	-0.397749	2.814137	0.284734	-0.697340	-0.657757	-0.037663	-0.693767	0.719214	-0.957866	-0.180011	-0.223803
19	3414592													9.386296	-0.353612	2.790158	0.284734	-0.697142	-0.657966	-0.037874	-0.694023	0.718956	-0.957858	-0.179792	-0.224016
20	3414758													9.404507	-0.330145	2.806700	0.284714	-0.697127	-0.657991	-0.038068	-0.694080	0.718891	-0.957856	-0.179630	-0.224152
21	3414925													9.428531	-0.374547	2.821016	0.284706	-0.697098	-0.658025	-0.038199	-0.694138	0.718827	-0.957854	-0.179518	-0.224254
22	3415092													9.433237	-0.323997	2.854876	0.284711	-0.696913	-0.658218	-0.038245	-0.694347	0.718623	-0.957850	-0.179426	-0.224342
23	3415258													9.389572	-0.356040	2.824385	0.284742	-0.696908	-0.658210	-0.038442	-0.694383	0.718578	-0.957833	-0.179306	-0.224511
24	3415425													9.410775	-0.383999	2.814207	0.284742	-0.697017	-0.658096	-0.038667	-0.694307	0.718640	-0.957824	-0.179180	-0.224650
25	3415592													9.385982	-0.410223	2.808245	0.284690	-0.697003	-0.658132	-0.038815	-0.694360	0.718581	-0.957833	-0.179028	-0.224731
26	3415758													9.387069	-0.383327	2.802076	0.284670	-0.697106	-0.658032	-0.038919	-0.694271	0.718660	-0.957835	-0.178971	-0.224769
27	3415925													9.378575	-0.382862	2.816792	0.284695	-0.697237	-0.657883	-0.039060	-0.694149	0.718770	-0.957822	-0.178934	-0.224855
28	3416092													9.386947	-0.413220	2.800499	0.284752	-0.697134	-0.657967	-0.039207	-0.694278	0.718638	-0.957799	-0.178837	-0.225030
29	3416258													9.377041	-0.427185	2.829021	0.284844	-0.697077	-0.657987	-0.039347	-0.694347	0.718564	-0.957766	-0.178788	-0.225209
30	3416425													9.400497	-0.404473	2.839370	0.284914	-0.696972	-0.658069	-0.039448	-0.694467	0.718442	-0.957741	-0.178735	-0.225358
31	3416592													9.386849	-0.371046	2.821323	0.284980	-0.696872	-0.658146	-0.039508	-0.694574	0.718336	-0.957719	-0.178709	-0.225472
32	3416758													9.400998	-0.375727	2.841940	0.285060	-0.696707	-0.658286	-0.039554	-0.694746	0.718166	-0.957693	-0.178682	-0.225602
33	3416925													9.387902	-0.383348	2.849579	0.285115	-0.696550	-0.658429	-0.039590	-0.694913	0.718003	-0.957675	-0.178646	-0.225707
34	3417092													9.390856	-0.339990	2.823269	0.285134	-0.696482	-0.658492	-0.039552	-0.694976	0.717944	-0.957671	-0.178665	-0.225709
35	3417258													9.421286	-0.349388	2.825229	0.285123	-0.696571	-0.658403	-0.039587	-0.694888	0.718028	-0.957673	-0.178662	-0.225704
36	3417425													9.378575	-0.378449	2.809619	0.285055	-0.696461	-0.658548	-0.039560	-0.695016	0.717905	-0.957694	-0.178590	-0.225670
37	3417592													9.403399	-0.330828	2.786430	0.285022	-0.696445	-0.658580	-0.039522	-0.695034	0.717890	-0.957706	-0.178586	-0.225625
38	3417758													9.389275	-0.356298	2.833822	0.285013	-0.696568	-0.658453	-0.039569	-0.694909	0.718008	-0.957707	-0.178587	-0.225620
39	3417925													9.393254	-0.384553	2.809840	0.284956	-0.696644	-0.658398	-0.039527	-0.694831	0.718086	-0.957725	-0.178598	-0.225533
40	3418092													9.407539	-0.364526	2.811779	0.284879	-0.696801	-0.658264	-0.039509	-0.694671	0.718241	-0.957749	-0.178605	-0.225427
41	3418258													9.397436	-0.384811	2.825322	0.284828	-0.696840	-0.658245	-0.039458	-0.694630	0.718284	-0.957766	-0.178614	-0.225346
42	3418425													9.390169	-0.371450	2.833694	0.284797	-0.696858	-0.658240	-0.039375	-0.694601	0.718317	-0.957779	-0.178656	-0.225259
43	3418592													9.389697	-0.339557	2.835249	0.284792	-0.696798	-0.658306	-0.039302	-0.694654	0.718269	-0.957783	-0.178685	-0.225218
44	3418758													9.406344	-0.346445	2.820815	0.284833	-0.696692	-0.658399	-0.039217	-0.694745	0.718186	-0.957775	-0.178743	-0.225208
45	3418925													9.404166	-0.343641	2.829281	0.284859	-0.696600	-0.658486	-0.039151	-0.694828	0.718110	-0.957770	-0.178779	-0.225201
46	3419092													9.400183	-0.347926	2.861431	0.284891	-0.696556	-0.658518	-0.039134	-0.694866	0.718073	-0.957761	-0.178803	-0.225220
47	3419258													9.381465	-0.348859	2.825887	0.284886	-0.696624	-0.658449	-0.039137	-0.694794	0.718143	-0.957762	-0.178819	-0.225201
48	3419425													9.388302	-0.337505	2.833923	0.284908	-0.696614	-0.658450	-0.039154	-0.694803	0.718133	-0.957755	-0.178821	-0.225230
49	3419592													9.383946	-0.341449	2.833032	0.284901	-0.696684	-0.658379	-0.039192	-0.694735	0.718197	-0.957756	-0.178812	-0.225235
50	3419758													9.392025	-0.340845	2.819489	0.284873	-0.696675	-0.658401	-0.039252	-0.694763	0.718167	-0.957761	-0.178743	-0.225265
51	3419925													9.401123	-0.349428	2.816542	0.284866	-0.696762	-0.658311	-0.039287	-0.694676	0.718250	-0.957762	-0.178742	-0.225263
52	3420092													9.405515	-0.348466	2.820887	0.284853	-0.696711	-0.658371	-0.039355	-0.694747	0.718177	-0.957763	-0.178665	-0.225320
53	3420258													9.411497	-0.354256	2.828580	0.284849	-0.696671	-0.658415	-0.039421	-0.694803	0.718119	-0.957762	-0.178600	-0.225377
54	3420425													9.410590	-0.357303	2.842334	0.284852	-0.696680	-0.658405	-0.039503	-0.694809	0.718109	-0.957757	-0.178546	-0.225438
55	3420592													9.401723	-0.353564	2.831245	0.284818	-0.696679	-0.658420	-0.039572	-0.694829	0.718086	-0.957765	-0.178468	-0.225469
56	3420758													9.411669	-0.375407	2.822249	0.284761	-0.696556	-0.658575	-0.039643	-0.694988	0.717928	-0.957779	-0.178330	-0.225519
57	3420925													9.399689	-0.359689	2.839548	0.284680	-0.696529	-0.658638	-0.039738	-0.695051	0.717861	-0.957799	-0.178187	-0.225546
58	3421092													9.401575	-0.354483	2.825845	0.284605	-0.696526	-0.658674	-0.039853	-0.695091	0.717816	-0.957816	-0.178044	-0.225585
59	3421258													9.372803	-0.357407	2.857765	0.284487	-0.696536	-0.658714	-0.040021	-0.695135	0.717764	-0.957844	-0.177832	-0.225633
60	3421425													9.376925	-0.350710	2.848617	0.284348	-0.696713	-0.658587	-0.040238	-0.695011	0.717872	-0.957876	-0.177625	-0.225660
61	3421592													9.374096	-0.343357	2.847265	0.284175	-0.696742	-0.658631	-0.040428	-0.695049	0.717825	-0.957920	-0.177361	-0.225683
62	3421759													9.391869	-0.334563	2.859184	0.284015	-0.696895	-0.658538	-0.040613	-0.694949	0.717911	-0.957959	-0.177152	-0.225679
63	3421925													9.379318	-0.366738	2.823066	0.283852	-0.696913	-0.658589	-0.040860	-0.695008	0.717840	-0.957997	-0.176851	-0.225755
64	3422092													9.379385	-0.366524	2.804984	0.283647	-0.697100	-0.658480	-0.041048	-0.694880	0.717953	-0.958050	-0.176616	-0.225715
65	3422259													9.388454	-0.325272	2.811779	0.283305	-0.697201	-0.658520	-0.041149	-0.694857	0.717970	-0.958147	-0.176307	-0.225545
66	3422425													9.411605	-0.352146	2.835705	0.282932	-0.697231	-0.658649	-0.041187	-0.694906	0.717920	-0.958255	-0.175994	-0.225328
67	3422592													9.421218	-0.317946	2.827929	0.282528	-0.697208	-0.658847	-0.041138	-0.695004	0.717828	-0.958376	-0.175703	-0.225040
68	3422759													9.398407	-0.361230	2.865119	0.282212	-0.697264	-0.658923	-0.041223	-0.695021	0.717807	-0.958466	-0.175411	-0.224887
69	3422925													9.403362	-0.395105	2.827746	0.281804	-0.697396	-0.658958	-0.041346	-0.694981	0.717838	-0.958581	-0.175045	-0.224683
70	3423092													9.373275	-0.388084	2.837320	0.281355	-0.697438	-0.659106	-0.041375	-0.695030	0.717789	-0.958711	-0.174683	-0.224406
71	3423259													9.353744	-0.367043	2.817010	0.280895	-0.697577	-0.659154	-0.041422	-0.694978	0.717837	-0.958844	-0.174334	-0.224111
72	3423425													9.375379	-0.378185	2.824490	0.280479	-0.697726	-0.659174	-0.041482	-0.694909	0.717900	-0.958963	-0.174013	-0.223851
73	3423592													9.395831	-0.415118	2.810932	0.280118	-0.697888	-0.659156	-0.041595	-0.694824	0.717976	-0.959064	-0.173701	-0.223661
74	3423759													9.383437	-0.409233	2.816383	0.279752	-0.698100	-0.659087	-0.041758	-0.694695	0.718091	-0.959164	-0.173366	-0.223494
75	3423925													9.414590	-0.412578	2.804265	0.279383	-0.698144	-0.659196	-0.041911	-0.694747	0.718032	-0.959264	-0.172979	-0.223361
76	3424092													9.416851	-0.393780	2.816983	0.278982	-0.698259	-0.659245	-0.042046	-0.694725	0.718046	-0.959375	-0.172604	-0.223175
77	3424259													9.458215	-0.378260	2.794343	0.278599	-0.698273	-0.659392	-0.042158	-0.694805	0.717962	-0.959482	-0.172225	-0.223009
78	3424425													9.420244	-0.385449	2.775711	0.278200	-0.698272	-0.659561	-0.042277	-0.694905	0.717858	-0.959592	-0.171824	-0.222843
79	3424592													9.397065	-0.375632	2.742090	0.277791	-0.698373	-0.659627	-0.042381	-0.694894	0.717863	-0.959706	-0.171460	-0.222633
80	3424759													9.425974	-0.419324	2.763639	0.277376	-0.698450	-0.659720	-0.042560	-0.694922	0.717825	-0.959818	-0.171029	-0.222481
81	3424925													9.413880	-0.377677	2.735588	0.276906	-0.698343	-0.660031	-0.042627	-0.695142	0.717608	-0.959951	-0.170574	-0.222257
82	3425092													9.423078	-0.338752	2.772248	0.276530	-0.698388	-0.660140	-0.042710	-0.695179	0.717566	-0.960056	-0.170234	-0.222066
83	3425259													9.403174	-0.388075	2.778838	0.276160	-0.698652	-0.660015	-0.042900	-0.694997	0.717732	-0.960154	-0.169894	-0.221902
84	3425425													9.405707	-0.391870	2.737486	0.275769	-0.698660	-0.660171	-0.042998	-0.695081	0.717644	-0.960262	-0.169517	-0.221723
85	3425592													9.426906	-0.361456	2.784257	0.275355	-0.698850	-0.660143	-0.043029	-0.694959	0.717760	-0.960379	-0.169233	-0.221431
86	3425759													9.410848	-0.365127	2.771652	0.274902	-0.699009	-0.660163	-0.043016	-0.694871	0.717847	-0.960509	-0.168940	-0.221090
87	3425925													9.421729	-0.368011	2.724331	0.274499	-0.699145	-0.660187	-0.042984	-0.694795	0.717922	-0.960626	-0.168691	-0.220773
88	3426092													9.418507	-0.356570	2.730179	0.274121	-0.699290	-0.660190	-0.042929	-0.694699	0.718018	-0.960737	-0.168482	-0.220452
89	3426259													9.433144	-0.355196	2.738348	0.273759	-0.699445	-0.660177	-0.042868	-0.694590	0.718128	-0.960842	-0.168293	-0.220134
90	3426425													9.443370	-0.360370	2.765205	0.273407	-0.699568	-0.660191	-0.042808	-0.694511	0.718207	-0.960945	-0.168102	-0.219832
91	3426592													9.432162	-0.371207	2.784916	0.273050	-0.699653	-0.660249	-0.042736	-0.694474	0.718247	-0.961050	-0.167901	-0.219526
92	3426759													9.417466	-0.379608	2.767905	0.272638	-0.699724	-0.660344	-0.042680	-0.694465	0.718259	-0.961170	-0.167641	-0.219202
93	3426925													9.423794	-0.359178	2.749122	0.272188	-0.699796	-0.660453	-0.042634	-0.694465	0.718263	-0.961299	-0.167345	-0.218860
94	3427092													9.404578	-0.363762	2.727212	0.271759	-0.699882	-0.660540	-0.042610	-0.694448	0.718280	-0.961422	-0.167053	-0.218544
95	3427259													9.434692	-0.374417	2.712631	0.271340	-0.699972	-0.660617	-0.042590	-0.694426	0.718302	-0.961541	-0.166769	-0.218237
96	3427425													9.415628	-0.387532	2.746018	0.270950	-0.700044	-0.660700	-0.042561	-0.694416	0.718314	-0.961652	-0.166507	-0.217947
97	3427592													9.421398	-0.382296	2.721626	0.270577	-0.700060	-0.660836	-0.042570	-0.694471	0.718261	-0.961757	-0.166213	-0.217709
98	3427759													9.426487	-0.392616	2.722869	0.270148	-0.700141	-0.660926	-0.042574	-0.694464	0.718267	-0.961877	-0.165900	-0.217415
99	3427925													9.437535	-0.398705	2.710949	0.269663	-0.700336	-0.660917	-0.042573	-0.694342	0.718384	-0.962013	-0.165584	-0.217054
100	3428092													9.447931	-0.384343	2.705929	0.269212	-0.700359	-0.661077	-0.042579	-0.694403	0.718326	-0.962139	-0.165234	-0.216762
101	3428259													9.454991	-0.371992	2.687140	0.268763	-0.700456	-0.661156	-0.042592	-0.694383	0.718344	-0.962264	-0.164904	-0.216458
102	3428425													9.456090	-0.369500	2.669137	0.268403	-0.700499	-0.661257	-0.042624	-0.694409	0.718317	-0.962363	-0.164613	-0.216240
103	3428592													9.440320	-0.373838	2.662922	0.268149	-0.700488	-0.661372	-0.042657	-0.694474	0.718253	-0.962433	-0.164386	-0.216103
104	3428759													9.427772	-0.360637	2.676151	0.267945	-0.700390	-0.661558	-0.042706	-0.694626	0.718102	-0.962487	-0.164159	-0.216032
105	3428925													9.436339	-0.343683	2.683466	0.267774	-0.700407	-0.661610	-0.042720	-0.694642	0.718086	-0.962534	-0.164021	-0.215928
106	3429092													9.437070	-0.328297	2.674160	0.267616	-0.700402	-0.661678	-0.042783	-0.694687	0.718039	-0.962575	-0.163850	-0.215874
107	3429259													9.438949	-0.353084	2.693205	0.267514	-0.700465	-0.661654	-0.042914	-0.694660	0.718057	-0.962598	-0.163696	-0.215891
108	3429425													9.424646	-0.355270	2.665155	0.267424	-0.700479	-0.661675	-0.043005	-0.694677	0.718035	-0.962619	-0.163565	-0.215897
109	3429592													9.433949	-0.294833	2.676180	0.267378	-0.700490	-0.661682	-0.043029	-0.694678	0.718033	-0.962630	-0.163515	-0.215883
110	3429759													9.479721	-0.311309	2.707933	0.267342	-0.700682	-0.661493	-0.043001	-0.694470	0.718235	-0.962642	-0.163569	-0.215791
111	3429925													9.468266	-0.337562	2.719720	0.267252	-0.700736	-0.661472	-0.042955	-0.694421	0.718286	-0.962669	-0.163550	-0.215685
112	3430092													9.459312	-0.346575	2.712258	0.267152	-0.700763	-0.661484	-0.042931	-0.694406	0.718302	-0.962698	-0.163498	-0.215597
113	3430259													9.432251	-0.352878	2.691042	0.267074	-0.700701	-0.661581	-0.042992	-0.694498	0.718209	-0.962717	-0.163372	-0.215607
114	3430425													9.413586	-0.386695	2.692137	0.267004	-0.700837	-0.661465	-0.043080	-0.694378	0.718319	-0.962732	-0.163298	-0.215594
115	3430592													9.410718	-0.368353	2.700537	0.267001	-0.700883	-0.661418	-0.043152	-0.694341	0.718351	-0.962730	-0.163258	-0.215634
116	3430759													9.415864	-0.373946	2.677120	0.267060	-0.700827	-0.661453	-0.043227	-0.694404	0.718286	-0.962710	-0.163232	-0.215742
117	3430925													9.426497	-0.387732	2.690157	0.267135	-0.700771	-0.661482	-0.043345	-0.694470	0.718215	-0.962684	-0.163188	-0.215892
118	3431092													9.426822	-0.398116	2.695879	0.267167	-0.700693	-0.661552	-0.043476	-0.694572	0.718109	-0.962669	-0.163093	-0.216030
119	3431259													9.420926	-0.391052	2.704717	0.267146	-0.700625	-0.661633	-0.043573	-0.694666	0.718012	-0.962671	-0.162985	-0.216105
120	3431425													9.431070	-0.382459	2.696160	0.267109	-0.700611	-0.661662	-0.043673	-0.694704	0.717969	-0.962676	-0.162879	-0.216159
121	3431592													9.456340	-0.379990	2.683438	0.267098	-0.700656	-0.661619	-0.043787	-0.694677	0.717988	-0.962674	-0.162803	-0.216226
122	3431759													9.457911	-0.385905	2.683788	0.267101	-0.700654	-0.661620	-0.043915	-0.694701	0.717957	-0.962667	-0.162712	-0.216324
123	3431925													9.445380	-0.385312	2.642476	0.267087	-0.700664	-0.661615	-0.044091	-0.694722	0.717926	-0.962663	-0.162577	-0.216444
124	3432092													9.410512	-0.432927	2.678767	0.267064	-0.700717	-0.661568	-0.044302	-0.694705	0.717930	-0.962660	-0.162425	-0.216574
125	3432259													9.436336	-0.345584	2.674460	0.267006	-0.700630	-0.661684	-0.044311	-0.694810	0.717827	-0.962676	-0.162344	-0.216564
126	3432425													9.439472	-0.342567	2.669397	0.267006	-0.700560	-0.661758	-0.044406	-0.694903	0.717731	-0.962671	-0.162253	-0.216652
127	3432592													9.434360	-0.407137	2.672945	0.267013	-0.700553	-0.661762	-0.044574	-0.694937	0.717688	-0.962662	-0.162135	-0.216783
128	3432759													9.447053	-0.402621	2.677545	0.266999	-0.700492	-0.661832	-0.044663	-0.695021	0.717601	-0.962661	-0.162040	-0.216856
129	3432925													9.409266	-0.376041	2.703712	0.267009	-0.700510	-0.661810	-0.044687	-0.695004	0.717616	-0.962657	-0.162035	-0.216876
130	3433092													9.431584	-0.360797	2.687778	0.267031	-0.700557	-0.661751	-0.044683	-0.694949	0.717670	-0.962651	-0.162071	-0.216876
131	3433259													9.461200	-0.378238	2.668058	0.267065	-0.700621	-0.661670	-0.044674	-0.694871	0.717745	-0.962642	-0.162125	-0.216875
132	3433425													9.447749	-0.364119	2.695691	0.267109	-0.700569	-0.661707	-0.044633	-0.694912	0.717708	-0.962632	-0.162172	-0.216886
133	3433592													9.441448	-0.363575	2.684287	0.267179	-0.700614	-0.661631	-0.044578	-0.694842	0.717780	-0.962615	-0.162282	-0.216879
134	3433759													9.460749	-0.359734	2.680625	0.267302	-0.700633	-0.661561	-0.044549	-0.694793	0.717828	-0.962583	-0.162405	-0.216932
135	3433925													9.452645	-0.360682	2.707053	0.267364	-0.700760	-0.661402	-0.044538	-0.694643	0.717975	-0.962566	-0.162503	-0.216933
136	3434092													9.428967	-0.362180	2.697258	0.267455	-0.700815	-0.661306	-0.044538	-0.694566	0.718049	-0.962541	-0.162592	-0.216978
137	3434259													9.423628	-0.375892	2.673948	0.267545	-0.700906	-0.661173	-0.044550	-0.694453	0.718158	-0.962515	-0.162685	-0.217023
138	3434425													9.424905	-0.377655	2.671888	0.267681	-0.700996	-0.661023	-0.044580	-0.694335	0.718270	-0.962476	-0.162799	-0.217111
139	3434592													9.428810	-0.379321	2.672542	0.267840	-0.701151	-0.660794	-0.044622	-0.694144	0.718451	-0.962429	-0.162944	-0.217207
140	3434759													9.430294	-0.390583	2.728811	0.268007	-0.701280	-0.660590	-0.044697	-0.693986	0.718600	-0.962380	-0.163063	-0.217338
141	3434925													9.433592	-0.390618	2.703473	0.268168	-0.701349	-0.660451	-0.044793	-0.693898	0.718679	-0.962330	-0.163143	-0.217496
142	3435092													9.448419	-0.391706	2.709603	0.268364	-0.701374	-0.660345	-0.044881	-0.693850	0.718720	-0.962272	-0.163241	-0.217683
143	3435259													9.441709	-0.388294	2.696131	0.268562	-0.701382	-0.660255	-0.044969	-0.693818	0.718745	-0.962212	-0.163336	-0.217874
144	3435425													9.439772	-0.388574	2.693341	0.268791	-0.701368	-0.660178	-0.045043	-0.693805	0.718753	-0.962145	-0.163458	-0.218080
145	3435592													9.445537	-0.387807	2.712074	0.269037	-0.701385	-0.660059	-0.045160	-0.693760	0.718789	-0.962071	-0.163573	-0.218322
146	3435759													9.434726	-0.385858	2.735940	0.269291	-0.701335	-0.660009	-0.045245	-0.693782	0.718762	-0.961996	-0.163694	-0.218561
147	3435925													9.418900	-0.366108	2.730698	0.269564	-0.701274	-0.659963	-0.045293	-0.693806	0.718736	-0.961917	-0.163854	-0.218788
148	3436092													9.438913	-0.380676	2.718059	0.269846	-0.701289	-0.659831	-0.045368	-0.693751	0.718785	-0.961834	-0.164026	-0.219022
149	3436259													9.415729	-0.391806	2.729993	0.270117	-0.701264	-0.659747	-0.045449	-0.693741	0.718789	-0.961754	-0.164172	-0.219263
150	3436425													9.397283	-0.355949	2.717889	0.270378	-0.701163	-0.659747	-0.045471	-0.693806	0.718725	-0.961680	-0.164328	-0.219473
151	3436592													9.421247	-0.318948	2.690753	0.270638	-0.701237	-0.659562	-0.045454	-0.693674	0.718853	-0.961608	-0.164569	-0.219609
152	3436759													9.454870	-0.361308	2.735101	0.270891	-0.701264	-0.659429	-0.045385	-0.693586	0.718943	-0.961540	-0.164827	-0.219713
153	3436925													9.454262	-0.348951	2.749742	0.271092	-0.701208	-0.659406	-0.045294	-0.693593	0.718941	-0.961487	-0.165032	-0.219789
154	3437092													9.426675	-0.380662	2.761229	0.271267	-0.701127	-0.659421	-0.045312	-0.693652	0.718883	-0.961437	-0.165130	-0.219934
155	3437259													9.424322	-0.393676	2.729400	0.271357	-0.701203	-0.659302	-0.045376	-0.693563	0.718965	-0.961408	-0.165180	-0.220021
156	3437425													9.408376	-0.408582	2.741041	0.271489	-0.701182	-0.659271	-0.045420	-0.693569	0.718956	-0.961369	-0.165244	-0.220144
157	3437592													9.394496	-0.387908	2.758937	0.271647	-0.701291	-0.659089	-0.045482	-0.693431	0.719086	-0.961322	-0.165360	-0.220265
158	3437759													9.416136	-0.403782	2.742701	0.271835	-0.701242	-0.659064	-0.045545	-0.693460	0.719054	-0.961265	-0.165447	-0.220445
159	3437925													9.395011	-0.411990	2.752002	0.272025	-0.701158	-0.659075	-0.045604	-0.693526	0.718986	-0.961209	-0.165526	-0.220632
160	3438092													9.418924	-0.409256	2.749620	0.272227	-0.701190	-0.658957	-0.045724	-0.693474	0.719029	-0.961146	-0.165609	-0.220844
161	3438259													9.417246	-0.412272	2.744886	0.272400	-0.701155	-0.658924	-0.045803	-0.693494	0.719005	-0.961093	-0.165676	-0.221023
162	3438426													9.423842	-0.391226	2.750670	0.272558	-0.701104	-0.658912	-0.045859	-0.693529	0.718968	-0.961046	-0.165744	-0.221178
163	3438592													9.438713	-0.376952	2.765818	0.272699	-0.701065	-0.658896	-0.045907	-0.693553	0.718941	-0.961003	-0.165807	-0.221315
164	3438759													9.429104	-0.388292	2.786644	0.272811	-0.700969	-0.658951	-0.045937	-0.693642	0.718854	-0.960970	-0.165841	-0.221433
165	3438926													9.428201	-0.377264	2.726568	0.272942	-0.700962	-0.658904	-0.046033	-0.693641	0.718848	-0.960928	-0.165873	-0.221592
166	3439092													9.390934	-0.431306	2.730170	0.273042	-0.701023	-0.658798	-0.046184	-0.693582	0.718895	-0.960893	-0.165863	-0.221753
167	3439259													9.420635	-0.346755	2.739930	0.273107	-0.700852	-0.658953	-0.046157	-0.693752	0.718734	-0.960876	-0.165876	-0.221818
168	3439426													9.412546	-0.333115	2.751814	0.273251	-0.700779	-0.658971	-0.046233	-0.693817	0.718666	-0.960831	-0.165909	-0.221985
169	3439592													9.426586	-0.425243	2.746502	0.273372	-0.700899	-0.658793	-0.046382	-0.693689	0.718780	-0.960790	-0.165938	-0.222144
170	3439759													9.412925	-0.431750	2.783651	0.273495	-0.700815	-0.658832	-0.046450	-0.693770	0.718697	-0.960751	-0.165957	-0.222295
171	3439926													9.409702	-0.380122	2.794270	0.273606	-0.700832	-0.658767	-0.046469	-0.693733	0.718731	-0.960719	-0.166037	-0.222376
172	3440092													9.409889	-0.385744	2.739246	0.273709	-0.700888	-0.658665	-0.046449	-0.693650	0.718813	-0.960690	-0.166151	-0.222414
173	3440259													9.427515	-0.381603	2.723865	0.273806	-0.700879	-0.658634	-0.046446	-0.693641	0.718822	-0.960663	-0.166227	-0.222476
174	3440426													9.418303	-0.386195	2.744056	0.273940	-0.700857	-0.658602	-0.046428	-0.693636	0.718827	-0.960625	-0.166338	-0.222554
175	3440592													9.428632	-0.384196	2.751795	0.274051	-0.700793	-0.658624	-0.046373	-0.693676	0.718793	-0.960597	-0.166443	-0.222600
176	3440759													9.429940	-0.368660	2.762434	0.274196	-0.700769	-0.658589	-0.046345	-0.693670	0.718801	-0.960556	-0.166570	-0.222679
177	3440926													9.425409	-0.393562	2.771382	0.274363	-0.700846	-0.658438	-0.046345	-0.693554	0.718913	-0.960509	-0.166728	-0.222766
178	3441092													9.426532	-0.388033	2.756283	0.274523	-0.700879	-0.658336	-0.046374	-0.693493	0.718970	-0.960462	-0.166844	-0.222882
179	3441259													9.419272	-0.388391	2.742618	0.274688	-0.700924	-0.658219	-0.046387	-0.693415	0.719044	-0.960414	-0.166980	-0.222987
180	3441426													9.410938	-0.404301	2.757789	0.274844	-0.701027	-0.658044	-0.046422	-0.693278	0.719174	-0.960368	-0.167113	-0.223086
181	3441592													9.407910	-0.397402	2.775627	0.274996	-0.701087	-0.657917	-0.046438	-0.693187	0.719261	-0.960323	-0.167242	-0.223180
182	3441759													9.417363	-0.391631	2.777343	0.275181	-0.701060	-0.657868	-0.046465	-0.693186	0.719260	-0.960269	-0.167359	-0.223326
183	3441926													9.413268	-0.411897	2.762856	0.275361	-0.701068	-0.657784	-0.046494	-0.693147	0.719295	-0.960216	-0.167483	-0.223461
184	3442092													9.423996	-0.398175	2.765781	0.275527	-0.701055	-0.657729	-0.046527	-0.693136	0.719304	-0.960167	-0.167585	-0.223596
185	3442259													9.415149	-0.417998	2.758014	0.275660	-0.701062	-0.657666	-0.046555	-0.693108	0.719329	-0.960127	-0.167673	-0.223699
186	3442426													9.427987	-0.413935	2.732408	0.275801	-0.700996	-0.657677	-0.046595	-0.693160	0.719276	-0.960085	-0.167733	-0.223837
187	3442592													9.422255	-0.411421	2.768135	0.275985	-0.700983	-0.657613	-0.046620	-0.693143	0.719291	-0.960031	-0.167856	-0.223977
188	3442759													9.396238	-0.398393	2.760718	0.276148	-0.700921	-0.657610	-0.046656	-0.693186	0.719247	-0.959982	-0.167938	-0.224124
189	3442926													9.395726	-0.386635	2.753615	0.276349	-0.700859	-0.657593	-0.046652	-0.693215	0.719219	-0.959924	-0.168078	-0.224266
190	3443092													9.409503	-0.374705	2.795060	0.276530	-0.700880	-0.657493	-0.046677	-0.693161	0.719270	-0.959871	-0.168210	-0.224395
191	3443259													9.403751	-0.414536	2.759573	0.276733	-0.700881	-0.657408	-0.046699	-0.693125	0.719303	-0.959812	-0.168354	-0.224541
192	3443426													9.409949	-0.374572	2.783076	0.276925	-0.700798	-0.657415	-0.046663	-0.693172	0.719260	-0.959758	-0.168504	-0.224658
193	3443592													9.406445	-0.335670	2.773567	0.277092	-0.700931	-0.657203	-0.046581	-0.692981	0.719450	-0.959714	-0.168741	-0.224669
194	3443759													9.429882	-0.388373	2.757431	0.277299	-0.700919	-0.657129	-0.046439	-0.692929	0.719509	-0.959661	-0.169002	-0.224698
195	3443926													9.433867	-0.337737	2.795829	0.277478	-0.700882	-0.657092	-0.046267	-0.692905	0.719543	-0.959617	-0.169256	-0.224693
196	3444092													9.406316	-0.375509	2.781996	0.277703	-0.700902	-0.656976	-0.046263	-0.692839	0.719607	-0.959552	-0.169443	-0.224829
197	3444259													9.424243	-0.425894	2.792421	0.277884	-0.700910	-0.656891	-0.046288	-0.692800	0.719643	-0.959499	-0.169571	-0.224961
198	3444426													9.403058	-0.423255	2.794338	0.278076	-0.700902	-0.656818	-0.046260	-0.692766	0.719677	-0.959444	-0.169741	-0.225065
199	3444592													9.384926	-0.401065	2.801594	0.278266	-0.700981	-0.656654	-0.046283	-0.692647	0.719790	-0.959388	-0.169901	-0.225184
200	3444759													9.422023	-0.426094	2.773771	0.278475	-0.701093	-0.656445	-0.046294	-0.692485	0.719945	-0.959327	-0.170097	-0.225296
201	3444926													9.402708	-0.428612	2.751637	0.278718	-0.701067	-0.656370	-0.046316	-0.692470	0.719958	-0.959255	-0.170265	-0.225475
202	3445092													9.406623	-0.436139	2.807831	0.278987	-0.700992	-0.656336	-0.046349	-0.692506	0.719922	-0.959176	-0.170428	-0.225690
203	3445259													9.396390	-0.429197	2.798205	0.279243	-0.700923	-0.656301	-0.046343	-0.692531	0.719898	-0.959101	-0.170612	-0.225867
204	3445426													9.412832	-0.394603	2.834384	0.279468	-0.700784	-0.656353	-0.046310	-0.692633	0.719802	-0.959037	-0.170766	-0.226022
205	3445592													9.428048	-0.386438	2.789878	0.279679	-0.700731	-0.656320	-0.046288	-0.692646	0.719790	-0.958977	-0.170930	-0.226155
206	3445759													9.410568	-0.392138	2.829263	0.279875	-0.700686	-0.656285	-0.046251	-0.692651	0.719788	-0.958922	-0.171097	-0.226263
207	3445926													9.390316	-0.378874	2.792925	0.280044	-0.700676	-0.656223	-0.046256	-0.692629	0.719809	-0.958872	-0.171224	-0.226378
208	3446092													9.411813	-0.419153	2.807477	0.280220	-0.700745	-0.656074	-0.046345	-0.692535	0.719894	-0.958816	-0.171323	-0.226538
209	3446259													9.396775	-0.367900	2.788244	0.280366	-0.700638	-0.656126	-0.046299	-0.692616	0.719819	-0.958776	-0.171435	-0.226625
210	3446426													9.402435	-0.362320	2.792535	0.280564	-0.700645	-0.656034	-0.046268	-0.692564	0.719871	-0.958720	-0.171616	-0.226726
211	3446592													9.388013	-0.403132	2.798718	0.280755	-0.700745	-0.655846	-0.046373	-0.692436	0.719988	-0.958659	-0.171726	-0.226901
212	3446759													9.381704	-0.422232	2.830114	0.280948	-0.700702	-0.655809	-0.046380	-0.692446	0.719977	-0.958602	-0.171859	-0.227040
213	3446926													9.397340	-0.385891	2.831637	0.281106	-0.700672	-0.655773	-0.046360	-0.692444	0.719981	-0.958556	-0.171990	-0.227134
214	3447092													9.396463	-0.409569	2.801547	0.281234	-0.700683	-0.655706	-0.046319	-0.692399	0.720027	-0.958521	-0.172124	-0.227181
215	3447259													9.383764	-0.385498	2.810105	0.281377	-0.700699	-0.655628	-0.046253	-0.692341	0.720086	-0.958482	-0.172291	-0.227218
216	3447426													9.377910	-0.378399	2.820930	0.281537	-0.700709	-0.655549	-0.046145	-0.692280	0.720153	-0.958440	-0.172499	-0.227236
217	3447592													9.392898	-0.396372	2.827285	0.281686	-0.700700	-0.655494	-0.046013	-0.692236	0.720202	-0.958403	-0.172710	-0.227234
218	3447759													9.398623	-0.385251	2.830253	0.281821	-0.700708	-0.655428	-0.045893	-0.692179	0.720265	-0.958369	-0.172906	-0.227228
219	3447926													9.408239	-0.393701	2.825229	0.281913	-0.700658	-0.655441	-0.045805	-0.692200	0.720251	-0.958346	-0.173025	-0.227234
220	3448092													9.399070	-0.382082	2.806540	0.282050	-0.700629	-0.655414	-0.045732	-0.692191	0.720264	-0.958309	-0.173177	-0.227274
221	3448259													9.401091	-0.394212	2.831752	0.282189	-0.700642	-0.655340	-0.045648	-0.692134	0.720324	-0.958272	-0.173352	-0.227295
222	3448426													9.396102	-0.382604	2.841758	0.282323	-0.700688	-0.655233	-0.045588	-0.692046	0.720412	-0.958236	-0.173518	-0.227324
223	3448592													9.399927	-0.389123	2.817780	0.282437	-0.700728	-0.655141	-0.045537	-0.691970	0.720489	-0.958204	-0.173659	-0.227347
224	3448759													9.388016	-0.407698	2.810724	0.282551	-0.700754	-0.655064	-0.045488	-0.691910	0.720549	-0.958173	-0.173794	-0.227376
225	3448926													9.394275	-0.394617	2.817307	0.282667	-0.700725	-0.655045	-0.045442	-0.691910	0.720552	-0.958141	-0.173910	-0.227423
226	3449092													9.398419	-0.411232	2.822886	0.282782	-0.700775	-0.654941	-0.045406	-0.691825	0.720636	-0.958109	-0.174045	-0.227455
227	3449259													9.409410	-0.399670	2.800714	0.282877	-0.700787	-0.654888	-0.045351	-0.691784	0.720679	-0.958083	-0.174164	-0.227471
228	3449426													9.403440	-0.395189	2.831169	0.282963	-0.700767	-0.654872	-0.045290	-0.691777	0.720689	-0.958061	-0.174270	-0.227485
229	3449592													9.406208	-0.380172	2.828594	0.283042	-0.700792	-0.654811	-0.045232	-0.691723	0.720745	-0.958040	-0.174382	-0.227485
230	3449759													9.402145	-0.392743	2.817347	0.283131	-0.700750	-0.654818	-0.045178	-0.691743	0.720730	-0.958016	-0.174477	-0.227513
231	3449926													9.397848	-0.385383	2.837238	0.283259	-0.700766	-0.654745	-0.045104	-0.691685	0.720789	-0.957982	-0.174638	-0.227533
232	3450092													9.388224	-0.382404	2.819639	0.283384	-0.700720	-0.654740	-0.045080	-0.691706	0.720771	-0.957946	-0.174739	-0.227607
233	3450259													9.384876	-0.378642	2.849207	0.283509	-0.700729	-0.654677	-0.045028	-0.691662	0.720816	-0.957912	-0.174879	-0.227645
234	3450426													9.410421	-0.351352	2.844762	0.283619	-0.700809	-0.654544	-0.044970	-0.691541	0.720936	-0.957882	-0.175037	-0.227650
235	3450592													9.395333	-0.385272	2.834348	0.283744	-0.700882	-0.654411	-0.044950	-0.691432	0.721042	-0.957846	-0.175175	-0.227694
236	3450759													9.398115	-0.375180	2.836676	0.283877	-0.700829	-0.654410	-0.044875	-0.691449	0.721030	-0.957810	-0.175317	-0.227736
237	3450926													9.390731	-0.331064	2.843428	0.283969	-0.700872	-0.654324	-0.044729	-0.691357	0.721128	-0.957790	-0.175511	-0.227673
238	3451092													9.414318	-0.364777	2.821413	0.284087	-0.700891	-0.654252	-0.044569	-0.691283	0.721209	-0.957762	-0.175726	-0.227622
239	3451259													9.422566	-0.312396	2.894020	0.284112	-0.700890	-0.654242	-0.044351	-0.691238	0.721265	-0.957765	-0.175904	-0.227475
240	3451426													9.390752	-0.376471	2.862579	0.284190	-0.700980	-0.654112	-0.044284	-0.691111	0.721390	-0.957745	-0.176045	-0.227449
241	3451592													9.395215	-0.413009	2.846668	0.284229	-0.701024	-0.654048	-0.044306	-0.691059	0.721439	-0.957732	-0.176076	-0.227478
242	3451759													9.378800	-0.390400	2.861309	0.284238	-0.701105	-0.653958	-0.044266	-0.690961	0.721535	-0.957731	-0.176140	-0.227433
243	3451926													9.363891	-0.378935	2.843818	0.284280	-0.701162	-0.653878	-0.044238	-0.690884	0.721611	-0.957720	-0.176214	-0.227422
244	3452092													9.384501	-0.389706	2.810884	0.284369	-0.701125	-0.653879	-0.044237	-0.690907	0.721589	-0.957694	-0.176272	-0.227488
245	3452259													9.379555	-0.402854	2.823171	0.284461	-0.701054	-0.653915	-0.044262	-0.690971	0.721527	-0.957665	-0.176303	-0.227584
246	3452426													9.379678	-0.424467	2.851176	0.284555	-0.700855	-0.654088	-0.044344	-0.691187	0.721315	-0.957633	-0.176249	-0.227759
247	3452592													9.391129	-0.405405	2.821144	0.284614	-0.700712	-0.654216	-0.044405	-0.691344	0.721160	-0.957613	-0.176202	-0.227881
248	3452759													9.398702	-0.382780	2.825569	0.284692	-0.700602	-0.654299	-0.044440	-0.691455	0.721052	-0.957588	-0.176201	-0.227986
249	3452926													9.404269	-0.366402	2.834055	0.284734	-0.700519	-0.654370	-0.044464	-0.691543	0.720965	-0.957575	-0.176187	-0.228054
250	3453092													9.407764	-0.375643	2.861054	0.284783	-0.700429	-0.654444	-0.044500	-0.691638	0.720872	-0.957559	-0.176169	-0.228135
251	3453259													9.385776	-0.353958	2.807321	0.284795	-0.700383	-0.654489	-0.044544	-0.691695	0.720815	-0.957553	-0.176131	-0.228189
252	3453426													9.401048	-0.399615	2.843375	0.284784	-0.700381	-0.654496	-0.044661	-0.691720	0.720783	-0.957551	-0.176037	-0.228270
253	3453592													9.378694	-0.354129	2.814623	0.284749	-0.700315	-0.654581	-0.044649	-0.691798	0.720709	-0.957562	-0.175995	-0.228257
254	3453759													9.385333	-0.351041	2.825436	0.284773	-0.700337	-0.654547	-0.044669	-0.691772	0.720733	-0.957554	-0.176008	-0.228281
255	3453926													9.400814	-0.394188	2.855487	0.284789	-0.700427	-0.654445	-0.044800	-0.691695	0.720799	-0.957543	-0.175956	-0.228366
256	3454092													9.401876	-0.403656	2.839792	0.284751	-0.700419	-0.654469	-0.044847	-0.691719	0.720773	-0.957552	-0.175890	-0.228380
257	3454259													9.399192	-0.379959	2.855065	0.284732	-0.700456	-0.654438	-0.044895	-0.691692	0.720796	-0.957555	-0.175853	-0.228394
258	3454426													9.398895	-0.412197	2.848120	0.284700	-0.700540	-0.654363	-0.044894	-0.691606	0.720878	-0.957565	-0.175857	-0.228350
259	3454592													9.393860	-0.370928	2.801071	0.284695	-0.700547	-0.654356	-0.044932	-0.691605	0.720877	-0.957564	-0.175828	-0.228374
260	3454759													9.402875	-0.398357	2.833443	0.284709	-0.700564	-0.654332	-0.044915	-0.691581	0.720901	-0.957561	-0.175858	-0.228365
261	3454926													9.393938	-0.375734	2.820261	0.284734	-0.700576	-0.654309	-0.044871	-0.691555	0.720929	-0.957556	-0.175914	-0.228345
262	3455093													9.407063	-0.392639	2.854239	0.284761	-0.700555	-0.654319	-0.044819	-0.691562	0.720925	-0.957550	-0.175966	-0.228328
263	3455259													9.401499	-0.387883	2.856953	0.284802	-0.700521	-0.654338	-0.044804	-0.691589	0.720901	-0.957539	-0.175997	-0.228351
264	3455426													9.389353	-0.378975	2.842066	0.284816	-0.700488	-0.654367	-0.044787	-0.691619	0.720873	-0.957535	-0.176009	-0.228357
265	3455593													9.401763	-0.381088	2.839301	0.284846	-0.700531	-0.654308	-0.044794	-0.691567	0.720922	-0.957526	-0.176043	-0.228370
266	3455759													9.398115	-0.380626	2.843053	0.284907	-0.700573	-0.654236	-0.044786	-0.691507	0.720980	-0.957508	-0.176112	-0.228391
267	3455926													9.385138	-0.383931	2.814604	0.284969	-0.700630	-0.654148	-0.044801	-0.691434	0.721049	-0.957489	-0.176170	-0.228427
268	3456093													9.392221	-0.399505	2.845871	0.285015	-0.700655	-0.654102	-0.044808	-0.691399	0.721082	-0.957475	-0.176210	-0.228454
269	3456259													9.406065	-0.404287	2.823201	0.285074	-0.700695	-0.654033	-0.044825	-0.691346	0.721132	-0.957457	-0.176259	-0.228493
270	3456426													9.401313	-0.388748	2.842430	0.285151	-0.700667	-0.654030	-0.044827	-0.691362	0.721117	-0.957434	-0.176309	-0.228551
271	3456593													9.396956	-0.398103	2.847845	0.285234	-0.700652	-0.654009	-0.044832	-0.691362	0.721116	-0.957409	-0.176366	-0.228612
272	3456759													9.399586	-0.388526	2.853303	0.285298	-0.700631	-0.654004	-0.044847	-0.691375	0.721103	-0.957389	-0.176399	-0.228669
273	3456926													9.414624	-0.389310	2.835768	0.285370	-0.700560	-0.654049	-0.044837	-0.691437	0.721044	-0.957368	-0.176438	-0.228726
274	3457093													9.394232	-0.397402	2.834913	0.285447	-0.700494	-0.654086	-0.044824	-0.691492	0.720992	-0.957346	-0.176486	-0.228784
275	3457259													9.394589	-0.387529	2.837162	0.285558	-0.700410	-0.654127	-0.044821	-0.691561	0.720926	-0.957313	-0.176548	-0.228874
276	3457426													9.387569	-0.403253	2.859804	0.285668	-0.700361	-0.654132	-0.044823	-0.691594	0.720895	-0.957280	-0.176616	-0.228958
277	3457593													9.373816	-0.393490	2.840220	0.285785	-0.700347	-0.654095	-0.044823	-0.691584	0.720903	-0.957245	-0.176705	-0.229037
278	3457759													9.396349	-0.373878	2.827857	0.285913	-0.700362	-0.654023	-0.044823	-0.691542	0.720944	-0.957207	-0.176812	-0.229113
279	3457926													9.401358	-0.404315	2.860458	0.286048	-0.700415	-0.653908	-0.044846	-0.691460	0.721021	-0.957165	-0.176921	-0.229202
280	3458093													9.386243	-0.413052	2.840306	0.286167	-0.700417	-0.653854	-0.044842	-0.691433	0.721047	-0.957130	-0.177020	-0.229274
281	3458259													9.387741	-0.343591	2.867725	0.286263	-0.700510	-0.653711	-0.044736	-0.691291	0.721190	-0.957106	-0.177206	-0.229229
282	3458426													9.410121	-0.383645	2.834753	0.286354	-0.700526	-0.653655	-0.044585	-0.691227	0.721261	-0.957086	-0.177392	-0.229168
