// Start Time: Unknown
// Update Rate: 60.0Hz
//Filter Profile: human (46.1)
// Option Flags: AHS Disabled ICC Disabled
// Firmware Version: 4.0.2
0	sampleTimeFine	Year	Month	Day	Second	UTC_Nano	UTC_Year	UTC_Month	UTC_Day	UTC_Hour	UTC_Minute	UTC_Second	UTC_Valid	Acc_X	Acc_Y	Acc_Z	Mat[1][1]	Mat[2][1]	Mat[3][1]	Mat[1][2]	Mat[2][2]	Mat[3][2]	Mat[1][3]	Mat[2][3]	Mat[3][3]
0	4994276													-0.195869	0.088224	0.019309	-0.448516	-0.890470	0.076794	-0.074698	0.122966	0.989596	-0.890648	0.438113	-0.121668
1	4994443													8.699270	-0.657344	-4.344679	-0.447922	-0.890695	0.077639	-0.074958	0.123943	0.989454	-0.890925	0.437379	-0.122282
2	4994609													8.593760	-0.663333	-4.328835	-0.446845	-0.891158	0.078529	-0.073838	0.124219	0.989504	-0.891559	0.436356	-0.121308
3	4994776													8.527706	-0.721861	-4.305801	-0.446370	-0.891376	0.078751	-0.072938	0.123955	0.989604	-0.891871	0.435986	-0.120345
4	4994943													8.548573	-0.770694	-4.318060	-0.446295	-0.891445	0.078399	-0.073024	0.123594	0.989642	-0.891902	0.435947	-0.120256
5	4995109													8.614825	-0.799217	-4.328191	-0.446369	-0.891465	0.077751	-0.073805	0.123268	0.989625	-0.891800	0.436000	-0.120817
6	4995276													8.669597	-0.788785	-4.328098	-0.446352	-0.891536	0.077035	-0.074888	0.122999	0.989577	-0.891719	0.435930	-0.121666
7	4995443													8.666162	-0.739039	-4.312229	-0.446171	-0.891697	0.076215	-0.075893	0.122553	0.989556	-0.891724	0.435727	-0.122353
8	4995609													8.685339	-0.691296	-4.322757	-0.446094	-0.891815	0.075275	-0.076583	0.121835	0.989591	-0.891704	0.435686	-0.122648
9	4995776													8.626087	-0.708520	-4.361254	-0.445936	-0.891924	0.074919	-0.077073	0.121655	0.989576	-0.891740	0.435513	-0.122993
10	4995943													8.648014	-0.616557	-4.309274	-0.446069	-0.891878	0.074672	-0.077395	0.121559	0.989562	-0.891646	0.435633	-0.123251
11	4996109													8.577387	-0.654712	-4.302493	-0.446254	-0.891752	0.075080	-0.077418	0.122051	0.989500	-0.891552	0.435755	-0.123503
12	4996276													8.611173	-0.729631	-4.326496	-0.446597	-0.891556	0.075360	-0.077349	0.122382	0.989464	-0.891385	0.436063	-0.123617
13	4996443													8.576406	-0.755911	-4.317273	-0.447051	-0.891313	0.075546	-0.077387	0.122677	0.989425	-0.891155	0.436477	-0.123819
14	4996609													8.582878	-0.741637	-4.326812	-0.447575	-0.891027	0.075817	-0.077430	0.123079	0.989372	-0.890888	0.436948	-0.124079
15	4996776													8.594893	-0.732294	-4.348630	-0.448138	-0.890724	0.076049	-0.077405	0.123412	0.989332	-0.890607	0.437471	-0.124252
16	4996943													8.605873	-0.737794	-4.373327	-0.448728	-0.890395	0.076419	-0.077305	0.123866	0.989283	-0.890318	0.438012	-0.124414
17	4997109													8.673227	-0.756257	-4.391745	-0.449307	-0.890086	0.076623	-0.077237	0.124148	0.989253	-0.890032	0.438560	-0.124528
18	4997276													8.696605	-0.742174	-4.415151	-0.449779	-0.889839	0.076718	-0.077296	0.124357	0.989222	-0.889789	0.439001	-0.124714
19	4997443													8.715958	-0.722008	-4.395060	-0.450106	-0.889687	0.076565	-0.077404	0.124290	0.989222	-0.889614	0.439328	-0.124809
20	4997609													8.680425	-0.716506	-4.395949	-0.450348	-0.889561	0.076608	-0.077431	0.124390	0.989208	-0.889489	0.439556	-0.124899
21	4997776													8.613542	-0.724791	-4.385302	-0.450504	-0.889458	0.076876	-0.077377	0.124685	0.989175	-0.889415	0.439679	-0.124995
22	4997943													8.595337	-0.736622	-4.400853	-0.450725	-0.889322	0.077159	-0.077248	0.124971	0.989149	-0.889314	0.439874	-0.125026
23	4998109													8.583770	-0.720987	-4.403000	-0.450971	-0.889194	0.077194	-0.077132	0.124991	0.989155	-0.889199	0.440126	-0.124953
24	4998276													8.576633	-0.716407	-4.412713	-0.451277	-0.889019	0.077425	-0.076993	0.125227	0.989136	-0.889056	0.440413	-0.124960
25	4998443													8.579228	-0.701792	-4.404342	-0.451600	-0.888858	0.077383	-0.076880	0.125175	0.989151	-0.888902	0.440752	-0.124865
26	4998609													8.607659	-0.716252	-4.429087	-0.451948	-0.888682	0.077381	-0.076848	0.125211	0.989149	-0.888728	0.441097	-0.124883
27	4998776													8.623909	-0.722397	-4.422451	-0.452211	-0.888542	0.077450	-0.076918	0.125364	0.989125	-0.888588	0.441335	-0.125035
28	4998943													8.657708	-0.700440	-4.428578	-0.452370	-0.888464	0.077415	-0.077042	0.125411	0.989109	-0.888496	0.441479	-0.125182
29	4999109													8.640895	-0.696513	-4.427241	-0.452454	-0.888422	0.077403	-0.077141	0.125460	0.989095	-0.888445	0.441549	-0.125299
30	4999276													8.632292	-0.729986	-4.436264	-0.452423	-0.888449	0.077271	-0.077268	0.125372	0.989096	-0.888450	0.441520	-0.125370
31	4999443													8.623318	-0.726937	-4.434038	-0.452375	-0.888468	0.077345	-0.077416	0.125520	0.989066	-0.888461	0.441441	-0.125564
32	4999609													8.603729	-0.695719	-4.411242	-0.452302	-0.888518	0.077193	-0.077583	0.125422	0.989065	-0.888484	0.441367	-0.125663
33	4999776													8.557041	-0.725731	-4.399086	-0.452320	-0.888512	0.077151	-0.077799	0.125486	0.989040	-0.888456	0.441361	-0.125885
34	4999943													8.505064	-0.691835	-4.447143	-0.452455	-0.888467	0.076882	-0.078153	0.125383	0.989025	-0.888356	0.441481	-0.126166
35	5000109													8.649578	-0.686029	-4.451905	-0.452734	-0.888346	0.076639	-0.078479	0.125320	0.989008	-0.888185	0.441742	-0.126453
36	5000276													8.600292	-0.597552	-4.418326	-0.452906	-0.888276	0.076433	-0.078743	0.125249	0.988996	-0.888074	0.441903	-0.126672
37	5000443													8.629611	-0.637197	-4.419934	-0.453085	-0.888170	0.076597	-0.078753	0.125464	0.988968	-0.887982	0.442054	-0.126792
38	5000610													8.667895	-0.714802	-4.427869	-0.453152	-0.888114	0.076857	-0.078756	0.125766	0.988929	-0.887947	0.442082	-0.126936
39	5000776													8.706918	-0.728098	-4.411161	-0.453084	-0.888138	0.076981	-0.078894	0.125962	0.988893	-0.887970	0.441978	-0.127140
40	5000943													8.709187	-0.697140	-4.381568	-0.452757	-0.888287	0.077184	-0.079106	0.126241	0.988840	-0.888118	0.441599	-0.127426
41	5001110													8.647641	-0.739056	-4.369570	-0.452246	-0.888540	0.077269	-0.079369	0.126385	0.988801	-0.888355	0.441049	-0.127680
42	5001276													8.556028	-0.756539	-4.394532	-0.451693	-0.888821	0.077273	-0.079700	0.126465	0.988764	-0.888606	0.440460	-0.127962
43	5001443													8.539423	-0.809815	-4.377769	-0.451236	-0.889071	0.077060	-0.080106	0.126356	0.988745	-0.888802	0.439984	-0.128236
44	5001610													8.559957	-0.802311	-4.359360	-0.450885	-0.889297	0.076511	-0.080620	0.125944	0.988756	-0.888934	0.439647	-0.128481
45	5001776													8.619465	-0.786862	-4.349418	-0.450602	-0.889499	0.075827	-0.081178	0.125413	0.988778	-0.889026	0.439390	-0.128719
46	5001943													8.658353	-0.738789	-4.372816	-0.450325	-0.889694	0.075180	-0.081678	0.124897	0.988802	-0.889121	0.439142	-0.128912
47	5002110													8.616595	-0.722162	-4.367791	-0.450104	-0.889862	0.074513	-0.082119	0.124338	0.988836	-0.889192	0.438960	-0.129040
48	5002276													8.693442	-0.744220	-4.359242	-0.449841	-0.890039	0.073985	-0.082534	0.123914	0.988855	-0.889287	0.438721	-0.129200
49	5002443													8.614736	-0.678381	-4.334468	-0.449690	-0.890145	0.073628	-0.082991	0.123717	0.988841	-0.889321	0.438561	-0.129509
50	5002610													8.608491	-0.660318	-4.339852	-0.449564	-0.890213	0.073577	-0.083222	0.123755	0.988817	-0.889363	0.438413	-0.129721
51	5002776													8.608080	-0.713658	-4.338661	-0.449540	-0.890232	0.073487	-0.083348	0.123713	0.988812	-0.889363	0.438385	-0.129813
52	5002943													8.589706	-0.787819	-4.342291	-0.449570	-0.890205	0.073631	-0.083485	0.123945	0.988771	-0.889335	0.438374	-0.130041
53	5003110													8.605346	-0.788353	-4.355004	-0.449680	-0.890128	0.073891	-0.083643	0.124330	0.988709	-0.889265	0.438423	-0.130361
54	5003276													8.600169	-0.764079	-4.334628	-0.449857	-0.890035	0.073938	-0.083734	0.124456	0.988686	-0.889167	0.438576	-0.130514
55	5003443													8.603167	-0.772047	-4.356444	-0.450094	-0.889906	0.074046	-0.083770	0.124631	0.988661	-0.889043	0.438787	-0.130643
56	5003776													8.621621	-0.770106	-4.371375	-0.450344	-0.889779	0.074049	-0.083793	0.124688	0.988651	-0.888914	0.439029	-0.130709
57	5003943													8.643159	-0.772207	-4.371239	-0.450593	-0.889644	0.074154	-0.083835	0.124866	0.988625	-0.888784	0.439251	-0.130847
58	5004110													8.642826	-0.766317	-4.373311	-0.450830	-0.889520	0.074200	-0.083881	0.124979	0.988607	-0.888660	0.439470	-0.130958
59	5004276													8.639058	-0.753549	-4.386112	-0.451015	-0.889415	0.074344	-0.083948	0.125203	0.988573	-0.888559	0.439620	-0.131133
60	5004443													8.644486	-0.746705	-4.377736	-0.451170	-0.889323	0.074498	-0.083995	0.125422	0.988541	-0.888477	0.439742	-0.131286
61	5004610													8.631566	-0.752813	-4.381906	-0.451273	-0.889270	0.074508	-0.084069	0.125486	0.988527	-0.888417	0.439832	-0.131388
62	5004776													8.628644	-0.761983	-4.385800	-0.451371	-0.889217	0.074542	-0.084161	0.125587	0.988506	-0.888359	0.439910	-0.131524
63	5004943													8.620863	-0.759200	-4.392108	-0.451415	-0.889189	0.074617	-0.084252	0.125722	0.988481	-0.888327	0.439929	-0.131669
64	5005110													8.590708	-0.765108	-4.377199	-0.451474	-0.889161	0.074588	-0.084330	0.125738	0.988473	-0.888290	0.439980	-0.131751
65	5005276													8.601812	-0.760259	-4.405498	-0.451577	-0.889112	0.074551	-0.084421	0.125758	0.988462	-0.888229	0.440073	-0.131849
66	5005443													8.626641	-0.749473	-4.406024	-0.451668	-0.889065	0.074566	-0.084535	0.125847	0.988441	-0.888172	0.440144	-0.131998
67	5005610													8.624879	-0.750210	-4.383801	-0.451729	-0.889045	0.074437	-0.084660	0.125776	0.988440	-0.888129	0.440205	-0.132083
68	5005776													8.630197	-0.746934	-4.405694	-0.451771	-0.889039	0.074252	-0.084742	0.125617	0.988453	-0.888100	0.440262	-0.132089
69	5005943													8.617933	-0.759865	-4.385202	-0.451767	-0.889058	0.074050	-0.084841	0.125441	0.988467	-0.888093	0.440274	-0.132098
70	5006110													8.600006	-0.753114	-4.388071	-0.451767	-0.889077	0.073809	-0.084962	0.125233	0.988483	-0.888081	0.440293	-0.132113
71	5006276													8.567978	-0.743372	-4.380471	-0.451802	-0.889071	0.073676	-0.085086	0.125152	0.988482	-0.888052	0.440329	-0.132191
72	5006443													8.581373	-0.768938	-4.397630	-0.451905	-0.889009	0.073785	-0.085205	0.125350	0.988447	-0.887988	0.440397	-0.132395
73	5006610													8.545998	-0.736334	-4.411849	-0.452091	-0.888929	0.073611	-0.085445	0.125306	0.988432	-0.887870	0.440572	-0.132605
74	5006776													8.693604	-0.747955	-4.430487	-0.452324	-0.888824	0.073449	-0.085701	0.125292	0.988411	-0.887726	0.440788	-0.132846
75	5006943													8.669909	-0.649049	-4.395431	-0.452384	-0.888802	0.073343	-0.085820	0.125243	0.988407	-0.887684	0.440846	-0.132935
76	5007110													8.614717	-0.696528	-4.399357	-0.452439	-0.888767	0.073428	-0.085685	0.125280	0.988414	-0.887669	0.440906	-0.132835
77	5007276													8.631558	-0.742891	-4.368843	-0.452409	-0.888765	0.073637	-0.085544	0.125437	0.988407	-0.887698	0.440865	-0.132777
78	5007443													8.654674	-0.725725	-4.383044	-0.452381	-0.888751	0.073974	-0.085489	0.125780	0.988368	-0.887718	0.440795	-0.132879
79	5007610													8.698749	-0.711940	-4.364913	-0.452145	-0.888849	0.074249	-0.085510	0.126057	0.988331	-0.887836	0.440520	-0.133002
80	5007776													8.620865	-0.749820	-4.369491	-0.451818	-0.888981	0.074659	-0.085585	0.126496	0.988268	-0.887995	0.440128	-0.133237
81	5007943													8.565311	-0.796978	-4.384135	-0.451479	-0.889145	0.074754	-0.085716	0.126610	0.988242	-0.888155	0.439763	-0.133376
82	5008110													8.560173	-0.828797	-4.368744	-0.451216	-0.889262	0.074947	-0.085939	0.126891	0.988187	-0.888267	0.439444	-0.133677
83	5008276													8.583337	-0.847432	-4.377548	-0.450987	-0.889405	0.074634	-0.086243	0.126655	0.988191	-0.888354	0.439224	-0.133824
84	5008443													8.620071	-0.814433	-4.397034	-0.450808	-0.889548	0.074005	-0.086611	0.126107	0.988229	-0.888409	0.439092	-0.133894
85	5008610													8.657577	-0.776379	-4.370551	-0.450589	-0.889711	0.073374	-0.086955	0.125541	0.988270	-0.888487	0.438923	-0.133932
86	5008776													8.617233	-0.719494	-4.375615	-0.450379	-0.889878	0.072634	-0.087250	0.124829	0.988334	-0.888564	0.438788	-0.133863
87	5008943													8.669797	-0.740849	-4.375306	-0.450160	-0.890028	0.072149	-0.087542	0.124397	0.988363	-0.888646	0.438606	-0.133914
88	5009110													8.596154	-0.675640	-4.342612	-0.450096	-0.890095	0.071718	-0.087945	0.124108	0.988364	-0.888639	0.438552	-0.134140
89	5009276													8.601220	-0.660654	-4.365013	-0.450033	-0.890129	0.071703	-0.088125	0.124169	0.988340	-0.888653	0.438466	-0.134323
90	5009443													8.611778	-0.759965	-4.362619	-0.450059	-0.890094	0.071968	-0.088253	0.124530	0.988283	-0.888627	0.438434	-0.134599
91	5009610													8.601939	-0.798589	-4.363365	-0.450114	-0.890056	0.072091	-0.088433	0.124765	0.988237	-0.888581	0.438445	-0.134869
92	5009776													8.572269	-0.779594	-4.381383	-0.450244	-0.889989	0.072107	-0.088615	0.124894	0.988205	-0.888497	0.438543	-0.135100
93	5009943													8.601621	-0.773950	-4.372398	-0.450466	-0.889876	0.072124	-0.088721	0.125003	0.988182	-0.888374	0.438743	-0.135260
94	5010110													8.596368	-0.793193	-4.380586	-0.450711	-0.889740	0.072271	-0.088759	0.125226	0.988150	-0.888247	0.438955	-0.135413
95	5010276													8.631725	-0.775225	-4.371583	-0.450973	-0.889604	0.072301	-0.088734	0.125292	0.988144	-0.888116	0.439211	-0.135441
96	5010443													8.648808	-0.754520	-4.375407	-0.451189	-0.889489	0.072374	-0.088716	0.125401	0.988132	-0.888008	0.439414	-0.135492
97	5010610													8.636501	-0.744602	-4.378766	-0.451385	-0.889385	0.072433	-0.088656	0.125470	0.988128	-0.887914	0.439604	-0.135484
98	5010776													8.644322	-0.758249	-4.381179	-0.451543	-0.889296	0.072541	-0.088585	0.125582	0.988120	-0.887841	0.439753	-0.135484
99	5010943													8.635764	-0.732332	-4.386375	-0.451646	-0.889232	0.072675	-0.088518	0.125714	0.988110	-0.887795	0.439843	-0.135491
100	5011110													8.616427	-0.745142	-4.373152	-0.451734	-0.889173	0.072855	-0.088414	0.125879	0.988098	-0.887761	0.439916	-0.135479
101	5011276													8.608116	-0.757945	-4.400242	-0.451824	-0.889108	0.073090	-0.088337	0.126117	0.988075	-0.887723	0.439979	-0.135523
102	5011443													8.613521	-0.777024	-4.403770	-0.451923	-0.889049	0.073195	-0.088276	0.126220	0.988067	-0.887678	0.440069	-0.135523
103	5011610													8.598680	-0.770583	-4.399801	-0.452013	-0.888989	0.073368	-0.088230	0.126404	0.988047	-0.887637	0.440137	-0.135572
104	5011776													8.608438	-0.769814	-4.399368	-0.452140	-0.888907	0.073580	-0.088173	0.126633	0.988023	-0.887578	0.440237	-0.135633
105	5011943													8.620616	-0.777028	-4.404064	-0.452261	-0.888842	0.073616	-0.088161	0.126688	0.988017	-0.887518	0.440352	-0.135657
106	5012110													8.623880	-0.724783	-4.397584	-0.452369	-0.888804	0.073410	-0.088241	0.126517	0.988032	-0.887455	0.440477	-0.135661
107	5012276													8.644841	-0.727200	-4.388153	-0.452428	-0.888797	0.073136	-0.088310	0.126257	0.988059	-0.887418	0.440567	-0.135611
108	5012443													8.619782	-0.732279	-4.382088	-0.452374	-0.888838	0.072969	-0.088388	0.126101	0.988072	-0.887438	0.440528	-0.135608
109	5012610													8.591044	-0.743275	-4.388278	-0.452335	-0.888870	0.072823	-0.088501	0.125988	0.988076	-0.887446	0.440496	-0.135654
110	5012776													8.572180	-0.727290	-4.403652	-0.452313	-0.888886	0.072766	-0.088604	0.125972	0.988069	-0.887447	0.440469	-0.135737
111	5012943													8.564916	-0.777660	-4.419530	-0.452354	-0.888880	0.072586	-0.088693	0.125823	0.988080	-0.887417	0.440524	-0.135754
112	5013110													8.545269	-0.755875	-4.412637	-0.452465	-0.888834	0.072454	-0.088892	0.125794	0.988066	-0.887341	0.440625	-0.135928
113	5013276													8.683457	-0.756422	-4.433939	-0.452673	-0.888742	0.072279	-0.089035	0.125706	0.988064	-0.887220	0.440835	-0.136032
114	5013443													8.668641	-0.672906	-4.420553	-0.452632	-0.888758	0.072344	-0.089103	0.125805	0.988045	-0.887234	0.440775	-0.136135
115	5013610													8.633319	-0.686534	-4.440837	-0.452562	-0.888765	0.072698	-0.088964	0.126117	0.988018	-0.887284	0.440672	-0.136144
116	5013776													8.641431	-0.745980	-4.430618	-0.452435	-0.888793	0.073142	-0.088746	0.126481	0.987991	-0.887371	0.440510	-0.136101
117	5013943													8.635836	-0.758142	-4.414804	-0.452271	-0.888845	0.073520	-0.088634	0.126818	0.987958	-0.887466	0.440308	-0.136138
118	5014110													8.683644	-0.726208	-4.357460	-0.451943	-0.888982	0.073886	-0.088652	0.127177	0.987910	-0.887631	0.439929	-0.136286
119	5014276													8.613458	-0.754610	-4.369828	-0.451504	-0.889179	0.074198	-0.088735	0.127491	0.987862	-0.887846	0.439439	-0.136464
120	5014443													8.541972	-0.798551	-4.396075	-0.451084	-0.889377	0.074377	-0.088915	0.127706	0.987818	-0.888041	0.438976	-0.136685
121	5014610													8.524080	-0.835218	-4.378634	-0.450783	-0.889527	0.074403	-0.089170	0.127810	0.987782	-0.888168	0.438641	-0.136934
122	5014776													8.577418	-0.862279	-4.384165	-0.450590	-0.889647	0.074138	-0.089448	0.127620	0.987781	-0.888238	0.438453	-0.137082
123	5014943													8.613596	-0.858485	-4.378550	-0.450466	-0.889766	0.073470	-0.089763	0.127012	0.987831	-0.888270	0.438389	-0.137082
124	5015110													8.753945	-0.776478	-4.372772	-0.450193	-0.889958	0.072808	-0.090073	0.126384	0.987884	-0.888377	0.438180	-0.137058
125	5015276													8.627475	-0.714745	-4.344821	-0.449921	-0.890154	0.072094	-0.090318	0.125665	0.987953	-0.888490	0.437989	-0.136936
126	5015443													8.692426	-0.721081	-4.354924	-0.449593	-0.890348	0.071745	-0.090541	0.125332	0.987975	-0.888633	0.437691	-0.136961
127	5015610													8.561638	-0.653687	-4.333049	-0.449468	-0.890437	0.071422	-0.090849	0.125103	0.987976	-0.888665	0.437574	-0.137125
128	5015776													8.626695	-0.661073	-4.328721	-0.449339	-0.890490	0.071572	-0.090932	0.125289	0.987944	-0.888721	0.437414	-0.137271
129	5015943													8.587231	-0.761689	-4.345914	-0.449321	-0.890478	0.071836	-0.090969	0.125597	0.987902	-0.888727	0.437350	-0.137440
130	5016110													8.603332	-0.809046	-4.326602	-0.449405	-0.890411	0.072129	-0.091020	0.125961	0.987851	-0.888679	0.437380	-0.137653
131	5016276													8.587194	-0.805360	-4.350238	-0.449576	-0.890306	0.072362	-0.091033	0.126256	0.987812	-0.888591	0.437509	-0.137809
132	5016443													8.621145	-0.799497	-4.362320	-0.449750	-0.890206	0.072509	-0.090977	0.126421	0.987796	-0.888509	0.437665	-0.137846
133	5016610													8.608590	-0.805631	-4.366354	-0.449942	-0.890093	0.072712	-0.090839	0.126612	0.987784	-0.888426	0.437840	-0.137823
134	5016776													8.620037	-0.781133	-4.359538	-0.450247	-0.889927	0.072854	-0.090695	0.126751	0.987780	-0.888286	0.438137	-0.137782
135	5016943													8.658102	-0.754844	-4.378404	-0.450415	-0.889824	0.073073	-0.090548	0.126951	0.987768	-0.888216	0.438289	-0.137752
136	5017110													8.639579	-0.762298	-4.355313	-0.450606	-0.889712	0.073262	-0.090410	0.127125	0.987758	-0.888133	0.438466	-0.137722
137	5017277													8.635264	-0.751154	-4.369167	-0.450736	-0.889636	0.073377	-0.090316	0.127228	0.987753	-0.888077	0.438589	-0.137695
138	5017443													8.619926	-0.750608	-4.390432	-0.450856	-0.889560	0.073568	-0.090259	0.127433	0.987732	-0.888022	0.438684	-0.137745
139	5017610													8.608990	-0.770232	-4.380737	-0.450955	-0.889494	0.073760	-0.090201	0.127635	0.987711	-0.887977	0.438760	-0.137791
140	5017777													8.608332	-0.787091	-4.388650	-0.451084	-0.889412	0.073949	-0.090144	0.127838	0.987690	-0.887917	0.438866	-0.137841
141	5017943													8.601336	-0.789995	-4.375064	-0.451246	-0.889323	0.074035	-0.090120	0.127950	0.987678	-0.887838	0.439013	-0.137883
142	5018110													8.596366	-0.768967	-4.397419	-0.451441	-0.889236	0.073893	-0.090084	0.127808	0.987699	-0.887742	0.439231	-0.137803
143	5018277													8.607473	-0.741148	-4.377163	-0.451625	-0.889140	0.073921	-0.090035	0.127847	0.987699	-0.887653	0.439414	-0.137793
144	5018443													8.649007	-0.729711	-4.385503	-0.451787	-0.889068	0.073802	-0.090013	0.127731	0.987716	-0.887573	0.439594	-0.137735
145	5018610													8.653456	-0.715431	-4.374427	-0.451909	-0.889001	0.073862	-0.090036	0.127831	0.987701	-0.887508	0.439701	-0.137810
146	5018777													8.625501	-0.733995	-4.375736	-0.451971	-0.888975	0.073789	-0.090049	0.127767	0.987708	-0.887476	0.439771	-0.137799
147	5018943													8.606907	-0.742728	-4.391322	-0.451999	-0.888952	0.073898	-0.090060	0.127898	0.987690	-0.887461	0.439779	-0.137869
148	5019110													8.579621	-0.769167	-4.380521	-0.452023	-0.888941	0.073881	-0.090075	0.127891	0.987689	-0.887447	0.439804	-0.137881
149	5019277													8.610284	-0.745925	-4.384648	-0.452038	-0.888942	0.073782	-0.090094	0.127794	0.987700	-0.887437	0.439831	-0.137856
150	5019443													8.606922	-0.753532	-4.399515	-0.452085	-0.888922	0.073731	-0.090086	0.127741	0.987708	-0.887414	0.439885	-0.137829
151	5019610													8.577015	-0.780904	-4.411149	-0.452112	-0.888926	0.073522	-0.090164	0.127552	0.987725	-0.887392	0.439933	-0.137817
152	5019777													8.607588	-0.722652	-4.422678	-0.452279	-0.888853	0.073375	-0.090254	0.127462	0.987729	-0.887298	0.440106	-0.137871
153	5019943													8.686585	-0.717156	-4.441900	-0.452300	-0.888853	0.073246	-0.090358	0.127374	0.987730	-0.887277	0.440132	-0.137926
154	5020110													8.632203	-0.651635	-4.411456	-0.452253	-0.888869	0.073340	-0.090262	0.127422	0.987733	-0.887311	0.440086	-0.137858
155	5020277													8.658512	-0.715970	-4.411506	-0.452172	-0.888880	0.073713	-0.089981	0.127684	0.987725	-0.887381	0.439988	-0.137717
156	5020443													8.645035	-0.751970	-4.408793	-0.451989	-0.888931	0.074214	-0.089774	0.128106	0.987689	-0.887495	0.439762	-0.137706
157	5020610													8.687184	-0.758620	-4.383018	-0.451710	-0.889045	0.074546	-0.089722	0.128401	0.987655	-0.887642	0.439445	-0.137767
158	5020777													8.625998	-0.734061	-4.366647	-0.451258	-0.889241	0.074943	-0.089760	0.128783	0.987602	-0.887868	0.438937	-0.137932
159	5020943													8.558937	-0.770091	-4.378240	-0.450807	-0.889453	0.075141	-0.089847	0.128967	0.987570	-0.888088	0.438452	-0.138054
160	5021110													8.514667	-0.826148	-4.374631	-0.450474	-0.889630	0.075042	-0.090003	0.128877	0.987568	-0.888241	0.438119	-0.138125
161	5021277													8.557931	-0.838666	-4.366404	-0.450279	-0.889750	0.074796	-0.090212	0.128674	0.987575	-0.888319	0.437937	-0.138205
162	5021443													8.633990	-0.837773	-4.339463	-0.450146	-0.889865	0.074225	-0.090510	0.128164	0.987614	-0.888356	0.437853	-0.138234
163	5021610													8.702949	-0.789900	-4.338223	-0.449944	-0.890018	0.073608	-0.090821	0.127597	0.987659	-0.888427	0.437706	-0.138244
164	5021777													8.637694	-0.734288	-4.368535	-0.449638	-0.890235	0.072857	-0.091105	0.126851	0.987729	-0.888553	0.437483	-0.138142
165	5021943													8.701313	-0.723958	-4.360124	-0.449429	-0.890387	0.072281	-0.091307	0.126276	0.987784	-0.888637	0.437339	-0.138051
166	5022110													8.591418	-0.712670	-4.354994	-0.449188	-0.890542	0.071871	-0.091631	0.125938	0.987797	-0.888726	0.437121	-0.138171
167	5022277													8.634418	-0.664480	-4.343220	-0.449048	-0.890625	0.071715	-0.091819	0.125834	0.987793	-0.888777	0.436982	-0.138282
168	5022443													8.630128	-0.703281	-4.334315	-0.448952	-0.890663	0.071840	-0.091857	0.125975	0.987771	-0.888822	0.436863	-0.138371
169	5022610													8.541500	-0.777859	-4.341296	-0.448926	-0.890647	0.072200	-0.091871	0.126376	0.987719	-0.888833	0.436780	-0.138558
170	5022777													8.616211	-0.787042	-4.328908	-0.449091	-0.890546	0.072421	-0.091910	0.126669	0.987678	-0.888746	0.436901	-0.138736
171	5022943													8.561046	-0.805925	-4.363101	-0.449201	-0.890480	0.072556	-0.091840	0.126803	0.987667	-0.888698	0.436997	-0.138742
172	5023110													8.597886	-0.804822	-4.340384	-0.449487	-0.890323	0.072708	-0.091687	0.126946	0.987663	-0.888569	0.437275	-0.138691
173	5023277													8.624430	-0.825298	-4.359465	-0.449767	-0.890177	0.072763	-0.091507	0.126967	0.987677	-0.888446	0.437567	-0.138563
174	5023443													8.647253	-0.773731	-4.366118	-0.450041	-0.890029	0.072882	-0.091361	0.127075	0.987677	-0.888322	0.437837	-0.138503
175	5023610													8.678375	-0.755127	-4.365139	-0.450261	-0.889908	0.072995	-0.091185	0.127151	0.987683	-0.888229	0.438059	-0.138398
176	5023777													8.670705	-0.746712	-4.355303	-0.450397	-0.889828	0.073131	-0.091003	0.127236	0.987689	-0.888178	0.438197	-0.138284
177	5023943													8.646247	-0.748577	-4.382693	-0.450475	-0.889775	0.073302	-0.090831	0.127354	0.987690	-0.888157	0.438271	-0.138188
178	5024110													8.627447	-0.782822	-4.369789	-0.450525	-0.889730	0.073540	-0.090671	0.127548	0.987679	-0.888147	0.438307	-0.138136
179	5024277													8.594815	-0.775204	-4.363840	-0.450585	-0.889684	0.073725	-0.090524	0.127692	0.987674	-0.888132	0.438357	-0.138073
180	5024443													8.615734	-0.781344	-4.367994	-0.450689	-0.889617	0.073899	-0.090358	0.127821	0.987673	-0.888096	0.438456	-0.137991
181	5024610													8.615387	-0.785103	-4.360802	-0.450770	-0.889573	0.073929	-0.090182	0.127782	0.987694	-0.888073	0.438556	-0.137824
182	5024777													8.597607	-0.755545	-4.396883	-0.450852	-0.889521	0.074063	-0.090029	0.127869	0.987697	-0.888047	0.438637	-0.137732
183	5024943													8.620148	-0.759962	-4.383057	-0.450946	-0.889474	0.074054	-0.089883	0.127803	0.987718	-0.888014	0.438752	-0.137581
184	5025110													8.635414	-0.749584	-4.378229	-0.451042	-0.889424	0.074067	-0.089799	0.127792	0.987727	-0.887974	0.438855	-0.137509
185	5025277													8.658753	-0.742911	-4.395360	-0.451077	-0.889409	0.074038	-0.089778	0.127755	0.987734	-0.887958	0.438897	-0.137476
186	5025610													8.662035	-0.740497	-4.389941	-0.451033	-0.889444	0.073888	-0.089798	0.127591	0.987754	-0.887979	0.438874	-0.137417
187	5025777													8.644691	-0.727623	-4.381979	-0.450918	-0.889501	0.073897	-0.089806	0.127585	0.987753	-0.888036	0.438759	-0.137413
188	5025943													8.630465	-0.758495	-4.378902	-0.450731	-0.889593	0.073933	-0.089805	0.127593	0.987753	-0.888131	0.438571	-0.137400
189	5026110													8.587830	-0.763944	-4.372981	-0.450574	-0.889678	0.073866	-0.089829	0.127502	0.987762	-0.888208	0.438424	-0.137368
190	5026277													8.590994	-0.734986	-4.382267	-0.450485	-0.889722	0.073883	-0.089842	0.127513	0.987759	-0.888252	0.438333	-0.137377
191	5026443													8.580112	-0.779692	-4.372231	-0.450440	-0.889738	0.073966	-0.089813	0.127583	0.987753	-0.888278	0.438280	-0.137379
192	5026610													8.539038	-0.749125	-4.383413	-0.450508	-0.889710	0.073878	-0.089868	0.127524	0.987756	-0.888238	0.438353	-0.137407
193	5026777													8.701482	-0.743847	-4.410843	-0.450653	-0.889633	0.073922	-0.089879	0.127603	0.987745	-0.888163	0.438486	-0.137464
194	5026943													8.672207	-0.694585	-4.398506	-0.450623	-0.889640	0.074022	-0.089837	0.127688	0.987737	-0.888182	0.438448	-0.137461
195	5027110													8.656866	-0.698893	-4.379267	-0.450580	-0.889630	0.074402	-0.089521	0.127947	0.987733	-0.888236	0.438392	-0.137291
196	5027277													8.596314	-0.778611	-4.382559	-0.450554	-0.889616	0.074729	-0.089184	0.128139	0.987738	-0.888283	0.438365	-0.137073
197	5027443													8.757002	-0.810733	-4.343629	-0.450562	-0.889599	0.074884	-0.089066	0.128254	0.987734	-0.888291	0.438366	-0.137019
198	5027610													8.688689	-0.757499	-4.344318	-0.450175	-0.889800	0.074819	-0.089129	0.128147	0.987742	-0.888481	0.437988	-0.136996
199	5027777													8.549895	-0.734073	-4.352579	-0.449831	-0.889972	0.074842	-0.089262	0.128179	0.987726	-0.888642	0.437629	-0.137100
200	5027943													8.538732	-0.785603	-4.334716	-0.449606	-0.890089	0.074802	-0.089416	0.128172	0.987713	-0.888740	0.437393	-0.137215
201	5028110													8.581007	-0.828465	-4.346200	-0.449456	-0.890193	0.074471	-0.089653	0.127896	0.987727	-0.888792	0.437263	-0.137292
202	5028277													8.619195	-0.817152	-4.351294	-0.449325	-0.890303	0.073938	-0.089944	0.127425	0.987762	-0.888829	0.437176	-0.137332
203	5028443													8.664596	-0.784339	-4.347740	-0.449187	-0.890425	0.073312	-0.090286	0.126876	0.987801	-0.888864	0.437089	-0.137384
204	5028610													8.653546	-0.740462	-4.361197	-0.448937	-0.890593	0.072798	-0.090554	0.126394	0.987838	-0.888963	0.436885	-0.137390
205	5028777													8.614063	-0.691090	-4.364750	-0.448917	-0.890639	0.072355	-0.090761	0.126001	0.987869	-0.888952	0.436904	-0.137399
206	5028943													8.697996	-0.742933	-4.340247	-0.448706	-0.890766	0.072103	-0.090934	0.125771	0.987883	-0.889041	0.436713	-0.137435
207	5029110													8.652699	-0.667026	-4.308018	-0.448664	-0.890797	0.071983	-0.091153	0.125737	0.987867	-0.889040	0.436659	-0.137612
208	5029277													8.606351	-0.702768	-4.341578	-0.448557	-0.890834	0.072195	-0.091172	0.125963	0.987836	-0.889092	0.436519	-0.137721
209	5029443													8.596789	-0.787051	-4.352721	-0.448545	-0.890813	0.072527	-0.091056	0.126272	0.987808	-0.889110	0.436472	-0.137752
210	5029610													8.595320	-0.820049	-4.346746	-0.448595	-0.890765	0.072803	-0.090983	0.126551	0.987779	-0.889092	0.436489	-0.137815
211	5029777													8.605202	-0.798151	-4.329590	-0.448696	-0.890696	0.073021	-0.090894	0.126768	0.987759	-0.889050	0.436567	-0.137840
212	5029943													8.596824	-0.795989	-4.343215	-0.448841	-0.890616	0.073103	-0.090788	0.126831	0.987761	-0.888988	0.436711	-0.137784
213	5030110													8.629889	-0.794862	-4.361439	-0.449009	-0.890524	0.073190	-0.090633	0.126880	0.987769	-0.888919	0.436884	-0.137681
214	5030277													8.660716	-0.788543	-4.342088	-0.449150	-0.890451	0.073216	-0.090490	0.126863	0.987784	-0.888862	0.437038	-0.137558
215	5030443													8.663949	-0.760573	-4.357090	-0.449217	-0.890416	0.073228	-0.090362	0.126825	0.987801	-0.888841	0.437120	-0.137432
216	5030610													8.665991	-0.756500	-4.353399	-0.449255	-0.890395	0.073263	-0.090275	0.126827	0.987808	-0.888831	0.437164	-0.137358
217	5030777													8.637109	-0.767168	-4.360319	-0.449262	-0.890382	0.073371	-0.090188	0.126906	0.987806	-0.888836	0.437167	-0.137315
218	5030943													8.605642	-0.767340	-4.349551	-0.449282	-0.890362	0.073493	-0.090096	0.127000	0.987802	-0.888836	0.437180	-0.137277
219	5031110													8.625133	-0.773062	-4.349701	-0.449366	-0.890310	0.073601	-0.089962	0.127067	0.987806	-0.888806	0.437266	-0.137194
220	5031277													8.605077	-0.771356	-4.382750	-0.449452	-0.890259	0.073696	-0.089841	0.127128	0.987809	-0.888775	0.437352	-0.137119
221	5031443													8.619514	-0.773069	-4.368394	-0.449569	-0.890198	0.073722	-0.089724	0.127119	0.987821	-0.888728	0.437479	-0.137021
222	5031610													8.627636	-0.767304	-4.367794	-0.449675	-0.890139	0.073784	-0.089644	0.127167	0.987822	-0.888682	0.437585	-0.136979
223	5031777													8.619611	-0.769657	-4.365905	-0.449771	-0.890096	0.073722	-0.089582	0.127084	0.987838	-0.888640	0.437697	-0.136895
224	5031943													8.636501	-0.753975	-4.373211	-0.449818	-0.890080	0.073629	-0.089527	0.126962	0.987859	-0.888622	0.437765	-0.136796
225	5032110													8.646857	-0.749509	-4.381282	-0.449851	-0.890074	0.073509	-0.089500	0.126821	0.987880	-0.888608	0.437819	-0.136712
226	5032277													8.666123	-0.766020	-4.380779	-0.449848	-0.890085	0.073379	-0.089524	0.126688	0.987895	-0.888607	0.437833	-0.136674
227	5032443													8.678056	-0.755629	-4.363732	-0.449727	-0.890152	0.073312	-0.089598	0.126629	0.987895	-0.888661	0.437715	-0.136704
228	5032610													8.663210	-0.739428	-4.354362	-0.449521	-0.890267	0.073186	-0.089722	0.126516	0.987899	-0.888752	0.437515	-0.136748
229	5032777													8.621354	-0.744063	-4.366775	-0.449289	-0.890384	0.073181	-0.089779	0.126498	0.987896	-0.888864	0.437281	-0.136772
230	5032943													8.592818	-0.765773	-4.344183	-0.449038	-0.890512	0.073164	-0.089829	0.126461	0.987896	-0.888986	0.437030	-0.136780
231	5033110													8.577734	-0.742881	-4.340472	-0.448876	-0.890591	0.073201	-0.089913	0.126516	0.987881	-0.889059	0.436855	-0.136866
232	5033277													8.609634	-0.732051	-4.369893	-0.448763	-0.890644	0.073247	-0.089887	0.126535	0.987881	-0.889119	0.436741	-0.136841
233	5033443													8.610091	-0.797189	-4.356855	-0.448681	-0.890672	0.073410	-0.089801	0.126659	0.987873	-0.889169	0.436648	-0.136813
234	5033610													8.610022	-0.750303	-4.375310	-0.448654	-0.890682	0.073455	-0.089831	0.126720	0.987863	-0.889179	0.436610	-0.136864
235	5033777													8.718952	-0.776419	-4.390013	-0.448542	-0.890720	0.073675	-0.089775	0.126916	0.987843	-0.889241	0.436475	-0.136891
236	5033944													8.629999	-0.728539	-4.365473	-0.448342	-0.890802	0.073905	-0.089614	0.127058	0.987839	-0.889359	0.436266	-0.136794
237	5034110													8.674477	-0.728574	-4.343725	-0.448170	-0.890857	0.074283	-0.089258	0.127274	0.987843	-0.889481	0.436091	-0.136557
238	5034277													8.663551	-0.796366	-4.330605	-0.447848	-0.890988	0.074656	-0.088852	0.127433	0.987859	-0.889684	0.435777	-0.136237
239	5034444													8.689953	-0.787236	-4.309766	-0.447520	-0.891137	0.074844	-0.088679	0.127501	0.987866	-0.889866	0.435453	-0.136084
240	5034610													8.687635	-0.747113	-4.298272	-0.447082	-0.891346	0.074972	-0.088702	0.127581	0.987854	-0.890084	0.435002	-0.136104
241	5034777													8.610322	-0.770626	-4.297155	-0.446633	-0.891572	0.074960	-0.088839	0.127559	0.987844	-0.890296	0.434544	-0.136178
242	5034944													8.563662	-0.793670	-4.293446	-0.446286	-0.891754	0.074853	-0.089014	0.127467	0.987840	-0.890452	0.434196	-0.136265
243	5035110													8.583525	-0.819681	-4.273529	-0.446092	-0.891876	0.074555	-0.089279	0.127233	0.987847	-0.890523	0.434015	-0.136383
244	5035277													8.633426	-0.852244	-4.270330	-0.445957	-0.891988	0.074023	-0.089613	0.126782	0.987874	-0.890557	0.433916	-0.136473
245	5035444													8.676517	-0.813194	-4.311967	-0.445842	-0.892100	0.073362	-0.089935	0.126188	0.987921	-0.890582	0.433859	-0.136491
246	5035610													8.630900	-0.779559	-4.301834	-0.445713	-0.892210	0.072802	-0.090145	0.125649	0.987971	-0.890625	0.433789	-0.136432
247	5035777													8.677993	-0.731955	-4.320257	-0.445799	-0.892210	0.072277	-0.090265	0.125141	0.988024	-0.890570	0.433936	-0.136323
248	5035944													8.629782	-0.759477	-4.330440	-0.445806	-0.892227	0.072026	-0.090447	0.124952	0.988032	-0.890548	0.433956	-0.136403
249	5036110													8.691395	-0.685689	-4.289028	-0.445912	-0.892181	0.071939	-0.090587	0.124942	0.988020	-0.890481	0.434054	-0.136533
250	5036277													8.617517	-0.731567	-4.310999	-0.446070	-0.892089	0.072109	-0.090563	0.125146	0.987996	-0.890405	0.434185	-0.136614
251	5036444													8.585052	-0.837834	-4.310810	-0.446258	-0.891969	0.072423	-0.090423	0.125457	0.987970	-0.890324	0.434340	-0.136641
252	5036610													8.661823	-0.838977	-4.311778	-0.446629	-0.891764	0.072654	-0.090309	0.125720	0.987947	-0.890150	0.434685	-0.136684
253	5036777													8.645942	-0.821091	-4.323010	-0.446824	-0.891650	0.072855	-0.090137	0.125892	0.987941	-0.890069	0.434869	-0.136622
254	5036944													8.596823	-0.789284	-4.342132	-0.447108	-0.891495	0.073016	-0.089892	0.126000	0.987949	-0.889951	0.435157	-0.136474
255	5037110													8.623973	-0.775310	-4.343798	-0.447449	-0.891307	0.073214	-0.089527	0.126098	0.987970	-0.889817	0.435512	-0.136219
256	5037277													8.640103	-0.781947	-4.374871	-0.447773	-0.891128	0.073417	-0.089155	0.126196	0.987991	-0.889691	0.435850	-0.135956
257	5037444													8.679715	-0.767092	-4.340242	-0.448067	-0.890961	0.073657	-0.088810	0.126343	0.988003	-0.889578	0.436150	-0.135737
258	5037610													8.669390	-0.787178	-4.369272	-0.448257	-0.890838	0.073975	-0.088520	0.126585	0.987998	-0.889511	0.436329	-0.135599
259	5037777													8.672257	-0.759693	-4.371887	-0.448373	-0.890760	0.074217	-0.088233	0.126732	0.988005	-0.889481	0.436446	-0.135417
260	5037944													8.637259	-0.760702	-4.367834	-0.448426	-0.890710	0.074500	-0.087962	0.126922	0.988005	-0.889481	0.436494	-0.135264
261	5038110													8.637506	-0.785693	-4.363120	-0.448416	-0.890693	0.074760	-0.087707	0.127084	0.988007	-0.889511	0.436481	-0.135107
262	5038277													8.604980	-0.798084	-4.380642	-0.448372	-0.890708	0.074849	-0.087514	0.127081	0.988024	-0.889553	0.436452	-0.134929
263	5038444													8.650713	-0.783211	-4.369493	-0.448376	-0.890710	0.074800	-0.087434	0.126988	0.988043	-0.889558	0.436475	-0.134817
264	5038610													8.635833	-0.778161	-4.380090	-0.448257	-0.890781	0.074668	-0.087383	0.126796	0.988072	-0.889623	0.436386	-0.134676
265	5038777													8.606373	-0.764731	-4.386221	-0.448195	-0.890819	0.074584	-0.087385	0.126693	0.988085	-0.889655	0.436337	-0.134627
266	5038944													8.601661	-0.778263	-4.386271	-0.448113	-0.890882	0.074318	-0.087436	0.126409	0.988117	-0.889691	0.436290	-0.134541
267	5039110													8.651097	-0.748769	-4.378444	-0.448100	-0.890907	0.074100	-0.087532	0.126213	0.988134	-0.889688	0.436297	-0.134539
268	5039277													8.643218	-0.744894	-4.364555	-0.447963	-0.890993	0.073896	-0.087577	0.125985	0.988159	-0.889752	0.436187	-0.134468
269	5039444													8.620337	-0.716236	-4.367651	-0.447832	-0.891069	0.073777	-0.087555	0.125821	0.988182	-0.889820	0.436080	-0.134364
270	5039610													8.629095	-0.742603	-4.361249	-0.447729	-0.891122	0.073753	-0.087467	0.125733	0.988201	-0.889881	0.435995	-0.134238
271	5039777													8.654293	-0.755309	-4.350571	-0.447602	-0.891181	0.073820	-0.087374	0.125741	0.988208	-0.889954	0.435874	-0.134148
272	5039944													8.661026	-0.735940	-4.353171	-0.447421	-0.891267	0.073881	-0.087280	0.125732	0.988217	-0.890054	0.435701	-0.134045
273	5040110													8.572577	-0.747376	-4.367983	-0.447173	-0.891387	0.073924	-0.087212	0.125706	0.988227	-0.890186	0.435461	-0.133952
274	5040277													8.621588	-0.793302	-4.350857	-0.447079	-0.891430	0.073978	-0.087195	0.125741	0.988224	-0.890234	0.435364	-0.133944
275	5040444													8.592817	-0.747436	-4.361356	-0.446980	-0.891482	0.073945	-0.087263	0.125722	0.988220	-0.890278	0.435262	-0.133989
276	5040610													8.674287	-0.745404	-4.381870	-0.446919	-0.891517	0.073898	-0.087304	0.125680	0.988222	-0.890304	0.435204	-0.134002
277	5040777													8.672539	-0.658601	-4.334810	-0.446832	-0.891555	0.073967	-0.087198	0.125689	0.988230	-0.890358	0.435123	-0.133903
278	5040944													8.758918	-0.745938	-4.330517	-0.446634	-0.891627	0.074292	-0.086928	0.125885	0.988229	-0.890484	0.434919	-0.133732
279	5041110													8.723699	-0.815304	-4.338356	-0.446204	-0.891826	0.074495	-0.086806	0.125978	0.988228	-0.890712	0.434484	-0.133627
280	5041277													8.714004	-0.775671	-4.323092	-0.445676	-0.892084	0.074555	-0.086784	0.125947	0.988234	-0.890978	0.433962	-0.133551
281	5041444													8.615408	-0.746274	-4.286180	-0.444984	-0.892421	0.074661	-0.086757	0.125936	0.988237	-0.891326	0.433272	-0.133463
282	5041610													8.564702	-0.772975	-4.276134	-0.444442	-0.892683	0.074757	-0.086685	0.125918	0.988246	-0.891604	0.432738	-0.133346
283	5041777													8.569254	-0.789457	-4.288527	-0.443963	-0.892921	0.074759	-0.086611	0.125805	0.988267	-0.891850	0.432279	-0.133189
284	5041944													8.619409	-0.798549	-4.285309	-0.443672	-0.893078	0.074619	-0.086558	0.125576	0.988301	-0.892000	0.432022	-0.133018
