// Start Time: Unknown
// Update Rate: 60.0Hz
//Filter Profile: human (46.1)
// Option Flags: AHS Disabled ICC Disabled
// Firmware Version: 4.0.2
0	sampleTimeFine	Year	Month	Day	Second	UTC_Nano	UTC_Year	UTC_Month	UTC_Day	UTC_Hour	UTC_Minute	UTC_Second	UTC_Valid	Acc_X	Acc_Y	Acc_Z	Mat[1][1]	Mat[2][1]	Mat[3][1]	Mat[1][2]	Mat[2][2]	Mat[3][2]	Mat[1][3]	Mat[2][3]	Mat[3][3]
0	383534													0.000000	0.000000	0.000000	0.013949	-0.870193	0.492514	-0.066050	0.490685	0.868830	-0.997719	-0.044649	-0.050632
1	383701													9.814075	-0.681557	0.133421	0.014203	-0.869786	0.493225	-0.066338	0.491368	0.868422	-0.997696	-0.045054	-0.050721
2	383868													9.829706	-0.667943	0.165382	0.014215	-0.869869	0.493077	-0.067145	0.491184	0.868464	-0.997642	-0.045453	-0.051426
3	384034													9.774317	-0.702281	0.149414	0.014610	-0.869781	0.493222	-0.067720	0.491281	0.868365	-0.997597	-0.046088	-0.051724
4	384201													9.757668	-0.695060	0.138068	0.014752	-0.870057	0.492730	-0.068557	0.490744	0.868603	-0.997538	-0.046594	-0.052409
5	384368													9.775718	-0.623976	0.160427	0.014605	-0.869992	0.492849	-0.069188	0.490841	0.868498	-0.997497	-0.046783	-0.053025
6	384534													9.862773	-0.655651	0.112854	0.014503	-0.870209	0.492469	-0.069232	0.490465	0.868706	-0.997495	-0.046693	-0.053133
7	384701													9.843239	-0.655065	0.142862	0.014380	-0.870119	0.492631	-0.069259	0.490632	0.868610	-0.997495	-0.046610	-0.053209
8	384868													9.774935	-0.659384	0.108210	0.014304	-0.870174	0.492537	-0.069355	0.490538	0.868656	-0.997489	-0.046585	-0.053335
9	385034													9.761668	-0.652468	0.115186	0.014054	-0.870029	0.492800	-0.069474	0.490808	0.868493	-0.997485	-0.046443	-0.053546
10	385201													9.787088	-0.667120	0.117130	0.013807	-0.869939	0.492967	-0.069571	0.490983	0.868387	-0.997481	-0.046286	-0.053743
11	385368													9.844308	-0.676733	0.113738	0.013576	-0.869778	0.493257	-0.069652	0.491282	0.868211	-0.997479	-0.046143	-0.053912
12	385534													9.849281	-0.672434	0.091791	0.013454	-0.869793	0.493233	-0.069711	0.491261	0.868218	-0.997476	-0.046065	-0.054025
13	385701													9.833204	-0.684547	0.103034	0.013366	-0.869880	0.493082	-0.069805	0.491111	0.868295	-0.997471	-0.046025	-0.054158
14	385868													9.823831	-0.670986	0.112078	0.013309	-0.869908	0.493034	-0.069870	0.491064	0.868317	-0.997467	-0.046005	-0.054244
15	386034													9.811446	-0.653051	0.125882	0.013275	-0.869966	0.492933	-0.069921	0.490962	0.868371	-0.997464	-0.045994	-0.054311
16	386201													9.801061	-0.645963	0.120865	0.013248	-0.870057	0.492772	-0.069917	0.490803	0.868460	-0.997465	-0.045959	-0.054330
17	386368													9.790507	-0.651281	0.119216	0.013215	-0.870054	0.492779	-0.069886	0.490814	0.868457	-0.997467	-0.045915	-0.054318
18	386534													9.793372	-0.635088	0.109135	0.013136	-0.870018	0.492845	-0.069872	0.490884	0.868418	-0.997469	-0.045844	-0.054342
19	386701													9.799029	-0.641396	0.124013	0.013120	-0.869933	0.492995	-0.069872	0.491034	0.868334	-0.997470	-0.045839	-0.054342
20	386868													9.799752	-0.650913	0.111227	0.013113	-0.869866	0.493114	-0.069911	0.491152	0.868264	-0.997467	-0.045859	-0.054373
21	387034													9.814675	-0.650104	0.107215	0.013119	-0.869848	0.493145	-0.069957	0.491181	0.868244	-0.997464	-0.045890	-0.054408
22	387201													9.824764	-0.641847	0.113140	0.013197	-0.869834	0.493169	-0.070019	0.491197	0.868230	-0.997458	-0.045989	-0.054423
23	387368													9.814179	-0.664662	0.099920	0.013317	-0.869753	0.493308	-0.070073	0.491327	0.868152	-0.997453	-0.046129	-0.054404
24	387534													9.838834	-0.689638	0.143124	0.013520	-0.869708	0.493382	-0.070179	0.491385	0.868111	-0.997443	-0.046361	-0.054392
25	387701													9.820280	-0.678390	0.108930	0.013778	-0.869700	0.493389	-0.070311	0.491371	0.868107	-0.997430	-0.046651	-0.054379
26	387868													9.804799	-0.667058	0.133860	0.014001	-0.869727	0.493334	-0.070457	0.491298	0.868137	-0.997417	-0.046914	-0.054400
27	388034													9.791662	-0.675548	0.136497	0.014177	-0.869769	0.493255	-0.070562	0.491205	0.868181	-0.997407	-0.047113	-0.054409
28	388201													9.831680	-0.643042	0.147804	0.014373	-0.869877	0.493060	-0.070655	0.490994	0.868293	-0.997397	-0.047316	-0.054404
29	388368													9.816112	-0.667558	0.133319	0.014618	-0.869953	0.492918	-0.070750	0.490836	0.868375	-0.997387	-0.047568	-0.054374
30	388534													9.788085	-0.647888	0.128368	0.014837	-0.869947	0.492922	-0.070841	0.490823	0.868375	-0.997377	-0.047803	-0.054346
31	388701													9.774221	-0.665632	0.155873	0.014981	-0.869912	0.492979	-0.070943	0.490867	0.868341	-0.997368	-0.047982	-0.054361
32	388868													9.802045	-0.654503	0.146034	0.015076	-0.869888	0.493018	-0.071059	0.490895	0.868316	-0.997358	-0.048125	-0.054413
33	389034													9.813682	-0.664552	0.157868	0.015203	-0.869882	0.493026	-0.071171	0.490891	0.868309	-0.997348	-0.048290	-0.054448
34	389201													9.801097	-0.665929	0.146954	0.015314	-0.869853	0.493074	-0.071243	0.490929	0.868282	-0.997341	-0.048425	-0.054453
35	389368													9.788412	-0.656191	0.133629	0.015464	-0.869811	0.493143	-0.071343	0.490986	0.868242	-0.997332	-0.048609	-0.054463
36	389534													9.813066	-0.641246	0.133135	0.015578	-0.869713	0.493312	-0.071439	0.491143	0.868145	-0.997323	-0.048765	-0.054481
37	389701													9.822763	-0.677155	0.161394	0.015751	-0.869694	0.493340	-0.071500	0.491159	0.868131	-0.997316	-0.048948	-0.054447
38	389868													9.837533	-0.650280	0.163770	0.015994	-0.869657	0.493397	-0.071627	0.491196	0.868099	-0.997303	-0.049225	-0.054434
39	390034													9.756283	-0.667935	0.152355	0.016266	-0.869594	0.493500	-0.071725	0.491279	0.868044	-0.997292	-0.049516	-0.054380
40	390201													9.770969	-0.692051	0.138469	0.016363	-0.869537	0.493596	-0.071900	0.491361	0.867983	-0.997278	-0.049693	-0.054480
41	390368													9.811138	-0.649268	0.168797	0.016435	-0.869517	0.493629	-0.072017	0.491384	0.867960	-0.997268	-0.049815	-0.054544
42	390534													9.863724	-0.648763	0.157482	0.016533	-0.869502	0.493653	-0.071927	0.491407	0.867955	-0.997273	-0.049856	-0.054416
43	390701													9.875460	-0.677767	0.176462	0.016773	-0.869337	0.493936	-0.071866	0.491679	0.867806	-0.997273	-0.050053	-0.054229
44	390868													9.816325	-0.654039	0.182325	0.017112	-0.869270	0.494041	-0.071965	0.491761	0.867751	-0.997260	-0.050402	-0.054142
45	391034													9.795776	-0.635021	0.214016	0.017391	-0.869171	0.494207	-0.071994	0.491910	0.867665	-0.997253	-0.050669	-0.054020
46	391201													9.823156	-0.636265	0.211428	0.017661	-0.869036	0.494434	-0.071957	0.492124	0.867546	-0.997251	-0.050900	-0.053842
47	391368													9.804037	-0.644262	0.210953	0.018001	-0.868976	0.494527	-0.071918	0.492200	0.867506	-0.997248	-0.051182	-0.053635
48	391534													9.794476	-0.663762	0.235360	0.018332	-0.868851	0.494734	-0.071914	0.492390	0.867399	-0.997242	-0.051479	-0.053456
49	391701													9.794058	-0.664538	0.247241	0.018607	-0.868772	0.494863	-0.072014	0.492499	0.867329	-0.997230	-0.051775	-0.053400
50	391868													9.783203	-0.644398	0.227453	0.018816	-0.868785	0.494831	-0.072163	0.492448	0.867345	-0.997215	-0.052028	-0.053429
51	392034													9.777883	-0.651059	0.252605	0.018982	-0.868564	0.495213	-0.072269	0.492815	0.867128	-0.997205	-0.052248	-0.053415
52	392201													9.836094	-0.687569	0.269929	0.019124	-0.868579	0.495181	-0.072344	0.492771	0.867146	-0.997196	-0.052407	-0.053413
53	392368													9.858242	-0.665676	0.271879	0.019348	-0.868434	0.495428	-0.072422	0.493001	0.867009	-0.997186	-0.052655	-0.053355
54	392534													9.780620	-0.655717	0.264051	0.019624	-0.868431	0.495422	-0.072473	0.492978	0.867018	-0.997177	-0.052919	-0.053263
55	392701													9.713695	-0.659722	0.246417	0.019733	-0.868423	0.495431	-0.072651	0.492972	0.867006	-0.997162	-0.053103	-0.053364
56	392868													9.712332	-0.612102	0.230788	0.019598	-0.868461	0.495370	-0.072795	0.492910	0.867030	-0.997154	-0.053053	-0.053560
57	393034													9.827868	-0.598864	0.218490	0.019294	-0.868467	0.495371	-0.072858	0.492925	0.867016	-0.997156	-0.052820	-0.053764
58	393201													9.872882	-0.628647	0.223853	0.019118	-0.868460	0.495390	-0.072932	0.492949	0.866996	-0.997154	-0.052705	-0.053914
59	393368													9.814857	-0.643742	0.222474	0.019019	-0.868352	0.495583	-0.073116	0.493138	0.866873	-0.997142	-0.052722	-0.054111
60	393534													9.800127	-0.626836	0.205596	0.018924	-0.868295	0.495687	-0.073300	0.493237	0.866801	-0.997130	-0.052737	-0.054312
61	393701													9.812969	-0.643324	0.195107	0.018809	-0.868186	0.495883	-0.073410	0.493433	0.866681	-0.997124	-0.052704	-0.054453
62	393868													9.805078	-0.655533	0.190254	0.018696	-0.868076	0.496080	-0.073507	0.493631	0.866560	-0.997119	-0.052666	-0.054581
63	394034													9.811408	-0.652179	0.197267	0.018612	-0.868054	0.496120	-0.073538	0.493674	0.866532	-0.997119	-0.052611	-0.054647
64	394201													9.782122	-0.653427	0.165661	0.018480	-0.868052	0.496130	-0.073601	0.493687	0.866519	-0.997117	-0.052529	-0.054766
65	394368													9.807399	-0.632595	0.189721	0.018309	-0.867940	0.496331	-0.073670	0.493894	0.866396	-0.997115	-0.052428	-0.054899
66	394534													9.823301	-0.615962	0.191642	0.018137	-0.867890	0.496425	-0.073740	0.493994	0.866333	-0.997113	-0.052319	-0.055039
67	394701													9.804183	-0.609665	0.164867	0.018003	-0.867859	0.496485	-0.073781	0.494059	0.866292	-0.997112	-0.052227	-0.055137
68	394868													9.812487	-0.611964	0.166344	0.017901	-0.867681	0.496798	-0.073804	0.494376	0.866109	-0.997112	-0.052170	-0.055188
69	395034													9.819621	-0.630020	0.166279	0.017783	-0.867601	0.496944	-0.073834	0.494526	0.866021	-0.997112	-0.052092	-0.055264
70	395201													9.813121	-0.644630	0.164488	0.017683	-0.867524	0.497081	-0.073919	0.494664	0.865935	-0.997107	-0.052056	-0.055380
71	395368													9.826292	-0.644947	0.148087	0.017668	-0.867587	0.496971	-0.074026	0.494549	0.865992	-0.997100	-0.052089	-0.055486
72	395534													9.805245	-0.633808	0.148881	0.017673	-0.867464	0.497186	-0.074130	0.494758	0.865863	-0.997092	-0.052159	-0.055561
73	395701													9.816007	-0.646661	0.148151	0.017702	-0.867281	0.497504	-0.074206	0.495071	0.865678	-0.997086	-0.052242	-0.055593
74	395868													9.808593	-0.646736	0.163086	0.017792	-0.867257	0.497542	-0.074304	0.495098	0.865654	-0.997077	-0.052371	-0.055632
75	396035													9.801744	-0.628869	0.141460	0.017880	-0.867306	0.497455	-0.074435	0.494999	0.865699	-0.997066	-0.052506	-0.055707
76	396201													9.806054	-0.635238	0.183252	0.017963	-0.867239	0.497568	-0.074533	0.495102	0.865632	-0.997057	-0.052635	-0.055745
77	396368													9.834972	-0.614625	0.177531	0.018103	-0.867261	0.497525	-0.074660	0.495045	0.865654	-0.997045	-0.052816	-0.055788
78	396535													9.816671	-0.612746	0.185968	0.018287	-0.867264	0.497512	-0.074789	0.495014	0.865660	-0.997032	-0.053039	-0.055809
79	396701													9.821269	-0.622203	0.165668	0.018503	-0.867173	0.497663	-0.074919	0.495146	0.865574	-0.997018	-0.053300	-0.055806
80	396868													9.806326	-0.631998	0.172601	0.018730	-0.867173	0.497655	-0.075099	0.495116	0.865575	-0.997000	-0.053586	-0.055850
81	397035													9.805231	-0.623522	0.158880	0.018904	-0.867268	0.497482	-0.075289	0.494924	0.865669	-0.996983	-0.053820	-0.055940
82	397201													9.825217	-0.630548	0.145473	0.019132	-0.867178	0.497631	-0.075488	0.495048	0.865580	-0.996963	-0.054126	-0.055990
83	397368													9.812217	-0.659541	0.181461	0.019360	-0.867226	0.497539	-0.075698	0.494932	0.865628	-0.996943	-0.054422	-0.056065
84	397535													9.803240	-0.630309	0.179265	0.019606	-0.867277	0.497440	-0.075881	0.494810	0.865682	-0.996924	-0.054719	-0.056109
85	397701													9.811275	-0.619173	0.204060	0.019859	-0.867353	0.497297	-0.076067	0.494642	0.865761	-0.996905	-0.055021	-0.056154
86	397868													9.810966	-0.612771	0.189934	0.020098	-0.867278	0.497418	-0.076234	0.494741	0.865691	-0.996887	-0.055319	-0.056173
87	398035													9.811634	-0.605892	0.179398	0.020341	-0.867249	0.497459	-0.076470	0.494755	0.865661	-0.996864	-0.055649	-0.056255
88	398201													9.794658	-0.639041	0.204003	0.020564	-0.867172	0.497585	-0.076764	0.494851	0.865580	-0.996837	-0.055996	-0.056391
89	398368													9.830633	-0.638613	0.192548	0.020771	-0.867209	0.497510	-0.077068	0.494748	0.865612	-0.996809	-0.056322	-0.056558
90	398535													9.765342	-0.643637	0.182858	0.020969	-0.867190	0.497535	-0.077384	0.494744	0.865586	-0.996781	-0.056652	-0.056732
91	398701													9.791689	-0.708987	0.187520	0.021060	-0.867135	0.497628	-0.077748	0.494810	0.865516	-0.996751	-0.056917	-0.056997
92	398868													9.831331	-0.660712	0.194725	0.021174	-0.867097	0.497689	-0.078035	0.494848	0.865469	-0.996726	-0.057163	-0.057186
93	399035													9.876083	-0.657589	0.200178	0.021356	-0.867029	0.497801	-0.078092	0.494946	0.865407	-0.996717	-0.057356	-0.057138
94	399201													9.869038	-0.694974	0.223937	0.021773	-0.866990	0.497850	-0.078114	0.494971	0.865391	-0.996707	-0.057731	-0.056947
95	399368													9.834450	-0.657048	0.239713	0.022279	-0.866981	0.497843	-0.078238	0.494928	0.865405	-0.996686	-0.058231	-0.056805
96	399535													9.790614	-0.640171	0.269331	0.022816	-0.866943	0.497885	-0.078376	0.494931	0.865391	-0.996663	-0.058767	-0.056655
97	399701													9.799161	-0.623011	0.274714	0.023317	-0.866903	0.497931	-0.078476	0.494942	0.865375	-0.996643	-0.059254	-0.056490
98	399868													9.789938	-0.640219	0.288810	0.023810	-0.866753	0.498169	-0.078579	0.495146	0.865249	-0.996624	-0.059747	-0.056319
99	400035													9.766600	-0.650063	0.297894	0.024248	-0.866644	0.498337	-0.078716	0.495281	0.865159	-0.996602	-0.060206	-0.056210
100	400201													9.775308	-0.674619	0.303958	0.024606	-0.866607	0.498383	-0.078946	0.495293	0.865131	-0.996575	-0.060632	-0.056228
101	400368													9.802415	-0.681327	0.296073	0.024934	-0.866587	0.498403	-0.079198	0.495278	0.865117	-0.996547	-0.061043	-0.056282
102	400535													9.801279	-0.707996	0.317779	0.025237	-0.866572	0.498413	-0.079458	0.495255	0.865106	-0.996519	-0.061435	-0.056358
103	400701													9.790758	-0.712945	0.311554	0.025495	-0.866537	0.498461	-0.079655	0.495276	0.865076	-0.996496	-0.061760	-0.056397
104	400868													9.842793	-0.678706	0.311328	0.025706	-0.866573	0.498388	-0.079801	0.495183	0.865116	-0.996479	-0.062010	-0.056424
105	401035													9.786057	-0.707169	0.324581	0.025935	-0.866706	0.498144	-0.079970	0.494916	0.865253	-0.996460	-0.062277	-0.056475
106	401201													9.728177	-0.690381	0.282040	0.026004	-0.866832	0.497922	-0.080248	0.494672	0.865367	-0.996436	-0.062460	-0.056698
107	401368													9.743901	-0.624015	0.278417	0.025853	-0.866946	0.497732	-0.080457	0.494478	0.865458	-0.996423	-0.062420	-0.056968
108	401535													9.890669	-0.637279	0.271413	0.025617	-0.866961	0.497716	-0.080524	0.494472	0.865455	-0.996423	-0.062248	-0.057144
109	401701													9.867146	-0.669076	0.265473	0.025581	-0.866903	0.497819	-0.080702	0.494566	0.865385	-0.996410	-0.062312	-0.057309
110	401868													9.823896	-0.668030	0.236391	0.025631	-0.866858	0.497896	-0.080959	0.494624	0.865328	-0.996388	-0.062488	-0.057503
111	402035													9.796414	-0.690538	0.269912	0.025658	-0.866797	0.498000	-0.081229	0.494709	0.865254	-0.996365	-0.062653	-0.057716
112	402201													9.796836	-0.714037	0.254389	0.025707	-0.866789	0.498012	-0.081453	0.494704	0.865236	-0.996346	-0.062807	-0.057885
113	402368													9.832783	-0.727113	0.284974	0.025783	-0.866790	0.498006	-0.081603	0.494685	0.865233	-0.996331	-0.062947	-0.057978
114	402535													9.801046	-0.706419	0.252999	0.025911	-0.866725	0.498113	-0.081637	0.494782	0.865174	-0.996325	-0.063082	-0.057937
115	402701													9.808116	-0.710600	0.255799	0.026001	-0.866729	0.498101	-0.081603	0.494766	0.865186	-0.996326	-0.063142	-0.057864
116	402868													9.783158	-0.690855	0.239999	0.026031	-0.866674	0.498196	-0.081574	0.494861	0.865135	-0.996327	-0.063160	-0.057816
117	403035													9.798232	-0.698072	0.231044	0.026008	-0.866570	0.498377	-0.081470	0.495050	0.865037	-0.996336	-0.063101	-0.057724
118	403201													9.821924	-0.675306	0.242739	0.025975	-0.866474	0.498547	-0.081308	0.495231	0.864948	-0.996351	-0.063003	-0.057587
119	403368													9.825169	-0.692082	0.245943	0.025981	-0.866358	0.498748	-0.081136	0.495443	0.864843	-0.996364	-0.062936	-0.057421
120	403535													9.831695	-0.666612	0.248139	0.026059	-0.866199	0.499019	-0.080999	0.495717	0.864699	-0.996373	-0.062953	-0.057243
121	403701													9.837206	-0.667604	0.261045	0.026292	-0.866084	0.499207	-0.080935	0.495896	0.864602	-0.996373	-0.063135	-0.057059
122	403868													9.807159	-0.673091	0.269398	0.026534	-0.866014	0.499314	-0.080919	0.495990	0.864549	-0.996367	-0.063344	-0.056917
123	404035													9.830803	-0.699648	0.282516	0.026759	-0.865888	0.499522	-0.080974	0.496182	0.864434	-0.996357	-0.063580	-0.056837
124	404201													9.838782	-0.698990	0.292056	0.027048	-0.865860	0.499554	-0.081086	0.496190	0.864419	-0.996340	-0.063887	-0.056788
125	404368													9.812126	-0.690282	0.291029	0.027357	-0.865936	0.499406	-0.081230	0.496015	0.864506	-0.996320	-0.064217	-0.056771
126	404535													9.808243	-0.690220	0.289883	0.027634	-0.865938	0.499387	-0.081351	0.495973	0.864519	-0.996302	-0.064516	-0.056739
127	404701													9.802012	-0.680521	0.291258	0.027874	-0.866012	0.499245	-0.081494	0.495808	0.864600	-0.996284	-0.064785	-0.056755
128	404868													9.778804	-0.659374	0.285461	0.028037	-0.866057	0.499158	-0.081680	0.495700	0.864645	-0.996264	-0.065013	-0.056841
129	405035													9.808081	-0.667949	0.312188	0.028166	-0.866165	0.498965	-0.081899	0.495485	0.864747	-0.996243	-0.065221	-0.056982
130	405201													9.791957	-0.650862	0.311543	0.028258	-0.866230	0.498846	-0.082129	0.495346	0.864805	-0.996221	-0.065407	-0.057145
131	405368													9.813443	-0.662881	0.293561	0.028275	-0.866230	0.498845	-0.082368	0.495328	0.864792	-0.996201	-0.065541	-0.057344
132	405535													9.814688	-0.677216	0.274794	0.028264	-0.866212	0.498877	-0.082607	0.495346	0.864759	-0.996181	-0.065653	-0.057555
133	405701													9.780457	-0.689029	0.283523	0.028224	-0.866216	0.498872	-0.082856	0.495326	0.864747	-0.996162	-0.065741	-0.057791
134	405868													9.772278	-0.705980	0.269555	0.028069	-0.866233	0.498850	-0.083097	0.495298	0.864740	-0.996146	-0.065725	-0.058079
135	406035													9.777884	-0.708973	0.246952	0.027886	-0.866288	0.498766	-0.083306	0.495210	0.864770	-0.996134	-0.065665	-0.058358
136	406201													9.876829	-0.698773	0.252848	0.027683	-0.866388	0.498604	-0.083507	0.495047	0.864844	-0.996123	-0.065578	-0.058645
137	406368													9.892213	-0.718315	0.257182	0.027692	-0.866537	0.498344	-0.083753	0.494771	0.864978	-0.996102	-0.065691	-0.058874
138	406535													9.801358	-0.722128	0.255488	0.027800	-0.866542	0.498329	-0.084020	0.494732	0.864975	-0.996076	-0.065916	-0.059053
139	406701													9.794510	-0.713872	0.247260	0.027854	-0.866563	0.498291	-0.084257	0.494675	0.864984	-0.996055	-0.066078	-0.059235
140	406868													9.876386	-0.749151	0.201511	0.027999	-0.866605	0.498209	-0.084436	0.494573	0.865025	-0.996035	-0.066287	-0.059325
141	407035													9.769698	-0.724858	0.243441	0.028176	-0.866665	0.498094	-0.084562	0.494439	0.865089	-0.996020	-0.066495	-0.059356
142	407201													9.888843	-0.689221	0.236044	0.028368	-0.866699	0.498024	-0.084527	0.494360	0.865138	-0.996017	-0.066639	-0.059235
143	407368													9.900951	-0.742102	0.240240	0.028856	-0.866686	0.498019	-0.084474	0.494330	0.865160	-0.996008	-0.067035	-0.058948
144	407535													9.798738	-0.727254	0.292227	0.029503	-0.866623	0.498091	-0.084537	0.494360	0.865137	-0.995983	-0.067631	-0.058677
145	407701													9.757606	-0.693576	0.300702	0.030025	-0.866528	0.498224	-0.084572	0.494459	0.865077	-0.995965	-0.068110	-0.058438
146	407868													9.781919	-0.712651	0.320088	0.030561	-0.866441	0.498344	-0.084512	0.494552	0.865030	-0.995954	-0.068552	-0.058110
147	408035													9.784514	-0.714504	0.331133	0.031071	-0.866370	0.498435	-0.084427	0.494618	0.865000	-0.995945	-0.068958	-0.057776
148	408201													9.796110	-0.698171	0.336944	0.031563	-0.866267	0.498584	-0.084304	0.494748	0.864938	-0.995940	-0.069332	-0.057414
149	408368													9.794389	-0.715916	0.385937	0.032053	-0.866097	0.498847	-0.084141	0.494993	0.864813	-0.995938	-0.069693	-0.057008
150	408535													9.825098	-0.696718	0.362901	0.032561	-0.865976	0.499024	-0.084027	0.495150	0.864735	-0.995931	-0.070088	-0.056643
151	408701													9.787977	-0.693802	0.367209	0.033041	-0.865796	0.499305	-0.083960	0.495408	0.864593	-0.995921	-0.070489	-0.056324
152	408868													9.772449	-0.724783	0.393813	0.033348	-0.865731	0.499398	-0.083950	0.495484	0.864551	-0.995912	-0.070756	-0.056155
153	409035													9.854923	-0.716518	0.395883	0.033582	-0.865682	0.499467	-0.083929	0.495541	0.864520	-0.995906	-0.070952	-0.056014
154	409201													9.783250	-0.775480	0.387698	0.033837	-0.865638	0.499525	-0.084012	0.495579	0.864490	-0.995890	-0.071218	-0.055955
155	409368													9.710004	-0.776520	0.395799	0.033878	-0.865692	0.499429	-0.084188	0.495468	0.864537	-0.995874	-0.071335	-0.056095
156	409535													9.686595	-0.701694	0.408490	0.033564	-0.865745	0.499358	-0.084185	0.495415	0.864568	-0.995885	-0.071057	-0.056254
157	409701													9.720913	-0.696774	0.394014	0.032947	-0.865857	0.499206	-0.084038	0.495308	0.864643	-0.995918	-0.070440	-0.056447
158	409868													9.752395	-0.707614	0.401675	0.032099	-0.865960	0.499082	-0.084018	0.495234	0.864687	-0.995947	-0.069687	-0.056860
159	410035													9.815331	-0.675975	0.376068	0.031157	-0.866089	0.498918	-0.084106	0.495118	0.864745	-0.995970	-0.068905	-0.057416
160	410201													9.815514	-0.678328	0.353364	0.030266	-0.866163	0.498845	-0.084270	0.495085	0.864748	-0.995983	-0.068211	-0.058007
161	410368													9.779443	-0.712566	0.340022	0.029346	-0.866196	0.498842	-0.084428	0.495125	0.864710	-0.995997	-0.067492	-0.058602
162	410535													9.809120	-0.729615	0.308968	0.028352	-0.866224	0.498852	-0.084525	0.495187	0.864665	-0.996018	-0.066680	-0.059178
163	410701													9.850376	-0.749420	0.268427	0.027373	-0.866284	0.498801	-0.084544	0.495194	0.864659	-0.996044	-0.065839	-0.059684
164	410868													9.849010	-0.745642	0.243153	0.026516	-0.866324	0.498779	-0.084473	0.495228	0.864647	-0.996073	-0.065061	-0.060050
165	411035													9.820618	-0.725316	0.187237	0.025783	-0.866418	0.498653	-0.084370	0.495153	0.864699	-0.996101	-0.064366	-0.060333
166	411201													9.855075	-0.700182	0.259405	0.024880	-0.866463	0.498621	-0.084195	0.495187	0.864697	-0.996139	-0.063495	-0.060631
167	411368													10.017522	-0.687647	0.188584	0.024476	-0.866482	0.498609	-0.083955	0.495215	0.864705	-0.996169	-0.063025	-0.060625
168	411535													9.739919	-0.655286	0.183020	0.024364	-0.866393	0.498768	-0.083698	0.495397	0.864625	-0.996193	-0.062812	-0.060446
169	411701													9.765294	-0.661015	0.153155	0.024047	-0.866337	0.498881	-0.083459	0.495543	0.864564	-0.996221	-0.062426	-0.060387
170	411868													9.847312	-0.659883	0.153413	0.023902	-0.866219	0.499093	-0.083268	0.495776	0.864450	-0.996241	-0.062221	-0.060278
171	412035													9.888767	-0.675165	0.129697	0.024017	-0.866063	0.499358	-0.083131	0.496042	0.864310	-0.996249	-0.062270	-0.060083
172	412201													9.905313	-0.670516	0.152629	0.024463	-0.865849	0.499707	-0.082996	0.496372	0.864134	-0.996250	-0.062613	-0.059719
173	412368													9.890730	-0.685917	0.141361	0.025220	-0.865678	0.499966	-0.082831	0.496596	0.864021	-0.996244	-0.063204	-0.059181
174	412535													9.851195	-0.710193	0.206539	0.026069	-0.865588	0.500078	-0.082689	0.496666	0.863994	-0.996234	-0.063875	-0.058627
175	412702													9.838355	-0.689982	0.206539	0.026979	-0.865414	0.500330	-0.082532	0.496875	0.863889	-0.996223	-0.064601	-0.058019
176	412868													9.841727	-0.679714	0.234604	0.027962	-0.865317	0.500444	-0.082410	0.496940	0.863863	-0.996206	-0.065397	-0.057415
177	413035													9.815779	-0.684290	0.274739	0.028961	-0.865208	0.500576	-0.082342	0.497019	0.863824	-0.996183	-0.066235	-0.056849
178	413202													9.770966	-0.664399	0.285935	0.029919	-0.865127	0.500659	-0.082295	0.497051	0.863810	-0.996159	-0.067046	-0.056325
179	413368													9.759207	-0.656685	0.308062	0.030747	-0.865060	0.500726	-0.082238	0.497075	0.863802	-0.996138	-0.067738	-0.055857
180	413535													9.775192	-0.660619	0.311665	0.031475	-0.864971	0.500834	-0.082174	0.497146	0.863767	-0.996121	-0.068342	-0.055430
181	413702													9.803904	-0.671761	0.324894	0.032167	-0.864913	0.500890	-0.082103	0.497169	0.863760	-0.996105	-0.068909	-0.055020
182	413868													9.793592	-0.671546	0.323020	0.032842	-0.864884	0.500896	-0.082120	0.497137	0.863777	-0.996081	-0.069502	-0.054697
183	414035													9.809175	-0.683899	0.301891	0.033562	-0.864845	0.500916	-0.082155	0.497114	0.863787	-0.996054	-0.070143	-0.054367
184	414202													9.802820	-0.672442	0.338911	0.034293	-0.864832	0.500889	-0.082216	0.497043	0.863822	-0.996024	-0.070805	-0.054058
185	414368													9.828029	-0.679830	0.315096	0.035023	-0.864773	0.500940	-0.082310	0.497048	0.863810	-0.995991	-0.071486	-0.053772
186	414535													9.796159	-0.648411	0.346221	0.035859	-0.864706	0.500997	-0.082388	0.497055	0.863799	-0.995955	-0.072251	-0.053417
187	414702													9.838636	-0.614100	0.351628	0.036584	-0.864641	0.501057	-0.082561	0.497063	0.863778	-0.995914	-0.072968	-0.053201
188	414868													9.797141	-0.658506	0.357012	0.037283	-0.864482	0.501279	-0.082899	0.497224	0.863653	-0.995860	-0.073755	-0.053127
189	415035													9.784629	-0.671351	0.368286	0.037858	-0.864303	0.501545	-0.083037	0.497448	0.863510	-0.995827	-0.074338	-0.052936
190	415535													9.824826	-0.736132	0.378785	0.038497	-0.864097	0.501851	-0.083057	0.497719	0.863353	-0.995801	-0.074919	-0.052609
191	415702													9.794123	-0.789703	0.386792	0.039147	-0.863934	0.502080	-0.083146	0.497907	0.863236	-0.995768	-0.075539	-0.052341
192	415868													9.791285	-0.742790	0.435049	0.039837	-0.863851	0.502170	-0.083150	0.497960	0.863204	-0.995740	-0.076143	-0.051992
193	416035													9.807757	-0.693112	0.459304	0.040546	-0.863795	0.502210	-0.083093	0.497967	0.863206	-0.995717	-0.076730	-0.051585
194	416202													9.797682	-0.687980	0.466782	0.041273	-0.863698	0.502317	-0.082975	0.498046	0.863172	-0.995697	-0.077305	-0.051110
195	416368													9.756545	-0.684507	0.489837	0.041938	-0.863621	0.502394	-0.082816	0.498102	0.863155	-0.995682	-0.077805	-0.050633
196	416535													9.746335	-0.693925	0.491535	0.042430	-0.863576	0.502430	-0.082747	0.498117	0.863152	-0.995667	-0.078198	-0.050323
197	416702													9.773232	-0.703643	0.483346	0.042739	-0.863516	0.502507	-0.082753	0.498178	0.863117	-0.995653	-0.078473	-0.050166
198	416868													9.798989	-0.690089	0.497546	0.042978	-0.863488	0.502535	-0.082787	0.498192	0.863106	-0.995640	-0.078698	-0.050074
199	417035													9.792895	-0.681697	0.482698	0.043111	-0.863425	0.502632	-0.082816	0.498280	0.863052	-0.995632	-0.078833	-0.050024
200	417202													9.773349	-0.708822	0.503416	0.043121	-0.863377	0.502713	-0.082806	0.498361	0.863006	-0.995632	-0.078841	-0.050003
201	417368													9.788212	-0.719558	0.497776	0.043044	-0.863390	0.502698	-0.082767	0.498353	0.863014	-0.995639	-0.078755	-0.050009
202	417535													9.756301	-0.759782	0.490317	0.042865	-0.863378	0.502734	-0.082841	0.498392	0.862985	-0.995640	-0.078639	-0.050159
203	417702													9.721727	-0.711509	0.488217	0.042534	-0.863451	0.502636	-0.082929	0.498305	0.863027	-0.995647	-0.078391	-0.050410
204	417868													9.824812	-0.700560	0.469841	0.042070	-0.863534	0.502533	-0.082884	0.498228	0.863075	-0.995671	-0.077962	-0.050613
205	418035													9.858327	-0.716280	0.433489	0.041738	-0.863616	0.502419	-0.082819	0.498136	0.863135	-0.995690	-0.077636	-0.050733
206	418202													9.795981	-0.706706	0.431968	0.041400	-0.863664	0.502365	-0.082768	0.498103	0.863158	-0.995709	-0.077314	-0.050863
207	418368													9.777581	-0.688861	0.427227	0.041020	-0.863729	0.502284	-0.082799	0.498039	0.863193	-0.995722	-0.076997	-0.051087
208	418535													9.822770	-0.680723	0.439287	0.040624	-0.863759	0.502264	-0.082819	0.498039	0.863191	-0.995736	-0.076663	-0.051303
209	418702													9.837225	-0.681854	0.430381	0.040329	-0.863770	0.502271	-0.082821	0.498060	0.863178	-0.995748	-0.076409	-0.051452
210	418868													9.816812	-0.698196	0.399996	0.040097	-0.863764	0.502299	-0.082839	0.498099	0.863154	-0.995756	-0.076220	-0.051581
211	419035													9.800774	-0.714858	0.365859	0.039878	-0.863793	0.502266	-0.082825	0.498078	0.863168	-0.995766	-0.076022	-0.051681
212	419202													9.807328	-0.702493	0.344357	0.039604	-0.863826	0.502231	-0.082815	0.498058	0.863180	-0.995778	-0.075778	-0.051812
213	419368													9.821662	-0.702970	0.373608	0.039334	-0.863873	0.502172	-0.082792	0.498015	0.863207	-0.995790	-0.075529	-0.051933
214	419535													9.810930	-0.699742	0.365301	0.039143	-0.863842	0.502240	-0.082704	0.498100	0.863166	-0.995805	-0.075324	-0.051946
215	419702													9.813778	-0.693394	0.394173	0.038991	-0.863836	0.502262	-0.082575	0.498140	0.863156	-0.995822	-0.075130	-0.051908
216	419868													9.815097	-0.684747	0.385983	0.038850	-0.863827	0.502289	-0.082482	0.498181	0.863141	-0.995835	-0.074963	-0.051896
217	420035													9.812576	-0.687934	0.368088	0.038719	-0.863803	0.502340	-0.082423	0.498243	0.863111	-0.995845	-0.074823	-0.051905
218	420202													9.808438	-0.677956	0.354377	0.038551	-0.863787	0.502380	-0.082360	0.498297	0.863086	-0.995857	-0.074649	-0.051932
219	420368													9.826308	-0.703398	0.344157	0.038395	-0.863720	0.502507	-0.082299	0.498436	0.863011	-0.995868	-0.074491	-0.051946
220	420535													9.804747	-0.710564	0.385265	0.038259	-0.863684	0.502579	-0.082271	0.498517	0.862967	-0.995875	-0.074364	-0.051983
221	420702													9.807162	-0.707363	0.369690	0.038160	-0.863671	0.502609	-0.082251	0.498554	0.862948	-0.995881	-0.074270	-0.052013
222	420868													9.804848	-0.713550	0.352078	0.038013	-0.863704	0.502563	-0.082169	0.498522	0.862974	-0.995893	-0.074099	-0.052019
223	421035													9.823287	-0.716636	0.363432	0.037948	-0.863778	0.502441	-0.082123	0.498407	0.863045	-0.995899	-0.074013	-0.052023
224	421202													9.828856	-0.706816	0.370406	0.037897	-0.863812	0.502388	-0.082087	0.498359	0.863076	-0.995904	-0.073948	-0.052021
225	421368													9.805113	-0.700379	0.362252	0.037878	-0.863854	0.502315	-0.082078	0.498288	0.863118	-0.995906	-0.073922	-0.052029
226	421535													9.767200	-0.672146	0.356274	0.037794	-0.863914	0.502219	-0.082085	0.498196	0.863170	-0.995908	-0.073847	-0.052086
227	421702													9.788438	-0.695921	0.351656	0.037612	-0.864013	0.502062	-0.082088	0.498048	0.863255	-0.995915	-0.073682	-0.052193
228	421868													9.814273	-0.690332	0.355107	0.037409	-0.864031	0.502047	-0.082100	0.498043	0.863257	-0.995922	-0.073511	-0.052305
229	422035													9.830006	-0.690388	0.345366	0.037237	-0.864054	0.502020	-0.082083	0.498026	0.863268	-0.995930	-0.073353	-0.052379
230	422202													9.832716	-0.681182	0.352185	0.037184	-0.864100	0.501945	-0.082091	0.497953	0.863310	-0.995931	-0.073307	-0.052419
231	422368													9.830873	-0.709760	0.355721	0.037152	-0.864114	0.501922	-0.082124	0.497930	0.863320	-0.995929	-0.073294	-0.052465
232	422535													9.820391	-0.700794	0.374801	0.037224	-0.864136	0.501879	-0.082132	0.497883	0.863346	-0.995926	-0.073358	-0.052440
233	422702													9.840800	-0.720427	0.369063	0.037330	-0.864164	0.501824	-0.082152	0.497820	0.863381	-0.995920	-0.073456	-0.052409
234	422868													9.805073	-0.708456	0.379317	0.037514	-0.864192	0.501763	-0.082160	0.497749	0.863421	-0.995913	-0.073615	-0.052329
235	423035													9.777365	-0.738183	0.364090	0.037619	-0.864174	0.501785	-0.082129	0.497768	0.863413	-0.995911	-0.073692	-0.052249
236	423202													9.802860	-0.735165	0.341682	0.037669	-0.864237	0.501672	-0.082148	0.497651	0.863478	-0.995908	-0.073738	-0.052249
237	423368													9.795389	-0.680763	0.372870	0.037671	-0.864285	0.501590	-0.082043	0.497577	0.863531	-0.995917	-0.073682	-0.052164
238	423535													9.822479	-0.683749	0.389306	0.037721	-0.864291	0.501575	-0.081811	0.497576	0.863553	-0.995934	-0.073608	-0.051939
239	423702													9.877892	-0.703258	0.377404	0.037926	-0.864319	0.501512	-0.081691	0.497512	0.863602	-0.995936	-0.073722	-0.051739
240	423868													9.890682	-0.709075	0.401531	0.038349	-0.864352	0.501424	-0.081737	0.497398	0.863663	-0.995916	-0.074106	-0.051574
241	424035													9.836175	-0.678255	0.408016	0.038930	-0.864372	0.501344	-0.081730	0.497289	0.863727	-0.995894	-0.074600	-0.051286
242	424202													9.817766	-0.688904	0.413178	0.039544	-0.864385	0.501272	-0.081647	0.497192	0.863790	-0.995877	-0.075085	-0.050913
243	424368													9.768479	-0.689256	0.442392	0.040154	-0.864366	0.501257	-0.081513	0.497156	0.863824	-0.995863	-0.075545	-0.050495
244	424535													9.754017	-0.675634	0.432229	0.040633	-0.864351	0.501245	-0.081416	0.497127	0.863850	-0.995852	-0.075910	-0.050172
245	424702													9.784840	-0.680074	0.446182	0.041016	-0.864300	0.501302	-0.081347	0.497170	0.863832	-0.995841	-0.076211	-0.049916
246	424868													9.771309	-0.674779	0.431090	0.041337	-0.864239	0.501381	-0.081282	0.497238	0.863799	-0.995834	-0.076460	-0.049693
247	425035													9.811286	-0.703349	0.433109	0.041568	-0.864196	0.501435	-0.081185	0.497288	0.863779	-0.995832	-0.076614	-0.049489
248	425202													9.831031	-0.698007	0.460528	0.041802	-0.864156	0.501485	-0.081098	0.497333	0.863761	-0.995829	-0.076776	-0.049292
249	425368													9.820006	-0.693134	0.445819	0.042081	-0.864141	0.501488	-0.081025	0.497328	0.863771	-0.995823	-0.076982	-0.049089
250	425535													9.789718	-0.728904	0.435491	0.042324	-0.864197	0.501370	-0.081144	0.497189	0.863840	-0.995803	-0.077244	-0.049081
251	425702													9.750073	-0.698641	0.423278	0.042452	-0.864286	0.501206	-0.081275	0.497008	0.863931	-0.995787	-0.077411	-0.049146
252	425868													9.791935	-0.683553	0.429871	0.042431	-0.864351	0.501096	-0.081232	0.496902	0.863996	-0.995792	-0.077365	-0.049129
253	426035													9.841805	-0.693691	0.414103	0.042435	-0.864358	0.501083	-0.081130	0.496897	0.864009	-0.995800	-0.077317	-0.049039
254	426202													9.836905	-0.683388	0.410602	0.042535	-0.864396	0.501009	-0.081091	0.496821	0.864056	-0.995799	-0.077379	-0.048962
255	426368													9.801465	-0.669670	0.430826	0.042644	-0.864396	0.501000	-0.081093	0.496807	0.864064	-0.995794	-0.077475	-0.048911
256	426535													9.810868	-0.663853	0.430054	0.042808	-0.864384	0.501007	-0.081065	0.496808	0.864066	-0.995789	-0.077603	-0.048804
257	426702													9.803576	-0.723193	0.428126	0.043008	-0.864321	0.501099	-0.080990	0.496896	0.864023	-0.995787	-0.077744	-0.048631
258	426868													9.848152	-0.713154	0.417066	0.043235	-0.864256	0.501191	-0.080877	0.496986	0.863982	-0.995786	-0.077889	-0.048411
259	427035													9.825584	-0.743112	0.445868	0.043536	-0.864189	0.501280	-0.080769	0.497069	0.863944	-0.995782	-0.078100	-0.048159
260	427202													9.811535	-0.701648	0.448013	0.043780	-0.864200	0.501239	-0.080632	0.497027	0.863981	-0.995782	-0.078241	-0.047923
261	427368													9.798014	-0.664949	0.449172	0.044003	-0.864242	0.501149	-0.080543	0.496933	0.864043	-0.995779	-0.078385	-0.047742
262	427535													9.778531	-0.663401	0.453088	0.044110	-0.864221	0.501175	-0.080435	0.496962	0.864036	-0.995783	-0.078424	-0.047593
263	427702													9.746348	-0.644747	0.448768	0.044099	-0.864190	0.501229	-0.080370	0.497022	0.864008	-0.995789	-0.078385	-0.047537
264	427868													9.793315	-0.663017	0.451094	0.043936	-0.864151	0.501312	-0.080366	0.497113	0.863956	-0.995797	-0.078247	-0.047608
265	428035													9.815976	-0.662946	0.443136	0.043736	-0.864094	0.501427	-0.080437	0.497232	0.863881	-0.995800	-0.078116	-0.047759
266	428202													9.834385	-0.696575	0.436188	0.043584	-0.864032	0.501546	-0.080575	0.497348	0.863802	-0.995795	-0.078060	-0.047943
267	428368													9.822443	-0.716093	0.409080	0.043473	-0.864004	0.501605	-0.080741	0.497399	0.863757	-0.995787	-0.078050	-0.048137
268	428535													9.788479	-0.733299	0.414737	0.043374	-0.864022	0.501582	-0.080887	0.497370	0.863760	-0.995779	-0.078037	-0.048315
269	428702													9.806904	-0.719708	0.416330	0.043280	-0.864061	0.501523	-0.080994	0.497307	0.863786	-0.995774	-0.078005	-0.048461
270	428868													9.826980	-0.722803	0.410364	0.043231	-0.864154	0.501368	-0.081076	0.497147	0.863870	-0.995770	-0.077994	-0.048570
271	429035													9.845889	-0.722370	0.412831	0.043272	-0.864229	0.501235	-0.081195	0.497003	0.863942	-0.995758	-0.078082	-0.048665
272	429202													9.848580	-0.712477	0.403906	0.043383	-0.864347	0.501021	-0.081342	0.496772	0.864061	-0.995742	-0.078240	-0.048756
273	429369													9.841763	-0.693912	0.411699	0.043535	-0.864436	0.500854	-0.081469	0.496587	0.864155	-0.995725	-0.078425	-0.048806
274	429535													9.789397	-0.701819	0.424559	0.043706	-0.864488	0.500749	-0.081560	0.496468	0.864215	-0.995710	-0.078613	-0.048809
275	429702													9.785722	-0.712486	0.429197	0.043791	-0.864539	0.500655	-0.081655	0.496362	0.864267	-0.995698	-0.078728	-0.048857
276	429869													9.792521	-0.719110	0.429176	0.043848	-0.864571	0.500594	-0.081730	0.496292	0.864300	-0.995689	-0.078811	-0.048900
277	430035													9.815351	-0.708084	0.422307	0.043858	-0.864597	0.500548	-0.081801	0.496240	0.864323	-0.995683	-0.078853	-0.048961
278	430202													9.840337	-0.720862	0.425880	0.043870	-0.864607	0.500529	-0.081840	0.496217	0.864332	-0.995679	-0.078882	-0.048990
279	430369													9.830156	-0.716099	0.426356	0.043922	-0.864611	0.500519	-0.081904	0.496200	0.864337	-0.995672	-0.078958	-0.049021
280	430535													9.826130	-0.717396	0.429598	0.044053	-0.864530	0.500646	-0.081905	0.496320	0.864267	-0.995666	-0.079079	-0.048945
281	430702													9.791135	-0.754888	0.424067	0.044164	-0.864465	0.500749	-0.081907	0.496417	0.864211	-0.995661	-0.079182	-0.048882
282	430869													9.808187	-0.730407	0.427125	0.044297	-0.864409	0.500834	-0.081900	0.496496	0.864167	-0.995656	-0.079298	-0.048801
283	431035													9.785843	-0.756492	0.407674	0.044361	-0.864346	0.500937	-0.081875	0.496598	0.864110	-0.995655	-0.079347	-0.048739
284	431202													9.817618	-0.757026	0.425658	0.044375	-0.864319	0.500983	-0.081825	0.496648	0.864087	-0.995658	-0.079337	-0.048683
285	431369													9.899764	-0.713589	0.433333	0.044467	-0.864302	0.501004	-0.081603	0.496681	0.864088	-0.995672	-0.079307	-0.048443
286	431535													9.881860	-0.758085	0.438176	0.044799	-0.864230	0.501099	-0.081318	0.496783	0.864057	-0.995681	-0.079457	-0.048022
287	431702													9.803874	-0.751969	0.442775	0.045218	-0.864192	0.501126	-0.081143	0.496804	0.864061	-0.995676	-0.079734	-0.047658
288	431869													9.707771	-0.707077	0.438446	0.045510	-0.864151	0.501171	-0.081002	0.496846	0.864050	-0.995674	-0.079919	-0.047386
289	432035													9.733560	-0.700532	0.453477	0.045570	-0.864096	0.501260	-0.080773	0.496951	0.864011	-0.995690	-0.079861	-0.047149
