// General information: 
//  MT Manager version: 2022.2.0 
//  XDA version: 2022.2.0 build 7381 rev 124627 built on 2023-07-19
// Device information: 
//  DeviceId: 00B4D200
//  ProductCode: MTW2-3A7G6
//  Firmware Version: 4.6.0
//  Hardware Version: 2.0.0
// Device settings: 
//  Filter Profile: human(46.1)
//  Option Flags: Orientation Smoother Disabled, Position/Velocity Smoother Disabled, Continuous Zero Rotation Update Disabled, AHS Disabled, ICC Disabled
// Coordinate system: ENU
PacketCounter	SampleTimeFine	Year	Month	Day	Second	UTC_Nano	UTC_Year	UTC_Month	UTC_Day	UTC_Hour	UTC_Minute	UTC_Second	UTC_Valid	Acc_X	Acc_Y	Acc_Z	VelInc_X	VelInc_Y	VelInc_Z	OriInc_q0	OriInc_q1	OriInc_q2	OriInc_q3	Quat_q0	Quat_q1	Quat_q2	Quat_q3	Roll	Pitch	Yaw	Mat[1][1]	Mat[2][1]	Mat[3][1]	Mat[1][2]	Mat[2][2]	Mat[3][2]	Mat[1][3]	Mat[2][3]	Mat[3][3]
32568														9.639592	0.174550	1.467139	0.160660	0.002910	0.024450	1.000000	0.000052	0.000017	0.000013	-0.338898	-0.592892	0.273541	-0.677349	11.993799	-81.338582	116.524679	-0.067253	0.134744	0.988596	-0.783466	-0.620647	0.031295	0.617785	-0.772426	0.147308
32569														9.682421	0.208461	1.471582	0.161374	0.003473	0.024526	1.000000	0.000056	0.000001	0.000002	-0.338880	-0.592929	0.273520	-0.677335	12.013681	-81.341659	116.508450	-0.067191	0.134715	0.988604	-0.783426	-0.620694	0.031335	0.617842	-0.772393	0.147245
32570														9.663437	0.244030	1.481502	0.161057	0.004065	0.024695	1.000000	0.000014	-0.000017	-0.000009	-0.338888	-0.592967	0.273525	-0.677295	12.039874	-81.346574	116.481248	-0.067090	0.134671	0.988617	-0.783437	-0.620678	0.031384	0.617839	-0.772414	0.147148
32571														9.668650	0.213614	1.470758	0.161144	0.003560	0.024512	1.000000	-0.000049	0.000005	-0.000010	-0.338928	-0.592976	0.273555	-0.677256	12.057254	-81.349193	116.457748	-0.067014	0.134658	0.988623	-0.783504	-0.620592	0.031419	0.617763	-0.772485	0.147094
32572														9.661991	0.195343	1.478961	0.161034	0.003262	0.024646	1.000000	-0.000076	0.000019	0.000024	-0.338979	-0.592950	0.273630	-0.677223	12.043417	-81.350835	116.460251	-0.067008	0.134630	0.988628	-0.783626	-0.620440	0.031378	0.617609	-0.772611	0.147074
32573														9.651360	0.160872	1.449069	0.160856	0.002693	0.024148	1.000000	-0.000084	0.000019	0.000061	-0.339011	-0.592910	0.273734	-0.677199	12.001432	-81.353328	116.490008	-0.067058	0.134557	0.988634	-0.783755	-0.620282	0.031261	0.617439	-0.772751	0.147055
32574														9.612435	0.140637	1.483382	0.160207	0.002362	0.024720	1.000000	-0.000064	0.000018	0.000103	-0.339008	-0.592863	0.273854	-0.677193	11.930373	-81.356824	116.550594	-0.067174	0.134432	0.988643	-0.783864	-0.620155	0.031066	0.617288	-0.772875	0.147034
32575														9.658114	0.136581	1.491097	0.160969	0.002296	0.024846	1.000000	-0.000067	0.000034	0.000114	-0.339006	-0.592802	0.273979	-0.677197	11.849361	-81.358918	116.620628	-0.067322	0.134317	0.988649	-0.783979	-0.620021	0.030851	0.617127	-0.773003	0.147043
32576														9.656024	0.126522	1.472886	0.160935	0.002128	0.024539	1.000000	-0.000074	0.000059	0.000106	-0.339019	-0.592724	0.274094	-0.677213	11.769164	-81.357977	116.689245	-0.067490	0.134251	0.988646	-0.784100	-0.619877	0.030649	0.616954	-0.773129	0.147102
32577														9.648673	0.147697	1.465824	0.160813	0.002470	0.024416	1.000000	-0.000088	0.000085	0.000039	-0.339069	-0.592651	0.274152	-0.677228	11.732223	-81.352614	116.716288	-0.067595	0.134302	0.988632	-0.784206	-0.619746	0.030572	0.616807	-0.773225	0.147212
32578														9.640929	0.172219	1.491621	0.160684	0.002877	0.024847	1.000000	-0.000127	0.000079	0.000021	-0.339171	-0.592567	0.274241	-0.677214	11.706597	-81.347535	116.724413	-0.067653	0.134371	0.988619	-0.784396	-0.619509	0.030524	0.616560	-0.773403	0.147311
32579														9.654860	0.163980	1.461116	0.160916	0.002739	0.024338	1.000000	-0.000149	0.000083	0.000017	-0.339279	-0.592480	0.274332	-0.677200	11.680810	-81.341941	116.732081	-0.067715	0.134448	0.988604	-0.784591	-0.619264	0.030478	0.616304	-0.773587	0.147420
32580														9.666053	0.153382	1.477026	0.161103	0.002560	0.024600	1.000000	-0.000150	0.000103	-0.000000	-0.339409	-0.592380	0.274410	-0.677190	11.663784	-81.333598	116.730011	-0.067774	0.134579	0.988582	-0.784799	-0.619001	0.030463	0.616033	-0.773774	0.147570
32581														9.640982	0.127109	1.480810	0.160686	0.002121	0.024663	1.000000	-0.000111	0.000103	-0.000001	-0.339519	-0.592292	0.274464	-0.677190	11.651239	-81.325161	116.727406	-0.067834	0.134712	0.988560	-0.784964	-0.618792	0.030460	0.615817	-0.773918	0.147719
32582														9.664389	0.101658	1.445402	0.161075	0.001697	0.024077	1.000000	-0.000049	0.000079	0.000009	-0.339584	-0.592238	0.274494	-0.677193	11.643006	-81.319719	116.726928	-0.067875	0.134796	0.988546	-0.785059	-0.618672	0.030458	0.615691	-0.773999	0.147815
32583														9.650913	0.065526	1.462317	0.160849	0.001093	0.024366	1.000000	0.000039	0.000036	0.000013	-0.339582	-0.592239	0.274482	-0.677198	11.646848	-81.319034	116.724299	-0.067874	0.134810	0.988544	-0.785046	-0.618687	0.030470	0.615707	-0.773985	0.147825
32584														9.671260	0.078767	1.455691	0.161189	0.001309	0.024255	1.000000	0.000152	0.000042	-0.000001	-0.339527	-0.592279	0.274386	-0.677229	11.674276	-81.317536	116.710451	-0.067853	0.134849	0.988540	-0.784901	-0.618867	0.030546	0.615894	-0.773834	0.147836
32585														9.665474	0.150784	1.450702	0.161092	0.002505	0.024173	1.000000	0.000208	0.000036	-0.000018	-0.339443	-0.592349	0.274238	-0.677269	11.721469	-81.316294	116.684138	-0.067801	0.134900	0.988537	-0.784678	-0.619144	0.030672	0.616184	-0.773604	0.147831
32586														9.701585	0.167922	1.463606	0.161694	0.002786	0.024389	1.000000	0.000225	0.000032	-0.000044	-0.339364	-0.592435	0.274063	-0.677305	11.789575	-81.314828	116.638894	-0.067705	0.134976	0.988533	-0.784435	-0.619443	0.030853	0.616504	-0.773351	0.147819
32587														9.652439	0.209423	1.487227	0.160876	0.003479	0.024773	1.000000	0.000202	0.000091	-0.000041	-0.339312	-0.592473	0.273885	-0.677370	11.844770	-81.306816	116.604145	-0.067686	0.135140	0.988512	-0.784219	-0.619708	0.031024	0.616782	-0.773110	0.147925
32588														9.645009	0.233518	1.480391	0.160752	0.003882	0.024660	1.000000	0.000101	0.000087	-0.000045	-0.339322	-0.592481	0.273776	-0.677402	11.891519	-81.299287	116.566067	-0.067654	0.135302	0.988492	-0.784129	-0.619814	0.031171	0.616899	-0.772997	0.148027
32589														9.665218	0.247136	1.474568	0.161089	0.004119	0.024564	1.000000	0.000057	0.000077	0.000012	-0.339334	-0.592458	0.273746	-0.677428	11.894180	-81.294118	116.564876	-0.067691	0.135383	0.988478	-0.784115	-0.619831	0.031196	0.616913	-0.772969	0.148113
32590														9.665478	0.206164	1.492515	0.161093	0.003439	0.024862	1.000000	-0.000004	0.000081	0.000018	-0.339372	-0.592414	0.273754	-0.677444	11.884532	-81.288762	116.570136	-0.067745	0.135459	0.988464	-0.784163	-0.619770	0.031191	0.616846	-0.773004	0.148208
32591														9.659011	0.185075	1.469321	0.160985	0.003090	0.024476	1.000000	-0.000050	0.000076	0.000027	-0.339420	-0.592359	0.273793	-0.677453	11.863863	-81.284229	116.582783	-0.067810	0.135514	0.988452	-0.784250	-0.619662	0.031153	0.616728	-0.773081	0.148296
32592														9.659283	0.143752	1.487162	0.160990	0.002400	0.024775	1.000000	-0.000062	0.000069	0.000014	-0.339481	-0.592307	0.273835	-0.677451	11.851171	-81.280025	116.586078	-0.067850	0.135575	0.988441	-0.784352	-0.619534	0.031135	0.616594	-0.773173	0.148374
32593														9.657150	0.135632	1.469353	0.160954	0.002263	0.024479	1.000000	-0.000012	0.000066	0.000015	-0.339524	-0.592269	0.273854	-0.677454	11.844899	-81.276160	116.586590	-0.067881	0.135634	0.988431	-0.784415	-0.619455	0.031133	0.616511	-0.773226	0.148443
32594														9.667979	0.166588	1.467895	0.161134	0.002771	0.024461	1.000000	0.000000	0.000024	-0.000035	-0.339577	-0.592280	0.273845	-0.677422	11.882848	-81.275858	116.544723	-0.067784	0.135688	0.988430	-0.784459	-0.619394	0.031232	0.616465	-0.773266	0.148427
32595														9.652162	0.164503	1.448647	0.160870	0.002735	0.024140	1.000000	0.000012	0.000023	-0.000042	-0.339623	-0.592298	0.273820	-0.677393	11.926917	-81.275410	116.498680	-0.067678	0.135750	0.988429	-0.784483	-0.619358	0.031348	0.616447	-0.773284	0.148410
32596														9.672973	0.175701	1.409154	0.161217	0.002923	0.023481	1.000000	0.000023	0.000030	-0.000030	-0.339659	-0.592311	0.273797	-0.677373	11.962352	-81.274532	116.462005	-0.067598	0.135807	0.988427	-0.784498	-0.619333	0.031443	0.616436	-0.773293	0.148406
32597														9.656287	0.178641	1.455240	0.160939	0.002973	0.024251	1.000000	0.000027	0.000022	-0.000020	-0.339677	-0.592332	0.273772	-0.677356	11.993045	-81.274882	116.432039	-0.067525	0.135837	0.988427	-0.784492	-0.619338	0.031521	0.616452	-0.773285	0.148383
32598														9.639567	0.219447	1.452201	0.160660	0.003657	0.024199	1.000000	0.000021	0.000025	-0.000002	-0.339691	-0.592341	0.273765	-0.677344	12.008628	-81.275218	116.415832	-0.067484	0.135850	0.988428	-0.784499	-0.619326	0.031560	0.616447	-0.773292	0.148369
32599														9.681781	0.161236	1.438480	0.161364	0.002692	0.023966	1.000000	0.000030	0.000056	0.000032	-0.339682	-0.592326	0.273758	-0.677364	11.996668	-81.273075	116.429123	-0.067531	0.135868	0.988423	-0.784485	-0.619346	0.031537	0.616460	-0.773273	0.148412
32600														9.653576	0.172962	1.471099	0.160894	0.002889	0.024508	1.000000	0.000041	0.000062	0.000045	-0.339661	-0.592306	0.273751	-0.677395	11.975599	-81.270467	116.452635	-0.067607	0.135880	0.988416	-0.784458	-0.619382	0.031492	0.616486	-0.773242	0.148467
32601														9.655673	0.177510	1.459444	0.160931	0.002962	0.024303	1.000000	0.000043	0.000133	0.000025	-0.339659	-0.592249	0.273697	-0.677468	11.957371	-81.259471	116.475519	-0.067746	0.136023	0.988387	-0.784409	-0.619444	0.031484	0.616532	-0.773167	0.148663
32602														9.684387	0.177698	1.514755	0.161409	0.002966	0.025228	1.000000	0.000045	0.000114	0.000033	-0.339667	-0.592194	0.273669	-0.677523	11.937211	-81.250656	116.497096	-0.067865	0.136134	0.988363	-0.784395	-0.619463	0.031463	0.616537	-0.773132	0.148823
32603														9.632114	0.158380	1.485069	0.160538	0.002644	0.024730	1.000000	0.000049	0.000135	0.000036	-0.339656	-0.592133	0.273618	-0.677603	11.910733	-81.239565	116.528825	-0.068026	0.136267	0.988334	-0.784340	-0.619534	0.031434	0.616590	-0.773051	0.149024
32604														9.636088	0.170807	1.492785	0.160604	0.002849	0.024866	1.000000	0.000058	0.000086	0.000023	-0.339648	-0.592106	0.273580	-0.677646	11.902647	-81.233561	116.540860	-0.068101	0.136346	0.988318	-0.784298	-0.619587	0.031434	0.616635	-0.772995	0.149130
32605														9.626387	0.188116	1.499091	0.160441	0.003140	0.024977	1.000000	0.000051	0.000051	0.000036	-0.339619	-0.592099	0.273562	-0.677674	11.889423	-81.231839	116.558209	-0.068155	0.136352	0.988313	-0.784253	-0.619645	0.031406	0.616686	-0.772947	0.149166
32606														9.640564	0.142200	1.516577	0.160676	0.002370	0.025277	1.000000	0.000049	-0.000005	0.000010	-0.339594	-0.592137	0.273547	-0.677659	11.903904	-81.235795	116.547547	-0.068100	0.136303	0.988324	-0.784212	-0.619697	0.031429	0.616745	-0.772915	0.149092
32607														9.635455	0.172872	1.526512	0.160589	0.002879	0.025452	1.000000	0.000046	-0.000062	-0.000007	-0.339571	-0.592216	0.273548	-0.677602	11.939135	-81.245729	116.514639	-0.067945	0.136189	0.988350	-0.784186	-0.619726	0.031485	0.616795	-0.772911	0.148905
32608														9.590554	0.172394	1.484385	0.159839	0.002869	0.024765	1.000000	0.000048	-0.000155	-0.000018	-0.339531	-0.592360	0.273574	-0.677484	11.997715	-81.265893	116.457954	-0.067655	0.135945	0.988404	-0.784164	-0.619751	0.031565	0.616855	-0.772935	0.148532
32609														9.630158	0.152909	1.495905	0.160497	0.002549	0.024970	1.000000	0.000016	-0.000238	0.000003	-0.339469	-0.592548	0.273659	-0.677318	12.050865	-81.295929	116.403975	-0.067297	0.135544	0.988483	-0.784168	-0.619744	0.031595	0.616889	-0.773010	0.147996
32610														9.639957	0.175940	1.469542	0.160659	0.002932	0.024536	1.000000	0.000038	-0.000269	0.000004	-0.339392	-0.592759	0.273747	-0.677136	12.110536	-81.329403	116.344545	-0.066900	0.135097	0.988571	-0.784160	-0.619752	0.031628	0.616942	-0.773082	0.147398
32611														9.651687	0.207288	1.462111	0.160855	0.003445	0.024410	1.000000	0.000022	-0.000255	-0.000055	-0.339377	-0.592968	0.273813	-0.676934	12.210099	-81.359773	116.241492	-0.066425	0.134747	0.988651	-0.784195	-0.619700	0.031773	0.616949	-0.773185	0.146831
32612														9.671328	0.173132	1.447647	0.161184	0.002874	0.024160	1.000000	-0.000019	-0.000205	-0.000077	-0.339407	-0.593138	0.273870	-0.676746	12.313588	-81.384019	116.131008	-0.065981	0.134499	0.988715	-0.784270	-0.619597	0.031949	0.616902	-0.773311	0.146365
32613														9.667547	0.161317	1.438436	0.161122	0.002683	0.024001	1.000000	-0.000032	-0.000171	-0.000037	-0.339426	-0.593271	0.273948	-0.676589	12.381612	-81.405468	116.054971	-0.065639	0.134254	0.988771	-0.784354	-0.619485	0.032043	0.616830	-0.773443	0.145965
32614														9.719898	0.180659	1.467835	0.161996	0.003007	0.024479	1.000000	-0.000014	-0.000093	-0.000024	-0.339456	-0.593349	0.274002	-0.676484	12.429037	-81.418400	116.000504	-0.065414	0.134115	0.988804	-0.784429	-0.619386	0.032116	0.616759	-0.773546	0.145721
32615														9.668113	0.162401	1.434506	0.161134	0.002701	0.023916	1.000000	-0.000023	-0.000050	-0.000040	-0.339492	-0.593408	0.274020	-0.676406	12.480386	-81.426239	115.944549	-0.065224	0.134058	0.988825	-0.784480	-0.619317	0.032218	0.616715	-0.773612	0.145560
32616														9.676874	0.188605	1.444592	0.161280	0.003141	0.024086	1.000000	-0.000009	-0.000062	-0.000019	-0.339497	-0.593478	0.274040	-0.676334	12.520559	-81.435996	115.902441	-0.065052	0.133954	0.988850	-0.784500	-0.619288	0.032283	0.616707	-0.773653	0.145373
32617														9.640400	0.175702	1.464101	0.160673	0.002925	0.024406	1.000000	-0.000004	-0.000028	-0.000023	-0.339533	-0.593518	0.274060	-0.676273	12.558887	-81.441739	115.859211	-0.064907	0.133914	0.988865	-0.784553	-0.619217	0.032359	0.616655	-0.773717	0.145254
32618														9.665632	0.199328	1.428910	0.161093	0.003320	0.023823	1.000000	-0.000001	-0.000047	-0.000016	-0.339541	-0.593575	0.274078	-0.676211	12.593654	-81.449733	115.822424	-0.064761	0.133831	0.988886	-0.784575	-0.619186	0.032417	0.616643	-0.773755	0.145100
32619														9.676845	0.192124	1.474827	0.161280	0.003203	0.024586	1.000000	-0.000012	-0.000038	0.000002	-0.339566	-0.593609	0.274126	-0.676150	12.612348	-81.456994	115.797395	-0.064648	0.133747	0.988905	-0.784642	-0.619100	0.032437	0.616569	-0.773839	0.144967
32620														9.640803	0.176054	1.461401	0.160678	0.002936	0.024370	1.000000	-0.000009	-0.000084	0.000007	-0.339551	-0.593682	0.274174	-0.676073	12.635572	-81.469649	115.771638	-0.064493	0.133579	0.988937	-0.784667	-0.619067	0.032448	0.616553	-0.773894	0.144741
32621														9.661496	0.188846	1.452402	0.161023	0.003151	0.024220	1.000000	0.000024	-0.000081	0.000024	-0.339503	-0.593764	0.274204	-0.676014	12.650885	-81.482610	115.758448	-0.064365	0.133393	0.988971	-0.784642	-0.619100	0.032437	0.616599	-0.773900	0.144514
32622														9.661764	0.188374	1.450683	0.161027	0.003144	0.024194	1.000000	0.000032	-0.000096	0.000033	-0.339449	-0.593852	0.274247	-0.675946	12.663308	-81.497435	115.747498	-0.064229	0.133174	0.989009	-0.784623	-0.619125	0.032413	0.616637	-0.773918	0.144257
32623														9.653433	0.162035	1.437676	0.160888	0.002707	0.023977	1.000000	0.000049	-0.000095	0.000046	-0.339382	-0.593939	0.274291	-0.675885	12.667527	-81.512481	115.745858	-0.064112	0.132942	0.989048	-0.784592	-0.619168	0.032366	0.616689	-0.773924	0.144001
32624														9.696936	0.192484	1.407480	0.161613	0.003215	0.023473	1.000000	0.000055	-0.000091	0.000048	-0.339307	-0.594026	0.274327	-0.675832	12.669367	-81.527034	115.748140	-0.064008	0.132713	0.989085	-0.784544	-0.619231	0.032316	0.616761	-0.773912	0.143755
32625														9.717309	0.207506	1.430966	0.161953	0.003464	0.023863	1.000000	0.000062	-0.000085	0.000041	-0.339233	-0.594112	0.274352	-0.675783	12.675417	-81.540635	115.746974	-0.063903	0.132503	0.989120	-0.784488	-0.619304	0.032280	0.616843	-0.773890	0.143523
32626														9.701708	0.203776	1.410125	0.161694	0.003405	0.023508	1.000000	0.000041	-0.000036	0.000062	-0.339161	-0.594158	0.274378	-0.675768	12.656132	-81.549383	115.770744	-0.063893	0.132341	0.989143	-0.784436	-0.619373	0.032198	0.616910	-0.773862	0.143386
32627														9.678972	0.184562	1.430995	0.161317	0.003085	0.023846	1.000000	0.000063	0.000027	0.000064	-0.339104	-0.594164	0.274379	-0.675792	12.627673	-81.551192	115.804352	-0.063957	0.132275	0.989148	-0.784379	-0.619450	0.032120	0.616976	-0.773812	0.143372
32628														9.655919	0.203101	1.403720	0.160933	0.003399	0.023385	1.000000	0.000056	0.000067	0.000096	-0.339043	-0.594130	0.274393	-0.675846	12.567631	-81.549362	115.868561	-0.064119	0.132232	0.989143	-0.784332	-0.619517	0.031977	0.617019	-0.773766	0.143436
32629														9.641942	0.206252	1.404643	0.160701	0.003452	0.023397	1.000000	0.000060	0.000088	0.000100	-0.338979	-0.594083	0.274396	-0.675918	12.500756	-81.545143	115.940776	-0.064317	0.132216	0.989132	-0.784272	-0.619600	0.031825	0.617074	-0.773702	0.143545
32630														9.662710	0.176746	1.415162	0.161046	0.002961	0.023576	1.000000	0.000056	0.000065	0.000106	-0.338915	-0.594047	0.274418	-0.675973	12.433934	-81.543668	116.011321	-0.064491	0.132160	0.989128	-0.784229	-0.619663	0.031663	0.617111	-0.773661	0.143606
32631														9.678330	0.177920	1.436167	0.161307	0.002978	0.023924	1.000000	0.000042	0.000077	0.000085	-0.338883	-0.593999	0.274441	-0.676022	12.378106	-81.540197	116.067884	-0.064648	0.132150	0.989119	-0.784220	-0.619681	0.031536	0.617106	-0.773648	0.143696
32632														9.678479	0.173792	1.405075	0.161310	0.002908	0.023404	1.000000	0.000038	0.000085	0.000076	-0.338853	-0.593952	0.274449	-0.676075	12.329008	-81.535788	116.118699	-0.064798	0.132161	0.989108	-0.784200	-0.619712	0.031429	0.617116	-0.773622	0.143797
32633														9.668777	0.190433	1.411823	0.161148	0.003181	0.023515	1.000000	0.000036	0.000096	0.000048	-0.338853	-0.593901	0.274444	-0.676122	12.297277	-81.529241	116.150713	-0.064922	0.132226	0.989091	-0.784197	-0.619718	0.031374	0.617106	-0.773605	0.143925
32634														9.640223	0.204626	1.477713	0.160672	0.003420	0.024615	1.000000	0.000005	0.000083	0.000059	-0.338839	-0.593855	0.274454	-0.676165	12.257493	-81.524770	116.190701	-0.065048	0.132250	0.989080	-0.784194	-0.619726	0.031290	0.617097	-0.773595	0.144022
32635														9.645551	0.170456	1.435797	0.160760	0.002847	0.023922	1.000000	0.000012	0.000052	0.000038	-0.338817	-0.593841	0.274449	-0.676190	12.237937	-81.523098	116.212564	-0.065112	0.132251	0.989075	-0.784169	-0.619761	0.031247	0.617123	-0.773567	0.144061
32636														9.659188	0.164668	1.437528	0.160988	0.002754	0.023948	1.000000	0.000014	0.000070	0.000059	-0.338799	-0.593804	0.274462	-0.676226	12.200551	-81.519968	116.250307	-0.065223	0.132257	0.989067	-0.784164	-0.619771	0.031164	0.617117	-0.773558	0.144134
32637														9.647217	0.176443	1.457201	0.160788	0.002946	0.024279	1.000000	0.000006	0.000048	0.000036	-0.338799	-0.593785	0.274476	-0.676238	12.183417	-81.518709	116.266214	-0.065269	0.132258	0.989064	-0.784176	-0.619757	0.031126	0.617096	-0.773569	0.144165
32638														9.633701	0.177988	1.424729	0.160562	0.002972	0.023741	1.000000	0.000020	0.000029	0.000036	-0.338796	-0.593780	0.274496	-0.676236	12.171527	-81.519628	116.276591	-0.065286	0.132232	0.989066	-0.784192	-0.619739	0.031093	0.617074	-0.773588	0.144156
32639														9.649391	0.180199	1.445021	0.160824	0.003009	0.024078	1.000000	0.000032	0.000037	0.000040	-0.338774	-0.593774	0.274498	-0.676251	12.154846	-81.519559	116.295083	-0.065329	0.132212	0.989066	-0.784172	-0.619767	0.031051	0.617095	-0.773569	0.144166
32640														9.676885	0.169639	1.446865	0.161282	0.002834	0.024108	1.000000	0.000021	0.000038	0.000047	-0.338755	-0.593764	0.274512	-0.676264	12.133112	-81.519773	116.317258	-0.065379	0.132183	0.989067	-0.784166	-0.619777	0.030995	0.617098	-0.773566	0.144174
32641														9.685421	0.194432	1.458954	0.161425	0.003248	0.024306	1.000000	0.000030	0.000063	0.000052	-0.338735	-0.593737	0.274517	-0.676296	12.103242	-81.517121	116.348397	-0.065471	0.132189	0.989060	-0.784151	-0.619798	0.030930	0.617106	-0.773548	0.144235
32642														9.683249	0.185278	1.441362	0.161389	0.003103	0.024008	1.000000	-0.000028	0.000093	0.000091	-0.338731	-0.593658	0.274573	-0.676344	12.032464	-81.512015	116.414308	-0.065662	0.132192	0.989047	-0.784202	-0.619742	0.030770	0.617022	-0.773592	0.144359
32643														9.655424	0.193420	1.442061	0.160926	0.003236	0.024019	1.000000	-0.000027	0.000096	0.000073	-0.338747	-0.593583	0.274620	-0.676383	11.977396	-81.506264	116.463465	-0.065820	0.132225	0.989032	-0.784265	-0.619669	0.030652	0.616925	-0.773645	0.144486
32644														9.671683	0.151071	1.447745	0.161197	0.002535	0.024109	1.000000	-0.000024	0.000123	0.000105	-0.338735	-0.593486	0.274667	-0.676455	11.893463	-81.498284	116.543987	-0.066067	0.132256	0.989011	-0.784299	-0.619634	0.030469	0.616855	-0.773668	0.144665
32645														9.620966	0.140760	1.469513	0.160351	0.002363	0.024479	1.000000	-0.000014	0.000083	0.000102	-0.338721	-0.593414	0.274730	-0.676499	11.818955	-81.494614	116.613869	-0.066257	0.132232	0.989002	-0.784347	-0.619583	0.030293	0.616774	-0.773713	0.144767
32646														9.634998	0.131164	1.438741	0.160584	0.002202	0.023971	1.000000	0.000009	0.000051	0.000103	-0.338680	-0.593372	0.274786	-0.676534	11.751147	-81.494540	116.680391	-0.066411	0.132156	0.989002	-0.784357	-0.619578	0.030122	0.616744	-0.773730	0.144804
32647														9.655035	0.145287	1.464502	0.160917	0.002431	0.024408	1.000000	0.000041	0.000002	0.000066	-0.338629	-0.593385	0.274813	-0.676537	11.722190	-81.499024	116.711646	-0.066448	0.132050	0.989013	-0.784330	-0.619617	0.030033	0.616775	-0.773717	0.144743
32648														9.655074	0.144702	1.464305	0.160917	0.002412	0.024409	1.000000	0.000052	-0.000022	0.000008	-0.338607	-0.593433	0.274808	-0.676508	11.741442	-81.504809	116.694995	-0.066365	0.131980	0.989028	-0.784301	-0.619651	0.030062	0.616820	-0.773701	0.144635
32649														9.630013	0.159544	1.448708	0.160498	0.002660	0.024157	1.000000	0.000065	-0.000070	0.000015	-0.338532	-0.593529	0.274791	-0.676468	11.765955	-81.516471	116.679215	-0.066238	0.131819	0.989058	-0.784205	-0.619772	0.030082	0.616956	-0.773632	0.144425
32650														9.644443	0.151943	1.415055	0.160739	0.002531	0.023599	1.000000	0.000057	-0.000093	0.000001	-0.338479	-0.593635	0.274792	-0.676401	11.802669	-81.530214	116.647643	-0.066059	0.131643	0.989094	-0.784148	-0.619842	0.030127	0.617048	-0.773606	0.144174
32651														9.665209	0.165242	1.405820	0.161085	0.002750	0.023446	1.000000	0.000080	-0.000094	-0.000014	-0.338445	-0.593744	0.274787	-0.676325	11.853952	-81.543668	116.600419	-0.065846	0.131490	0.989128	-0.784104	-0.619894	0.030208	0.617127	-0.773590	0.143920
32652														9.674157	0.191609	1.415081	0.161234	0.003186	0.023600	1.000000	0.000047	-0.000095	-0.000040	-0.338432	-0.593856	0.274778	-0.676236	11.921442	-81.556676	116.535398	-0.065597	0.131364	0.989162	-0.784077	-0.619922	0.030331	0.617187	-0.773589	0.143664
32653														9.735766	0.193770	1.440936	0.162263	0.003217	0.024018	1.000000	0.000018	-0.000016	-0.000075	-0.338483	-0.593914	0.274741	-0.676175	11.999300	-81.559990	116.456396	-0.065390	0.131403	0.989170	-0.784092	-0.619894	0.030514	0.617190	-0.773605	0.143567
32654														9.672307	0.186419	1.394759	0.161205	0.003096	0.023245	1.000000	-0.000007	0.000003	-0.000068	-0.338544	-0.593951	0.274713	-0.676124	12.065526	-81.561218	116.387233	-0.065222	0.131463	0.989173	-0.784127	-0.619842	0.030676	0.617164	-0.773637	0.143511
32655														9.623787	0.187157	1.433899	0.160397	0.003110	0.023895	1.000000	-0.000021	0.000021	-0.000059	-0.338621	-0.593964	0.274703	-0.676078	12.120935	-81.560632	116.325754	-0.065085	0.131542	0.989172	-0.784195	-0.619748	0.030817	0.617091	-0.773698	0.143491
32656														9.602881	0.215564	1.424884	0.160048	0.003590	0.023749	1.000000	-0.000073	-0.000011	-0.000026	-0.338701	-0.593970	0.274760	-0.676010	12.149790	-81.564234	116.284713	-0.064964	0.131532	0.989181	-0.784328	-0.619578	0.030876	0.616936	-0.773836	0.143415
32657														9.641920	0.195815	1.439908	0.160698	0.003265	0.024001	1.000000	-0.000092	-0.000017	-0.000002	-0.338761	-0.593975	0.274834	-0.675945	12.161502	-81.569461	116.261068	-0.064869	0.131478	0.989194	-0.784456	-0.619415	0.030886	0.616783	-0.773976	0.143320
32658														9.676609	0.162782	1.449498	0.161277	0.002718	0.024158	1.000000	-0.000128	0.000003	0.000011	-0.338843	-0.593948	0.274938	-0.675884	12.155078	-81.572699	116.250756	-0.064821	0.131440	0.989203	-0.784636	-0.619189	0.030858	0.616559	-0.774163	0.143269
32659														9.681303	0.172478	1.422706	0.161356	0.002877	0.023708	1.000000	-0.000102	0.000023	0.000000	-0.338931	-0.593916	0.275018	-0.675836	12.156599	-81.573347	116.234135	-0.064778	0.131449	0.989204	-0.784799	-0.618982	0.030860	0.616356	-0.774327	0.143257
32660														9.652055	0.133496	1.419523	0.160868	0.002228	0.023654	1.000000	-0.000090	0.000031	0.000004	-0.339002	-0.593886	0.275081	-0.675801	12.155522	-81.573217	116.223112	-0.064754	0.131463	0.989204	-0.784930	-0.618816	0.030857	0.616192	-0.774457	0.143260
32661														9.690909	0.113454	1.435801	0.161517	0.001892	0.023918	1.000000	-0.000016	0.000074	0.000006	-0.339051	-0.593845	0.275090	-0.675809	12.153530	-81.568136	116.219697	-0.064785	0.131546	0.989191	-0.784989	-0.618740	0.030871	0.616113	-0.774504	0.143347
32662														9.699338	0.139090	1.448607	0.161658	0.002317	0.024128	1.000000	0.000044	0.000098	0.000002	-0.339073	-0.593812	0.275047	-0.675845	12.159003	-81.560472	116.215857	-0.064834	0.131669	0.989171	-0.784973	-0.618758	0.030913	0.616128	-0.774469	0.143473
32663														9.634863	0.174041	1.420445	0.160583	0.002897	0.023660	1.000000	0.000082	0.000088	-0.000010	-0.339073	-0.593801	0.274972	-0.675885	12.178037	-81.553466	116.203318	-0.064859	0.131791	0.989153	-0.784906	-0.618840	0.030986	0.616211	-0.774383	0.143581
32664														9.609450	0.189039	1.407144	0.160159	0.003152	0.023443	1.000000	0.000059	0.000059	0.000020	-0.339063	-0.593793	0.274943	-0.675909	12.176326	-81.550427	116.208469	-0.064894	0.131833	0.989146	-0.784869	-0.618886	0.030992	0.616254	-0.774339	0.143633
32665														9.668755	0.182271	1.416309	0.161148	0.003036	0.023593	1.000000	0.000080	0.000076	-0.000003	-0.339053	-0.593790	0.274875	-0.675944	12.192386	-81.545096	116.199237	-0.064913	0.131926	0.989132	-0.784798	-0.618974	0.031052	0.616343	-0.774253	0.143715
32666														9.641405	0.189391	1.383812	0.160691	0.003159	0.023054	1.000000	0.000093	0.000063	0.000027	-0.339012	-0.593792	0.274821	-0.675985	12.189041	-81.541930	116.211100	-0.064965	0.131961	0.989124	-0.784706	-0.619089	0.031055	0.616454	-0.774154	0.143770
32667														9.835215	0.171777	1.430021	0.163926	0.002862	0.023797	1.000000	0.000077	0.000226	0.000005	-0.339042	-0.593683	0.274711	-0.676110	12.174037	-81.519944	116.232500	-0.065182	0.132277	0.989067	-0.784642	-0.619169	0.031098	0.616513	-0.774036	0.144149
32668														9.525488	0.219011	1.411891	0.158760	0.003642	0.023518	1.000000	0.000079	0.000089	-0.000039	-0.339059	-0.593681	0.274616	-0.676142	12.214247	-81.512149	116.199037	-0.065164	0.132436	0.989047	-0.784572	-0.619250	0.031227	0.616603	-0.773944	0.144259
32669														9.862846	0.176827	1.522134	0.164388	0.002937	0.025325	1.000000	0.000070	0.000265	-0.000049	-0.339135	-0.593560	0.274460	-0.676273	12.232174	-81.484421	116.187299	-0.065348	0.132879	0.988976	-0.784513	-0.619318	0.031374	0.616659	-0.773814	0.144717
32670														9.802619	0.181462	1.489354	0.163390	0.003025	0.024735	1.000000	0.000084	0.000535	0.000015	-0.339241	-0.593241	0.274247	-0.676587	12.161241	-81.428010	116.265932	-0.065961	0.133662	0.988829	-0.784440	-0.619409	0.031400	0.616687	-0.773606	0.145707
32671														9.434672	0.145653	1.403909	0.157254	0.002421	0.023333	1.000000	0.000083	0.000416	-0.000029	-0.339342	-0.593015	0.274048	-0.676814	12.142065	-81.383957	116.292243	-0.066359	0.134314	0.988714	-0.784373	-0.619489	0.031511	0.616730	-0.773430	0.146461
32672														9.436260	0.151620	1.395867	0.157275	0.002518	0.023238	1.000000	0.000153	0.000170	-0.000033	-0.339335	-0.592982	0.273880	-0.676915	12.173713	-81.367327	116.275836	-0.066448	0.134590	0.988671	-0.784214	-0.619683	0.031652	0.616923	-0.773226	0.146724
32673														9.521851	0.182293	1.454306	0.158695	0.003029	0.024259	1.000000	0.000237	-0.000125	-0.000021	-0.339208	-0.593165	0.273778	-0.676859	12.252889	-81.383851	116.217952	-0.066186	0.134401	0.988714	-0.783983	-0.619968	0.031795	0.617244	-0.773031	0.146401
32674														9.939068	0.227769	1.527970	0.165650	0.003790	0.025473	1.000000	0.000234	-0.000033	-0.000002	-0.339067	-0.593291	0.273636	-0.676877	12.302190	-81.390749	116.194383	-0.066078	0.134322	0.988732	-0.783705	-0.620314	0.031895	0.617608	-0.772767	0.146258
32675														9.701667	0.252128	1.463292	0.161696	0.004207	0.024375	1.000000	0.000195	0.000084	0.000061	-0.338957	-0.593301	0.273532	-0.676965	12.283260	-81.386068	116.232392	-0.066203	0.134350	0.988720	-0.783499	-0.620576	0.031864	0.617857	-0.772551	0.146347
32676														9.578224	0.252084	1.442958	0.159639	0.004209	0.024038	1.000000	0.000115	0.000075	0.000062	-0.338884	-0.593294	0.273480	-0.677029	12.256148	-81.382505	116.270720	-0.066320	0.134361	0.988711	-0.783377	-0.620733	0.031808	0.617999	-0.772424	0.146422
32677														9.687779	0.214496	1.482289	0.161465	0.003587	0.024691	1.000000	0.000072	0.000089	0.000083	-0.338826	-0.593255	0.273465	-0.677099	12.205139	-81.377724	116.328168	-0.066491	0.134368	0.988698	-0.783306	-0.620828	0.031695	0.618070	-0.772346	0.146531
32678														9.676785	0.220184	1.436839	0.161281	0.003682	0.023939	1.000000	0.000066	0.000056	0.000087	-0.338756	-0.593237	0.273465	-0.677149	12.155735	-81.376812	116.383859	-0.066629	0.134318	0.988696	-0.783236	-0.620923	0.031572	0.618145	-0.772278	0.146574
32679														9.532457	0.209737	1.455266	0.158874	0.003500	0.024258	1.000000	0.000039	-0.000024	0.000034	-0.338722	-0.593276	0.273483	-0.677125	12.155278	-81.383520	116.385981	-0.066582	0.134212	0.988713	-0.783216	-0.620949	0.031546	0.618175	-0.772276	0.146461
32680														9.690894	0.172646	1.454169	0.161515	0.002888	0.024236	1.000000	0.000024	-0.000001	0.000072	-0.338685	-0.593280	0.273533	-0.677120	12.120843	-81.388416	116.419438	-0.066623	0.134097	0.988726	-0.783224	-0.620945	0.031441	0.618160	-0.772299	0.146397
32681														9.637618	0.198950	1.470996	0.160628	0.003325	0.024511	1.000000	0.000037	0.000038	0.000060	-0.338653	-0.593269	0.273548	-0.677139	12.091367	-81.388786	116.450390	-0.066693	0.134055	0.988727	-0.783206	-0.620971	0.031364	0.618175	-0.772285	0.146407
32682														9.621304	0.197255	1.484746	0.160356	0.003305	0.024737	1.000000	-0.000003	0.000052	0.000110	-0.338607	-0.593224	0.273610	-0.677177	12.017438	-81.388834	116.522957	-0.066862	0.133970	0.988727	-0.783217	-0.620966	0.031175	0.618143	-0.772304	0.146447
32683														9.698736	0.196582	1.500161	0.161647	0.003288	0.024993	1.000000	0.000000	0.000058	0.000074	-0.338585	-0.593185	0.273645	-0.677208	11.969532	-81.387213	116.569674	-0.066984	0.133940	0.988723	-0.783228	-0.620958	0.031058	0.618116	-0.772315	0.146500
32684														9.700913	0.200004	1.488518	0.161685	0.003348	0.024786	1.000000	-0.000021	0.000137	0.000088	-0.338598	-0.593077	0.273685	-0.677279	11.896320	-81.376987	116.637650	-0.067222	0.134019	0.988696	-0.783284	-0.620896	0.030907	0.618019	-0.772352	0.146712
32685														9.661846	0.177447	1.492546	0.161035	0.002971	0.024850	1.000000	-0.000044	0.000160	0.000076	-0.338638	-0.592949	0.273725	-0.677355	11.825405	-81.363861	116.700857	-0.067471	0.134147	0.988662	-0.783367	-0.620798	0.030772	0.617887	-0.772409	0.146972
32686														9.647625	0.180777	1.494928	0.160797	0.003026	0.024891	1.000000	-0.000040	0.000154	0.000076	-0.338672	-0.592829	0.273762	-0.677428	11.757608	-81.351618	116.761791	-0.067709	0.134264	0.988630	-0.783441	-0.620711	0.030641	0.617767	-0.772458	0.147215
32687														9.626670	0.166168	1.505006	0.160448	0.002784	0.025062	1.000000	-0.000016	0.000131	0.000088	-0.338667	-0.592734	0.273790	-0.677503	11.686804	-81.342223	116.830195	-0.067942	0.134327	0.988605	-0.783465	-0.620687	0.030492	0.617710	-0.772466	0.147412
32688														9.603946	0.143531	1.495298	0.160068	0.002409	0.024908	1.000000	-0.000014	0.000083	0.000102	-0.338651	-0.592663	0.273850	-0.677549	11.613920	-81.338468	116.898971	-0.068133	0.134303	0.988595	-0.783507	-0.620643	0.030318	0.617637	-0.772505	0.147514
32689														9.665114	0.142403	1.523697	0.161086	0.002391	0.025390	1.000000	0.000032	0.000028	0.000115	-0.338588	-0.592639	0.273909	-0.677577	11.544944	-81.341113	116.968416	-0.068275	0.134180	0.988602	-0.783497	-0.620664	0.030131	0.617633	-0.772510	0.147506
32690														9.640608	0.152678	1.476398	0.160676	0.002557	0.024608	1.000000	0.000033	-0.000005	0.000083	-0.338521	-0.592653	0.273947	-0.677583	11.504434	-81.346808	117.011744	-0.068332	0.134041	0.988617	-0.783463	-0.620713	0.030007	0.617670	-0.772495	0.147430
32691														9.626893	0.156299	1.475480	0.160448	0.002614	0.024595	1.000000	0.000065	-0.000019	0.000069	-0.338441	-0.592691	0.273960	-0.677585	11.479575	-81.353714	117.042965	-0.068351	0.133897	0.988635	-0.783392	-0.620808	0.029919	0.617759	-0.772444	0.147327
32692														9.630274	0.117047	1.445028	0.160503	0.001955	0.024096	1.000000	0.000058	-0.000077	0.000032	-0.338381	-0.592772	0.273982	-0.677535	11.489473	-81.366235	117.036939	-0.068238	0.133712	0.988668	-0.783347	-0.620865	0.029902	0.617827	-0.772430	0.147110
32693														9.662271	0.160444	1.433326	0.161035	0.002674	0.023908	1.000000	0.000074	-0.000121	0.000011	-0.338332	-0.592888	0.274009	-0.677447	11.524137	-81.383133	117.004811	-0.068031	0.133491	0.988712	-0.783317	-0.620901	0.029932	0.617888	-0.772439	0.146806
32694														9.687489	0.186746	1.429381	0.161456	0.003103	0.023839	1.000000	0.000053	-0.000100	-0.000048	-0.338322	-0.593007	0.273993	-0.677354	11.597459	-81.396497	116.934339	-0.067762	0.133369	0.988747	-0.783287	-0.620932	0.030074	0.617956	-0.772435	0.146542
32695														9.697165	0.170144	1.422720	0.161618	0.002825	0.023725	1.000000	0.000006	-0.000083	-0.000066	-0.338349	-0.593106	0.273986	-0.677257	11.675435	-81.407542	116.854960	-0.067491	0.133292	0.988776	-0.783304	-0.620903	0.030235	0.617964	-0.772472	0.146314
32696														9.687881	0.189000	1.426424	0.161464	0.003143	0.023780	1.000000	-0.000020	-0.000038	-0.000047	-0.338401	-0.593157	0.274001	-0.677180	11.730655	-81.413929	116.793930	-0.067300	0.133266	0.988793	-0.783368	-0.620816	0.030353	0.617904	-0.772546	0.146177
32697														9.676622	0.199527	1.411681	0.161277	0.003323	0.023531	1.000000	-0.000058	-0.000019	-0.000024	-0.338462	-0.593176	0.274047	-0.677114	11.760792	-81.418661	116.754293	-0.067171	0.133239	0.988805	-0.783471	-0.620683	0.030414	0.617787	-0.772658	0.146081
32698														9.659859	0.202578	1.457001	0.160998	0.003374	0.024284	1.000000	-0.000105	-0.000004	-0.000032	-0.338568	-0.593169	0.274120	-0.677038	11.789472	-81.421460	116.709631	-0.067045	0.133248	0.988812	-0.783645	-0.620460	0.030477	0.617580	-0.772835	0.146018
32699														9.655477	0.190127	1.451711	0.160925	0.003165	0.024191	1.000000	-0.000133	0.000025	-0.000044	-0.338708	-0.593135	0.274195	-0.676967	11.820064	-81.420734	116.659516	-0.066934	0.133318	0.988810	-0.783858	-0.620187	0.030557	0.617322	-0.773042	0.146014
32700														9.630488	0.164710	1.454074	0.160509	0.002743	0.024229	1.000000	-0.000110	0.000030	-0.000030	-0.338827	-0.593102	0.274264	-0.676908	11.841630	-81.419854	116.621029	-0.066851	0.133377	0.988808	-0.784043	-0.619951	0.030615	0.617096	-0.773221	0.146018
32701														9.671698	0.150125	1.456828	0.161196	0.002501	0.024273	1.000000	-0.000086	0.000047	-0.000022	-0.338928	-0.593064	0.274313	-0.676872	11.856626	-81.417134	116.592355	-0.066806	0.133452	0.988801	-0.784192	-0.619760	0.030663	0.616911	-0.773362	0.146056
32702														9.647987	0.135119	1.511181	0.160801	0.002251	0.025180	1.000000	-0.000054	0.000040	-0.000016	-0.339011	-0.593038	0.274350	-0.676838	11.873085	-81.415386	116.565013	-0.066755	0.133511	0.988797	-0.784311	-0.619607	0.030711	0.616766	-0.773474	0.146076
32703														9.625795	0.152481	1.450840	0.160431	0.002539	0.024176	1.000000	0.000000	0.000031	-0.000015	-0.339052	-0.593039	0.274350	-0.676816	11.896693	-81.414767	116.537695	-0.066697	0.133552	0.988795	-0.784353	-0.619551	0.030774	0.616719	-0.773511	0.146074
32704														9.660039	0.160855	1.444762	0.161001	0.002677	0.024075	1.000000	0.000039	0.000030	-0.000017	-0.339083	-0.593048	0.274332	-0.676800	11.924768	-81.414004	116.508425	-0.066634	0.133598	0.988793	-0.784367	-0.619529	0.030848	0.616708	-0.773521	0.146072
32705														9.692354	0.161421	1.419944	0.161541	0.002688	0.023655	1.000000	0.000068	0.000068	-0.000006	-0.339078	-0.593048	0.274271	-0.676827	11.943189	-81.409487	116.495803	-0.066640	0.133683	0.988781	-0.784306	-0.619603	0.030911	0.616784	-0.773447	0.146138
32706														9.680236	0.174380	1.439811	0.161339	0.002905	0.023984	1.000000	0.000064	0.000083	0.000004	-0.339074	-0.593033	0.274215	-0.676866	11.950315	-81.403424	116.493860	-0.066682	0.133779	0.988765	-0.784252	-0.619670	0.030951	0.616849	-0.773377	0.146237
32707														9.686711	0.191998	1.433953	0.161448	0.003205	0.023877	1.000000	0.000082	0.000139	0.000043	-0.339062	-0.592971	0.274160	-0.676948	11.923549	-81.392067	116.526257	-0.066845	0.133916	0.988736	-0.784193	-0.619747	0.030923	0.616907	-0.773292	0.146443
32708														9.656283	0.196130	1.449021	0.160942	0.003276	0.024125	1.000000	0.000074	0.000161	0.000054	-0.339029	-0.592896	0.274092	-0.677058	11.882296	-81.378419	116.576183	-0.067067	0.134069	0.988700	-0.784100	-0.619866	0.030866	0.617000	-0.773170	0.146696
32709														9.642041	0.200722	1.451492	0.160705	0.003344	0.024165	1.000000	0.000034	0.000168	-0.000002	-0.339081	-0.592811	0.274032	-0.677130	11.878447	-81.362764	116.580081	-0.067197	0.134306	0.988659	-0.784103	-0.619860	0.030912	0.616982	-0.773133	0.146962
32710														9.648548	0.178084	1.463264	0.160813	0.002967	0.024363	1.000000	0.000015	0.000155	-0.000007	-0.339139	-0.592733	0.273981	-0.677190	11.878468	-81.348436	116.578948	-0.067305	0.134528	0.988621	-0.784119	-0.619838	0.030963	0.616951	-0.773112	0.147204
32711														9.672375	0.206690	1.497066	0.161210	0.003446	0.024927	1.000000	0.000008	0.000148	0.000009	-0.339187	-0.592652	0.273947	-0.677251	11.866332	-81.335312	116.589340	-0.067431	0.134718	0.988587	-0.784140	-0.619810	0.030978	0.616910	-0.773102	0.147432
32712														9.660600	0.216475	1.485959	0.161014	0.003609	0.024738	1.000000	-0.000021	0.000175	0.000006	-0.339242	-0.592554	0.273904	-0.677326	11.850020	-81.319281	116.603982	-0.067589	0.134948	0.988545	-0.784161	-0.619783	0.030993	0.616866	-0.773084	0.147712
32713														9.641414	0.210983	1.515258	0.160693	0.003521	0.025234	1.000000	-0.000047	0.000126	0.000024	-0.339319	-0.592463	0.273932	-0.677356	11.826545	-81.309023	116.617555	-0.067700	0.135091	0.988518	-0.784269	-0.619647	0.030969	0.616716	-0.773168	0.147898
32714														9.621138	0.194586	1.492223	0.160355	0.003249	0.024852	1.000000	-0.000066	0.000112	0.000027	-0.339382	-0.592379	0.273966	-0.677384	11.797925	-81.300333	116.637175	-0.067814	0.135201	0.988495	-0.784367	-0.619525	0.030926	0.616578	-0.773246	0.148060
