// General information: 
//  MT Manager version: 2022.2.0 
//  XDA version: 2022.2.0 build 7381 rev 124627 built on 2023-07-19
// Device information: 
//  DeviceId: 00B4D204
//  ProductCode: MTW2-3A7G6
//  Firmware Version: 4.6.0
//  Hardware Version: 2.0.0
// Device settings: 
//  Filter Profile: human(46.1)
//  Option Flags: Orientation Smoother Disabled, Position/Velocity Smoother Disabled, Continuous Zero Rotation Update Disabled, AHS Disabled, ICC Disabled
// Coordinate system: ENU
PacketCounter	SampleTimeFine	Year	Month	Day	Second	UTC_Nano	UTC_Year	UTC_Month	UTC_Day	UTC_Hour	UTC_Minute	UTC_Second	UTC_Valid	Acc_X	Acc_Y	Acc_Z	VelInc_X	VelInc_Y	VelInc_Z	OriInc_q0	OriInc_q1	OriInc_q2	OriInc_q3	Quat_q0	Quat_q1	Quat_q2	Quat_q3	Roll	Pitch	Yaw	Mat[1][1]	Mat[2][1]	Mat[3][1]	Mat[1][2]	Mat[2][2]	Mat[3][2]	Mat[1][3]	Mat[2][3]	Mat[3][3]
32568														7.021272	0.421874	6.629871	0.117018	0.007033	0.110501	1.000000	0.000015	-0.000030	0.000029	-0.432655	-0.357790	0.163961	-0.811118	3.615921	-46.244426	122.304163	-0.369592	0.584542	0.722297	-0.819196	-0.571853	0.043617	0.438543	-0.575582	0.690207
32569														7.012673	0.438727	6.669205	0.116877	0.007311	0.111154	1.000000	0.000030	-0.000006	0.000016	-0.432637	-0.357773	0.163920	-0.811144	3.618057	-46.240222	122.306893	-0.369648	0.584569	0.722246	-0.819154	-0.571911	0.043646	0.438574	-0.575497	0.690258
32570														7.008302	0.452165	6.667448	0.116801	0.007544	0.111127	1.000000	-0.000037	-0.000031	0.000031	-0.432628	-0.357744	0.163951	-0.811155	3.610979	-46.239022	122.311665	-0.369705	0.584551	0.722231	-0.819161	-0.571907	0.043561	0.438513	-0.575519	0.690278
32571														6.978625	0.441293	6.674857	0.116303	0.007373	0.111255	1.000000	-0.000068	-0.000064	0.000092	-0.432575	-0.357718	0.164043	-0.811176	3.593192	-46.241954	122.326139	-0.369832	0.584427	0.722267	-0.819151	-0.571937	0.043345	0.438423	-0.575616	0.690255
32572														6.940946	0.393630	6.663092	0.115676	0.006584	0.111057	1.000000	-0.000057	-0.000050	0.000145	-0.432475	-0.357679	0.164138	-0.811227	3.570359	-46.243791	122.349824	-0.370062	0.584254	0.722289	-0.819089	-0.572048	0.043068	0.438346	-0.575681	0.690249
32573														6.966058	0.383855	6.665263	0.116092	0.006419	0.111096	1.000000	-0.000086	-0.000077	0.000102	-0.432423	-0.357653	0.164256	-0.811243	3.549429	-46.248231	122.365246	-0.370189	0.584107	0.722343	-0.819093	-0.572061	0.042813	0.438231	-0.575817	0.690209
32574														6.968873	0.411675	6.651584	0.116136	0.006880	0.110871	1.000000	-0.000102	-0.000101	0.000064	-0.432405	-0.357645	0.164384	-0.811230	3.531337	-46.255135	122.374012	-0.370232	0.583977	0.722426	-0.819141	-0.572008	0.042589	0.438105	-0.576001	0.690135
32575														6.915486	0.427999	6.706147	0.115249	0.007156	0.111777	1.000000	-0.000162	-0.000077	0.000037	-0.432432	-0.357599	0.164539	-0.811204	3.509588	-46.259257	122.378682	-0.370251	0.583903	0.722476	-0.819259	-0.571859	0.042324	0.437867	-0.576224	0.690100
32576														6.918915	0.423418	6.684403	0.115302	0.007086	0.111419	1.000000	-0.000238	-0.000119	0.000020	-0.432495	-0.357556	0.164769	-0.811143	3.481536	-46.268058	122.379746	-0.370203	0.583802	0.722582	-0.819460	-0.571597	0.041980	0.437534	-0.576586	0.690010
32577														6.972469	0.434236	6.655913	0.116195	0.007270	0.110943	1.000000	-0.000301	-0.000114	-0.000009	-0.432599	-0.357487	0.165036	-0.811064	3.449390	-46.276034	122.377221	-0.370123	0.583734	0.722678	-0.819727	-0.571243	0.041586	0.437100	-0.577007	0.689933
32578														6.963604	0.395802	6.656113	0.116049	0.006633	0.110945	1.000000	-0.000279	-0.000100	0.000042	-0.432658	-0.357407	0.165298	-0.811014	3.413753	-46.282731	122.382807	-0.370135	0.583626	0.722759	-0.819941	-0.570968	0.041152	0.436689	-0.577387	0.689874
32579														6.937693	0.338298	6.676847	0.115616	0.005671	0.111291	1.000000	-0.000239	-0.000104	0.000055	-0.432685	-0.357348	0.165530	-0.810979	3.381165	-46.290069	122.391433	-0.370173	0.583492	0.722847	-0.820100	-0.570767	0.040754	0.436357	-0.577721	0.689805
32580														6.968329	0.282863	6.671865	0.116128	0.004727	0.111208	1.000000	-0.000096	-0.000093	0.000019	-0.432703	-0.357344	0.165635	-0.810949	3.369136	-46.295830	122.392652	-0.370147	0.583423	0.722917	-0.820177	-0.570667	0.040605	0.436235	-0.577890	0.689741
32581														6.988011	0.331128	6.637780	0.116459	0.005523	0.110638	1.000000	-0.000033	-0.000074	0.000007	-0.432706	-0.357356	0.165673	-0.810935	3.365622	-46.299375	122.392912	-0.370125	0.583384	0.722960	-0.820200	-0.570637	0.040560	0.436210	-0.577959	0.689699
32582														7.017045	0.341909	6.649506	0.116947	0.005694	0.110830	1.000000	0.000057	-0.000037	0.000013	-0.432679	-0.357373	0.165626	-0.810951	3.371130	-46.298551	122.394387	-0.370146	0.583383	0.722950	-0.820144	-0.570713	0.040627	0.436298	-0.577885	0.689705
32583														7.017673	0.342510	6.648812	0.116955	0.005703	0.110820	1.000000	0.000050	-0.000057	0.000002	-0.432665	-0.357406	0.165589	-0.810951	3.377650	-46.300060	122.393146	-0.370123	0.583375	0.722968	-0.820106	-0.570762	0.040705	0.436389	-0.577844	0.689682
32584														7.020296	0.342566	6.627579	0.117002	0.005689	0.110464	1.000000	0.000115	-0.000031	-0.000064	-0.432680	-0.357460	0.165463	-0.810945	3.399462	-46.298291	122.381883	-0.370020	0.583467	0.722947	-0.820053	-0.570820	0.040969	0.436576	-0.577695	0.689688
32585														6.989730	0.367645	6.643307	0.116494	0.006103	0.110725	1.000000	0.000156	-0.000019	-0.000057	-0.432683	-0.357519	0.165303	-0.810951	3.425079	-46.295044	122.371018	-0.369932	0.583571	0.722907	-0.819967	-0.570921	0.041279	0.436812	-0.577490	0.689711
32586														6.993627	0.419768	6.660528	0.116557	0.006979	0.111013	1.000000	0.000111	-0.000030	-0.000043	-0.432690	-0.357563	0.165190	-0.810950	3.443724	-46.293072	122.362312	-0.369856	0.583649	0.722884	-0.819912	-0.570983	0.041505	0.436979	-0.577350	0.689722
32587														6.994343	0.389646	6.652114	0.116572	0.006485	0.110870	1.000000	0.000089	-0.000004	0.000003	-0.432670	-0.357570	0.165100	-0.810976	3.454261	-46.288573	122.361671	-0.369880	0.583701	0.722829	-0.819840	-0.571077	0.041636	0.437094	-0.577204	0.689771
32588														6.967931	0.410091	6.626750	0.116127	0.006828	0.110452	1.000000	0.000084	-0.000044	0.000020	-0.432633	-0.357604	0.165038	-0.810994	3.462309	-46.288686	122.363394	-0.369897	0.583688	0.722831	-0.819761	-0.571183	0.041732	0.437227	-0.577112	0.689764
32589														6.964472	0.413765	6.667143	0.116069	0.006891	0.111125	1.000000	0.000069	-0.000051	0.000026	-0.432589	-0.357638	0.164991	-0.811011	3.468186	-46.289777	122.366618	-0.369922	0.583656	0.722844	-0.819684	-0.571289	0.041802	0.437351	-0.577040	0.689746
32590														6.961279	0.396464	6.656587	0.116012	0.006602	0.110954	1.000000	0.000046	-0.000087	-0.000005	-0.432573	-0.357695	0.164968	-0.810999	3.475053	-46.294632	122.364590	-0.369869	0.583617	0.722902	-0.819650	-0.571332	0.041881	0.437460	-0.577036	0.689680
32591														7.018225	0.429362	6.638001	0.116965	0.007154	0.110639	1.000000	0.000016	-0.000045	-0.000005	-0.432573	-0.357707	0.164949	-0.810998	3.478474	-46.294754	122.363063	-0.369853	0.583626	0.722904	-0.819639	-0.571345	0.041922	0.437494	-0.577015	0.689676
32592														7.030158	0.400333	6.619694	0.117164	0.006673	0.110334	1.000000	0.000005	-0.000051	0.000010	-0.432572	-0.357713	0.164950	-0.810996	3.478848	-46.295563	122.362890	-0.369845	0.583618	0.722914	-0.819637	-0.571346	0.041926	0.437503	-0.577021	0.689665
32593														7.000516	0.390964	6.627045	0.116669	0.006517	0.110457	1.000000	0.000015	-0.000054	0.000019	-0.432547	-0.357727	0.164944	-0.811004	3.479001	-46.296820	122.366058	-0.369869	0.583584	0.722929	-0.819604	-0.571394	0.041927	0.437545	-0.577008	0.689649
32594														6.988454	0.390088	6.656324	0.116467	0.006497	0.110946	1.000000	0.000020	-0.000063	-0.000019	-0.432557	-0.357757	0.164926	-0.810989	3.484660	-46.298966	122.361535	-0.369809	0.583591	0.722955	-0.819605	-0.571388	0.041994	0.437594	-0.577008	0.689618
32595														7.025684	0.416521	6.636407	0.117090	0.006934	0.110613	1.000000	0.000054	-0.000046	-0.000013	-0.432548	-0.357788	0.164874	-0.810991	3.493357	-46.299166	122.358883	-0.369780	0.583606	0.722957	-0.819565	-0.571437	0.042098	0.437693	-0.576943	0.689609
32596														7.020045	0.400749	6.646830	0.116997	0.006676	0.110785	1.000000	0.000010	-0.000035	-0.000018	-0.432556	-0.357793	0.164848	-0.810990	3.497645	-46.298237	122.356186	-0.369759	0.583633	0.722946	-0.819560	-0.571441	0.042150	0.437722	-0.576912	0.689618
32597														7.020540	0.400915	6.646296	0.117005	0.006682	0.110776	1.000000	0.000002	-0.000040	0.000006	-0.432558	-0.357792	0.164845	-0.810990	3.498125	-46.297839	122.355746	-0.369757	0.583640	0.722941	-0.819561	-0.571440	0.042156	0.437721	-0.576906	0.689622
32598														7.022940	0.399509	6.625345	0.117047	0.006656	0.110424	1.000000	0.000020	-0.000014	0.000002	-0.432564	-0.357776	0.164816	-0.810999	3.500866	-46.294406	122.354532	-0.369768	0.583685	0.722900	-0.819553	-0.571448	0.042192	0.437726	-0.576853	0.689664
32599														6.966557	0.399125	6.650904	0.116108	0.006649	0.110850	1.000000	0.000007	-0.000012	-0.000017	-0.432589	-0.357758	0.164789	-0.811000	3.504402	-46.290675	122.350461	-0.369752	0.583751	0.722855	-0.819568	-0.571423	0.042238	0.437712	-0.576811	0.689708
32600														6.986103	0.406259	6.652328	0.116436	0.006766	0.110871	1.000000	0.000012	0.000010	-0.000027	-0.432616	-0.357727	0.164741	-0.811009	3.509542	-46.284337	122.346016	-0.369749	0.583847	0.722778	-0.819576	-0.571407	0.042304	0.437700	-0.576730	0.689784
32601														6.968595	0.398403	6.630294	0.116142	0.006639	0.110506	1.000000	-0.000003	-0.000014	-0.000014	-0.432643	-0.357704	0.164724	-0.811008	3.511580	-46.280774	122.342351	-0.369736	0.583908	0.722735	-0.819598	-0.571373	0.042332	0.437669	-0.576701	0.689827
32602														6.981918	0.389042	6.642810	0.116368	0.006479	0.110711	1.000000	0.000035	0.000022	-0.000007	-0.432650	-0.357670	0.164661	-0.811032	3.516836	-46.273238	122.341017	-0.369773	0.583997	0.722644	-0.819574	-0.571402	0.042401	0.437682	-0.576582	0.689918
32603														6.970946	0.386682	6.652541	0.116183	0.006445	0.110875	1.000000	-0.000007	0.000005	-0.000001	-0.432665	-0.357629	0.164642	-0.811046	3.516680	-46.267684	122.340413	-0.369805	0.584060	0.722577	-0.819584	-0.571388	0.042403	0.437638	-0.576532	0.689988
32604														6.968247	0.419685	6.681352	0.116140	0.006998	0.111353	1.000000	0.000003	0.000021	0.000031	-0.432659	-0.357573	0.164622	-0.811078	3.513656	-46.260416	122.344514	-0.369895	0.584111	0.722490	-0.819569	-0.571412	0.042372	0.437589	-0.576457	0.690082
32605														6.983615	0.408123	6.673340	0.116392	0.006804	0.111224	1.000000	-0.000004	-0.000011	0.000016	-0.432658	-0.357543	0.164614	-0.811093	3.511828	-46.256667	122.346439	-0.369940	0.584139	0.722444	-0.819565	-0.571419	0.042353	0.437558	-0.576422	0.690131
32606														6.968457	0.419239	6.681160	0.116138	0.006987	0.111356	1.000000	0.000039	-0.000026	0.000033	-0.432626	-0.357543	0.164583	-0.811117	3.513348	-46.254918	122.350672	-0.369995	0.584130	0.722423	-0.819512	-0.571494	0.042373	0.437612	-0.576357	0.690152
32607														6.975566	0.404144	6.661588	0.116255	0.006732	0.111031	1.000000	0.000046	-0.000038	0.000016	-0.432601	-0.357559	0.164545	-0.811131	3.517743	-46.254468	122.352401	-0.370016	0.584124	0.722418	-0.819461	-0.571562	0.042426	0.437689	-0.576295	0.690154
32608														7.021922	0.402331	6.644751	0.117026	0.006707	0.110752	1.000000	0.000008	-0.000049	0.000019	-0.432586	-0.357564	0.164544	-0.811137	3.517169	-46.255126	122.354720	-0.370035	0.584102	0.722426	-0.819442	-0.571590	0.042419	0.437708	-0.576290	0.690146
32609														7.000753	0.396794	6.663454	0.116678	0.006618	0.111059	1.000000	-0.000012	-0.000010	0.000027	-0.432589	-0.357530	0.164549	-0.811149	3.513709	-46.251646	122.356729	-0.370079	0.584126	0.722384	-0.819450	-0.571582	0.042380	0.437657	-0.576274	0.690192
32610														7.013908	0.418574	6.683728	0.116895	0.006976	0.111399	1.000000	0.000013	-0.000026	0.000008	-0.432584	-0.357522	0.164530	-0.811159	3.514963	-46.249736	122.357385	-0.370099	0.584142	0.722361	-0.819435	-0.571603	0.042396	0.437669	-0.576237	0.690216
32611														7.002920	0.427056	6.650294	0.116712	0.007114	0.110842	1.000000	0.000014	-0.000029	-0.000021	-0.432604	-0.357522	0.164502	-0.811154	3.519950	-46.247961	122.352773	-0.370064	0.584191	0.722339	-0.819443	-0.571586	0.042458	0.437682	-0.576204	0.690234
32612														6.964472	0.413595	6.646734	0.116067	0.006898	0.110787	1.000000	-0.000014	-0.000068	0.000031	-0.432589	-0.357531	0.164534	-0.811152	3.515607	-46.250896	122.356070	-0.370077	0.584138	0.722375	-0.819442	-0.571591	0.042403	0.437672	-0.576252	0.690200
32613														6.909333	0.401480	6.714283	0.115149	0.006697	0.111911	1.000000	-0.000023	-0.000053	0.000027	-0.432574	-0.357527	0.164562	-0.811156	3.510704	-46.252172	122.359915	-0.370108	0.584100	0.722390	-0.819441	-0.571597	0.042343	0.437649	-0.576285	0.690188
32614														6.916738	0.385499	6.694448	0.115272	0.006430	0.111581	1.000000	-0.000043	-0.000058	0.000003	-0.432584	-0.357523	0.164599	-0.811145	3.506482	-46.253931	122.359979	-0.370097	0.584081	0.722411	-0.819472	-0.571557	0.042291	0.437601	-0.576344	0.690169
32615														6.969452	0.399620	6.666374	0.116151	0.006661	0.111113	1.000000	-0.000018	-0.000062	-0.000011	-0.432602	-0.357532	0.164615	-0.811128	3.506487	-46.255824	122.356987	-0.370054	0.584080	0.722434	-0.819501	-0.571515	0.042290	0.437583	-0.576386	0.690145
32616														6.976225	0.416147	6.654696	0.116267	0.006933	0.110915	1.000000	0.000030	-0.000030	0.000006	-0.432584	-0.357536	0.164581	-0.811142	3.509897	-46.254324	122.358358	-0.370078	0.584087	0.722416	-0.819462	-0.571568	0.042332	0.437636	-0.576326	0.690162
32617														6.949030	0.394487	6.684305	0.115812	0.006578	0.111411	1.000000	-0.000026	-0.000050	0.000006	-0.432590	-0.357530	0.164603	-0.811138	3.506947	-46.254929	122.358697	-0.370077	0.584078	0.722423	-0.819481	-0.571544	0.042296	0.437601	-0.576359	0.690156
32618														6.977715	0.384119	6.645589	0.116293	0.006402	0.110762	1.000000	-0.000020	-0.000022	-0.000017	-0.432612	-0.357510	0.164599	-0.811136	3.507308	-46.252385	122.356058	-0.370067	0.584122	0.722393	-0.819505	-0.571508	0.042302	0.437563	-0.576350	0.690188
32619														6.987067	0.387889	6.655991	0.116444	0.006470	0.110941	1.000000	-0.000023	-0.000065	0.000022	-0.432594	-0.357518	0.164628	-0.811136	3.503079	-46.255072	122.359815	-0.370087	0.584069	0.722425	-0.819499	-0.571521	0.042249	0.437558	-0.576391	0.690157
32620														6.974430	0.397139	6.642767	0.116235	0.006622	0.110718	1.000000	-0.000012	-0.000047	0.000012	-0.432591	-0.357516	0.164640	-0.811136	3.501222	-46.255559	122.360852	-0.370095	0.584058	0.722431	-0.819503	-0.571518	0.042226	0.437545	-0.576406	0.690152
32621														7.007941	0.393784	6.656073	0.116795	0.006566	0.110939	1.000000	-0.000015	-0.000036	0.000008	-0.432590	-0.357505	0.164647	-0.811140	3.499262	-46.254750	122.362023	-0.370112	0.584059	0.722421	-0.819506	-0.571514	0.042203	0.437523	-0.576409	0.690164
32622														6.951503	0.403522	6.638617	0.115851	0.006730	0.110651	1.000000	-0.000026	-0.000066	0.000013	-0.432590	-0.357512	0.164679	-0.811130	3.495851	-46.257489	122.362805	-0.370102	0.584024	0.722454	-0.819523	-0.571493	0.042160	0.437500	-0.576465	0.690132
32623														6.981092	0.382267	6.642149	0.116346	0.006372	0.110708	1.000000	0.000005	-0.000051	0.000010	-0.432588	-0.357520	0.164679	-0.811128	3.496388	-46.258391	122.362690	-0.370094	0.584016	0.722465	-0.819520	-0.571497	0.042166	0.437512	-0.576469	0.690120
32624														6.988553	0.387972	6.672974	0.116470	0.006464	0.111222	1.000000	0.000036	-0.000052	0.000014	-0.432566	-0.357541	0.164655	-0.811135	3.499651	-46.259312	122.364093	-0.370102	0.583997	0.722476	-0.819481	-0.571550	0.042204	0.437579	-0.576436	0.690106
32625														7.030650	0.400371	6.654169	0.117167	0.006667	0.110914	1.000000	0.000062	-0.000095	0.000005	-0.432548	-0.357608	0.164631	-0.811120	3.507485	-46.265157	122.361635	-0.370038	0.583950	0.722547	-0.819443	-0.571598	0.042294	0.437704	-0.576436	0.690027
32626														7.019783	0.440982	6.628116	0.116990	0.007345	0.110475	1.000000	0.000053	-0.000055	0.000011	-0.432526	-0.357638	0.164596	-0.811125	3.513092	-46.266467	122.361872	-0.370031	0.583935	0.722563	-0.819398	-0.571658	0.042361	0.437795	-0.576391	0.690006
32627														6.964507	0.408960	6.645095	0.116069	0.006814	0.110758	1.000000	0.000032	-0.000058	0.000017	-0.432504	-0.357663	0.164579	-0.811130	3.515805	-46.268199	122.363372	-0.370035	0.583907	0.722584	-0.819361	-0.571708	0.042392	0.437860	-0.576370	0.689983
32628														6.984946	0.415433	6.645585	0.116408	0.006929	0.110768	1.000000	-0.000004	-0.000072	0.000041	-0.432473	-0.357679	0.164606	-0.811134	3.511579	-46.271678	122.368665	-0.370066	0.583835	0.722626	-0.819339	-0.571744	0.042339	0.437875	-0.576407	0.689942
32629														6.985734	0.415131	6.644777	0.116424	0.006919	0.110751	1.000000	-0.000018	-0.000045	-0.000018	-0.432503	-0.357677	0.164612	-0.811118	3.512702	-46.271721	122.364003	-0.370018	0.583865	0.722626	-0.819377	-0.571688	0.042352	0.437845	-0.576432	0.689940
32630														6.984336	0.416792	6.664712	0.116401	0.006944	0.111084	1.000000	0.000016	-0.000045	-0.000005	-0.432505	-0.357688	0.164594	-0.811115	3.516223	-46.271876	122.362057	-0.369997	0.583876	0.722628	-0.819370	-0.571696	0.042394	0.437876	-0.576414	0.689936
32631														6.993009	0.431988	6.632518	0.116546	0.007197	0.110546	1.000000	-0.000003	-0.000038	-0.000024	-0.432536	-0.357687	0.164584	-0.811101	3.519589	-46.271017	122.356468	-0.369946	0.583921	0.722618	-0.819400	-0.571649	0.042436	0.437863	-0.576414	0.689944
32632														7.015798	0.426424	6.655312	0.116924	0.007109	0.110928	1.000000	-0.000035	-0.000054	-0.000021	-0.432564	-0.357687	0.164605	-0.811082	3.519148	-46.272113	122.352385	-0.369897	0.583936	0.722631	-0.819444	-0.571587	0.042429	0.437823	-0.576461	0.689931
32633														6.992644	0.401967	6.643791	0.116541	0.006695	0.110734	1.000000	0.000024	-0.000033	-0.000012	-0.432573	-0.357692	0.164574	-0.811081	3.524136	-46.270787	122.349346	-0.369875	0.583970	0.722615	-0.819436	-0.571593	0.042491	0.437855	-0.576421	0.689944
32634														6.991123	0.403693	6.663860	0.116515	0.006729	0.111069	1.000000	0.000019	-0.000036	0.000021	-0.432553	-0.357692	0.164559	-0.811095	3.524506	-46.269984	122.352171	-0.369909	0.583960	0.722605	-0.819406	-0.571637	0.042496	0.437883	-0.576387	0.689954
32635														6.988979	0.416177	6.641297	0.116479	0.006933	0.110693	1.000000	0.000020	-0.000039	-0.000009	-0.432552	-0.357702	0.164532	-0.811097	3.528702	-46.269432	122.350649	-0.369897	0.583976	0.722598	-0.819389	-0.571657	0.042547	0.437924	-0.576351	0.689957
32636														6.977186	0.383474	6.662869	0.116283	0.006392	0.111052	1.000000	-0.000005	-0.000035	0.000005	-0.432550	-0.357695	0.164529	-0.811101	3.528364	-46.268513	122.351210	-0.369909	0.583982	0.722587	-0.819386	-0.571661	0.042543	0.437919	-0.576341	0.689969
32637														6.976499	0.426022	6.627869	0.116271	0.007099	0.110468	1.000000	0.000019	-0.000031	0.000009	-0.432540	-0.357694	0.164507	-0.811111	3.530357	-46.267169	122.352120	-0.369927	0.583990	0.722571	-0.819363	-0.571693	0.042568	0.437948	-0.576301	0.689985
32638														6.995000	0.402391	6.641285	0.116579	0.006709	0.110692	1.000000	0.000011	-0.000036	0.000033	-0.432513	-0.357691	0.164501	-0.811128	3.528781	-46.266586	122.356832	-0.369979	0.583966	0.722564	-0.819328	-0.571744	0.042550	0.437969	-0.576274	0.689993
32639														6.973884	0.396865	6.660051	0.116229	0.006618	0.111004	1.000000	-0.000015	-0.000024	0.000013	-0.432519	-0.357668	0.164507	-0.811134	3.526292	-46.264414	122.357646	-0.370002	0.583984	0.722538	-0.819340	-0.571729	0.042521	0.437928	-0.576271	0.690022
32640														6.946185	0.406756	6.697910	0.115765	0.006780	0.111636	1.000000	0.000005	-0.000038	0.000015	-0.432515	-0.357664	0.164505	-0.811138	3.525965	-46.263857	122.358435	-0.370014	0.583985	0.722531	-0.819334	-0.571737	0.042518	0.437928	-0.576262	0.690030
32641														6.946590	0.385580	6.646614	0.115770	0.006429	0.110783	1.000000	0.000007	-0.000054	0.000031	-0.432490	-0.357672	0.164510	-0.811147	3.524138	-46.265254	122.362534	-0.370046	0.583943	0.722548	-0.819307	-0.571778	0.042495	0.437952	-0.576264	0.690013
32642														6.995160	0.402854	6.659673	0.116581	0.006715	0.111000	1.000000	-0.000014	-0.000044	-0.000009	-0.432509	-0.357670	0.164517	-0.811136	3.524579	-46.265233	122.359527	-0.370016	0.583963	0.722548	-0.819334	-0.571740	0.042500	0.437928	-0.576282	0.690013
32643														6.974480	0.397545	6.677984	0.116232	0.006627	0.111309	1.000000	0.000017	-0.000082	0.000030	-0.432470	-0.357707	0.164524	-0.811139	3.524182	-46.269890	122.364037	-0.370030	0.583884	0.722604	-0.819290	-0.571803	0.042492	0.437997	-0.576299	0.689955
32644														6.964843	0.394673	6.686423	0.116071	0.006581	0.111450	1.000000	0.000007	-0.000083	0.000033	-0.432437	-0.357739	0.164543	-0.811139	3.522236	-46.274640	122.368272	-0.370042	0.583806	0.722661	-0.819261	-0.571847	0.042465	0.438043	-0.576334	0.689897
32645														6.954910	0.370812	6.644259	0.115907	0.006183	0.110747	1.000000	-0.000016	-0.000077	0.000005	-0.432436	-0.357760	0.164569	-0.811125	3.520849	-46.278515	122.368017	-0.370013	0.583767	0.722708	-0.819272	-0.571832	0.042445	0.438045	-0.576389	0.689849
32646														6.988511	0.399531	6.664999	0.116466	0.006656	0.111093	1.000000	0.000005	-0.000083	-0.000018	-0.432445	-0.357801	0.164571	-0.811102	3.524957	-46.282958	122.363762	-0.369939	0.583747	0.722762	-0.819281	-0.571815	0.042491	0.438090	-0.576426	0.689790
32647														7.004442	0.420676	6.663829	0.116733	0.007003	0.111072	1.000000	0.000031	-0.000070	-0.000039	-0.432472	-0.357843	0.164542	-0.811075	3.534453	-46.285719	122.355045	-0.369832	0.583774	0.722795	-0.819295	-0.571788	0.042603	0.438156	-0.576426	0.689748
32648														6.994562	0.397891	6.621520	0.116564	0.006627	0.110371	1.000000	0.000002	-0.000109	-0.000037	-0.432491	-0.357905	0.164551	-0.811035	3.540389	-46.292876	122.347882	-0.369711	0.583744	0.722881	-0.819318	-0.571749	0.042669	0.438215	-0.576494	0.689654
32649														7.020064	0.391312	6.622907	0.116991	0.006517	0.110393	1.000000	0.000016	-0.000094	-0.000026	-0.432497	-0.357960	0.164545	-0.811009	3.546415	-46.298414	122.342926	-0.369623	0.583717	0.722948	-0.819319	-0.571743	0.042737	0.438287	-0.576528	0.689579
32650														7.014852	0.375637	6.632958	0.116909	0.006253	0.110555	1.000000	0.000054	-0.000046	-0.000013	-0.432490	-0.357991	0.164493	-0.811010	3.555290	-46.298691	122.339937	-0.369590	0.583733	0.722951	-0.819281	-0.571789	0.042844	0.438385	-0.576466	0.689569
32651														6.989404	0.385355	6.649942	0.116484	0.006412	0.110840	1.000000	0.000062	-0.000059	-0.000030	-0.432495	-0.358036	0.164436	-0.810999	3.566959	-46.300164	122.333592	-0.369516	0.583758	0.722969	-0.819254	-0.571817	0.042983	0.438498	-0.576413	0.689542
32652														6.994088	0.436552	6.666405	0.116559	0.007261	0.111118	1.000000	0.000072	-0.000090	-0.000060	-0.432518	-0.358115	0.164374	-0.810964	3.583643	-46.304911	122.321826	-0.369364	0.583783	0.723026	-0.819242	-0.571820	0.043180	0.438649	-0.576384	0.689470
32653														6.977606	0.429841	6.643194	0.116284	0.007154	0.110731	1.000000	0.000061	-0.000088	-0.000028	-0.432511	-0.358184	0.164328	-0.810947	3.595067	-46.309728	122.316500	-0.369277	0.583766	0.723084	-0.819206	-0.571862	0.043314	0.438789	-0.576360	0.689400
32654														6.972917	0.414250	6.652718	0.116201	0.006901	0.110894	1.000000	0.000038	-0.000128	0.000004	-0.432486	-0.358269	0.164334	-0.810921	3.600313	-46.319367	122.315151	-0.369198	0.583672	0.723201	-0.819175	-0.571901	0.043369	0.438913	-0.576416	0.689275
32655														6.961327	0.392808	6.630754	0.116013	0.006541	0.110523	1.000000	0.000033	-0.000085	-0.000023	-0.432487	-0.358324	0.164312	-0.810901	3.608044	-46.323975	122.310366	-0.369119	0.583654	0.723256	-0.819162	-0.571913	0.043459	0.439005	-0.576423	0.689211
32656														7.008242	0.412792	6.663933	0.116798	0.006870	0.111072	1.000000	0.000055	-0.000054	-0.000031	-0.432489	-0.358364	0.164256	-0.810894	3.618899	-46.324921	122.304981	-0.369057	0.583679	0.723268	-0.819132	-0.571946	0.043588	0.439112	-0.576365	0.689191
32657														6.964766	0.445727	6.667045	0.116073	0.007426	0.111124	1.000000	0.000016	-0.000057	-0.000010	-0.432497	-0.358385	0.164242	-0.810883	3.623140	-46.326430	122.301648	-0.369013	0.583684	0.723286	-0.819132	-0.571942	0.043638	0.439149	-0.576364	0.689169
32658														6.979572	0.404517	6.670458	0.116317	0.006741	0.111184	1.000000	-0.000015	-0.000081	-0.000024	-0.432519	-0.358415	0.164258	-0.810855	3.625449	-46.330437	122.296369	-0.368932	0.583675	0.723334	-0.819166	-0.571893	0.043663	0.439154	-0.576422	0.689116
32659														6.947480	0.407630	6.655759	0.115785	0.006793	0.110936	1.000000	-0.000034	-0.000062	-0.000038	-0.432564	-0.358421	0.164278	-0.810824	3.626969	-46.332131	122.288924	-0.368845	0.583705	0.723354	-0.819228	-0.571803	0.043680	0.439112	-0.576481	0.689094
32660														6.957021	0.411958	6.665942	0.115945	0.006863	0.111105	1.000000	-0.000003	-0.000050	-0.000029	-0.432589	-0.358432	0.164269	-0.810808	3.630902	-46.332650	122.283542	-0.368787	0.583734	0.723361	-0.819251	-0.571766	0.043727	0.439117	-0.576488	0.689084
32661														7.029695	0.422952	6.681698	0.117158	0.007042	0.111366	1.000000	0.000028	-0.000035	-0.000033	-0.432604	-0.358445	0.164225	-0.810803	3.638631	-46.331322	122.278387	-0.368743	0.583782	0.723345	-0.819244	-0.571769	0.043821	0.439168	-0.576437	0.689095
32662														7.010659	0.416852	6.679795	0.116839	0.006944	0.111335	1.000000	0.000013	-0.000046	-0.000014	-0.432616	-0.358456	0.164208	-0.810795	3.642737	-46.331483	122.274758	-0.368705	0.583803	0.723347	-0.819248	-0.571758	0.043870	0.439191	-0.576426	0.689090
32663														7.025809	0.416626	6.628374	0.117092	0.006943	0.110478	1.000000	-0.000021	-0.000047	-0.000027	-0.432650	-0.358455	0.164214	-0.810776	3.644407	-46.331574	122.269254	-0.368648	0.583838	0.723348	-0.819290	-0.571696	0.043890	0.439160	-0.576452	0.689088
32664														7.011148	0.396508	6.628216	0.116853	0.006603	0.110470	1.000000	0.000015	0.000004	-0.000036	-0.432689	-0.358430	0.164166	-0.810776	3.650990	-46.325802	122.262306	-0.368617	0.583944	0.723278	-0.819312	-0.571660	0.043974	0.439147	-0.576381	0.689155
32665														6.938671	0.418697	6.619738	0.115642	0.006970	0.110332	1.000000	0.000019	-0.000027	-0.000054	-0.432738	-0.358435	0.164122	-0.810757	3.660531	-46.323460	122.251826	-0.368526	0.584036	0.723250	-0.819344	-0.571604	0.044090	0.439163	-0.576342	0.689177
32666														7.012897	0.428615	6.615242	0.116881	0.007135	0.110255	1.000000	0.000023	-0.000008	-0.000053	-0.432782	-0.358426	0.164066	-0.810748	3.670052	-46.319032	122.242560	-0.368461	0.584143	0.723197	-0.819365	-0.571564	0.044208	0.439178	-0.576273	0.689226
32667														7.006374	0.445484	6.634231	0.116773	0.007408	0.110571	1.000000	0.000072	-0.000004	-0.000076	-0.432826	-0.358440	0.163959	-0.810740	3.687925	-46.313929	122.229798	-0.368365	0.584280	0.723135	-0.819358	-0.571558	0.044428	0.439272	-0.576141	0.689276
32668														7.083315	0.464447	6.702776	0.118059	0.007735	0.111710	1.000000	0.000013	0.000027	-0.000035	-0.432863	-0.358395	0.163902	-0.810752	3.693728	-46.305521	122.224163	-0.368364	0.584406	0.723034	-0.819373	-0.571531	0.044504	0.439244	-0.576041	0.689378
32669														7.029704	0.471446	6.645364	0.117162	0.007863	0.110756	1.000000	-0.000009	0.000003	0.000041	-0.432847	-0.358349	0.163901	-0.810781	3.688445	-46.300470	122.230120	-0.368459	0.584421	0.722973	-0.819356	-0.571559	0.044445	0.439196	-0.575996	0.689445
32670														6.852340	0.411688	6.653633	0.114197	0.006870	0.110902	1.000000	-0.000012	-0.000076	0.000065	-0.432802	-0.358360	0.163946	-0.810791	3.680532	-46.304642	122.238942	-0.368521	0.584320	0.723023	-0.819327	-0.571609	0.044346	0.439199	-0.576050	0.689399
32671														6.894973	0.433538	6.728507	0.114918	0.007222	0.112140	1.000000	0.000048	0.000020	0.000011	-0.432791	-0.358330	0.163880	-0.810824	3.685129	-46.297469	122.240391	-0.368584	0.584387	0.722937	-0.819280	-0.571671	0.044407	0.439233	-0.575920	0.689486
32672														6.942082	0.409659	6.640858	0.115700	0.006822	0.110682	1.000000	0.000002	-0.000011	-0.000047	-0.432843	-0.358314	0.163846	-0.810810	3.691883	-46.293442	122.231016	-0.368515	0.584491	0.722888	-0.819324	-0.571602	0.044492	0.439209	-0.575883	0.689531
32673														7.127000	0.422170	6.604880	0.118784	0.007030	0.110081	1.000000	-0.000014	0.000002	-0.000069	-0.432910	-0.358286	0.163807	-0.810794	3.699060	-46.287746	122.219937	-0.368441	0.584623	0.722819	-0.819382	-0.571512	0.044583	0.439164	-0.575839	0.689597
32674														7.122137	0.436710	6.603608	0.118705	0.007273	0.110057	1.000000	-0.000004	0.000023	-0.000050	-0.432967	-0.358240	0.163760	-0.810794	3.704991	-46.279784	122.211459	-0.368408	0.584762	0.722723	-0.819424	-0.571445	0.044661	0.439113	-0.575764	0.689693
32675														7.003114	0.419750	6.667069	0.116718	0.006988	0.111118	1.000000	0.000042	-0.000003	-0.000029	-0.432985	-0.358233	0.163694	-0.810800	3.713973	-46.274958	122.206099	-0.368385	0.584848	0.722665	-0.819411	-0.571456	0.044773	0.439156	-0.575666	0.689747
32676														6.911812	0.424505	6.699978	0.115197	0.007068	0.111667	1.000000	0.000072	-0.000001	0.000005	-0.432976	-0.358228	0.163619	-0.810823	3.722197	-46.269988	122.205192	-0.368410	0.584907	0.722605	-0.819359	-0.571522	0.044876	0.439233	-0.575540	0.689803
32677														6.880533	0.405534	6.614821	0.114672	0.006756	0.110251	1.000000	0.000030	-0.000030	0.000006	-0.432977	-0.358228	0.163592	-0.810828	3.725711	-46.268364	122.203900	-0.368407	0.584933	0.722586	-0.819345	-0.571538	0.044920	0.439260	-0.575498	0.689821
32678														7.003087	0.432885	6.623455	0.116712	0.007203	0.110398	1.000000	0.000055	-0.000061	-0.000048	-0.433001	-0.358275	0.163536	-0.810805	3.738737	-46.269953	122.194303	-0.368299	0.584977	0.722605	-0.819341	-0.571532	0.045075	0.439360	-0.575458	0.689790
32679														7.119109	0.464955	6.694650	0.118662	0.007745	0.111567	1.000000	0.000040	0.000094	0.000003	-0.433009	-0.358182	0.163441	-0.810861	3.742688	-46.254224	122.195657	-0.368418	0.585136	0.722415	-0.819303	-0.571581	0.045136	0.439329	-0.575248	0.689985
32680														6.958136	0.465898	6.628092	0.115967	0.007770	0.110470	1.000000	0.000011	-0.000016	0.000055	-0.432964	-0.358159	0.163435	-0.810897	3.738132	-46.251510	122.204659	-0.368528	0.585108	0.722382	-0.819250	-0.571662	0.045083	0.439337	-0.575197	0.690023
32681														6.905217	0.421012	6.667994	0.115085	0.007015	0.111135	1.000000	0.000030	-0.000018	0.000011	-0.432952	-0.358151	0.163400	-0.810914	3.740866	-46.248583	122.205912	-0.368561	0.585131	0.722347	-0.819217	-0.571706	0.045118	0.439370	-0.575130	0.690058
32682														6.899104	0.404267	6.679146	0.114988	0.006746	0.111316	1.000000	-0.000048	0.000025	0.000021	-0.432972	-0.358073	0.163415	-0.810934	3.733383	-46.240984	122.208429	-0.368638	0.585196	0.722255	-0.819253	-0.571661	0.045034	0.439239	-0.575108	0.690159
32683														6.948685	0.419827	6.672421	0.115813	0.006997	0.111205	1.000000	-0.000013	0.000014	-0.000013	-0.433000	-0.358025	0.163391	-0.810945	3.733982	-46.234285	122.206041	-0.368658	0.585282	0.722174	-0.819275	-0.571629	0.045047	0.439181	-0.575052	0.690243
32684														6.976397	0.462450	6.692880	0.116275	0.007707	0.111546	1.000000	0.000014	0.000015	0.000011	-0.432997	-0.357984	0.163355	-0.810972	3.734552	-46.227629	122.207931	-0.368722	0.585341	0.722094	-0.819254	-0.571657	0.045059	0.439165	-0.574964	0.690326
32685														7.000476	0.454887	6.695811	0.116675	0.007589	0.111596	1.000000	-0.000026	0.000007	0.000044	-0.432987	-0.357926	0.163367	-0.811001	3.727022	-46.222185	122.214213	-0.368823	0.585359	0.722028	-0.819252	-0.571668	0.044973	0.439086	-0.574936	0.690400
32686														6.961966	0.408816	6.685104	0.116030	0.006820	0.111421	1.000000	-0.000016	-0.000021	0.000043	-0.432973	-0.357894	0.163385	-0.811019	3.720896	-46.219878	122.219457	-0.368892	0.585350	0.722000	-0.819247	-0.571680	0.044901	0.439036	-0.574933	0.690434
32687														6.953364	0.403794	6.673987	0.115888	0.006738	0.111234	1.000000	-0.000039	-0.000008	0.000033	-0.432971	-0.357845	0.163409	-0.811037	3.713139	-46.216017	122.224148	-0.368966	0.585361	0.721954	-0.819262	-0.571666	0.044811	0.438947	-0.574935	0.690489
32688														6.974788	0.408451	6.654792	0.116248	0.006808	0.110911	1.000000	0.000017	0.000016	0.000020	-0.432961	-0.357804	0.163373	-0.811067	3.713274	-46.209400	122.227236	-0.369042	0.585411	0.721874	-0.819232	-0.571708	0.044818	0.438938	-0.574843	0.690572
32689														6.978930	0.426880	6.664280	0.116315	0.007106	0.111073	1.000000	0.000032	-0.000012	-0.000043	-0.432993	-0.357801	0.163313	-0.811064	3.722824	-46.205448	122.219638	-0.368991	0.585502	0.721826	-0.819237	-0.571692	0.044936	0.438973	-0.574765	0.690614
32690														6.979554	0.396241	6.656032	0.116324	0.006594	0.110936	1.000000	0.000036	-0.000018	-0.000052	-0.433032	-0.357806	0.163252	-0.811053	3.733767	-46.202076	122.210162	-0.368917	0.585599	0.721785	-0.819249	-0.571664	0.045071	0.439012	-0.574694	0.690648
32691														6.985973	0.413614	6.644523	0.116429	0.006887	0.110747	1.000000	0.000041	-0.000037	-0.000014	-0.433044	-0.357819	0.163211	-0.811049	3.740934	-46.201018	122.205607	-0.368877	0.585640	0.721773	-0.819240	-0.571670	0.045158	0.439062	-0.574647	0.690656
32692														6.995043	0.418596	6.655151	0.116584	0.006969	0.110920	1.000000	0.000042	-0.000003	-0.000029	-0.433072	-0.357808	0.163149	-0.811052	3.749782	-46.196045	122.199121	-0.368844	0.585735	0.721712	-0.819239	-0.571663	0.045269	0.439092	-0.574558	0.690711
32693														7.029681	0.446920	6.656034	0.117159	0.007439	0.110938	1.000000	0.000039	-0.000029	-0.000048	-0.433103	-0.357823	0.163090	-0.811040	3.760688	-46.193957	122.190488	-0.368770	0.585812	0.721687	-0.819242	-0.571647	0.045402	0.439148	-0.574494	0.690729
32694														7.045387	0.436800	6.647444	0.117420	0.007271	0.110794	1.000000	0.000045	-0.000026	-0.000030	-0.433111	-0.357837	0.163029	-0.811042	3.770217	-46.191775	122.185721	-0.368736	0.585866	0.721661	-0.819218	-0.571673	0.045519	0.439222	-0.574413	0.690749
32695														6.993545	0.454750	6.682621	0.116556	0.007577	0.111381	1.000000	0.000030	-0.000030	0.000006	-0.433105	-0.357839	0.162999	-0.811050	3.773718	-46.190211	122.185375	-0.368743	0.585885	0.721642	-0.819195	-0.571702	0.045562	0.439259	-0.574365	0.690765
32696														6.972227	0.428350	6.650758	0.116199	0.007145	0.110851	1.000000	-0.000043	-0.000046	0.000009	-0.433120	-0.357822	0.163036	-0.811043	3.768663	-46.190475	122.185463	-0.368742	0.585882	0.721645	-0.819233	-0.571653	0.045501	0.439189	-0.574417	0.690766
32697														6.975703	0.415560	6.672073	0.116255	0.006929	0.111208	1.000000	-0.000026	-0.000062	0.000001	-0.433131	-0.357827	0.163062	-0.811029	3.766714	-46.192582	122.184151	-0.368714	0.585868	0.721671	-0.819260	-0.571616	0.045476	0.439162	-0.574468	0.690741
32698														6.966940	0.443167	6.668580	0.116114	0.007383	0.111145	1.000000	0.000000	-0.000020	-0.000022	-0.433159	-0.357813	0.163041	-0.811025	3.770158	-46.189680	122.179522	-0.368687	0.585929	0.721636	-0.819281	-0.571583	0.045520	0.439146	-0.574440	0.690775
32699														6.939022	0.432438	6.655859	0.115645	0.007208	0.110937	1.000000	0.000005	-0.000051	0.000010	-0.433154	-0.357822	0.163040	-0.811024	3.770614	-46.190573	122.179800	-0.368683	0.585917	0.721646	-0.819274	-0.571592	0.045525	0.439161	-0.574442	0.690763
32700														6.940524	0.421516	6.697820	0.115670	0.007028	0.111635	1.000000	-0.000022	-0.000044	0.000003	-0.433162	-0.357814	0.163055	-0.811020	3.768655	-46.190583	122.179441	-0.368680	0.585920	0.721646	-0.819293	-0.571567	0.045501	0.439129	-0.574465	0.690765
32701														6.964999	0.393002	6.649287	0.116077	0.006554	0.110828	1.000000	-0.000032	-0.000057	0.000001	-0.433177	-0.357811	0.163085	-0.811007	3.765781	-46.192041	122.178215	-0.368657	0.585912	0.721664	-0.819327	-0.571522	0.045465	0.439085	-0.574517	0.690749
32702														6.978565	0.415011	6.669112	0.116307	0.006914	0.111155	1.000000	-0.000006	-0.000027	-0.000028	-0.433207	-0.357803	0.163069	-0.810998	3.769196	-46.189995	122.173037	-0.368618	0.585967	0.721639	-0.819353	-0.571480	0.045508	0.439069	-0.574502	0.690772
32703														6.968084	0.412830	6.678480	0.116134	0.006876	0.111309	1.000000	0.000018	-0.000011	-0.000020	-0.433216	-0.357792	0.163026	-0.811006	3.774249	-46.186249	122.170519	-0.368617	0.586023	0.721594	-0.819341	-0.571493	0.045572	0.439092	-0.574433	0.690815
32704														6.968136	0.413437	6.678388	0.116136	0.006885	0.111307	1.000000	0.000025	0.000001	-0.000026	-0.433251	-0.357770	0.162978	-0.811007	3.780826	-46.180863	122.164181	-0.368589	0.586121	0.721529	-0.819356	-0.571464	0.045656	0.439088	-0.574361	0.690877
32705														6.954778	0.423888	6.665813	0.115911	0.007058	0.111100	1.000000	0.000025	-0.000024	-0.000036	-0.433286	-0.357771	0.162936	-0.810996	3.788793	-46.178240	122.156335	-0.368526	0.586200	0.721497	-0.819374	-0.571430	0.045754	0.439106	-0.574315	0.690904
32706														7.004622	0.440662	6.658675	0.116746	0.007339	0.110976	1.000000	0.000015	0.000016	-0.000031	-0.433320	-0.357736	0.162883	-0.811004	3.794650	-46.171130	122.150842	-0.368518	0.586311	0.721411	-0.819387	-0.571405	0.045831	0.439089	-0.574226	0.690989
32707														6.972297	0.433696	6.687726	0.116206	0.007220	0.111462	1.000000	0.000023	0.000004	-0.000047	-0.433351	-0.357719	0.162819	-0.811008	3.803294	-46.165364	122.144263	-0.368489	0.586415	0.721342	-0.819389	-0.571394	0.045940	0.439110	-0.574131	0.691054
32708														6.993755	0.439615	6.668371	0.116561	0.007323	0.111141	1.000000	0.000018	-0.000011	-0.000020	-0.433369	-0.357705	0.162781	-0.811012	3.808182	-46.161443	122.140564	-0.368477	0.586480	0.721294	-0.819390	-0.571388	0.046002	0.439118	-0.574071	0.691099
32709														6.986110	0.466591	6.645036	0.116440	0.007766	0.110746	1.000000	0.000064	0.000041	-0.000032	-0.433384	-0.357671	0.162676	-0.811040	3.819333	-46.151499	122.136179	-0.368499	0.586614	0.721174	-0.819353	-0.571430	0.046145	0.439169	-0.573892	0.691215
32710														6.973093	0.466343	6.675625	0.116220	0.007770	0.111258	1.000000	0.000011	0.000018	-0.000010	-0.433403	-0.357629	0.162634	-0.811057	3.822141	-46.144313	122.134167	-0.368526	0.586704	0.721087	-0.819354	-0.571424	0.046185	0.439143	-0.573806	0.691303
32711														6.979456	0.450783	6.656725	0.116325	0.007519	0.110944	1.000000	-0.000028	0.000010	0.000022	-0.433406	-0.357572	0.162637	-0.811080	3.816675	-46.138323	122.137756	-0.368603	0.586745	0.721015	-0.819363	-0.571417	0.046124	0.439063	-0.573771	0.691383
32712														6.964467	0.429816	6.657033	0.116075	0.007165	0.110950	1.000000	-0.000004	0.000006	0.000008	-0.433409	-0.357531	0.162617	-0.811101	3.815720	-46.132685	122.139287	-0.368657	0.586795	0.720947	-0.819357	-0.571425	0.046117	0.439028	-0.573712	0.691454
32713														6.947256	0.442318	6.685739	0.115786	0.007375	0.111430	1.000000	-0.000018	-0.000013	0.000010	-0.433417	-0.357500	0.162618	-0.811110	3.813379	-46.129354	122.140049	-0.368687	0.586826	0.720906	-0.819369	-0.571410	0.046091	0.438981	-0.573695	0.691498
32714														6.942823	0.455840	6.684060	0.115712	0.007599	0.111403	1.000000	-0.000014	-0.000019	0.000001	-0.433425	-0.357477	0.162615	-0.811116	3.812296	-46.126609	122.140068	-0.368705	0.586855	0.720873	-0.819378	-0.571398	0.046081	0.438948	-0.573678	0.691534
