// Start Time: Unknown
// Update Rate: 60.0Hz
//Filter Profile: human (46.1)
// Option Flags: AHS Disabled ICC Disabled
// Firmware Version: 4.0.2
0	sampleTimeFine	Year	Month	Day	Second	UTC_Nano	UTC_Year	UTC_Month	UTC_Day	UTC_Hour	UTC_Minute	UTC_Second	UTC_Valid	Acc_X	Acc_Y	Acc_Z	Mat[1][1]	Mat[2][1]	Mat[3][1]	Mat[1][2]	Mat[2][2]	Mat[3][2]	Mat[1][3]	Mat[2][3]	Mat[3][3]
0	2138592													0.394785	0.344612	-0.301944	-0.131069	-0.857293	0.497865	-0.009911	0.503305	0.864052	-0.991324	0.108316	-0.074465
1	2138759													9.801879	-0.085757	-1.289368	-0.131317	-0.857348	0.497705	-0.008927	0.503054	0.864209	-0.991300	0.109043	-0.073713
2	2138926													9.797835	-0.109579	-1.282170	-0.131078	-0.856795	0.498720	-0.008384	0.504000	0.863663	-0.991337	0.109025	-0.073247
3	2139092													9.747644	-0.121642	-1.289747	-0.130554	-0.856884	0.498704	-0.008461	0.503953	0.863689	-0.991405	0.108539	-0.073043
4	2139926													9.706855	-0.116122	-1.287592	-0.130128	-0.856575	0.499346	-0.008865	0.504613	0.863300	-0.991458	0.107913	-0.073258
5	2140092													9.706508	-0.110439	-1.292489	-0.129749	-0.856694	0.499240	-0.009372	0.504533	0.863342	-0.991503	0.107339	-0.073492
6	2140259													9.737162	-0.105898	-1.254502	-0.129420	-0.856604	0.499480	-0.009872	0.504805	0.863177	-0.991541	0.106782	-0.073788
7	2140426													9.721944	-0.105234	-1.262640	-0.128883	-0.856914	0.499086	-0.010442	0.504428	0.863390	-0.991605	0.106064	-0.073960
8	2140592													9.696221	-0.112196	-1.263320	-0.128371	-0.857026	0.499027	-0.011042	0.504394	0.863403	-0.991665	0.105325	-0.074213
9	2140759													9.667894	-0.095044	-1.253462	-0.127953	-0.857527	0.498272	-0.011624	0.503664	0.863822	-0.991712	0.104737	-0.074413
10	2140926													9.667507	-0.075620	-1.256640	-0.127593	-0.857767	0.497952	-0.012140	0.503368	0.863987	-0.991752	0.104194	-0.074640
11	2141092													9.661739	-0.096042	-1.245347	-0.127423	-0.857976	0.497635	-0.012599	0.503084	0.864146	-0.991768	0.103843	-0.074914
12	2141259													9.716407	-0.086792	-1.234721	-0.127277	-0.858308	0.497100	-0.013062	0.502583	0.864430	-0.991781	0.103529	-0.075179
13	2141426													9.756660	-0.057063	-1.223904	-0.127084	-0.858623	0.496605	-0.013395	0.502104	0.864703	-0.991801	0.103238	-0.075311
14	2141592													9.722972	-0.041432	-1.229030	-0.126755	-0.858860	0.496280	-0.013579	0.501771	0.864894	-0.991841	0.102891	-0.075264
15	2141759													9.720671	-0.052346	-1.214333	-0.126373	-0.858977	0.496173	-0.013637	0.501640	0.864969	-0.991889	0.102542	-0.075107
16	2141926													9.716922	-0.064372	-1.224174	-0.125912	-0.859071	0.496127	-0.013699	0.501566	0.865011	-0.991947	0.102119	-0.074922
17	2142092													9.731611	-0.073166	-1.166210	-0.125400	-0.858967	0.496437	-0.013809	0.501850	0.864844	-0.992010	0.101596	-0.074793
18	2142259													9.772408	-0.082600	-1.198473	-0.124684	-0.858981	0.496593	-0.013956	0.501968	0.864774	-0.992098	0.100893	-0.074575
19	2142426													9.763894	-0.100045	-1.180948	-0.123802	-0.859025	0.496739	-0.014107	0.502063	0.864716	-0.992207	0.100046	-0.074275
20	2142592													9.714554	-0.098725	-1.184314	-0.122811	-0.859113	0.496833	-0.014266	0.502099	0.864692	-0.992328	0.099105	-0.073920
21	2142759													9.658920	-0.076090	-1.187715	-0.121893	-0.859197	0.496912	-0.014435	0.502127	0.864673	-0.992438	0.098225	-0.073609
22	2142926													9.666006	-0.084471	-1.157505	-0.121149	-0.859248	0.497007	-0.014586	0.502182	0.864639	-0.992527	0.097501	-0.073372
23	2143092													9.647332	-0.113298	-1.158066	-0.120581	-0.859259	0.497126	-0.014799	0.502280	0.864578	-0.992593	0.096895	-0.073281
24	2143259													9.629110	-0.100442	-1.139417	-0.120262	-0.859304	0.497125	-0.014952	0.502271	0.864581	-0.992630	0.096544	-0.073252
25	2143426													9.683365	-0.140613	-1.128526	-0.120158	-0.859300	0.497157	-0.015049	0.502304	0.864560	-0.992641	0.096402	-0.073288
26	2143593													9.707532	-0.110633	-1.152688	-0.120061	-0.859315	0.497154	-0.015180	0.502307	0.864556	-0.992650	0.096253	-0.073352
27	2143759													9.704391	-0.069021	-1.123485	-0.120010	-0.859303	0.497188	-0.015411	0.502359	0.864522	-0.992653	0.096090	-0.073531
28	2143926													9.705524	-0.082602	-1.149231	-0.120024	-0.859206	0.497352	-0.015605	0.502544	0.864411	-0.992648	0.095989	-0.073725
29	2144093													9.779267	-0.075857	-1.157987	-0.120015	-0.859104	0.497531	-0.015737	0.502737	0.864296	-0.992647	0.095899	-0.073855
30	2144259													9.754889	-0.127370	-1.134258	-0.119843	-0.859020	0.497718	-0.015842	0.502921	0.864187	-0.992666	0.095682	-0.073880
31	2144426													9.722386	-0.134263	-1.178985	-0.119654	-0.858944	0.497894	-0.015936	0.503094	0.864085	-0.992688	0.095457	-0.073886
32	2144593													9.723196	-0.165893	-1.170725	-0.119477	-0.858959	0.497910	-0.016033	0.503106	0.864076	-0.992708	0.095254	-0.073881
33	2144759													9.658401	-0.184930	-1.117990	-0.119397	-0.859023	0.497819	-0.016158	0.503021	0.864123	-0.992715	0.095130	-0.073939
34	2144926													9.708138	-0.159901	-1.128764	-0.119433	-0.859162	0.497570	-0.016345	0.502791	0.864254	-0.992708	0.095088	-0.074093
35	2145093													9.709841	-0.100612	-1.137349	-0.119434	-0.859330	0.497280	-0.016488	0.502513	0.864412	-0.992705	0.095041	-0.074186
36	2145259													9.672480	-0.105269	-1.174868	-0.119522	-0.859399	0.497140	-0.016627	0.502392	0.864480	-0.992692	0.095058	-0.074336
37	2145426													9.715654	-0.113584	-1.148256	-0.119713	-0.859493	0.496932	-0.016867	0.502220	0.864575	-0.992665	0.095119	-0.074620
38	2145593													9.764412	-0.089646	-1.146986	-0.119835	-0.859604	0.496710	-0.017032	0.502022	0.864687	-0.992648	0.095160	-0.074801
39	2145759													9.747707	-0.077257	-1.181672	-0.119845	-0.859655	0.496618	-0.017084	0.501935	0.864736	-0.992646	0.095150	-0.074841
40	2145926													9.703230	-0.099200	-1.179991	-0.119819	-0.859686	0.496571	-0.017193	0.501896	0.864757	-0.992647	0.095077	-0.074917
41	2146093													9.758419	-0.126065	-1.177863	-0.119737	-0.859679	0.496604	-0.017393	0.501942	0.864727	-0.992653	0.094903	-0.075053
42	2146259													9.786530	-0.112618	-1.165613	-0.119536	-0.859659	0.496687	-0.017614	0.502031	0.864670	-0.992674	0.094611	-0.075153
43	2146426													9.760654	-0.099516	-1.173277	-0.119163	-0.859670	0.496758	-0.017839	0.502096	0.864628	-0.992714	0.094170	-0.075167
44	2146593													9.716792	-0.110476	-1.136141	-0.118709	-0.859738	0.496747	-0.017980	0.502064	0.864644	-0.992766	0.093710	-0.075058
45	2146759													9.700893	-0.128643	-1.154218	-0.118234	-0.859666	0.496986	-0.018094	0.502279	0.864516	-0.992821	0.093223	-0.074941
46	2146926													9.679151	-0.151779	-1.151021	-0.117834	-0.859696	0.497029	-0.018195	0.502301	0.864501	-0.992867	0.092824	-0.074830
47	2147093													9.677247	-0.167025	-1.145523	-0.117519	-0.859715	0.497070	-0.018362	0.502334	0.864478	-0.992901	0.092465	-0.074820
48	2147259													9.714751	-0.118088	-1.139389	-0.117305	-0.859775	0.497017	-0.018508	0.502278	0.864508	-0.992923	0.092213	-0.074832
49	2147426													9.671553	-0.129216	-1.136690	-0.117138	-0.859772	0.497061	-0.018598	0.502319	0.864483	-0.992941	0.092020	-0.074831
50	2147593													9.717546	-0.121777	-1.132134	-0.117081	-0.859785	0.497053	-0.018724	0.502318	0.864480	-0.992946	0.091907	-0.074911
51	2147759													9.718561	-0.099726	-1.130951	-0.117061	-0.859809	0.497017	-0.018848	0.502291	0.864493	-0.992946	0.091830	-0.075004
52	2147926													9.697436	-0.103513	-1.150090	-0.117110	-0.859779	0.497056	-0.018897	0.502338	0.864465	-0.992939	0.091845	-0.075076
53	2148093													9.686562	-0.104372	-1.125407	-0.117246	-0.859675	0.497204	-0.018953	0.502503	0.864368	-0.992922	0.091920	-0.075210
54	2148259													9.706760	-0.104628	-1.143820	-0.117456	-0.859575	0.497327	-0.019066	0.502653	0.864278	-0.992895	0.092033	-0.075428
55	2148426													9.739639	-0.094505	-1.148832	-0.117590	-0.859506	0.497415	-0.019154	0.502760	0.864214	-0.992878	0.092095	-0.075582
56	2148593													9.715425	-0.121204	-1.144362	-0.117732	-0.859490	0.497410	-0.019267	0.502776	0.864202	-0.992858	0.092161	-0.075752
57	2148759													9.712798	-0.143528	-1.160279	-0.117866	-0.859427	0.497487	-0.019387	0.502875	0.864142	-0.992840	0.092208	-0.075934
58	2148926													9.732734	-0.143585	-1.152608	-0.117952	-0.859388	0.497533	-0.019523	0.502941	0.864100	-0.992827	0.092209	-0.076101
59	2149093													9.760874	-0.122696	-1.143142	-0.117961	-0.859457	0.497412	-0.019683	0.502835	0.864158	-0.992823	0.092146	-0.076232
60	2149259													9.757960	-0.157360	-1.166258	-0.117824	-0.859434	0.497485	-0.019815	0.502909	0.864112	-0.992837	0.091956	-0.076285
61	2149426													9.680822	-0.187587	-1.190170	-0.117645	-0.859457	0.497487	-0.019947	0.502910	0.864108	-0.992855	0.091734	-0.076308
62	2149593													9.735393	-0.136537	-1.184398	-0.117500	-0.859624	0.497233	-0.020070	0.502655	0.864254	-0.992870	0.091570	-0.076314
63	2149759													9.759974	-0.047905	-1.151606	-0.117315	-0.859757	0.497046	-0.020130	0.502458	0.864367	-0.992891	0.091398	-0.076253
64	2149926													9.768943	-0.005618	-1.129373	-0.117094	-0.859825	0.496981	-0.020130	0.502376	0.864415	-0.992917	0.091214	-0.076133
65	2150093													9.778495	0.005984	-1.139509	-0.116817	-0.859799	0.497090	-0.020114	0.502463	0.864365	-0.992950	0.090974	-0.075990
66	2150259													9.765890	-0.023209	-1.124465	-0.116444	-0.859644	0.497447	-0.020127	0.502794	0.864172	-0.992993	0.090616	-0.075849
67	2150426													9.700584	-0.062264	-1.133014	-0.116074	-0.859491	0.497797	-0.020223	0.503126	0.863977	-0.993035	0.090219	-0.075782
68	2150593													9.621025	-0.114403	-1.142961	-0.115843	-0.859409	0.497992	-0.020341	0.503315	0.863864	-0.993059	0.089943	-0.075787
69	2150759													9.640609	-0.182338	-1.126865	-0.115854	-0.859339	0.498111	-0.020531	0.503452	0.863779	-0.993054	0.089846	-0.075970
70	2150926													9.682723	-0.194422	-1.138115	-0.115960	-0.859340	0.498084	-0.020771	0.503456	0.863771	-0.993037	0.089818	-0.076230
71	2151093													9.712126	-0.165069	-1.135943	-0.116073	-0.859430	0.497903	-0.021006	0.503303	0.863855	-0.993018	0.089812	-0.076473
72	2151259													9.734565	-0.173375	-1.107598	-0.116112	-0.859591	0.497615	-0.021275	0.503041	0.864001	-0.993008	0.089734	-0.076696
73	2151426													9.740628	-0.145866	-1.113226	-0.116110	-0.859798	0.497259	-0.021519	0.502705	0.864190	-0.993003	0.089640	-0.076871
74	2151593													9.723311	-0.140140	-1.136804	-0.116111	-0.860008	0.496894	-0.021795	0.502364	0.864382	-0.992997	0.089534	-0.077073
75	2151759													9.744949	-0.105956	-1.111426	-0.116106	-0.860114	0.496712	-0.022078	0.502206	0.864466	-0.992991	0.089404	-0.077298
76	2151926													9.739859	-0.094332	-1.137075	-0.116117	-0.860220	0.496526	-0.022304	0.502040	0.864557	-0.992985	0.089316	-0.077482
77	2152093													9.672660	-0.087836	-1.116943	-0.116186	-0.860141	0.496646	-0.022478	0.502182	0.864470	-0.992973	0.089275	-0.077681
78	2152259													9.680106	-0.149806	-1.123532	-0.116460	-0.859959	0.496898	-0.022699	0.502476	0.864293	-0.992936	0.089376	-0.078039
79	2152426													9.740020	-0.190568	-1.121841	-0.116737	-0.859893	0.496947	-0.022991	0.502573	0.864229	-0.992897	0.089462	-0.078439
80	2152593													9.701765	-0.183116	-1.113355	-0.117004	-0.859688	0.497238	-0.023105	0.502898	0.864037	-0.992863	0.089608	-0.078704
81	2152759													9.722069	-0.204243	-1.125373	-0.117263	-0.859485	0.497528	-0.023117	0.503211	0.863854	-0.992832	0.089796	-0.078877
82	2152926													9.732540	-0.198971	-1.121071	-0.117479	-0.859265	0.497858	-0.023109	0.503559	0.863652	-0.992807	0.089956	-0.079014
83	2153093													9.713805	-0.149879	-1.124184	-0.117665	-0.859195	0.497935	-0.023131	0.503654	0.863596	-0.992784	0.090097	-0.079137
84	2153259													9.666494	-0.124559	-1.100403	-0.117910	-0.859153	0.497949	-0.023160	0.503690	0.863574	-0.992754	0.090292	-0.079289
85	2153426													9.688532	-0.104385	-1.113364	-0.118241	-0.858975	0.498178	-0.023155	0.503946	0.863425	-0.992715	0.090557	-0.079477
86	2153593													9.720253	-0.132840	-1.119650	-0.118609	-0.858730	0.498512	-0.023170	0.504313	0.863210	-0.992671	0.090834	-0.079713
87	2153759													9.700191	-0.154666	-1.129423	-0.119034	-0.858585	0.498661	-0.023217	0.504502	0.863098	-0.992619	0.091161	-0.079986
88	2153926													9.734758	-0.167229	-1.136126	-0.119483	-0.858543	0.498626	-0.023369	0.504517	0.863086	-0.992561	0.091471	-0.080345
89	2154093													9.739057	-0.177670	-1.138302	-0.119894	-0.858483	0.498630	-0.023543	0.504571	0.863049	-0.992508	0.091735	-0.080706
90	2154259													9.747604	-0.155209	-1.153832	-0.120252	-0.858536	0.498453	-0.023675	0.504433	0.863126	-0.992461	0.091992	-0.080984
91	2154426													9.714262	-0.139523	-1.186662	-0.120576	-0.858549	0.498353	-0.023775	0.504369	0.863161	-0.992419	0.092228	-0.081227
92	2154593													9.728250	-0.149708	-1.190470	-0.120852	-0.858571	0.498247	-0.023872	0.504294	0.863202	-0.992384	0.092425	-0.081440
93	2154759													9.738025	-0.113097	-1.197824	-0.121122	-0.858603	0.498126	-0.023979	0.504205	0.863251	-0.992348	0.092614	-0.081659
94	2154926													9.756016	-0.119029	-1.207711	-0.121282	-0.858616	0.498065	-0.024038	0.504163	0.863274	-0.992327	0.092727	-0.081785
95	2155093													9.740484	-0.110898	-1.207882	-0.121369	-0.858654	0.497978	-0.024134	0.504091	0.863313	-0.992314	0.092761	-0.081904
96	2155259													9.727433	-0.105727	-1.198008	-0.121410	-0.858657	0.497964	-0.024190	0.504086	0.863315	-0.992308	0.092769	-0.081972
97	2155426													9.727602	-0.101149	-1.199510	-0.121336	-0.858630	0.498027	-0.024223	0.504146	0.863278	-0.992316	0.092683	-0.081970
98	2155593													9.719097	-0.113099	-1.194116	-0.121208	-0.858635	0.498050	-0.024308	0.504167	0.863264	-0.992329	0.092528	-0.081981
99	2155759													9.733954	-0.117234	-1.201854	-0.121010	-0.858583	0.498188	-0.024364	0.504294	0.863188	-0.992352	0.092317	-0.081943
100	2155926													9.717983	-0.121460	-1.211895	-0.120757	-0.858523	0.498353	-0.024399	0.504442	0.863101	-0.992382	0.092067	-0.081862
101	2156093													9.702259	-0.118166	-1.192053	-0.120525	-0.858478	0.498487	-0.024403	0.504558	0.863033	-0.992410	0.091853	-0.081762
102	2156259													9.706153	-0.131882	-1.203117	-0.120274	-0.858405	0.498673	-0.024408	0.504724	0.862935	-0.992441	0.091616	-0.081657
103	2156426													9.691991	-0.113813	-1.192271	-0.120118	-0.858436	0.498657	-0.024411	0.504696	0.862952	-0.992460	0.091483	-0.081578
104	2156593													9.716613	-0.114596	-1.189275	-0.119988	-0.858459	0.498650	-0.024440	0.504680	0.862960	-0.992474	0.091358	-0.081537
105	2156759													9.701274	-0.106221	-1.202446	-0.119892	-0.858455	0.498679	-0.024466	0.504704	0.862945	-0.992485	0.091259	-0.081513
106	2156926													9.710696	-0.087156	-1.176658	-0.119799	-0.858482	0.498656	-0.024491	0.504676	0.862962	-0.992496	0.091169	-0.081485
107	2157093													9.725052	-0.095335	-1.184551	-0.119680	-0.858426	0.498780	-0.024526	0.504794	0.862891	-0.992510	0.091038	-0.081468
108	2157259													9.713215	-0.091196	-1.175298	-0.119512	-0.858379	0.498901	-0.024598	0.504908	0.862823	-0.992528	0.090846	-0.081457
109	2157426													9.694098	-0.099980	-1.142714	-0.119346	-0.858328	0.499028	-0.024696	0.505032	0.862747	-0.992546	0.090641	-0.081471
110	2157593													9.739313	-0.135177	-1.150221	-0.119166	-0.858283	0.499149	-0.024829	0.505150	0.862674	-0.992564	0.090408	-0.081507
111	2157759													9.754773	-0.142231	-1.122812	-0.118865	-0.858226	0.499318	-0.024974	0.505309	0.862577	-0.992596	0.090060	-0.081497
112	2157926													9.741270	-0.154642	-1.153217	-0.118503	-0.858233	0.499392	-0.025119	0.505366	0.862539	-0.992636	0.089669	-0.081445
113	2158093													9.705058	-0.145521	-1.142274	-0.118094	-0.858263	0.499438	-0.025254	0.505391	0.862521	-0.992681	0.089246	-0.081358
114	2158259													9.722070	-0.149821	-1.130787	-0.117727	-0.858352	0.499372	-0.025454	0.505312	0.862561	-0.992720	0.088835	-0.081337
115	2158426													9.692277	-0.146347	-1.126867	-0.117477	-0.858428	0.499300	-0.025717	0.505243	0.862594	-0.992743	0.088494	-0.081431
116	2158593													9.709204	-0.137259	-1.137513	-0.117314	-0.858558	0.499116	-0.026013	0.505070	0.862686	-0.992754	0.088222	-0.081585
117	2158759													9.687422	-0.146042	-1.112805	-0.117231	-0.858634	0.499003	-0.026319	0.504977	0.862731	-0.992756	0.088005	-0.081797
118	2158926													9.703850	-0.148451	-1.138471	-0.117239	-0.858730	0.498837	-0.026666	0.504842	0.862800	-0.992746	0.087852	-0.082086
119	2159093													9.721556	-0.161862	-1.141832	-0.117310	-0.858845	0.498622	-0.026986	0.504660	0.862896	-0.992729	0.087770	-0.082378
120	2159259													9.737083	-0.204381	-1.157309	-0.117410	-0.858958	0.498404	-0.027348	0.504482	0.862989	-0.992707	0.087693	-0.082722
121	2159426													9.726193	-0.211161	-1.131482	-0.117471	-0.859145	0.498067	-0.027689	0.504178	0.863156	-0.992690	0.087605	-0.083015
122	2159593													9.674069	-0.201251	-1.147357	-0.117542	-0.859320	0.497748	-0.027997	0.503891	0.863314	-0.992673	0.087541	-0.083287
123	2159759													9.740401	-0.208773	-1.169620	-0.117651	-0.859540	0.497342	-0.028287	0.503518	0.863522	-0.992652	0.087526	-0.083554
124	2159926													9.723431	-0.165853	-1.144838	-0.117662	-0.859727	0.497016	-0.028454	0.503206	0.863698	-0.992646	0.087482	-0.083671
125	2160093													9.739733	-0.145294	-1.135253	-0.117606	-0.859797	0.496909	-0.028377	0.503087	0.863770	-0.992655	0.087483	-0.083564
126	2160260													9.767341	-0.160650	-1.136000	-0.117432	-0.859871	0.496822	-0.028307	0.502978	0.863835	-0.992677	0.087378	-0.083406
127	2160426													9.763423	-0.152035	-1.124936	-0.117118	-0.859796	0.497025	-0.028348	0.503160	0.863728	-0.992713	0.087068	-0.083303
128	2160593													9.731283	-0.117110	-1.120575	-0.116752	-0.859756	0.497180	-0.028373	0.503287	0.863654	-0.992756	0.086727	-0.083154
129	2160760													9.696249	-0.105906	-1.100089	-0.116373	-0.859652	0.497450	-0.028318	0.503521	0.863519	-0.992802	0.086404	-0.082940
130	2160926													9.687600	-0.139410	-1.103039	-0.116071	-0.859519	0.497749	-0.028158	0.503783	0.863371	-0.992842	0.086197	-0.082677
131	2161093													9.707149	-0.171257	-1.083306	-0.115865	-0.859395	0.498011	-0.027949	0.504010	0.863245	-0.992872	0.086101	-0.082416
132	2161260													9.711158	-0.194310	-1.088395	-0.115703	-0.859292	0.498228	-0.027827	0.504204	0.863136	-0.992894	0.086003	-0.082250
133	2161426													9.686208	-0.192854	-1.108646	-0.115662	-0.859232	0.498339	-0.027780	0.504308	0.863077	-0.992900	0.085981	-0.082199
134	2161593													9.706706	-0.168640	-1.090500	-0.115764	-0.859194	0.498382	-0.027758	0.504358	0.863048	-0.992889	0.086076	-0.082236
135	2161760													9.691554	-0.150573	-1.117021	-0.115906	-0.859109	0.498494	-0.027693	0.504477	0.862981	-0.992874	0.086220	-0.082263
136	2161926													9.700250	-0.172979	-1.127525	-0.116175	-0.859037	0.498557	-0.027665	0.504560	0.862933	-0.992843	0.086459	-0.082382
137	2162093													9.716836	-0.170083	-1.113594	-0.116464	-0.859071	0.498431	-0.027670	0.504458	0.862993	-0.992809	0.086716	-0.082522
138	2162260													9.746758	-0.139556	-1.129620	-0.116800	-0.859061	0.498369	-0.027676	0.504424	0.863012	-0.992770	0.087007	-0.082692
139	2162426													9.718198	-0.157339	-1.138514	-0.117102	-0.859114	0.498208	-0.027712	0.504291	0.863089	-0.992733	0.087263	-0.082861
140	2162593													9.730142	-0.137318	-1.156708	-0.117440	-0.859191	0.497994	-0.027795	0.504112	0.863191	-0.992691	0.087532	-0.083084
141	2162760													9.729753	-0.143372	-1.169586	-0.117711	-0.859280	0.497777	-0.027908	0.503926	0.863296	-0.992656	0.087727	-0.083299
142	2162926													9.727530	-0.136606	-1.172325	-0.117901	-0.859305	0.497688	-0.028047	0.503866	0.863327	-0.992629	0.087829	-0.083507
143	2163093													9.764934	-0.136587	-1.169510	-0.117995	-0.859272	0.497724	-0.028181	0.503921	0.863290	-0.992614	0.087837	-0.083676
144	2163260													9.782365	-0.131547	-1.153506	-0.117951	-0.859303	0.497680	-0.028260	0.503881	0.863311	-0.992617	0.087764	-0.083717
145	2163426													9.735553	-0.161752	-1.161841	-0.117791	-0.859276	0.497765	-0.028284	0.503954	0.863267	-0.992635	0.087606	-0.083665
146	2163593													9.706407	-0.175043	-1.132204	-0.117604	-0.859263	0.497831	-0.028294	0.504006	0.863237	-0.992657	0.087434	-0.083585
147	2163760													9.693343	-0.175076	-1.134962	-0.117435	-0.859275	0.497851	-0.028309	0.504013	0.863232	-0.992677	0.087280	-0.083514
148	2163926													9.687783	-0.166870	-1.136598	-0.117335	-0.859281	0.497864	-0.028289	0.504015	0.863231	-0.992689	0.087203	-0.083447
149	2164093													9.668838	-0.148534	-1.124596	-0.117323	-0.859239	0.497939	-0.028155	0.504078	0.863199	-0.992695	0.087253	-0.083332
150	2164260													9.700438	-0.127488	-1.128601	-0.117357	-0.859129	0.498121	-0.027952	0.504246	0.863108	-0.992696	0.087368	-0.083191
151	2164426													9.720677	-0.122405	-1.101704	-0.117406	-0.858960	0.498401	-0.027688	0.504508	0.862963	-0.992698	0.087517	-0.083015
152	2164593													9.721048	-0.133983	-1.124661	-0.117449	-0.858775	0.498710	-0.027426	0.504799	0.862801	-0.992700	0.087658	-0.082841
153	2164760													9.738469	-0.125233	-1.144845	-0.117454	-0.858565	0.499070	-0.027181	0.505140	0.862609	-0.992706	0.087752	-0.082667
154	2164926													9.765951	-0.119965	-1.127647	-0.117411	-0.858386	0.499388	-0.026988	0.505438	0.862441	-0.992717	0.087782	-0.082510
155	2165093													9.726561	-0.149521	-1.141381	-0.117343	-0.858254	0.499631	-0.026841	0.505663	0.862313	-0.992729	0.087775	-0.082373
156	2165260													9.727878	-0.157121	-1.116751	-0.117246	-0.858100	0.499918	-0.026708	0.505932	0.862160	-0.992744	0.087733	-0.082236
157	2165426													9.731790	-0.153044	-1.125851	-0.117145	-0.858026	0.500069	-0.026625	0.506069	0.862082	-0.992758	0.087674	-0.082129
158	2165593													9.717664	-0.160225	-1.128211	-0.117042	-0.858039	0.500070	-0.026610	0.506059	0.862088	-0.992770	0.087593	-0.082063
159	2165760													9.709668	-0.176304	-1.117787	-0.116979	-0.858026	0.500107	-0.026663	0.506096	0.862065	-0.992776	0.087509	-0.082080
160	2165926													9.713668	-0.166838	-1.132030	-0.116989	-0.858123	0.499938	-0.026765	0.505936	0.862156	-0.992773	0.087482	-0.082156
161	2166093													9.673848	-0.180035	-1.125558	-0.117072	-0.858248	0.499704	-0.026833	0.505714	0.862284	-0.992761	0.087541	-0.082235
162	2166260													9.641596	-0.159883	-1.129177	-0.117308	-0.858398	0.499391	-0.026895	0.505425	0.862451	-0.992731	0.087742	-0.082377
163	2166426													9.651480	-0.150046	-1.181873	-0.117654	-0.858472	0.499182	-0.026936	0.505247	0.862554	-0.992689	0.088037	-0.082569
164	2166593													9.702713	-0.157447	-1.181862	-0.118119	-0.858582	0.498884	-0.026992	0.504992	0.862702	-0.992633	0.088436	-0.082824
165	2166760													9.770254	-0.119143	-1.171775	-0.118572	-0.858674	0.498618	-0.026996	0.504763	0.862836	-0.992578	0.088847	-0.083031
166	2166926													9.811310	-0.099846	-1.179530	-0.118867	-0.858686	0.498527	-0.026819	0.504680	0.862890	-0.992548	0.089199	-0.083019
167	2167093													9.791497	-0.113949	-1.192676	-0.118933	-0.858662	0.498552	-0.026623	0.504693	0.862888	-0.992545	0.089353	-0.082884
168	2167260													9.765528	-0.112922	-1.170389	-0.118838	-0.858577	0.498721	-0.026508	0.504844	0.862803	-0.992560	0.089313	-0.082754
169	2167426													9.748828	-0.117504	-1.170738	-0.118592	-0.858511	0.498894	-0.026392	0.504987	0.862723	-0.992592	0.089146	-0.082545
170	2167593													9.724875	-0.102168	-1.157582	-0.118257	-0.858496	0.498998	-0.026268	0.505053	0.862689	-0.992635	0.088912	-0.082277
171	2167760													9.712465	-0.110459	-1.160055	-0.117946	-0.858384	0.499265	-0.026150	0.505285	0.862556	-0.992676	0.088679	-0.082043
172	2167926													9.740707	-0.134978	-1.141628	-0.117580	-0.858329	0.499446	-0.026012	0.505424	0.862479	-0.992723	0.088419	-0.081755
173	2168093													9.715221	-0.148783	-1.118775	-0.117174	-0.858223	0.499723	-0.025897	0.505659	0.862345	-0.992774	0.088103	-0.081476
174	2168260													9.675691	-0.163498	-1.119625	-0.116809	-0.858201	0.499847	-0.025843	0.505749	0.862294	-0.992818	0.087806	-0.081255
175	2168426													9.695966	-0.163224	-1.109969	-0.116566	-0.858217	0.499875	-0.025813	0.505754	0.862291	-0.992847	0.087610	-0.081106
176	2168593													9.705401	-0.127806	-1.119850	-0.116358	-0.858234	0.499896	-0.025756	0.505752	0.862294	-0.992873	0.087459	-0.080953
177	2168760													9.712211	-0.161230	-1.137957	-0.116294	-0.858271	0.499847	-0.025735	0.505697	0.862327	-0.992881	0.087420	-0.080897
178	2168926													9.714293	-0.154662	-1.125806	-0.116244	-0.858351	0.499720	-0.025753	0.505567	0.862403	-0.992887	0.087380	-0.080874
179	2169093													9.739940	-0.124084	-1.110098	-0.116249	-0.858426	0.499590	-0.025705	0.505432	0.862483	-0.992887	0.087421	-0.080822
180	2169260													9.713076	-0.107104	-1.126870	-0.116275	-0.858497	0.499462	-0.025606	0.505297	0.862566	-0.992887	0.087506	-0.080737
181	2169426													9.718358	-0.113241	-1.127646	-0.116312	-0.858557	0.499351	-0.025523	0.505181	0.862636	-0.992885	0.087590	-0.080672
182	2169593													9.718183	-0.116198	-1.132077	-0.116377	-0.858604	0.499255	-0.025487	0.505087	0.862692	-0.992878	0.087673	-0.080664
183	2169760													9.722409	-0.109425	-1.124027	-0.116449	-0.858639	0.499179	-0.025504	0.505018	0.862732	-0.992869	0.087734	-0.080708
184	2169926													9.715511	-0.132702	-1.154028	-0.116476	-0.858645	0.499161	-0.025550	0.505006	0.862737	-0.992865	0.087735	-0.080760
185	2170093													9.742890	-0.144668	-1.147573	-0.116442	-0.858676	0.499117	-0.025590	0.504962	0.862762	-0.992868	0.087689	-0.080772
186	2170260													9.738374	-0.153048	-1.150822	-0.116314	-0.858715	0.499079	-0.025608	0.504915	0.862789	-0.992882	0.087574	-0.080718
187	2170426													9.689906	-0.151554	-1.131498	-0.116217	-0.858807	0.498944	-0.025632	0.504774	0.862871	-0.992893	0.087492	-0.080676
188	2170593													9.706160	-0.148413	-1.153472	-0.116190	-0.858912	0.498768	-0.025666	0.504598	0.862973	-0.992895	0.087467	-0.080674
189	2170760													9.721610	-0.128853	-1.111868	-0.116102	-0.859013	0.498616	-0.025698	0.504441	0.863064	-0.992905	0.087390	-0.080641
190	2170926													9.728385	-0.092052	-1.131194	-0.116015	-0.859084	0.498513	-0.025678	0.504329	0.863130	-0.992916	0.087335	-0.080569
191	2171093													9.737497	-0.100066	-1.108717	-0.115947	-0.859121	0.498465	-0.025612	0.504269	0.863167	-0.992925	0.087314	-0.080473
192	2171260													9.743162	-0.123565	-1.125089	-0.115817	-0.859093	0.498543	-0.025549	0.504331	0.863132	-0.992942	0.087228	-0.080359
193	2171426													9.697651	-0.118330	-1.113377	-0.115749	-0.859046	0.498640	-0.025488	0.504418	0.863083	-0.992951	0.087191	-0.080281
194	2171593													9.678787	-0.121949	-1.105453	-0.115754	-0.858949	0.498806	-0.025444	0.504581	0.862989	-0.992952	0.087203	-0.080262
195	2171760													9.730585	-0.118033	-1.126602	-0.115774	-0.858856	0.498962	-0.025406	0.504737	0.862899	-0.992951	0.087224	-0.080256
196	2171926													9.730066	-0.143760	-1.113881	-0.115743	-0.858848	0.498983	-0.025333	0.504748	0.862895	-0.992956	0.087234	-0.080179
197	2172093													9.724269	-0.129144	-1.115823	-0.115699	-0.858789	0.499095	-0.025276	0.504853	0.862835	-0.992963	0.087214	-0.080118
198	2172260													9.751928	-0.136733	-1.113681	-0.115621	-0.858830	0.499043	-0.025270	0.504793	0.862871	-0.992972	0.087155	-0.080068
199	2172426													9.720545	-0.149060	-1.132393	-0.115514	-0.858837	0.499054	-0.025342	0.504802	0.862863	-0.992983	0.087025	-0.080076
200	2172593													9.701531	-0.130821	-1.132418	-0.115489	-0.858877	0.498992	-0.025467	0.504749	0.862891	-0.992982	0.086947	-0.080166
201	2172760													9.713581	-0.148973	-1.111340	-0.115505	-0.858919	0.498916	-0.025598	0.504684	0.862924	-0.992977	0.086901	-0.080280
202	2172926													9.709338	-0.139437	-1.135917	-0.115574	-0.858991	0.498775	-0.025783	0.504565	0.862988	-0.992964	0.086879	-0.080462
203	2173093													9.644811	-0.126263	-1.145681	-0.115713	-0.859054	0.498636	-0.025986	0.504454	0.863047	-0.992943	0.086909	-0.080695
204	2173260													9.666127	-0.164550	-1.170761	-0.116068	-0.859062	0.498538	-0.026227	0.504406	0.863068	-0.992895	0.087099	-0.081076
205	2173426													9.695994	-0.152220	-1.159244	-0.116509	-0.859069	0.498423	-0.026514	0.504352	0.863091	-0.992836	0.087342	-0.081539
206	2173593													9.729563	-0.152894	-1.162622	-0.116992	-0.859063	0.498321	-0.026561	0.504294	0.863124	-0.992778	0.087742	-0.081816
207	2173760													9.772151	-0.182256	-1.152400	-0.117370	-0.858997	0.498347	-0.026528	0.504348	0.863093	-0.992734	0.088081	-0.081983
208	2173926													9.786785	-0.205626	-1.156384	-0.117621	-0.858977	0.498321	-0.026544	0.504344	0.863095	-0.992704	0.088291	-0.082122
209	2174093													9.772444	-0.192210	-1.157658	-0.117648	-0.859026	0.498230	-0.026554	0.504256	0.863146	-0.992700	0.088317	-0.082136
210	2174260													9.746559	-0.182784	-1.120465	-0.117515	-0.859097	0.498139	-0.026536	0.504152	0.863207	-0.992716	0.088222	-0.082042
211	2174426													9.726744	-0.196462	-1.146393	-0.117262	-0.859196	0.498028	-0.026402	0.504008	0.863296	-0.992750	0.088083	-0.081785
212	2174593													9.722426	-0.200723	-1.158107	-0.116970	-0.859235	0.498030	-0.026136	0.503962	0.863330	-0.992791	0.087967	-0.081406
213	2174760													9.696817	-0.198295	-1.133851	-0.116707	-0.859324	0.497937	-0.025762	0.503813	0.863428	-0.992832	0.087940	-0.080937
214	2174926													9.721797	-0.173104	-1.112800	-0.116476	-0.859387	0.497883	-0.025330	0.503702	0.863506	-0.992870	0.087966	-0.080437
215	2175093													9.721928	-0.149950	-1.160917	-0.116250	-0.859409	0.497898	-0.024874	0.503659	0.863544	-0.992908	0.088003	-0.079928
216	2175260													9.737572	-0.087605	-1.125990	-0.116009	-0.859356	0.498046	-0.024386	0.503745	0.863508	-0.992949	0.088030	-0.079396
217	2175426													9.703287	-0.060021	-1.128285	-0.115733	-0.859287	0.498229	-0.023892	0.503863	0.863453	-0.992993	0.088027	-0.078843
218	2175593													9.687463	-0.038995	-1.150718	-0.115548	-0.859151	0.498505	-0.023492	0.504090	0.863331	-0.993024	0.088045	-0.078429
219	2175760													9.691501	-0.016512	-1.124281	-0.115446	-0.858856	0.499038	-0.023155	0.504587	0.863050	-0.993044	0.088081	-0.078140
220	2175926													9.726808	-0.041447	-1.155436	-0.115427	-0.858475	0.499697	-0.022867	0.505223	0.862686	-0.993053	0.088151	-0.077947
221	2176093													9.742890	-0.085541	-1.125934	-0.115378	-0.858067	0.500408	-0.022654	0.505915	0.862286	-0.993063	0.088152	-0.077810
222	2176260													9.790377	-0.129257	-1.130278	-0.115192	-0.857732	0.501026	-0.022565	0.506513	0.861937	-0.993087	0.087983	-0.077701
223	2176426													9.771012	-0.190768	-1.128569	-0.114893	-0.857559	0.501390	-0.022574	0.506856	0.861735	-0.993121	0.087688	-0.077593
224	2176593													9.726821	-0.205169	-1.102661	-0.114545	-0.857511	0.501552	-0.022675	0.507000	0.861648	-0.993159	0.087324	-0.077518
225	2176760													9.697458	-0.180289	-1.108114	-0.114228	-0.857580	0.501506	-0.022752	0.506936	0.861683	-0.993194	0.087019	-0.077418
226	2176927													9.666344	-0.187181	-1.097499	-0.114006	-0.857718	0.501321	-0.022783	0.506735	0.861801	-0.993219	0.086829	-0.077312
227	2177093													9.677382	-0.155739	-1.108597	-0.113900	-0.857949	0.500949	-0.022751	0.506351	0.862027	-0.993232	0.086788	-0.077193
228	2177260													9.690435	-0.114953	-1.084238	-0.113878	-0.858152	0.500606	-0.022643	0.505995	0.862239	-0.993237	0.086855	-0.077053
229	2177427													9.725512	-0.065747	-1.085730	-0.113912	-0.858320	0.500310	-0.022516	0.505689	0.862422	-0.993236	0.086975	-0.076929
230	2177593													9.751842	-0.034818	-1.065642	-0.113887	-0.858411	0.500160	-0.022349	0.505522	0.862524	-0.993242	0.087052	-0.076757
231	2177760													9.747832	-0.015939	-1.095403	-0.113781	-0.858392	0.500217	-0.022183	0.505556	0.862509	-0.993258	0.087041	-0.076564
232	2177927													9.725445	-0.021899	-1.081568	-0.113668	-0.858254	0.500479	-0.022026	0.505797	0.862371	-0.993275	0.087001	-0.076397
233	2178093													9.742152	-0.030296	-1.059231	-0.113584	-0.858052	0.500845	-0.021937	0.506151	0.862166	-0.993286	0.086941	-0.076314
234	2178260													9.726768	-0.039902	-1.081872	-0.113514	-0.857806	0.501282	-0.021922	0.506582	0.861913	-0.993294	0.086850	-0.076309
235	2178427													9.734210	-0.065381	-1.086990	-0.113470	-0.857514	0.501791	-0.021986	0.507096	0.861609	-0.993298	0.086735	-0.076393
236	2178593													9.752487	-0.109771	-1.087601	-0.113390	-0.857200	0.502346	-0.022069	0.507655	0.861278	-0.993305	0.086574	-0.076480
237	2178760													9.734486	-0.158026	-1.086912	-0.113261	-0.856913	0.502863	-0.022171	0.508174	0.860969	-0.993318	0.086365	-0.076555
238	2178927													9.704468	-0.151325	-1.090382	-0.113151	-0.856715	0.503226	-0.022330	0.508544	0.860747	-0.993327	0.086157	-0.076673
239	2179093													9.669286	-0.144597	-1.070746	-0.113151	-0.856619	0.503390	-0.022481	0.508721	0.860638	-0.993323	0.086065	-0.076820
240	2179260													9.669211	-0.187892	-1.060614	-0.113292	-0.856558	0.503461	-0.022620	0.508815	0.860579	-0.993304	0.086109	-0.077020
241	2179427													9.676578	-0.214619	-1.083830	-0.113601	-0.856606	0.503310	-0.022714	0.508696	0.860647	-0.993267	0.086338	-0.077245
242	2179593													9.628816	-0.210035	-1.095288	-0.114079	-0.856735	0.502982	-0.022688	0.508401	0.860821	-0.993213	0.086790	-0.077436
243	2179760													9.682554	-0.174018	-1.091751	-0.114806	-0.856897	0.502541	-0.022625	0.508011	0.861054	-0.993130	0.087485	-0.077710
244	2179927													9.731611	-0.128373	-1.117290	-0.115610	-0.857102	0.502007	-0.022580	0.507533	0.861336	-0.993038	0.088244	-0.078029
245	2180093													9.757035	-0.046908	-1.125111	-0.116398	-0.857208	0.501643	-0.022402	0.507214	0.861529	-0.992950	0.089042	-0.078242
246	2180260													9.749357	-0.040587	-1.142913	-0.117095	-0.857269	0.501377	-0.022182	0.506981	0.861672	-0.992873	0.089775	-0.078381
247	2180427													9.734756	-0.040238	-1.145546	-0.117758	-0.857233	0.501283	-0.022075	0.506930	0.861705	-0.992797	0.090407	-0.078618
248	2180593													9.796148	-0.050927	-1.182009	-0.118294	-0.857104	0.501377	-0.022018	0.507062	0.861628	-0.992734	0.090886	-0.078855
249	2180760													9.774853	-0.076335	-1.193776	-0.118616	-0.856935	0.501590	-0.022037	0.507304	0.861485	-0.992696	0.091133	-0.079059
250	2180927													9.755767	-0.089326	-1.201276	-0.118766	-0.856761	0.501851	-0.022110	0.507585	0.861318	-0.992676	0.091199	-0.079227
251	2181093													9.740756	-0.149650	-1.211508	-0.118780	-0.856589	0.502143	-0.022152	0.507883	0.861141	-0.992673	0.091163	-0.079301
252	2181260													9.717648	-0.186789	-1.182284	-0.118719	-0.856474	0.502353	-0.022183	0.508092	0.861017	-0.992680	0.091075	-0.079319
253	2181427													9.676794	-0.210276	-1.200084	-0.118671	-0.856442	0.502418	-0.022192	0.508155	0.860979	-0.992686	0.091024	-0.079310
254	2181593													9.683490	-0.198469	-1.189107	-0.118663	-0.856486	0.502345	-0.022152	0.508077	0.861027	-0.992687	0.091044	-0.079263
255	2181760													9.729941	-0.167957	-1.191017	-0.118629	-0.856539	0.502263	-0.022012	0.507979	0.861088	-0.992695	0.091094	-0.079115
256	2181927													9.726602	-0.170424	-1.205854	-0.118570	-0.856563	0.502236	-0.021849	0.507933	0.861120	-0.992705	0.091129	-0.078941
257	2182093													9.726043	-0.149078	-1.184215	-0.118487	-0.856678	0.502059	-0.021740	0.507737	0.861238	-0.992718	0.091131	-0.078784
258	2182260													9.695055	-0.087792	-1.174716	-0.118427	-0.856783	0.501894	-0.021634	0.507557	0.861346	-0.992727	0.091148	-0.078644
259	2182427													9.722134	-0.071628	-1.172853	-0.118394	-0.856840	0.501805	-0.021460	0.507449	0.861414	-0.992735	0.091218	-0.078467
260	2182593													9.699465	-0.083007	-1.150831	-0.118421	-0.856811	0.501847	-0.021209	0.507471	0.861408	-0.992737	0.091365	-0.078268
261	2182760													9.721090	-0.094415	-1.181550	-0.118455	-0.856737	0.501966	-0.021014	0.507575	0.861352	-0.992737	0.091483	-0.078128
262	2182927													9.741653	-0.099909	-1.166824	-0.118511	-0.856690	0.502033	-0.020898	0.507636	0.861318	-0.992733	0.091584	-0.078064
263	2183093													9.718904	-0.088081	-1.178262	-0.118533	-0.856588	0.502202	-0.020836	0.507802	0.861222	-0.992731	0.091619	-0.078039
264	2183260													9.702266	-0.082908	-1.180588	-0.118575	-0.856487	0.502364	-0.020726	0.507958	0.861133	-0.992729	0.091696	-0.077983
265	2183427													9.708578	-0.119270	-1.200997	-0.118599	-0.856425	0.502465	-0.020570	0.508047	0.861084	-0.992729	0.091788	-0.077871
266	2183593													9.741574	-0.135324	-1.179619	-0.118595	-0.856360	0.502577	-0.020402	0.508143	0.861031	-0.992733	0.091861	-0.077735
267	2183760													9.743888	-0.148291	-1.188674	-0.118514	-0.856350	0.502612	-0.020265	0.508160	0.861024	-0.992746	0.091858	-0.077578
268	2183927													9.740981	-0.127610	-1.178729	-0.118342	-0.856421	0.502532	-0.020159	0.508056	0.861088	-0.992768	0.091772	-0.077389
269	2184093													9.746787	-0.108056	-1.170111	-0.118110	-0.856536	0.502390	-0.020051	0.507886	0.861191	-0.992798	0.091642	-0.077160
270	2184260													9.747161	-0.069256	-1.169926	-0.117765	-0.856693	0.502204	-0.019825	0.507650	0.861335	-0.992844	0.091479	-0.076767
271	2184427													9.738546	-0.023787	-1.149920	-0.117366	-0.856771	0.502165	-0.019570	0.507557	0.861396	-0.992896	0.091271	-0.076337
272	2184593													9.723976	-0.036063	-1.148778	-0.116953	-0.856812	0.502190	-0.019392	0.507534	0.861414	-0.992948	0.091006	-0.075973
273	2184760													9.699825	-0.027981	-1.141384	-0.116569	-0.856825	0.502257	-0.019343	0.507568	0.861395	-0.992994	0.090696	-0.075740
274	2184927													9.720692	-0.036499	-1.092099	-0.116254	-0.856791	0.502388	-0.019404	0.507680	0.861327	-0.993030	0.090385	-0.075645
275	2185093													9.722342	-0.082103	-1.100039	-0.115906	-0.856763	0.502517	-0.019519	0.507793	0.861258	-0.993068	0.090016	-0.075579
276	2185260													9.731446	-0.113374	-1.113335	-0.115573	-0.856763	0.502593	-0.019586	0.507851	0.861222	-0.993106	0.089690	-0.075475
277	2185427													9.715151	-0.144579	-1.108783	-0.115297	-0.856792	0.502607	-0.019654	0.507850	0.861221	-0.993137	0.089418	-0.075392
278	2185593													9.694556	-0.172915	-1.097926	-0.115082	-0.856880	0.502507	-0.019776	0.507744	0.861281	-0.993159	0.089180	-0.075378
279	2185760													9.690687	-0.158099	-1.100474	-0.114924	-0.857042	0.502266	-0.019938	0.507505	0.861418	-0.993174	0.088984	-0.075412
280	2185927													9.671887	-0.140941	-1.105677	-0.114818	-0.857236	0.501959	-0.020044	0.507197	0.861597	-0.993184	0.088865	-0.075418
281	2186093													9.697943	-0.146337	-1.107875	-0.114816	-0.857430	0.501628	-0.020165	0.506875	0.861783	-0.993182	0.088832	-0.075487
282	2186260													9.728312	-0.107064	-1.131206	-0.114851	-0.857648	0.501248	-0.020231	0.506502	0.862001	-0.993177	0.088860	-0.075523
283	2186427													9.741765	-0.065430	-1.124093	-0.114856	-0.857796	0.500993	-0.020134	0.506237	0.862159	-0.993178	0.088937	-0.075415
284	2186593													9.746571	-0.065924	-1.124649	-0.114804	-0.857825	0.500956	-0.020024	0.506186	0.862192	-0.993186	0.088952	-0.075290
