// General information: 
//  MT Manager version: 2022.2.0 
//  XDA version: 2022.2.0 build 7381 rev 124627 built on 2023-07-19
// Device information: 
//  DeviceId: 00B4D204
//  ProductCode: MTW2-3A7G6
//  Firmware Version: 4.6.0
//  Hardware Version: 2.0.0
// Device settings: 
//  Filter Profile: human(46.1)
//  Option Flags: Orientation Smoother Disabled, Position/Velocity Smoother Disabled, Continuous Zero Rotation Update Disabled, AHS Disabled, ICC Disabled
// Coordinate system: ENU
PacketCounter	SampleTimeFine	Acc_X	Acc_Y	Acc_Z	Quat_q0	Quat_q1	Quat_q2	Quat_q3	Roll	Pitch	Yaw	Mat[1][1]	Mat[2][1]	Mat[3][1]	Mat[1][2]	Mat[2][2]	Mat[3][2]	Mat[1][3]	Mat[2][3]	Mat[3][3]	Latitude	Longitude	Altitude	Vel_E	Vel_N	Vel_U
12508		8.050897	0.570235	5.314122	-0.488962	-0.412101	0.235995	-0.731707	5.994517	-56.497326	109.271601	-0.182178	0.521046	0.833860	-0.910062	-0.410445	0.057645	0.372289	-0.748362	0.548958						
12509		8.025813	0.570608	5.337169	-0.488967	-0.412107	0.235993	-0.731702	5.996248	-56.497677	109.269755	-0.182159	0.521047	0.833863	-0.910063	-0.410438	0.057661	0.372294	-0.748365	0.548951						
12510		8.039549	0.553570	5.300576	-0.488983	-0.412122	0.235988	-0.731683	6.001091	-56.498776	109.263923	-0.182101	0.521050	0.833874	-0.910073	-0.410410	0.057705	0.372298	-0.748378	0.548930						
12511		8.035206	0.595754	5.295106	-0.489013	-0.412124	0.235967	-0.731669	6.007302	-56.497180	109.256502	-0.182041	0.521096	0.833859	-0.910087	-0.410372	0.057767	0.372294	-0.748368	0.548947						
12512		8.044374	0.566537	5.279304	-0.489010	-0.412134	0.235967	-0.731665	6.008565	-56.498260	109.255753	-0.182029	0.521083	0.833869	-0.910084	-0.410378	0.057778	0.372308	-0.748373	0.548930						
12513		8.028211	0.591254	5.261087	-0.489029	-0.412133	0.235962	-0.731655	6.011230	-56.497691	109.251560	-0.181994	0.521104	0.833864	-0.910096	-0.410345	0.057804	0.372294	-0.748376	0.548936						
12514		8.028460	0.537528	5.286574	-0.489018	-0.412149	0.235946	-0.731659	6.014309	-56.498185	109.251339	-0.181989	0.521098	0.833868	-0.910078	-0.410382	0.057833	0.372342	-0.748360	0.548925						
12515		8.056867	0.584074	5.291014	-0.489006	-0.412147	0.235941	-0.731669	6.013129	-56.497720	109.254069	-0.182016	0.521096	0.833864	-0.910066	-0.410410	0.057822	0.372357	-0.748347	0.548933						
12516		8.057019	0.583934	5.290798	-0.489000	-0.412142	0.235940	-0.731676	6.011964	-56.497175	109.255798	-0.182035	0.521098	0.833859	-0.910061	-0.410422	0.057812	0.372359	-0.748339	0.548942						
12517		8.078108	0.571348	5.287671	-0.488988	-0.412145	0.235951	-0.731679	6.009521	-56.498403	109.258684	-0.182055	0.521072	0.833870	-0.910056	-0.410437	0.057787	0.372362	-0.748349	0.548927						
12518		8.053033	0.571208	5.310780	-0.488973	-0.412141	0.235955	-0.731690	6.006745	-56.498395	109.262534	-0.182090	0.521060	0.833870	-0.910047	-0.410462	0.057760	0.372368	-0.748343	0.548930						
12519		8.106779	0.563455	5.317655	-0.488996	-0.412130	0.235960	-0.731680	6.007092	-56.497415	109.259198	-0.182065	0.521084	0.833861	-0.910069	-0.410412	0.057765	0.372327	-0.748354	0.548944						
12520		8.086012	0.575614	5.320342	-0.488992	-0.412110	0.235969	-0.731690	6.002771	-56.496085	109.262720	-0.182103	0.521091	0.833848	-0.910072	-0.410410	0.057726	0.372300	-0.748350	0.548967						
12521		8.074255	0.558024	5.307511	-0.488965	-0.412102	0.235972	-0.731712	5.997862	-56.495639	109.269961	-0.182171	0.521074	0.833844	-0.910052	-0.410461	0.057679	0.372315	-0.748334	0.548979						
12522		8.078802	0.569821	5.286777	-0.488974	-0.412076	0.235981	-0.731718	5.994067	-56.493518	109.271519	-0.182195	0.521098	0.833823	-0.910066	-0.410434	0.057646	0.372269	-0.748332	0.549013						
12523		8.057970	0.527974	5.315452	-0.488986	-0.412052	0.235979	-0.731724	5.992167	-56.490802	109.271907	-0.182212	0.521134	0.833797	-0.910077	-0.410413	0.057632	0.372235	-0.748318	0.549054						
12524		8.062476	0.539988	5.294757	-0.488976	-0.412044	0.235977	-0.731736	5.990020	-56.489979	109.275116	-0.182245	0.521135	0.833789	-0.910068	-0.410435	0.057613	0.372240	-0.748305	0.549068						
12525		8.046148	0.564467	5.276822	-0.488979	-0.412034	0.235965	-0.731744	5.990475	-56.487943	109.275236	-0.182256	0.521163	0.833770	-0.910065	-0.410441	0.057620	0.372243	-0.748283	0.549098						
12526		8.062588	0.539887	5.294596	-0.488974	-0.412031	0.235953	-0.731752	5.991026	-56.486837	109.276169	-0.182270	0.521175	0.833759	-0.910055	-0.410462	0.057627	0.372260	-0.748263	0.549113						
12527		8.067094	0.552072	5.273884	-0.488984	-0.412012	0.235948	-0.731757	5.990076	-56.484422	109.276070	-0.182280	0.521209	0.833736	-0.910063	-0.410446	0.057622	0.372236	-0.748249	0.549149						
12528		8.062728	0.539864	5.294384	-0.488994	-0.412016	0.235948	-0.731748	5.991863	-56.484712	109.273357	-0.182254	0.521213	0.833739	-0.910070	-0.410426	0.057638	0.372230	-0.748256	0.549143						
12529		8.050944	0.576655	5.255665	-0.488992	-0.412004	0.235944	-0.731758	5.990213	-56.483156	109.275362	-0.182280	0.521228	0.833724	-0.910067	-0.410435	0.057625	0.372225	-0.748241	0.549167						
12530		8.062929	0.539738	5.294091	-0.488964	-0.412004	0.235921	-0.731784	5.989987	-56.481723	109.280422	-0.182333	0.521232	0.833710	-0.910033	-0.410511	0.057625	0.372283	-0.748196	0.549188						
12531		8.067417	0.551892	5.273407	-0.488970	-0.411988	0.235912	-0.731792	5.989337	-56.479314	109.280930	-0.182349	0.521263	0.833686	-0.910034	-0.410508	0.057622	0.372272	-0.748176	0.549224						
12532		8.067466	0.551739	5.273349	-0.488951	-0.411983	0.235905	-0.731810	5.987295	-56.478466	109.285462	-0.182394	0.521261	0.833678	-0.910015	-0.410553	0.057604	0.372296	-0.748154	0.549238						
12533		8.079441	0.568739	5.285917	-0.488945	-0.411979	0.235892	-0.731821	5.987517	-56.477182	109.286831	-0.182413	0.521274	0.833666	-0.910005	-0.410576	0.057608	0.372313	-0.748131	0.549256						
12534		8.046765	0.563885	5.275944	-0.488920	-0.411974	0.235874	-0.731845	5.986206	-56.475495	109.292046	-0.182469	0.521281	0.833650	-0.909976	-0.410640	0.057598	0.372355	-0.748092	0.549282						
12535		8.054147	0.568727	5.309356	-0.488922	-0.411956	0.235856	-0.731861	5.985988	-56.472293	109.293348	-0.182496	0.521320	0.833619	-0.909970	-0.410655	0.057601	0.372358	-0.748056	0.549328						
12536		8.079445	0.568483	5.285938	-0.488906	-0.411948	0.235843	-0.731879	5.984574	-56.470631	109.297239	-0.182539	0.521331	0.833603	-0.909951	-0.410697	0.057590	0.372381	-0.748026	0.549354						
12537		8.091273	0.585443	5.298735	-0.488914	-0.411919	0.235834	-0.731893	5.982495	-56.466897	109.298770	-0.182571	0.521377	0.833567	-0.909955	-0.410691	0.057576	0.372357	-0.747997	0.549410						
12538		8.058462	0.580591	5.288968	-0.488908	-0.411910	0.235816	-0.731908	5.982692	-56.464698	109.300540	-0.182598	0.521402	0.833546	-0.909942	-0.410719	0.057581	0.372376	-0.747964	0.549442						
12539		8.053954	0.568245	5.309701	-0.488908	-0.411885	0.235811	-0.731924	5.979730	-56.461723	109.303497	-0.182639	0.521433	0.833517	-0.909941	-0.410725	0.057557	0.372358	-0.747939	0.549488						
12540		8.033075	0.580362	5.312572	-0.488905	-0.411868	0.235809	-0.731936	5.977128	-56.459831	109.306219	-0.182673	0.521450	0.833499	-0.909939	-0.410732	0.057535	0.372346	-0.747923	0.549518						
12541		8.021246	0.562896	5.299829	-0.488890	-0.411852	0.235811	-0.731954	5.972781	-56.458484	109.311584	-0.182728	0.521452	0.833486	-0.909929	-0.410759	0.057495	0.372343	-0.747907	0.549542						
12542		8.021361	0.562452	5.299702	-0.488874	-0.411840	0.235820	-0.731970	5.967942	-56.457942	109.317064	-0.182781	0.521442	0.833480	-0.909922	-0.410783	0.057450	0.372336	-0.747901	0.549554						
12543		8.033395	0.579111	5.312225	-0.488845	-0.411830	0.235822	-0.731994	5.962846	-56.457325	109.324751	-0.182854	0.521426	0.833474	-0.909900	-0.410838	0.057402	0.372353	-0.747882	0.549568						
12544		8.042478	0.549150	5.296590	-0.488841	-0.411811	0.235831	-0.732004	5.958531	-56.455993	109.328267	-0.182892	0.521433	0.833462	-0.909903	-0.410836	0.057362	0.372326	-0.747878	0.549592						
12545		8.054352	0.566058	5.309330	-0.488852	-0.411788	0.235819	-0.732014	5.957947	-56.452724	109.328395	-0.182909	0.521477	0.833430	-0.909907	-0.410827	0.057362	0.372308	-0.747852	0.549640						
12546		8.049918	0.553638	5.329954	-0.488832	-0.411781	0.235822	-0.732030	5.954195	-56.452436	109.333719	-0.182959	0.521464	0.833427	-0.909893	-0.410862	0.057326	0.372317	-0.747842	0.549648						
12547		8.026224	0.519136	5.304461	-0.488838	-0.411764	0.235815	-0.732038	5.953199	-56.450044	109.334414	-0.182977	0.521495	0.833404	-0.909896	-0.410858	0.057320	0.372303	-0.747823	0.549683						
12548		8.046980	0.560592	5.275967	-0.488843	-0.411740	0.235802	-0.732052	5.951855	-56.446521	109.335854	-0.183007	0.521539	0.833370	-0.909895	-0.410860	0.057313	0.372289	-0.747791	0.549736						
12549		8.051280	0.572511	5.255604	-0.488841	-0.411698	0.235798	-0.732078	5.946189	-56.441932	109.341248	-0.183078	0.521584	0.833326	-0.909895	-0.410868	0.057265	0.372255	-0.747755	0.549808						
12550		8.058440	0.577203	5.289372	-0.488846	-0.411670	0.235769	-0.732101	5.946207	-56.436755	109.342729	-0.183116	0.521651	0.833276	-0.909886	-0.410886	0.057273	0.372258	-0.747698	0.549883						
12551		8.128198	0.598917	5.288796	-0.488844	-0.411652	0.235749	-0.732118	5.945914	-56.433539	109.344501	-0.183148	0.521689	0.833245	-0.909876	-0.410908	0.057275	0.372267	-0.747660	0.549929						
12552		8.099665	0.552591	5.284474	-0.488883	-0.411610	0.235715	-0.732127	5.948584	-56.426246	109.339940	-0.183142	0.521804	0.833175	-0.909894	-0.410863	0.057312	0.372226	-0.747604	0.550032						
12553		8.085892	0.570074	5.321121	-0.488891	-0.411585	0.235694	-0.732142	5.948476	-56.422048	109.340643	-0.183168	0.521859	0.833134	-0.909891	-0.410869	0.057317	0.372220	-0.747562	0.550093						
12554		8.048490	0.553117	5.332165	-0.488900	-0.411557	0.235675	-0.732158	5.947761	-56.417711	109.341442	-0.183196	0.521916	0.833092	-0.909891	-0.410868	0.057317	0.372206	-0.747523	0.550156						
12555		8.048363	0.553008	5.332368	-0.488893	-0.411538	0.235664	-0.732177	5.945635	-56.414931	109.344872	-0.183241	0.521943	0.833065	-0.909881	-0.410892	0.057300	0.372208	-0.747491	0.550199						
12556		8.036430	0.535699	5.319758	-0.488894	-0.411517	0.235656	-0.732190	5.943665	-56.412224	109.346949	-0.183273	0.521974	0.833039	-0.909880	-0.410897	0.057286	0.372195	-0.747467	0.550240						
12557		8.019982	0.506199	5.327855	-0.488912	-0.411490	0.235650	-0.732195	5.942700	-56.408871	109.346104	-0.183281	0.522022	0.833007	-0.909894	-0.410868	0.057281	0.372158	-0.747449	0.550289						
12558		8.060047	0.569560	5.345434	-0.488921	-0.411464	0.235659	-0.732201	5.938912	-56.406749	109.347654	-0.183306	0.522047	0.832986	-0.909908	-0.410841	0.057248	0.372111	-0.747447	0.550324						
12559		7.985740	0.535508	5.366772	-0.488943	-0.411465	0.235666	-0.732184	5.940667	-56.407112	109.343118	-0.183263	0.522056	0.832990	-0.909929	-0.410792	0.057265	0.372081	-0.747467	0.550317						
12560		8.048453	0.552363	5.332299	-0.488956	-0.411456	0.235665	-0.732180	5.941010	-56.406055	109.341403	-0.183252	0.522076	0.832980	-0.909939	-0.410769	0.057269	0.372061	-0.747466	0.550332						
12561		7.990636	0.547763	5.345489	-0.488981	-0.411460	0.235690	-0.732153	5.941497	-56.408077	109.336266	-0.183196	0.522065	0.832999	-0.909972	-0.410695	0.057271	0.372008	-0.747514	0.550302						
12562		8.011924	0.535368	5.342031	-0.488967	-0.411484	0.235695	-0.732148	5.942587	-56.411040	109.336642	-0.183185	0.522023	0.833028	-0.909961	-0.410718	0.057277	0.372040	-0.747531	0.550258						
12563		8.004898	0.584496	5.282254	-0.488957	-0.411501	0.235689	-0.732147	5.944641	-56.412457	109.336499	-0.183177	0.522004	0.833042	-0.909949	-0.410744	0.057295	0.372075	-0.747530	0.550236						
12564		8.021605	0.560039	5.299588	-0.488959	-0.411514	0.235689	-0.732138	5.946880	-56.413816	109.334275	-0.183150	0.521992	0.833055	-0.909950	-0.410739	0.057314	0.372086	-0.747541	0.550214						
12565		8.030876	0.530589	5.283605	-0.488954	-0.411520	0.235690	-0.732137	5.946993	-56.414585	109.334705	-0.183150	0.521981	0.833062	-0.909946	-0.410748	0.057314	0.372096	-0.747544	0.550202						
12566		8.063826	0.535423	5.293163	-0.488959	-0.411524	0.235679	-0.732136	5.949506	-56.414035	109.332679	-0.183134	0.521995	0.833057	-0.909944	-0.410748	0.057339	0.372107	-0.747534	0.550208						
12567		8.043126	0.548000	5.295725	-0.488977	-0.411524	0.235674	-0.732125	5.952281	-56.413635	109.328547	-0.183098	0.522013	0.833053	-0.909956	-0.410719	0.057366	0.372096	-0.747538	0.550211						
12568		8.026946	0.572632	5.277570	-0.488981	-0.411523	0.235684	-0.732119	5.951369	-56.414208	109.328111	-0.183092	0.522007	0.833058	-0.909965	-0.410700	0.057357	0.372078	-0.747552	0.550203						
12569		8.055850	0.565356	5.307132	-0.488984	-0.411592	0.235706	-0.732072	5.958916	-56.422989	109.319729	-0.182973	0.521913	0.833143	-0.909973	-0.410674	0.057416	0.372116	-0.747632	0.550069						
12570		8.065661	0.536143	5.290294	-0.488963	-0.411632	0.235718	-0.732060	5.960821	-56.428115	109.319749	-0.182949	0.521843	0.833193	-0.909958	-0.410704	0.057426	0.372163	-0.747665	0.549993						
12571		8.094274	0.582618	5.294461	-0.488954	-0.411626	0.235707	-0.732073	5.960172	-56.426804	109.322188	-0.182977	0.521853	0.833180	-0.909946	-0.410733	0.057422	0.372181	-0.747642	0.550012						
12572		8.057239	0.565550	5.305003	-0.488949	-0.411628	0.235712	-0.732073	5.959366	-56.427352	109.323075	-0.182983	0.521842	0.833185	-0.909944	-0.410737	0.057414	0.372181	-0.747647	0.550005						
12573		8.085725	0.558116	5.335226	-0.488962	-0.411629	0.235704	-0.732067	5.962009	-56.426833	109.319860	-0.182956	0.521860	0.833180	-0.909950	-0.410720	0.057440	0.372179	-0.747644	0.550010						
12574		8.090346	0.570417	5.314309	-0.488953	-0.411630	0.235697	-0.732074	5.961936	-56.426542	109.321428	-0.182972	0.521859	0.833178	-0.909940	-0.410744	0.057439	0.372198	-0.747631	0.550015						
12575		8.053399	0.553333	5.324725	-0.488943	-0.411635	0.235707	-0.732075	5.960408	-56.427809	109.323237	-0.182982	0.521836	0.833190	-0.909936	-0.410754	0.057423	0.372201	-0.747642	0.549998						
12576		8.049260	0.541050	5.344913	-0.488941	-0.411646	0.235706	-0.732071	5.961668	-56.428889	109.322489	-0.182970	0.521823	0.833200	-0.909933	-0.410759	0.057433	0.372215	-0.747648	0.549981						
12577		8.028828	0.553392	5.347115	-0.488921	-0.411668	0.235719	-0.732067	5.960959	-56.432339	109.324492	-0.182972	0.521770	0.833233	-0.909922	-0.410785	0.057421	0.372241	-0.747671	0.549932						
12578		8.042707	0.536072	5.310226	-0.488919	-0.411685	0.235725	-0.732057	5.962572	-56.434513	109.322906	-0.182947	0.521745	0.833254	-0.909922	-0.410783	0.057434	0.372252	-0.747690	0.549899						
12579		8.014881	0.543504	5.278995	-0.488915	-0.411704	0.235747	-0.732042	5.962056	-56.438151	109.322381	-0.182924	0.521696	0.833290	-0.909928	-0.410771	0.057423	0.372249	-0.747730	0.549846						
12580		8.036199	0.531078	5.275456	-0.488922	-0.411718	0.235758	-0.732026	5.963564	-56.440350	109.319473	-0.182887	0.521676	0.833311	-0.909939	-0.410747	0.057434	0.372242	-0.747758	0.549813						
12581		8.060309	0.565430	5.300350	-0.488945	-0.411718	0.235764	-0.732009	5.965442	-56.440629	109.314768	-0.182843	0.521687	0.833313	-0.909960	-0.410697	0.057452	0.372211	-0.747777	0.549807						
12582		8.085922	0.565538	5.276340	-0.488963	-0.411740	0.235765	-0.731984	5.970625	-56.442823	109.308106	-0.182772	0.521678	0.833335	-0.909973	-0.410661	0.057498	0.372214	-0.747803	0.549770						
12583		8.060982	0.565924	5.299274	-0.488967	-0.411749	0.235769	-0.731975	5.971869	-56.444004	109.306212	-0.182749	0.521668	0.833346	-0.909978	-0.410648	0.057508	0.372212	-0.747817	0.549752						
12584		8.032929	0.573608	5.268352	-0.488983	-0.411757	0.235759	-0.731963	5.976345	-56.444011	109.301228	-0.182704	0.521684	0.833346	-0.909985	-0.410628	0.057551	0.372218	-0.747818	0.549747						
12585		8.070492	0.537032	5.282832	-0.488974	-0.411787	0.235745	-0.731956	5.981365	-56.446135	109.298788	-0.182671	0.521662	0.833367	-0.909969	-0.410656	0.057596	0.372273	-0.747817	0.549712						
12586		8.078279	0.542258	5.315650	-0.488990	-0.411794	0.235745	-0.731942	5.984128	-56.446703	109.294600	-0.182630	0.521668	0.833372	-0.909981	-0.410626	0.057622	0.372264	-0.747829	0.549701						
12587		8.057720	0.554811	5.318031	-0.488995	-0.411807	0.235746	-0.731931	5.986604	-56.448141	109.291774	-0.182598	0.521657	0.833386	-0.909985	-0.410615	0.057643	0.372271	-0.747843	0.549677						
12588		8.083312	0.554716	5.294055	-0.488996	-0.411812	0.235751	-0.731926	5.986779	-56.448967	109.291182	-0.182588	0.521648	0.833394	-0.909988	-0.410609	0.057644	0.372269	-0.747853	0.549665						
12589		8.086544	0.547438	5.347756	-0.489002	-0.411810	0.235743	-0.731925	5.988262	-56.448123	109.289676	-0.182579	0.521664	0.833386	-0.909989	-0.410604	0.057659	0.372270	-0.747845	0.549676						
12590		8.058442	0.554993	5.316917	-0.489000	-0.411820	0.235743	-0.731921	5.989524	-56.449203	109.288927	-0.182567	0.521651	0.833396	-0.909986	-0.410609	0.057670	0.372284	-0.747850	0.549659						
12591		8.054226	0.543021	5.337226	-0.489017	-0.411826	0.235726	-0.731912	5.994609	-56.448425	109.283634	-0.182522	0.521679	0.833389	-0.909991	-0.410591	0.057720	0.372293	-0.747841	0.549665						
12592		8.033593	0.555636	5.339720	-0.489032	-0.411831	0.235736	-0.731896	5.995658	-56.449554	109.280243	-0.182486	0.521674	0.833400	-0.910008	-0.410552	0.057728	0.372269	-0.747866	0.549648						
12593		8.054803	0.543498	5.336307	-0.489033	-0.411859	0.235727	-0.731882	6.001141	-56.451755	109.276043	-0.182437	0.521658	0.833421	-0.910002	-0.410559	0.057777	0.372308	-0.747874	0.549610						
12594		8.006019	0.563703	5.308027	-0.489055	-0.411875	0.235733	-0.731857	6.005241	-56.453693	109.269537	-0.182368	0.521652	0.833439	-0.910021	-0.410511	0.057814	0.372294	-0.747904	0.549578						
12595		8.027279	0.551738	5.304517	-0.489064	-0.411905	0.235726	-0.731836	6.011570	-56.456221	109.263423	-0.182301	0.521636	0.833464	-0.910023	-0.410499	0.057871	0.372323	-0.747921	0.549535						
12596		8.032107	0.564376	5.283196	-0.489077	-0.411924	0.235727	-0.731816	6.015777	-56.458134	109.258237	-0.182244	0.521627	0.833482	-0.910032	-0.410473	0.057908	0.372328	-0.747942	0.549503						
12597		8.044460	0.581766	5.295162	-0.489070	-0.411956	0.235730	-0.731802	6.019063	-56.461774	109.256033	-0.182207	0.521584	0.833517	-0.910025	-0.410484	0.057934	0.372363	-0.747966	0.549447						
12598		8.070210	0.581807	5.270891	-0.489064	-0.411979	0.235731	-0.731793	6.021771	-56.464201	109.254284	-0.182179	0.521556	0.833541	-0.910020	-0.410494	0.057956	0.372391	-0.747980	0.549409						
12599		8.033400	0.564936	5.281169	-0.489059	-0.411991	0.235727	-0.731791	6.023333	-56.465308	109.253843	-0.182170	0.521542	0.833551	-0.910012	-0.410509	0.057970	0.372414	-0.747982	0.549392						
12600		8.066395	0.569712	5.290624	-0.489058	-0.411989	0.235726	-0.731792	6.023154	-56.465042	109.254091	-0.182173	0.521545	0.833549	-0.910012	-0.410510	0.057968	0.372413	-0.747979	0.549396						
12601		8.062236	0.557353	5.310915	-0.489068	-0.411988	0.235748	-0.731780	6.021264	-56.466414	109.253101	-0.182158	0.521529	0.833562	-0.910031	-0.410471	0.057948	0.372375	-0.748011	0.549378						
12602		8.041778	0.569569	5.313195	-0.489066	-0.412002	0.235764	-0.731768	6.021170	-56.469150	109.252308	-0.182137	0.521494	0.833589	-0.910036	-0.410460	0.057943	0.372371	-0.748042	0.549338						
12603		8.088278	0.557042	5.286220	-0.489072	-0.412009	0.235770	-0.731758	6.022144	-56.470234	109.250332	-0.182114	0.521486	0.833599	-0.910043	-0.410442	0.057951	0.372364	-0.748058	0.549322						
12604		8.084147	0.544779	5.306464	-0.489068	-0.412011	0.235775	-0.731758	6.021339	-56.470783	109.251219	-0.182120	0.521475	0.833604	-0.910042	-0.410446	0.057942	0.372365	-0.748063	0.549315						
12605		8.063548	0.557018	5.308958	-0.489075	-0.412009	0.235786	-0.731750	6.020513	-56.471392	109.250233	-0.182108	0.521470	0.833610	-0.910054	-0.410420	0.057933	0.372341	-0.748080	0.549307						
12606		8.080250	0.532288	5.326378	-0.489080	-0.412008	0.235796	-0.731745	6.019601	-56.471966	109.249800	-0.182101	0.521463	0.833616	-0.910063	-0.410402	0.057924	0.372323	-0.748095	0.549299						
12607		8.071509	0.561817	5.341612	-0.489086	-0.412011	0.235786	-0.731742	6.022069	-56.471539	109.247684	-0.182084	0.521476	0.833612	-0.910062	-0.410400	0.057948	0.372333	-0.748087	0.549303						
12608		8.064212	0.556952	5.307957	-0.489073	-0.412016	0.235785	-0.731749	6.021371	-56.472065	109.249892	-0.182102	0.521462	0.833617	-0.910051	-0.410427	0.057941	0.372352	-0.748083	0.549296						
12609		8.073235	0.581337	5.266309	-0.489063	-0.412018	0.235777	-0.731756	6.021573	-56.471785	109.251327	-0.182116	0.521461	0.833614	-0.910040	-0.410452	0.057943	0.372373	-0.748069	0.549300						
12610		8.085441	0.544591	5.304512	-0.489078	-0.412018	0.235772	-0.731748	6.023983	-56.471259	109.247978	-0.182088	0.521479	0.833609	-0.910048	-0.410430	0.057967	0.372366	-0.748069	0.549305						
12611		8.024512	0.547447	5.263935	-0.489082	-0.412025	0.235768	-0.731743	6.025947	-56.471564	109.246014	-0.182069	0.521481	0.833612	-0.910049	-0.410424	0.057985	0.372373	-0.748070	0.549299						
12612		8.040998	0.576931	5.255664	-0.489082	-0.412025	0.235756	-0.731746	6.027482	-56.470736	109.245464	-0.182068	0.521494	0.833604	-0.910043	-0.410435	0.058001	0.372387	-0.748056	0.549309						
12613		8.045652	0.535442	5.260586	-0.489098	-0.412029	0.235738	-0.731739	6.032195	-56.469740	109.240760	-0.182030	0.521523	0.833594	-0.910047	-0.410421	0.058048	0.372398	-0.748043	0.549319						
12614		8.048752	0.582239	5.288584	-0.489089	-0.412030	0.235732	-0.731747	6.032123	-56.469449	109.242328	-0.182045	0.521522	0.833591	-0.910036	-0.410444	0.058048	0.372416	-0.748031	0.549323						
12615		8.037030	0.565274	5.275607	-0.489096	-0.412045	0.235714	-0.731740	6.037253	-56.469630	109.238343	-0.182008	0.521532	0.833593	-0.910031	-0.410448	0.058096	0.372446	-0.748022	0.549315						
12616		8.037255	0.565410	5.275251	-0.489083	-0.412050	0.235713	-0.731746	6.036556	-56.470156	109.240550	-0.182026	0.521518	0.833598	-0.910020	-0.410475	0.058089	0.372465	-0.748017	0.549308						
12617		8.040518	0.557950	5.329044	-0.489083	-0.412037	0.235710	-0.731753	6.035103	-56.468651	109.241902	-0.182045	0.521534	0.833584	-0.910020	-0.410476	0.058077	0.372455	-0.748005	0.549332						
12618		8.065884	0.557707	5.305336	-0.489075	-0.412038	0.235704	-0.731761	6.035032	-56.468361	109.243471	-0.182061	0.521533	0.833581	-0.910009	-0.410500	0.058077	0.372474	-0.747993	0.549336						
12619		8.028752	0.594624	5.290162	-0.489072	-0.412038	0.235701	-0.731764	6.035113	-56.468116	109.243899	-0.182066	0.521535	0.833579	-0.910006	-0.410507	0.058078	0.372480	-0.747987	0.549339						
12620		8.057359	0.587004	5.320277	-0.489059	-0.412041	0.235710	-0.731768	6.032702	-56.469204	109.246904	-0.182088	0.521511	0.833589	-0.910000	-0.410524	0.058054	0.372484	-0.747995	0.549326						
12621		8.057626	0.586759	5.319899	-0.489052	-0.412040	0.235716	-0.731771	6.031171	-56.469564	109.248610	-0.182102	0.521500	0.833593	-0.909997	-0.410532	0.058038	0.372483	-0.747998	0.549322						
12622		8.050388	0.581650	5.286158	-0.489044	-0.412045	0.235726	-0.731770	6.029741	-56.470930	109.250136	-0.182109	0.521477	0.833606	-0.909995	-0.410539	0.058022	0.372485	-0.748011	0.549304						
12623		8.034306	0.552074	5.293834	-0.489039	-0.412037	0.235728	-0.731778	6.027608	-56.470224	109.252374	-0.182133	0.521479	0.833599	-0.909993	-0.410546	0.058003	0.372478	-0.748005	0.549316						
12624		8.071633	0.568795	5.282728	-0.489033	-0.412030	0.235737	-0.731783	6.024733	-56.470243	109.254900	-0.182156	0.521471	0.833599	-0.909994	-0.410548	0.057976	0.372465	-0.748009	0.549319						
12625		8.059996	0.551286	5.269672	-0.489021	-0.412030	0.235758	-0.731784	6.020683	-56.471948	109.258477	-0.182180	0.521436	0.833615	-0.909994	-0.410554	0.057934	0.372453	-0.748031	0.549299						
12626		8.046924	0.568256	5.305539	-0.489033	-0.412019	0.235768	-0.731779	6.019308	-56.471453	109.257565	-0.182174	0.521446	0.833611	-0.910010	-0.410521	0.057922	0.372418	-0.748042	0.549307						
12627		8.063429	0.597421	5.297267	-0.489032	-0.412016	0.235779	-0.731778	6.017351	-56.471883	109.258619	-0.182182	0.521437	0.833615	-0.910015	-0.410513	0.057902	0.372402	-0.748053	0.549303						
12628		8.026672	0.526335	5.333558	-0.489033	-0.412020	0.235784	-0.731773	6.017528	-56.472710	109.258028	-0.182172	0.521427	0.833623	-0.910017	-0.410506	0.057903	0.372399	-0.748063	0.549291						
12629		8.056485	0.538364	5.289065	-0.489044	-0.412010	0.235784	-0.731772	6.017122	-56.471572	109.257024	-0.182169	0.521446	0.833612	-0.910028	-0.410484	0.057901	0.372376	-0.748062	0.549308						
12630		8.035639	0.550547	5.291969	-0.489048	-0.411983	0.235782	-0.731784	6.014054	-56.468613	109.259271	-0.182203	0.521479	0.833583	-0.910033	-0.410477	0.057876	0.372348	-0.748043	0.549353						
12631		8.074129	0.532868	5.232324	-0.489040	-0.411961	0.235772	-0.731806	6.011097	-56.465698	109.263558	-0.182256	0.521506	0.833555	-0.910022	-0.410504	0.057852	0.372347	-0.748010	0.549399						
12632		8.114373	0.542347	5.275539	-0.489037	-0.411946	0.235760	-0.731820	6.010208	-56.463246	109.265486	-0.182286	0.521533	0.833532	-0.910015	-0.410520	0.057847	0.372351	-0.747981	0.549435						
12633		8.109661	0.584122	5.270697	-0.489067	-0.411912	0.235736	-0.731827	6.011794	-56.457679	109.262237	-0.182283	0.521620	0.833478	-0.910030	-0.410484	0.057871	0.372316	-0.747941	0.549514						
12634		8.100712	0.559916	5.312253	-0.489081	-0.411908	0.235713	-0.731827	6.015561	-56.455498	109.258931	-0.182263	0.521661	0.833457	-0.910030	-0.410479	0.057910	0.372326	-0.747915	0.549542						
12635		8.084227	0.584942	5.294471	-0.489094	-0.411908	0.235680	-0.731829	6.021212	-56.452847	109.254769	-0.182238	0.521710	0.833431	-0.910024	-0.410484	0.057968	0.372353	-0.747878	0.549574						
12636		8.051570	0.526426	5.310498	-0.489092	-0.411893	0.235667	-0.731843	6.020324	-56.450395	109.256697	-0.182267	0.521738	0.833408	-0.910016	-0.410500	0.057964	0.372356	-0.747850	0.549611						
12637		8.021873	0.568106	5.328835	-0.489072	-0.411891	0.235668	-0.731857	6.017735	-56.450392	109.261207	-0.182308	0.521723	0.833408	-0.910001	-0.410538	0.057939	0.372374	-0.747839	0.549613						
12638		8.077048	0.525798	5.286633	-0.489065	-0.411877	0.235671	-0.731868	6.014508	-56.449318	109.264572	-0.182344	0.521727	0.833397	-0.909998	-0.410549	0.057909	0.372363	-0.747830	0.549632						
12639		8.026521	0.579541	5.307869	-0.489057	-0.411853	0.235690	-0.731881	6.007684	-56.448244	109.270141	-0.182400	0.521724	0.833387	-0.910003	-0.410547	0.057846	0.372324	-0.747833	0.549655						
12640		8.029797	0.571848	5.361700	-0.489057	-0.411851	0.235689	-0.731883	6.007506	-56.447978	109.270389	-0.182404	0.521727	0.833384	-0.910002	-0.410548	0.057844	0.372323	-0.747831	0.549659						
12641		8.022524	0.566828	5.327991	-0.489041	-0.411861	0.235694	-0.731887	6.006370	-56.449522	109.272930	-0.182419	0.521698	0.833399	-0.909991	-0.410575	0.057831	0.372343	-0.747836	0.549637						
12642		8.018442	0.554299	5.348225	-0.489048	-0.411852	0.235720	-0.731878	6.002655	-56.450405	109.273457	-0.182420	0.521684	0.833408	-0.910011	-0.410536	0.057794	0.372294	-0.747867	0.549628						
12643		8.003711	0.544302	5.281068	-0.489048	-0.411864	0.235729	-0.731869	6.003191	-56.452375	109.272415	-0.182401	0.521661	0.833427	-0.910014	-0.410528	0.057796	0.372295	-0.747888	0.549599						
12644		8.011640	0.549218	5.313808	-0.489055	-0.411878	0.235740	-0.731853	6.004703	-56.454574	109.269506	-0.182364	0.521640	0.833448	-0.910025	-0.410504	0.057807	0.372288	-0.747916	0.549566						
12645		8.020897	0.519857	5.297724	-0.489069	-0.411887	0.235739	-0.731839	6.007725	-56.455262	109.265328	-0.182323	0.521643	0.833455	-0.910035	-0.410478	0.057835	0.372284	-0.747928	0.549553						
12646		8.041905	0.561559	5.268571	-0.489053	-0.411904	0.235739	-0.731840	6.008475	-56.457135	109.266535	-0.182325	0.521614	0.833473	-0.910021	-0.410508	0.057840	0.372317	-0.747932	0.549525						
12647		8.030281	0.544497	5.255437	-0.489048	-0.411913	0.235729	-0.731841	6.010378	-56.457483	109.266196	-0.182320	0.521610	0.833476	-0.910011	-0.410528	0.057857	0.372344	-0.747923	0.549518						
12648		8.055549	0.544667	5.231780	-0.489069	-0.411902	0.235696	-0.731844	6.015395	-56.453671	109.261612	-0.182296	0.521677	0.833439	-0.910012	-0.410517	0.057911	0.372352	-0.747883	0.549568						
12649		8.049759	0.567067	5.301364	-0.489083	-0.411893	0.235696	-0.731839	6.015741	-56.452644	109.259627	-0.182283	0.521698	0.833429	-0.910024	-0.410489	0.057916	0.372329	-0.747884	0.549583						
12650		8.040913	0.596477	5.316823	-0.489094	-0.411876	0.235700	-0.731840	6.014010	-56.451057	109.259557	-0.182290	0.521720	0.833414	-0.910037	-0.410464	0.057902	0.372295	-0.747882	0.549607						
12651		8.054261	0.579167	5.280529	-0.489117	-0.411862	0.235697	-0.731834	6.015023	-56.449197	109.256238	-0.182269	0.521756	0.833396	-0.910054	-0.410423	0.057915	0.372262	-0.747880	0.549633						
12652		8.075126	0.566830	5.277599	-0.489137	-0.411844	0.235696	-0.731831	6.014896	-56.447071	109.254050	-0.182259	0.521792	0.833376	-0.910072	-0.410384	0.057917	0.372225	-0.747876	0.549664						
12653		8.070774	0.554664	5.298213	-0.489158	-0.411834	0.235690	-0.731824	6.016723	-56.445485	109.250389	-0.182233	0.521825	0.833360	-0.910087	-0.410349	0.057936	0.372201	-0.747872	0.549685						
12654		8.082762	0.572005	5.310761	-0.489176	-0.411831	0.235679	-0.731818	6.019754	-56.444144	109.246404	-0.182204	0.521856	0.833347	-0.910096	-0.410324	0.057968	0.372193	-0.747864	0.549702						
12655		8.066627	0.542707	5.318497	-0.489167	-0.411835	0.235681	-0.731821	6.018978	-56.444778	109.248120	-0.182216	0.521842	0.833353	-0.910088	-0.410341	0.057959	0.372205	-0.747864	0.549693						
12656		8.083031	0.572086	5.310343	-0.489187	-0.411819	0.235669	-0.731820	6.020564	-56.442091	109.245135	-0.182202	0.521889	0.833328	-0.910100	-0.410312	0.057979	0.372183	-0.747848	0.549731						
12657		8.062247	0.584486	5.313144	-0.489209	-0.411810	0.235682	-0.731807	6.020150	-56.441876	109.242067	-0.182175	0.521901	0.833325	-0.910125	-0.410258	0.057975	0.372135	-0.747869	0.549734						
12658		8.046128	0.555224	5.320855	-0.489219	-0.411816	0.235671	-0.731800	6.023646	-56.441603	109.238562	-0.182144	0.521916	0.833323	-0.910128	-0.410247	0.058009	0.372144	-0.747864	0.549734						
12659		8.029908	0.580034	5.302689	-0.489243	-0.411822	0.235684	-0.731777	6.025729	-56.443039	109.233111	-0.182088	0.521914	0.833337	-0.910153	-0.410189	0.058027	0.372111	-0.747898	0.549712						
12660		8.055685	0.526209	5.304276	-0.489261	-0.411844	0.235685	-0.731752	6.030916	-56.445230	109.226447	-0.182017	0.521905	0.833358	-0.910166	-0.410153	0.058073	0.372113	-0.747924	0.549675						
12661		8.043995	0.563336	5.265190	-0.489272	-0.411861	0.235696	-0.731731	6.033400	-56.447748	109.222187	-0.181966	0.521884	0.833382	-0.910179	-0.410120	0.058093	0.372105	-0.747956	0.549636						
12662		8.081493	0.580570	5.253713	-0.489301	-0.411868	0.235702	-0.731706	6.037033	-56.448617	109.215206	-0.181898	0.521894	0.833391	-0.910205	-0.410058	0.058127	0.372074	-0.747983	0.549619						
12663		8.095007	0.563561	5.217103	-0.489340	-0.411860	0.235710	-0.731682	6.039369	-56.448176	109.208091	-0.181835	0.521923	0.833386	-0.910241	-0.409975	0.058150	0.372017	-0.748009	0.549623						
12664		8.077524	0.568821	5.273713	-0.489373	-0.411863	0.235711	-0.731658	6.043626	-56.448229	109.200471	-0.181766	0.521946	0.833387	-0.910268	-0.409909	0.058190	0.371985	-0.748028	0.549618						
12665		8.077730	0.569178	5.273360	-0.489402	-0.411867	0.235709	-0.731637	6.047755	-56.448310	109.193623	-0.181703	0.521967	0.833388	-0.910290	-0.409855	0.058230	0.371962	-0.748044	0.549613						
12666		8.061539	0.594162	5.255109	-0.489420	-0.411889	0.235710	-0.731612	6.052946	-56.450500	109.186957	-0.181632	0.521958	0.833409	-0.910304	-0.409819	0.058276	0.371964	-0.748070	0.549576						
12667		8.073990	0.557748	5.292987	-0.489446	-0.411900	0.235702	-0.731591	6.058620	-56.450847	109.179494	-0.181562	0.521977	0.833412	-0.910320	-0.409774	0.058330	0.371958	-0.748081	0.549565						
12668		8.095049	0.545774	5.289715	-0.489456	-0.411906	0.235691	-0.731584	6.062117	-56.450574	109.175987	-0.181531	0.521992	0.833409	-0.910323	-0.409764	0.058364	0.371967	-0.748076	0.549566						
12669		8.086289	0.575544	5.305006	-0.489474	-0.411911	0.235684	-0.731572	6.065828	-56.450362	109.171298	-0.181490	0.522009	0.833407	-0.910332	-0.409738	0.058400	0.371964	-0.748078	0.549565						
12670		8.074519	0.558618	5.292088	-0.489465	-0.411915	0.235666	-0.731582	6.067475	-56.449509	109.172065	-0.181501	0.522019	0.833399	-0.910316	-0.409771	0.058417	0.371997	-0.748054	0.549576						
12671		8.070340	0.546497	5.312473	-0.489457	-0.411925	0.235655	-0.731584	6.069479	-56.449907	109.172046	-0.181499	0.522013	0.833403	-0.910303	-0.409797	0.058436	0.372030	-0.748043	0.549568						
12672		8.036446	0.576301	5.351250	-0.489460	-0.411941	0.235645	-0.731577	6.073444	-56.450702	109.169016	-0.181467	0.522012	0.833411	-0.910299	-0.409801	0.058473	0.372056	-0.748042	0.549552						
12673		8.053281	0.551863	5.368477	-0.489452	-0.411957	0.235648	-0.731573	6.074388	-56.452616	109.168863	-0.181457	0.521986	0.833429	-0.910293	-0.409813	0.058479	0.372075	-0.748053	0.549524						
12674		8.025261	0.559410	5.337454	-0.489456	-0.411976	0.235654	-0.731557	6.076997	-56.455067	109.165789	-0.181417	0.521962	0.833453	-0.910297	-0.409801	0.058500	0.372084	-0.748077	0.549485						
12675		8.038976	0.542342	5.300525	-0.489458	-0.411997	0.235659	-0.731542	6.079669	-56.457586	109.162921	-0.181379	0.521937	0.833477	-0.910300	-0.409792	0.058522	0.372097	-0.748099	0.549446						
12676		8.018586	0.554999	5.302718	-0.489450	-0.412035	0.235649	-0.731529	6.085552	-56.460795	109.159362	-0.181331	0.521904	0.833508	-0.910286	-0.409816	0.058573	0.372154	-0.748109	0.549394						
12677		8.027761	0.579907	5.260600	-0.489433	-0.412072	0.235636	-0.731524	6.090540	-56.463821	109.157954	-0.181304	0.521867	0.833537	-0.910262	-0.409861	0.058616	0.372225	-0.748110	0.549345						
12678		8.023879	0.567979	5.280533	-0.489425	-0.412101	0.235631	-0.731515	6.094353	-56.466501	109.156035	-0.181274	0.521836	0.833563	-0.910251	-0.409883	0.058649	0.372269	-0.748120	0.549302						
12679		8.015372	0.597816	5.295443	-0.489418	-0.412131	0.235616	-0.731507	6.099920	-56.468658	109.153048	-0.181236	0.521816	0.833584	-0.910235	-0.409911	0.058699	0.372325	-0.748119	0.549265						
12680		8.048567	0.602913	5.304501	-0.489413	-0.412154	0.235616	-0.731498	6.102642	-56.471086	109.151289	-0.181208	0.521788	0.833607	-0.910229	-0.409921	0.058721	0.372353	-0.748133	0.549228						
12681		8.069889	0.590713	5.300840	-0.489384	-0.412186	0.235612	-0.731500	6.104455	-56.474298	109.153334	-0.181212	0.521737	0.833638	-0.910202	-0.409980	0.058734	0.372418	-0.748136	0.549179						
12682		8.058377	0.573532	5.287557	-0.489385	-0.412188	0.235628	-0.731494	6.102923	-56.475691	109.153541	-0.181207	0.521717	0.833652	-0.910210	-0.409964	0.058717	0.372401	-0.748158	0.549161						
12683		8.070712	0.590572	5.299602	-0.489369	-0.412213	0.235633	-0.731488	6.104061	-56.478822	109.154004	-0.181196	0.521673	0.833682	-0.910198	-0.409990	0.058723	0.372435	-0.748175	0.549114						
12684		8.050299	0.602961	5.301868	-0.489367	-0.412230	0.235639	-0.731478	6.105693	-56.480997	109.152408	-0.181171	0.521648	0.833703	-0.910198	-0.409988	0.058735	0.372447	-0.748193	0.549081						
12685		8.067143	0.578293	5.319120	-0.489373	-0.412225	0.235653	-0.731473	6.103792	-56.481400	109.152361	-0.181169	0.521643	0.833707	-0.910210	-0.409963	0.058716	0.372417	-0.748211	0.549077						
12686		8.067438	0.578124	5.318691	-0.489370	-0.412233	0.235663	-0.731467	6.103351	-56.483046	109.152406	-0.181162	0.521620	0.833722	-0.910212	-0.409959	0.058709	0.372416	-0.748229	0.549054						
12687		8.046914	0.590442	5.321140	-0.489378	-0.412239	0.235670	-0.731455	6.104421	-56.484150	109.150044	-0.181135	0.521612	0.833733	-0.910222	-0.409937	0.058718	0.372406	-0.748246	0.549037						
12688		8.051482	0.602688	5.300102	-0.489378	-0.412238	0.235669	-0.731457	6.104244	-56.483886	109.150295	-0.181138	0.521615	0.833731	-0.910221	-0.409938	0.058717	0.372405	-0.748244	0.549041						
12689		8.056395	0.560893	5.304701	-0.489372	-0.412254	0.235682	-0.731448	6.104316	-56.486620	109.150055	-0.181123	0.521578	0.833757	-0.910222	-0.409938	0.058713	0.372412	-0.748269	0.549001						
12690		8.047919	0.590242	5.319641	-0.489374	-0.412263	0.235703	-0.731435	6.103142	-56.489106	109.149421	-0.181105	0.521546	0.833781	-0.910233	-0.409915	0.058698	0.372393	-0.748304	0.548966						
12691		8.036430	0.572968	5.306333	-0.489370	-0.412278	0.235719	-0.731423	6.103016	-56.491878	109.148804	-0.181087	0.521510	0.833808	-0.910237	-0.409906	0.058693	0.372392	-0.748334	0.548926						
12692		8.041245	0.585093	5.284923	-0.489364	-0.412297	0.235741	-0.731410	6.102311	-56.495433	109.148645	-0.181068	0.521462	0.833842	-0.910242	-0.409898	0.058680	0.372389	-0.748373	0.548876						
12693		8.074518	0.589716	5.293896	-0.489340	-0.412317	0.235747	-0.731413	6.101648	-56.498156	109.151699	-0.181083	0.521414	0.833868	-0.910223	-0.409940	0.058670	0.372427	-0.748382	0.548837						
12694		8.034532	0.580036	5.250239	-0.489343	-0.412337	0.235752	-0.731398	6.104263	-56.500608	109.148623	-0.181043	0.521390	0.833892	-0.910228	-0.409928	0.058691	0.372436	-0.748406	0.548799						
12695		8.038297	0.572583	5.303547	-0.489328	-0.412348	0.235776	-0.731394	6.101216	-56.503651	109.151411	-0.181054	0.521340	0.833921	-0.910227	-0.409935	0.058657	0.372434	-0.748437	0.548758						
12696		8.071575	0.577034	5.312529	-0.489312	-0.412361	0.235797	-0.731391	6.098547	-56.506653	109.154213	-0.181065	0.521290	0.833950	-0.910223	-0.409948	0.058627	0.372438	-0.748465	0.548717						
12697		8.031691	0.567088	5.268738	-0.489291	-0.412387	0.235817	-0.731384	6.097359	-56.511063	109.156311	-0.181063	0.521222	0.833992	-0.910214	-0.409970	0.058609	0.372460	-0.748500	0.548654						
12698		8.064981	0.571581	5.277691	-0.489290	-0.412387	0.235843	-0.731375	6.094110	-56.513020	109.157324	-0.181063	0.521192	0.834011	-0.910227	-0.409946	0.058575	0.372428	-0.748534	0.548629						
12699		8.073050	0.576116	5.310387	-0.489254	-0.412406	0.235854	-0.731385	6.091376	-56.516062	109.163225	-0.181102	0.521132	0.834041	-0.910202	-0.410007	0.058544	0.372471	-0.748543	0.548588						
12700		8.106343	0.580450	5.319351	-0.489224	-0.412417	0.235879	-0.731391	6.086117	-56.519327	109.169630	-0.181145	0.521067	0.834072	-0.910189	-0.410043	0.058488	0.372481	-0.748568	0.548546						
12701		8.041240	0.570261	5.299334	-0.489200	-0.412421	0.235912	-0.731394	6.079833	-56.522377	109.175589	-0.181185	0.521006	0.834101	-0.910186	-0.410058	0.058423	0.372469	-0.748602	0.548509						
12702		8.074523	0.574538	5.308318	-0.489183	-0.412434	0.235933	-0.731392	6.077161	-56.525379	109.178396	-0.181196	0.520956	0.834130	-0.910182	-0.410071	0.058393	0.372473	-0.748630	0.548468						
12703		8.083887	0.544506	5.292042	-0.489151	-0.412435	0.235965	-0.731402	6.069509	-56.528175	109.186621	-0.181257	0.520891	0.834157	-0.910172	-0.410104	0.058316	0.372467	-0.748657	0.548435						
12704		8.075491	0.573520	5.306955	-0.489145	-0.412454	0.235986	-0.731389	6.068801	-56.531731	109.186468	-0.181239	0.520843	0.834191	-0.910177	-0.410096	0.058303	0.372465	-0.748695	0.548384						
12705		8.089187	0.556047	5.269912	-0.489134	-0.412466	0.236010	-0.731382	6.066403	-56.534802	109.188224	-0.181240	0.520795	0.834221	-0.910179	-0.410095	0.058276	0.372460	-0.748728	0.548342						
12706		8.043602	0.568062	5.295984	-0.489123	-0.412461	0.236035	-0.731384	6.061186	-56.536205	109.192203	-0.181269	0.520763	0.834234	-0.910184	-0.410092	0.058224	0.372433	-0.748753	0.548327						
12707		8.060431	0.542898	5.313300	-0.489126	-0.412444	0.236064	-0.731382	6.055497	-56.536540	109.194822	-0.181292	0.520750	0.834238	-0.910202	-0.410059	0.058169	0.372378	-0.748779	0.548328						
12708		8.032217	0.549873	5.282583	-0.489112	-0.412444	0.236084	-0.731385	6.051372	-56.538195	109.198637	-0.181318	0.520715	0.834254	-0.910201	-0.410068	0.058127	0.372368	-0.748799	0.548309						
