// General information: 
//  MT Manager version: 2022.2.0 
//  XDA version: 2022.2.0 build 7381 rev 124627 built on 2023-07-19
// Device information: 
//  DeviceId: 00B4D200
//  ProductCode: MTW2-3A7G6
//  Firmware Version: 4.6.0
//  Hardware Version: 2.0.0
// Device settings: 
//  Filter Profile: human(46.1)
//  Option Flags: Orientation Smoother Disabled, Position/Velocity Smoother Disabled, Continuous Zero Rotation Update Disabled, AHS Disabled, ICC Disabled
// Coordinate system: ENU
PacketCounter	SampleTimeFine	Acc_X	Acc_Y	Acc_Z	Quat_q0	Quat_q1	Quat_q2	Quat_q3	Roll	Pitch	Yaw	Mat[1][1]	Mat[2][1]	Mat[3][1]	Mat[1][2]	Mat[2][2]	Mat[3][2]	Mat[1][3]	Mat[2][3]	Mat[3][3]	Latitude	Longitude	Altitude	Vel_E	Vel_N	Vel_U
12508		9.068411	0.805484	-3.092815	-0.311726	-0.723157	0.372158	-0.491294	165.223317	-70.490723	-43.992966	0.240259	-0.231958	0.942587	-0.844555	-0.528651	0.085177	0.478542	-0.816532	-0.322915						
12509		9.059524	0.846709	-3.091563	-0.311705	-0.723191	0.372155	-0.491258	165.224397	-70.484766	-43.992378	0.240332	-0.232024	0.942553	-0.844534	-0.528681	0.085196	0.478542	-0.816493	-0.323011						
12510		9.040766	0.800767	-3.115150	-0.311683	-0.723221	0.372151	-0.491233	165.226113	-70.480051	-43.992044	0.240389	-0.232076	0.942525	-0.844512	-0.528715	0.085206	0.478553	-0.816456	-0.323088						
12511		9.023302	0.825177	-3.098140	-0.311690	-0.723244	0.372141	-0.491202	165.219093	-70.476154	-43.985085	0.240463	-0.232092	0.942502	-0.844502	-0.528722	0.085262	0.478533	-0.816448	-0.323140						
12512		8.965047	0.813841	-3.105756	-0.311693	-0.723269	0.372120	-0.491179	165.211173	-70.472809	-43.975870	0.240540	-0.232091	0.942483	-0.844480	-0.528748	0.085321	0.478534	-0.816431	-0.323181						
12513		8.978690	0.845531	-3.101825	-0.311695	-0.723285	0.372108	-0.491163	165.206323	-70.470599	-43.970286	0.240589	-0.232093	0.942470	-0.844466	-0.528764	0.085357	0.478533	-0.816420	-0.323209						
12514		8.965028	0.814346	-3.105679	-0.311711	-0.723301	0.372085	-0.491145	165.195443	-70.468635	-43.958953	0.240658	-0.232068	0.942459	-0.844450	-0.528778	0.085427	0.478526	-0.816418	-0.323224						
12515		8.978707	0.846264	-3.101575	-0.311727	-0.723322	0.372058	-0.491126	165.183552	-70.466279	-43.946198	0.240738	-0.232041	0.942445	-0.844429	-0.528799	0.085504	0.478523	-0.816412	-0.323244						
12516		9.004808	0.839572	-3.133925	-0.311764	-0.723332	0.372053	-0.491092	165.169738	-70.463704	-43.935606	0.240811	-0.232026	0.942430	-0.844444	-0.528761	0.085593	0.478460	-0.816441	-0.323264						
12517		9.004834	0.840182	-3.133686	-0.311792	-0.723343	0.372025	-0.491079	165.155366	-70.462917	-43.921351	0.240878	-0.231975	0.942425	-0.844432	-0.528767	0.085677	0.478448	-0.816452	-0.323255						
12518		9.018573	0.872159	-3.129374	-0.311819	-0.723350	0.372010	-0.491062	165.143586	-70.461919	-43.910828	0.240932	-0.231942	0.942419	-0.844432	-0.528755	0.085748	0.478420	-0.816469	-0.323254						
12519		9.036954	0.860171	-3.093267	-0.311841	-0.723371	0.371993	-0.491030	165.130973	-70.458503	-43.899023	0.241021	-0.231932	0.942399	-0.844425	-0.528753	0.085833	0.478389	-0.816473	-0.323289						
12520		9.049569	0.880218	-3.142557	-0.311861	-0.723374	0.372002	-0.491007	165.125109	-70.456666	-43.896079	0.241054	-0.231940	0.942389	-0.844445	-0.528715	0.085874	0.478337	-0.816495	-0.323309						
12521		9.014764	0.870764	-3.094642	-0.311914	-0.723361	0.372008	-0.490987	165.111339	-70.457052	-43.887864	0.241083	-0.231901	0.942391	-0.844484	-0.528639	0.085950	0.478253	-0.816555	-0.323283						
12522		9.036127	0.849462	-3.145698	-0.311952	-0.723349	0.372024	-0.490968	165.103167	-70.456903	-43.884846	0.241097	-0.231890	0.942390	-0.844524	-0.528567	0.085997	0.478175	-0.816605	-0.323273						
12523		9.023595	0.829871	-3.096032	-0.311981	-0.723335	0.372054	-0.490948	165.100352	-70.456501	-43.887613	0.241091	-0.231906	0.942388	-0.844573	-0.528487	0.086015	0.478092	-0.816652	-0.323275						
12524		9.027577	0.832396	-3.129956	-0.311995	-0.723326	0.372072	-0.490939	165.099670	-70.456353	-43.889879	0.241083	-0.231918	0.942387	-0.844599	-0.528444	0.086019	0.478049	-0.816677	-0.323276						
12525		9.018742	0.756589	-3.101700	-0.311990	-0.723317	0.372098	-0.490936	165.106149	-70.456190	-43.898387	0.241051	-0.231955	0.942386	-0.844624	-0.528411	0.085983	0.478023	-0.816688	-0.323289						
12526		9.010314	0.797217	-3.099203	-0.311966	-0.723308	0.372109	-0.490955	165.116829	-70.457717	-43.907703	0.240995	-0.231977	0.942395	-0.844622	-0.528424	0.085917	0.478054	-0.816673	-0.323280						
12527		9.005613	0.781982	-3.117942	-0.311934	-0.723309	0.372107	-0.490976	165.126295	-70.458699	-43.913843	0.240958	-0.231992	0.942401	-0.844601	-0.528468	0.085859	0.478110	-0.816641	-0.323279						
12528		8.974805	0.774092	-3.104144	-0.311877	-0.723331	0.372047	-0.491025	165.132987	-70.460840	-43.909350	0.240951	-0.231948	0.942413	-0.844506	-0.528627	0.085812	0.478281	-0.816550	-0.323255						
12529		9.019730	0.811710	-3.113120	-0.311796	-0.723350	0.372014	-0.491074	165.151329	-70.462301	-43.916745	0.240904	-0.231963	0.942422	-0.844422	-0.528778	0.085703	0.478452	-0.816448	-0.323259						
12530		9.002594	0.835027	-3.095429	-0.311727	-0.723380	0.371942	-0.491127	165.158805	-70.464222	-43.910807	0.240905	-0.231916	0.942433	-0.844307	-0.528970	0.085652	0.478654	-0.816337	-0.323240						
12531		8.989157	0.802782	-3.098911	-0.311658	-0.723404	0.371885	-0.491179	165.169131	-70.466140	-43.909026	0.240890	-0.231886	0.942444	-0.844207	-0.529141	0.085586	0.478840	-0.816234	-0.323225						
12532		8.993193	0.804455	-3.132934	-0.311577	-0.723439	0.371845	-0.491210	165.184112	-70.465065	-43.912661	0.240888	-0.231914	0.942438	-0.844114	-0.529302	0.085506	0.479004	-0.816122	-0.323264						
12533		9.003029	0.832453	-3.094854	-0.311500	-0.723480	0.371790	-0.491240	165.194760	-70.463725	-43.911016	0.240910	-0.231922	0.942430	-0.844008	-0.529479	0.085452	0.479179	-0.816005	-0.323301						
12534		9.025543	0.880072	-3.106123	-0.311420	-0.723514	0.371748	-0.491272	165.209147	-70.462656	-43.913969	0.240911	-0.231947	0.942424	-0.843914	-0.529642	0.085375	0.479345	-0.815892	-0.323340						
12535		9.003127	0.830775	-3.095023	-0.311357	-0.723550	0.371713	-0.491286	165.218780	-70.460441	-43.914501	0.240935	-0.231975	0.942411	-0.843836	-0.529774	0.085330	0.479470	-0.815799	-0.323389						
12536		9.043016	0.854062	-3.123535	-0.311287	-0.723571	0.371682	-0.491323	165.233598	-70.460919	-43.919760	0.240908	-0.231991	0.942414	-0.843761	-0.529907	0.085244	0.479615	-0.815708	-0.323404						
12537		8.998603	0.872732	-3.127181	-0.311214	-0.723594	0.371678	-0.491339	165.252660	-70.458877	-43.931759	0.240884	-0.232065	0.942402	-0.843710	-0.530003	0.085145	0.479717	-0.815624	-0.323465						
12538		9.016981	0.859316	-3.091383	-0.311177	-0.723605	0.371686	-0.491339	165.263588	-70.457082	-43.940124	0.240871	-0.232121	0.942391	-0.843694	-0.530038	0.085091	0.479751	-0.815586	-0.323509						
12539		8.999433	0.824472	-3.061238	-0.311128	-0.723620	0.371693	-0.491343	165.277726	-70.455102	-43.950495	0.240853	-0.232187	0.942380	-0.843670	-0.530088	0.085019	0.479804	-0.815534	-0.323562						
12540		9.012181	0.843303	-3.110597	-0.311107	-0.723624	0.371691	-0.491351	165.283430	-70.455004	-43.954159	0.240839	-0.232203	0.942379	-0.843656	-0.530115	0.084988	0.479835	-0.815512	-0.323572						
12541		9.021866	0.813362	-3.059220	-0.311099	-0.723622	0.371701	-0.491352	165.287501	-70.454809	-43.958352	0.240824	-0.232223	0.942378	-0.843660	-0.530112	0.084965	0.479835	-0.815508	-0.323581						
12542		9.034694	0.832443	-3.108287	-0.311091	-0.723616	0.371707	-0.491361	165.291973	-70.455762	-43.962571	0.240796	-0.232230	0.942383	-0.843663	-0.530112	0.084936	0.479844	-0.815506	-0.323573						
12543		8.967933	0.803291	-3.100164	-0.311090	-0.723604	0.371715	-0.491374	165.295265	-70.457590	-43.966323	0.240759	-0.232225	0.942394	-0.843672	-0.530102	0.084910	0.479847	-0.815514	-0.323548						
12544		9.004073	0.824500	-3.093947	-0.311096	-0.723597	0.371714	-0.491382	165.294318	-70.458884	-43.965725	0.240746	-0.232208	0.942402	-0.843676	-0.530096	0.084910	0.479847	-0.815523	-0.323526						
12545		9.021544	0.799849	-3.110932	-0.311087	-0.723601	0.371724	-0.491373	165.297927	-70.457452	-43.969609	0.240747	-0.232240	0.942393	-0.843680	-0.530092	0.084895	0.479839	-0.815516	-0.323555						
12546		9.021686	0.799572	-3.110592	-0.311099	-0.723591	0.371721	-0.491384	165.295505	-70.459434	-43.967761	0.240731	-0.232210	0.942405	-0.843685	-0.530083	0.084901	0.479838	-0.815531	-0.323519						
12547		9.004572	0.823666	-3.092718	-0.311102	-0.723580	0.371721	-0.491397	165.296126	-70.461415	-43.968457	0.240705	-0.232190	0.942416	-0.843688	-0.530079	0.084889	0.479845	-0.815539	-0.323489						
12548		9.053267	0.806195	-3.122495	-0.311124	-0.723560	0.371707	-0.491423	165.290185	-70.465757	-43.962913	0.240676	-0.232117	0.942442	-0.843691	-0.530072	0.084904	0.479854	-0.815565	-0.323411						
12549		8.991568	0.791788	-3.094742	-0.311141	-0.723534	0.371705	-0.491452	165.288782	-70.470546	-43.962415	0.240621	-0.232061	0.942470	-0.843704	-0.530054	0.084892	0.479860	-0.815592	-0.323333						
12550		8.942560	0.796715	-3.116473	-0.311152	-0.723508	0.371718	-0.491474	165.291229	-70.474376	-43.966867	0.240558	-0.232035	0.942492	-0.843728	-0.530019	0.084863	0.479848	-0.815622	-0.323275						
12551		8.996083	0.793382	-3.127457	-0.311139	-0.723505	0.371726	-0.491480	165.297003	-70.474633	-43.972123	0.240534	-0.232055	0.942494	-0.843729	-0.530024	0.084829	0.479859	-0.815613	-0.323280						
12552		9.005055	0.809992	-3.142226	-0.311140	-0.723502	0.371717	-0.491490	165.295996	-70.475853	-43.970195	0.240527	-0.232033	0.942501	-0.843721	-0.530037	0.084830	0.479877	-0.815611	-0.323259						
12553		8.983875	0.831633	-3.090548	-0.311141	-0.723509	0.371730	-0.491470	165.296203	-70.473517	-43.971962	0.240548	-0.232067	0.942487	-0.843733	-0.530016	0.084838	0.479845	-0.815615	-0.323296						
12554		9.050781	0.860217	-3.098395	-0.311130	-0.723537	0.371725	-0.491440	165.294576	-70.468766	-43.969302	0.240615	-0.232110	0.942459	-0.843717	-0.530037	0.084867	0.479840	-0.815589	-0.323370						
12555		9.063130	0.821495	-3.135015	-0.311133	-0.723558	0.371723	-0.491409	165.290226	-70.464715	-43.965398	0.240678	-0.232140	0.942436	-0.843713	-0.530037	0.084909	0.479815	-0.815581	-0.323428						
12556		9.049397	0.790266	-3.138983	-0.311150	-0.723568	0.371716	-0.491387	165.281974	-70.462651	-43.958338	0.240731	-0.232134	0.942424	-0.843715	-0.530025	0.084964	0.479785	-0.815590	-0.323448						
12557		9.098866	0.785001	-3.115988	-0.311164	-0.723560	0.371718	-0.491389	165.279189	-70.463729	-43.956913	0.240724	-0.232115	0.942430	-0.843726	-0.530006	0.084975	0.479769	-0.815608	-0.323427						
12558		9.085739	0.811758	-3.132093	-0.311179	-0.723540	0.371694	-0.491428	165.274335	-70.469258	-43.950672	0.240684	-0.232026	0.942462	-0.843715	-0.530023	0.084979	0.479809	-0.815622	-0.323332						
12559		9.064103	0.821298	-3.132253	-0.311219	-0.723475	0.371695	-0.491497	165.271994	-70.480750	-43.951131	0.240546	-0.231897	0.942529	-0.843751	-0.529971	0.084944	0.479815	-0.815693	-0.323145						
12560		9.101757	0.854225	-3.071128	-0.311248	-0.723420	0.371673	-0.491577	165.268813	-70.492521	-43.947405	0.240422	-0.231747	0.942598	-0.843756	-0.529968	0.084913	0.479869	-0.815737	-0.322953						
12561		9.035672	0.825018	-3.061041	-0.311301	-0.723334	0.371662	-0.491678	165.263912	-70.508665	-43.944952	0.240241	-0.231552	0.942692	-0.843791	-0.529918	0.084873	0.479897	-0.815825	-0.322689						
12562		9.040727	0.827150	-3.092116	-0.311393	-0.723230	0.371647	-0.491785	165.249206	-70.527687	-43.935603	0.240053	-0.231296	0.942803	-0.843848	-0.529827	0.084876	0.479891	-0.815957	-0.322365						
12563		9.015729	0.834330	-3.056274	-0.311487	-0.723123	0.371628	-0.491897	165.233634	-70.547460	-43.925187	0.239861	-0.231026	0.942918	-0.843903	-0.529738	0.084881	0.479890	-0.816091	-0.322027						
12564		8.958754	0.822439	-3.060483	-0.311566	-0.723022	0.371612	-0.492007	165.222052	-70.566239	-43.917842	0.239668	-0.230781	0.943027	-0.843952	-0.529662	0.084867	0.479900	-0.816210	-0.321711						
12565		8.972391	0.783289	-3.093628	-0.311636	-0.722934	0.371594	-0.492106	165.211425	-70.582872	-43.910410	0.239500	-0.230560	0.943123	-0.843991	-0.529603	0.084857	0.479916	-0.816310	-0.321431						
12566		8.974181	0.794869	-3.037674	-0.311694	-0.722861	0.371588	-0.492180	165.203575	-70.595974	-43.906287	0.239362	-0.230393	0.943199	-0.844032	-0.529538	0.084846	0.479912	-0.816399	-0.321211						
12567		8.983587	0.753120	-3.037286	-0.311737	-0.722793	0.371562	-0.492272	165.196949	-70.610070	-43.899865	0.239220	-0.230206	0.943281	-0.844043	-0.529524	0.084824	0.479963	-0.816462	-0.320976						
12568		8.957612	0.806543	-3.069115	-0.311770	-0.722744	0.371551	-0.492332	165.192664	-70.619608	-43.896739	0.239120	-0.230084	0.943336	-0.844061	-0.529499	0.084808	0.479983	-0.816512	-0.320818						
12569		8.958144	0.806201	-3.067652	-0.311778	-0.722725	0.371531	-0.492370	165.190495	-70.624825	-43.892926	0.239073	-0.230008	0.943366	-0.844049	-0.529519	0.084798	0.480026	-0.816520	-0.320732						
12570		8.985536	0.810359	-3.045820	-0.311782	-0.722710	0.371537	-0.492385	165.192450	-70.627131	-43.895588	0.239035	-0.229993	0.943380	-0.844060	-0.529505	0.084777	0.480027	-0.816534	-0.320698						
12571		9.007965	0.800217	-3.043406	-0.311793	-0.722708	0.371531	-0.492385	165.188196	-70.627577	-43.891818	0.239045	-0.229972	0.943382	-0.844061	-0.529500	0.084799	0.480019	-0.816543	-0.320685						
12572		9.003581	0.844220	-3.075169	-0.311805	-0.722717	0.371515	-0.492377	165.180991	-70.626928	-43.884253	0.239083	-0.229948	0.943379	-0.844051	-0.529509	0.084842	0.480018	-0.816544	-0.320684						
12573		9.044041	0.821875	-3.037078	-0.311806	-0.722723	0.371527	-0.492357	165.181223	-70.624593	-43.886047	0.239103	-0.229982	0.943365	-0.844063	-0.529489	0.084851	0.479987	-0.816548	-0.320722						
12574		9.039217	0.807163	-3.056207	-0.311805	-0.722722	0.371554	-0.492340	165.185607	-70.622680	-43.893012	0.239098	-0.230033	0.943354	-0.844088	-0.529450	0.084834	0.479945	-0.816558	-0.320759						
12575		9.030615	0.848336	-3.054395	-0.311820	-0.722728	0.371596	-0.492289	165.185373	-70.617627	-43.898710	0.239135	-0.230115	0.943325	-0.844138	-0.529368	0.084857	0.479839	-0.816588	-0.320839						
12576		9.061576	0.855560	-3.067982	-0.311831	-0.722747	0.371598	-0.492253	165.179035	-70.613400	-43.893944	0.239204	-0.230143	0.943300	-0.844142	-0.529353	0.084910	0.479797	-0.816591	-0.320897						
12577		9.034383	0.850918	-3.089365	-0.311830	-0.722746	0.371663	-0.492206	165.188580	-70.608344	-43.909942	0.239200	-0.230267	0.943271	-0.844205	-0.529258	0.084878	0.479689	-0.816617	-0.320991						
12578		9.060967	0.796764	-3.055867	-0.311838	-0.722754	0.371699	-0.492162	165.189429	-70.603660	-43.915495	0.239233	-0.230344	0.943244	-0.844244	-0.529193	0.084893	0.479604	-0.816637	-0.321067						
12579		9.016452	0.816358	-3.059867	-0.311854	-0.722740	0.371754	-0.492131	165.194213	-70.601564	-43.927174	0.239211	-0.230417	0.943232	-0.844309	-0.529091	0.084875	0.479499	-0.816683	-0.321108						
12580		8.971599	0.777401	-3.050873	-0.311862	-0.722733	0.371823	-0.492085	165.202186	-70.597168	-43.942735	0.239201	-0.230532	0.943206	-0.844382	-0.528980	0.084849	0.479377	-0.816722	-0.321189						
12581		9.033727	0.790909	-3.077686	-0.311857	-0.722719	0.371884	-0.492062	165.214323	-70.595038	-43.960381	0.239155	-0.230630	0.943194	-0.844441	-0.528895	0.084790	0.479296	-0.816749	-0.321241						
12582		8.949209	0.786021	-3.053566	-0.311838	-0.722732	0.371936	-0.492016	165.225405	-70.588931	-43.975145	0.239168	-0.230761	0.943158	-0.844478	-0.528842	0.084753	0.479224	-0.816747	-0.321355						
12583		8.926709	0.795208	-3.056435	-0.311787	-0.722759	0.371991	-0.491967	165.244867	-70.580664	-43.995806	0.239183	-0.230942	0.943111	-0.844497	-0.528823	0.084679	0.479183	-0.816708	-0.321515						
12584		8.975145	0.835690	-3.101204	-0.311776	-0.722785	0.372056	-0.491885	165.252815	-70.570448	-44.009920	0.239247	-0.231118	0.943051	-0.844550	-0.528739	0.084677	0.479058	-0.816713	-0.321690						
12585		8.947174	0.772646	-3.110718	-0.311739	-0.722843	0.372094	-0.491796	165.260656	-70.557234	-44.019047	0.239366	-0.231307	0.942974	-0.844555	-0.528730	0.084688	0.478990	-0.816665	-0.321912						
12586		9.004597	0.784196	-3.105192	-0.311690	-0.722927	0.372130	-0.491676	165.267800	-70.539210	-44.026699	0.239549	-0.231545	0.942870	-0.844546	-0.528738	0.084724	0.478913	-0.816593	-0.322209						
12587		9.061927	0.795798	-3.099961	-0.311637	-0.723007	0.372161	-0.491568	165.276217	-70.522554	-44.034695	0.239713	-0.231769	0.942773	-0.844532	-0.528757	0.084746	0.478856	-0.816517	-0.322487						
12588		9.047767	0.822740	-3.119231	-0.311580	-0.723092	0.372177	-0.491468	165.282944	-70.506369	-44.039052	0.239887	-0.231972	0.942679	-0.844499	-0.528805	0.084776	0.478828	-0.816428	-0.322754						
12589		9.042171	0.808237	-3.140419	-0.311529	-0.723160	0.372205	-0.491379	165.292244	-70.492188	-44.047628	0.240020	-0.232171	0.942596	-0.844485	-0.528826	0.084782	0.478785	-0.816358	-0.322993						
12590		9.063805	0.798021	-3.140358	-0.311477	-0.723214	0.372231	-0.491312	165.303596	-70.480909	-44.057570	0.240113	-0.232341	0.942530	-0.844470	-0.528853	0.084766	0.478765	-0.816292	-0.323190						
12591		9.068207	0.812140	-3.122748	-0.311440	-0.723261	0.372257	-0.491247	165.311302	-70.470776	-44.065228	0.240202	-0.232489	0.942471	-0.844466	-0.528860	0.084764	0.478728	-0.816245	-0.323362						
12592		9.050432	0.836296	-3.106819	-0.311408	-0.723305	0.372280	-0.491184	165.317548	-70.461075	-44.071633	0.240291	-0.232627	0.942414	-0.844462	-0.528864	0.084770	0.478690	-0.816203	-0.323526						
12593		9.018104	0.817076	-3.147826	-0.311387	-0.723329	0.372312	-0.491138	165.324639	-70.454383	-44.080383	0.240334	-0.232740	0.942375	-0.844477	-0.528843	0.084757	0.478643	-0.816184	-0.323643						
12594		9.041050	0.818794	-3.093394	-0.311373	-0.723354	0.372323	-0.491102	165.326531	-70.449038	-44.082530	0.240388	-0.232811	0.942344	-0.844475	-0.528844	0.084769	0.478618	-0.816164	-0.323731						
12595		9.018668	0.828667	-3.095694	-0.311373	-0.723372	0.372338	-0.491064	165.325805	-70.444227	-44.083668	0.240441	-0.232870	0.942316	-0.844486	-0.528822	0.084793	0.478572	-0.816161	-0.323806						
12596		9.018560	0.828710	-3.095997	-0.311378	-0.723387	0.372345	-0.491034	165.322682	-70.440691	-44.082013	0.240489	-0.232904	0.942295	-0.844494	-0.528806	0.084826	0.478535	-0.816162	-0.323858						
12597		8.987473	0.821829	-3.082700	-0.311399	-0.723393	0.372342	-0.491013	165.314613	-70.438997	-44.075859	0.240534	-0.232897	0.942286	-0.844502	-0.528783	0.084878	0.478497	-0.816178	-0.323873						
12598		8.960373	0.817659	-3.103464	-0.311429	-0.723397	0.372347	-0.490984	165.305037	-70.436890	-44.069778	0.240584	-0.232896	0.942273	-0.844524	-0.528738	0.084941	0.478434	-0.816208	-0.323892						
12599		8.991479	0.825145	-3.116543	-0.311461	-0.723401	0.372336	-0.490967	165.293067	-70.436136	-44.059824	0.240633	-0.232863	0.942269	-0.844531	-0.528715	0.085012	0.478396	-0.816232	-0.323886						
12600		8.991437	0.825764	-3.116501	-0.311483	-0.723430	0.372318	-0.490923	165.278834	-70.431153	-44.046493	0.240746	-0.232864	0.942240	-0.844522	-0.528714	0.085113	0.478356	-0.816233	-0.323945						
12601		8.996116	0.840820	-3.097866	-0.311504	-0.723453	0.372338	-0.490862	165.271319	-70.424536	-44.043409	0.240837	-0.232927	0.942201	-0.844549	-0.528660	0.085183	0.478262	-0.816250	-0.324039						
12602		8.995883	0.841349	-3.098399	-0.311523	-0.723482	0.372335	-0.490809	165.260382	-70.418429	-44.034560	0.240945	-0.232959	0.942165	-0.844552	-0.528641	0.085271	0.478202	-0.816253	-0.324119						
12603		9.040435	0.880456	-3.108279	-0.311547	-0.723506	0.372347	-0.490749	165.250215	-70.411965	-44.028435	0.241047	-0.233007	0.942127	-0.844573	-0.528593	0.085355	0.478113	-0.816270	-0.324207						
12604		9.056622	0.844698	-3.179285	-0.311567	-0.723526	0.372361	-0.490697	165.242902	-70.406428	-44.024912	0.241126	-0.233056	0.942095	-0.844596	-0.528546	0.085420	0.478033	-0.816287	-0.324284						
12605		9.048616	0.839738	-3.111176	-0.311582	-0.723526	0.372393	-0.490662	165.242085	-70.403218	-44.028848	0.241148	-0.233109	0.942076	-0.844636	-0.528480	0.085438	0.477952	-0.816314	-0.324334						
12606		9.017489	0.832544	-3.098086	-0.311586	-0.723531	0.372424	-0.490630	165.244475	-70.399712	-44.034783	0.241166	-0.233174	0.942056	-0.844667	-0.528430	0.085439	0.477888	-0.816328	-0.324393						
12607		9.017422	0.832226	-3.098366	-0.311580	-0.723533	0.372462	-0.490602	165.250950	-70.396466	-44.044625	0.241164	-0.233253	0.942037	-0.844700	-0.528381	0.085416	0.477830	-0.816338	-0.324455						
12608		8.990260	0.827295	-3.119489	-0.311572	-0.723538	0.372487	-0.490580	165.256081	-70.393607	-44.051694	0.241169	-0.233315	0.942020	-0.844719	-0.528352	0.085399	0.477794	-0.816338	-0.324508						
12609		8.985372	0.812343	-3.138685	-0.311562	-0.723533	0.372522	-0.490567	165.264707	-70.392049	-44.062893	0.241142	-0.233380	0.942011	-0.844749	-0.528312	0.085357	0.477755	-0.816346	-0.324545						
12610		8.971572	0.780328	-3.142983	-0.311518	-0.723565	0.372528	-0.490544	165.274427	-70.386569	-44.069459	0.241180	-0.233470	0.941979	-0.844723	-0.528359	0.085324	0.477782	-0.816289	-0.324647						
12611		8.971363	0.779703	-3.143735	-0.311467	-0.723597	0.372548	-0.490514	165.288108	-70.380265	-44.080865	0.241208	-0.233590	0.941942	-0.844707	-0.528392	0.085273	0.477796	-0.816233	-0.324768						
12612		8.994349	0.780957	-3.089408	-0.311401	-0.723641	0.372532	-0.490504	165.300110	-70.374867	-44.085559	0.241252	-0.233672	0.941910	-0.844644	-0.528500	0.085228	0.477884	-0.816141	-0.324871						
12613		9.006928	0.799838	-3.139457	-0.311325	-0.723691	0.372507	-0.490496	165.312714	-70.369228	-44.089266	0.241304	-0.233752	0.941877	-0.844567	-0.528630	0.085180	0.477994	-0.816033	-0.324980						
12614		9.033900	0.803693	-3.119197	-0.311249	-0.723741	0.372466	-0.490502	165.323300	-70.364929	-44.089219	0.241355	-0.233801	0.941852	-0.844474	-0.528786	0.085138	0.478133	-0.815918	-0.325064						
12615		9.016515	0.827438	-3.102287	-0.311186	-0.723777	0.372430	-0.490516	165.332927	-70.362705	-44.089746	0.241379	-0.233829	0.941839	-0.844396	-0.528918	0.085092	0.478259	-0.815825	-0.325114						
12616		9.020405	0.829160	-3.136822	-0.311096	-0.723822	0.372396	-0.490533	165.349764	-70.359253	-44.095126	0.241398	-0.233891	0.941819	-0.844302	-0.529082	0.085011	0.478416	-0.815701	-0.325193						
12617		9.034141	0.859942	-3.133085	-0.311062	-0.723845	0.372361	-0.490547	165.352285	-70.358485	-44.091299	0.241422	-0.233883	0.941814	-0.844244	-0.529175	0.085000	0.478504	-0.815642	-0.325209						
12618		9.011990	0.869479	-3.134796	-0.311030	-0.723863	0.372343	-0.490554	165.357050	-70.357425	-44.091428	0.241434	-0.233896	0.941808	-0.844205	-0.529242	0.084977	0.478569	-0.815595	-0.325233						
12619		9.007170	0.854562	-3.153738	-0.311007	-0.723873	0.372334	-0.490561	165.361655	-70.356866	-44.093114	0.241434	-0.233910	0.941805	-0.844181	-0.529283	0.084953	0.478610	-0.815565	-0.325249						
12620		8.989941	0.878638	-3.136324	-0.311013	-0.723870	0.372345	-0.490554	165.361560	-70.356450	-44.094612	0.241433	-0.233921	0.941802	-0.844195	-0.529260	0.084956	0.478586	-0.815576	-0.325255						
12621		9.012269	0.868522	-3.134260	-0.311022	-0.723865	0.372356	-0.490546	165.360973	-70.356137	-44.095921	0.241431	-0.233930	0.941800	-0.844212	-0.529233	0.084960	0.478557	-0.815591	-0.325260						
12622		9.043171	0.817035	-3.134022	-0.311043	-0.723846	0.372364	-0.490555	165.358506	-70.358626	-44.095998	0.241401	-0.233902	0.941815	-0.844236	-0.529194	0.084964	0.478530	-0.815625	-0.325216						
12623		9.030046	0.843772	-3.150286	-0.311065	-0.723826	0.372374	-0.490563	165.355909	-70.361123	-44.096125	0.241371	-0.233873	0.941830	-0.844262	-0.529153	0.084968	0.478500	-0.815660	-0.325173						
12624		9.048693	0.830947	-3.113313	-0.311102	-0.723775	0.372414	-0.490585	165.357856	-70.366916	-44.104744	0.241268	-0.233844	0.941864	-0.844331	-0.529048	0.084933	0.478430	-0.815736	-0.325084						
12625		8.964798	0.826394	-3.087272	-0.311147	-0.723727	0.372438	-0.490609	165.354379	-70.373036	-44.107217	0.241185	-0.233784	0.941899	-0.844389	-0.528955	0.084928	0.478368	-0.815813	-0.324981						
12626		8.995416	0.821196	-3.152492	-0.311191	-0.723674	0.372460	-0.490643	165.351647	-70.380423	-44.110024	0.241087	-0.233711	0.941943	-0.844446	-0.528867	0.084912	0.478318	-0.815891	-0.324859						
12627		8.978267	0.786958	-3.120711	-0.311241	-0.723622	0.372475	-0.490676	165.345973	-70.387935	-44.109759	0.240999	-0.233624	0.941987	-0.844499	-0.528783	0.084913	0.478269	-0.815971	-0.324732						
12628		8.983676	0.801112	-3.100234	-0.311284	-0.723573	0.372499	-0.490702	165.343497	-70.394221	-44.112942	0.240912	-0.233566	0.942024	-0.844556	-0.528694	0.084901	0.478212	-0.816045	-0.324628						
12629		8.961015	0.798756	-3.154039	-0.311316	-0.723530	0.372513	-0.490734	165.341992	-70.400612	-44.115225	0.240827	-0.233502	0.942061	-0.844596	-0.528632	0.084883	0.478184	-0.816103	-0.324524						
12630		9.029067	0.780429	-3.093993	-0.311333	-0.723500	0.372508	-0.490772	165.340809	-70.406487	-44.114631	0.240760	-0.233432	0.942095	-0.844607	-0.528618	0.084865	0.478199	-0.816132	-0.324429						
12631		8.953112	0.780787	-3.136427	-0.311329	-0.723470	0.372502	-0.490824	165.346206	-70.413083	-44.118361	0.240667	-0.233372	0.942134	-0.844603	-0.528633	0.084807	0.478252	-0.816140	-0.324332						
12632		8.939741	0.748752	-3.139427	-0.311322	-0.723462	0.372495	-0.490845	165.348405	-70.415368	-44.119057	0.240638	-0.233349	0.942147	-0.844594	-0.528652	0.084785	0.478284	-0.816134	-0.324299						
12633		9.029256	0.766465	-3.144584	-0.311271	-0.723458	0.372497	-0.490882	165.365600	-70.417541	-44.131394	0.240562	-0.233376	0.942160	-0.844566	-0.528713	0.084679	0.478370	-0.816087	-0.324290						
12634		8.976121	0.768414	-3.132914	-0.311236	-0.723467	0.372495	-0.490892	165.374824	-70.416856	-44.137195	0.240546	-0.233408	0.942156	-0.844542	-0.528759	0.084630	0.478421	-0.816048	-0.324314						
12635		8.976518	0.826171	-3.146159	-0.311178	-0.723510	0.372461	-0.490892	165.382301	-70.412942	-44.136368	0.240596	-0.233450	0.942133	-0.844468	-0.528882	0.084604	0.478527	-0.815956	-0.324388						
12636		9.003897	0.888856	-3.138734	-0.311151	-0.723553	0.372425	-0.490872	165.379104	-70.408114	-44.127712	0.240688	-0.233469	0.942105	-0.844409	-0.528969	0.084642	0.478583	-0.815895	-0.324460						
12637		9.047776	0.810871	-3.122312	-0.311133	-0.723600	0.372381	-0.490848	165.371531	-70.403041	-44.114754	0.240801	-0.233472	0.942075	-0.844348	-0.529058	0.084706	0.478636	-0.815836	-0.324529						
12638		9.043165	0.854923	-3.154770	-0.311119	-0.723623	0.372373	-0.490828	165.370891	-70.399478	-44.112407	0.240852	-0.233503	0.942054	-0.844328	-0.529087	0.084724	0.478645	-0.815809	-0.324585						
12639		9.100895	0.808126	-3.134224	-0.311115	-0.723644	0.372361	-0.490809	165.367290	-70.396482	-44.107577	0.240907	-0.233517	0.942037	-0.844310	-0.529110	0.084757	0.478649	-0.815790	-0.324627						
12640		9.088566	0.846968	-3.097631	-0.311124	-0.723635	0.372345	-0.490829	165.363957	-70.399272	-44.103329	0.240892	-0.233467	0.942053	-0.844301	-0.529122	0.084764	0.478671	-0.815796	-0.324578						
12641		9.066724	0.856301	-3.098558	-0.311127	-0.723589	0.372382	-0.490867	165.375049	-70.405317	-44.117604	0.240762	-0.233458	0.942089	-0.844347	-0.529063	0.084676	0.478656	-0.815837	-0.324498						
12642		9.063240	0.852958	-3.063109	-0.311155	-0.723539	0.372401	-0.490909	165.376706	-70.412739	-44.122939	0.240653	-0.233396	0.942132	-0.844390	-0.529001	0.084636	0.478635	-0.815895	-0.324382						
12643		9.049679	0.867353	-3.131573	-0.311218	-0.723457	0.372428	-0.490969	165.373530	-70.424779	-44.127116	0.240494	-0.233275	0.942202	-0.844468	-0.528881	0.084604	0.478577	-0.816007	-0.324186						
12644		8.987943	0.794438	-3.089566	-0.311302	-0.723355	0.372472	-0.491033	165.368961	-70.438914	-44.133240	0.240302	-0.233139	0.942285	-0.844578	-0.528712	0.084571	0.478480	-0.816156	-0.323955						
12645		8.961755	0.789437	-3.108023	-0.311377	-0.723263	0.372499	-0.491100	165.363290	-70.452529	-44.135901	0.240130	-0.232994	0.942365	-0.844664	-0.528578	0.084547	0.478414	-0.816284	-0.323730						
12646		8.962552	0.789048	-3.105823	-0.311450	-0.723184	0.372535	-0.491144	165.357759	-70.463016	-44.139565	0.239992	-0.232890	0.942426	-0.844755	-0.528434	0.084534	0.478323	-0.816407	-0.323554						
12647		8.940595	0.740188	-3.092733	-0.311485	-0.723123	0.372545	-0.491203	165.357616	-70.473123	-44.142754	0.239859	-0.232787	0.942485	-0.844797	-0.528375	0.084493	0.478316	-0.816474	-0.323393						
12648		8.945254	0.742057	-3.125283	-0.311513	-0.723069	0.372569	-0.491247	165.360400	-70.481051	-44.149694	0.239738	-0.232725	0.942531	-0.844846	-0.528304	0.084445	0.478290	-0.816538	-0.323271						
12649		8.968740	0.743091	-3.069046	-0.311482	-0.723049	0.372579	-0.491288	165.374868	-70.484980	-44.161807	0.239642	-0.232731	0.942554	-0.844841	-0.528327	0.084347	0.478347	-0.816521	-0.323230						
12650		9.000151	0.749237	-3.081612	-0.311469	-0.723041	0.372571	-0.491315	165.379384	-70.487726	-44.163988	0.239601	-0.232709	0.942570	-0.844826	-0.528357	0.084310	0.478394	-0.816508	-0.323193						
12651		9.009339	0.765655	-3.096051	-0.311445	-0.723040	0.372541	-0.491353	165.383008	-70.490853	-44.162332	0.239571	-0.232666	0.942588	-0.844784	-0.528430	0.084276	0.478483	-0.816473	-0.323149						
12652		9.037090	0.828077	-3.087654	-0.311420	-0.723058	0.372508	-0.491368	165.383790	-70.490858	-44.157601	0.239590	-0.232646	0.942588	-0.844734	-0.528510	0.084272	0.478562	-0.816427	-0.323150						
12653		9.015018	0.837700	-3.089253	-0.311403	-0.723063	0.372500	-0.491378	165.387172	-70.491085	-44.158557	0.239583	-0.232648	0.942590	-0.844715	-0.528544	0.084252	0.478599	-0.816404	-0.323151						
12654		9.041405	0.829954	-3.121243	-0.311397	-0.723070	0.372484	-0.491383	165.385759	-70.491026	-44.155073	0.239598	-0.232634	0.942589	-0.844694	-0.528576	0.084260	0.478628	-0.816388	-0.323150						
12655		9.015219	0.837145	-3.088819	-0.311389	-0.723074	0.372503	-0.491368	165.390324	-70.488985	-44.160945	0.239598	-0.232682	0.942577	-0.844708	-0.528556	0.084243	0.478603	-0.816387	-0.323189						
12656		9.046339	0.843879	-3.102104	-0.311393	-0.723079	0.372518	-0.491348	165.390413	-70.486782	-44.162954	0.239616	-0.232715	0.942564	-0.844723	-0.528530	0.084251	0.478567	-0.816394	-0.323224						
12657		9.015255	0.836912	-3.088775	-0.311440	-0.723060	0.372559	-0.491314	165.383858	-70.485661	-44.164781	0.239622	-0.232736	0.942558	-0.844794	-0.528411	0.084293	0.478440	-0.816466	-0.323233						
12658		9.042366	0.841426	-3.067663	-0.311475	-0.723041	0.372612	-0.491278	165.382715	-70.483969	-44.172255	0.239612	-0.232786	0.942548	-0.844871	-0.528286	0.084306	0.478310	-0.816532	-0.323258						
12659		9.063772	0.819527	-3.118992	-0.311525	-0.723021	0.372671	-0.491231	165.378081	-70.481638	-44.178065	0.239615	-0.232837	0.942534	-0.844960	-0.528137	0.084342	0.478149	-0.816614	-0.323288						
12660		9.024583	0.807510	-3.037287	-0.311578	-0.722990	0.372744	-0.491189	165.375934	-70.480363	-44.187903	0.239590	-0.232893	0.942527	-0.845068	-0.527962	0.084360	0.477972	-0.816711	-0.323305						
12661		8.992737	0.788596	-3.077086	-0.311634	-0.722959	0.372801	-0.491155	165.370512	-70.480058	-44.193261	0.239572	-0.232919	0.942525	-0.845162	-0.527806	0.084392	0.477814	-0.816804	-0.323302						
12662		8.974143	0.742915	-3.099943	-0.311677	-0.722949	0.372839	-0.491114	165.363665	-70.477682	-44.194263	0.239596	-0.232950	0.942511	-0.845226	-0.527696	0.084440	0.477690	-0.816866	-0.323330						
12663		8.951914	0.752811	-3.101933	-0.311686	-0.722940	0.372895	-0.491080	165.369577	-70.474794	-44.206585	0.239580	-0.233035	0.942495	-0.845287	-0.527602	0.084419	0.477589	-0.816903	-0.323384						
12664		8.898423	0.755530	-3.091160	-0.311674	-0.722968	0.372926	-0.491022	165.373037	-70.467039	-44.212567	0.239647	-0.233149	0.942449	-0.845305	-0.527571	0.084431	0.477524	-0.816891	-0.323513						
12665		8.959461	0.757712	-3.171930	-0.311662	-0.723016	0.372938	-0.490951	165.370747	-70.457093	-44.211230	0.239770	-0.233258	0.942391	-0.845301	-0.527568	0.084486	0.477469	-0.816861	-0.323668						
12666		8.995718	0.791436	-3.114295	-0.311630	-0.723094	0.372932	-0.490859	165.367635	-70.442992	-44.205983	0.239958	-0.233397	0.942309	-0.845264	-0.527616	0.084562	0.477441	-0.816791	-0.323888						
12667		8.995081	0.792089	-3.115970	-0.311608	-0.723176	0.372905	-0.490774	165.358267	-70.429884	-44.193173	0.240164	-0.233494	0.942232	-0.845210	-0.527685	0.084669	0.477432	-0.816719	-0.324082						
12668		9.016227	0.829450	-3.182157	-0.311586	-0.723269	0.372883	-0.490668	165.347370	-70.414030	-44.179613	0.240407	-0.233619	0.942140	-0.845159	-0.527746	0.084797	0.477400	-0.816644	-0.324319						
12669		9.038532	0.832411	-3.128900	-0.311572	-0.723358	0.372859	-0.490563	165.334169	-70.398781	-44.164405	0.240648	-0.233730	0.942050	-0.845113	-0.527798	0.084935	0.477360	-0.816578	-0.324542						
12670		9.082678	0.871887	-3.140024	-0.311563	-0.723439	0.372846	-0.490459	165.322377	-70.384110	-44.151923	0.240872	-0.233845	0.941964	-0.845080	-0.527829	0.085063	0.477304	-0.816525	-0.324757						
12671		9.073181	0.855802	-3.126414	-0.311571	-0.723492	0.372853	-0.490371	165.312366	-70.372965	-44.144400	0.241035	-0.233941	0.941899	-0.845083	-0.527809	0.085166	0.477219	-0.816511	-0.324920						
12672		9.077633	0.870816	-3.108433	-0.311566	-0.723534	0.372857	-0.490309	165.307795	-70.364544	-44.140609	0.241149	-0.234022	0.941850	-0.845077	-0.527808	0.085227	0.477171	-0.816488	-0.325047						
12673		9.067607	0.842379	-3.147210	-0.311592	-0.723552	0.372867	-0.490258	165.298094	-70.359318	-44.134796	0.241235	-0.234057	0.941819	-0.845098	-0.527761	0.085304	0.477089	-0.816508	-0.325116						
12674		9.036408	0.835738	-3.134145	-0.311615	-0.723559	0.372881	-0.490223	165.291649	-70.356223	-44.132095	0.241282	-0.234081	0.941801	-0.845124	-0.527712	0.085354	0.477020	-0.816533	-0.325155						
12675		9.050206	0.867317	-3.130061	-0.311648	-0.723546	0.372903	-0.490204	165.286134	-70.355976	-44.131770	0.241287	-0.234083	0.941799	-0.845167	-0.527639	0.085386	0.476943	-0.816580	-0.325151						
12676		9.027740	0.818934	-3.118353	-0.311682	-0.723523	0.372921	-0.490204	165.281448	-70.358109	-44.131791	0.241261	-0.234058	0.941812	-0.845208	-0.527569	0.085404	0.476882	-0.816632	-0.325110						
12677		9.005777	0.828903	-3.119494	-0.311713	-0.723506	0.372923	-0.490207	165.274484	-70.360309	-44.127802	0.241252	-0.234016	0.941825	-0.845232	-0.527527	0.085434	0.476845	-0.816671	-0.325065						
12678		8.997169	0.812212	-3.103494	-0.311762	-0.723490	0.372902	-0.490214	165.258655	-70.363587	-44.114312	0.241268	-0.233922	0.941844	-0.845243	-0.527497	0.085510	0.476817	-0.816718	-0.324989						
12679		8.965523	0.793495	-3.142535	-0.311782	-0.723472	0.372893	-0.490235	165.254126	-70.367294	-44.110444	0.241240	-0.233863	0.941866	-0.845249	-0.527485	0.085520	0.476820	-0.816742	-0.324923						
12680		8.975595	0.822498	-3.103427	-0.311799	-0.723477	0.372837	-0.490261	165.240529	-70.370537	-44.092809	0.241274	-0.233752	0.941885	-0.845203	-0.527548	0.085584	0.476884	-0.816733	-0.324851						
12681		8.975871	0.822852	-3.102535	-0.311823	-0.723475	0.372806	-0.490272	165.228833	-70.372675	-44.080267	0.241300	-0.233675	0.941897	-0.845187	-0.527564	0.085641	0.476899	-0.816745	-0.324800						
12682		8.989837	0.854572	-3.097898	-0.311829	-0.723489	0.372759	-0.490283	165.218744	-70.373555	-44.066273	0.241346	-0.233606	0.941903	-0.845143	-0.527626	0.085694	0.476954	-0.816725	-0.324771						
12683		8.981094	0.837713	-3.082320	-0.311818	-0.723504	0.372727	-0.490291	165.215415	-70.373451	-44.058859	0.241378	-0.233576	0.941902	-0.845103	-0.527688	0.085714	0.477010	-0.816693	-0.324767						
12684		8.998984	0.871502	-3.112288	-0.311801	-0.723517	0.372709	-0.490298	165.216650	-70.372935	-44.056812	0.241392	-0.233573	0.941899	-0.845073	-0.527736	0.085709	0.477055	-0.816663	-0.324778						
12685		9.043530	0.851226	-3.108280	-0.311784	-0.723522	0.372701	-0.490307	165.220027	-70.373163	-44.057763	0.241386	-0.233574	0.941900	-0.845054	-0.527770	0.085689	0.477092	-0.816640	-0.324779						
12686		9.044076	0.909280	-3.121100	-0.311771	-0.723534	0.372685	-0.490310	165.220184	-70.372431	-44.055346	0.241404	-0.233572	0.941896	-0.845029	-0.527809	0.085691	0.477126	-0.816616	-0.324791						
12687		9.043827	0.850484	-3.107619	-0.311767	-0.723514	0.372700	-0.490331	165.226533	-70.375347	-44.062395	0.241341	-0.233569	0.941913	-0.845045	-0.527792	0.085643	0.477131	-0.816628	-0.324754						
12688		8.999723	0.869746	-3.110641	-0.311780	-0.723481	0.372727	-0.490351	165.231358	-70.379223	-44.070606	0.241262	-0.233559	0.941936	-0.845084	-0.527736	0.085599	0.477101	-0.816667	-0.324700						
12689		8.986198	0.837733	-3.114072	-0.311782	-0.723466	0.372762	-0.490344	165.237472	-70.379241	-44.080277	0.241222	-0.233600	0.941936	-0.845122	-0.527681	0.085565	0.477053	-0.816691	-0.324708						
12690		8.999638	0.810311	-3.096824	-0.311786	-0.723456	0.372784	-0.490340	165.240967	-70.379326	-44.086133	0.241197	-0.233623	0.941936	-0.845147	-0.527644	0.085544	0.477022	-0.816708	-0.324712						
12691		9.026846	0.814442	-3.075566	-0.311796	-0.723445	0.372803	-0.490335	165.241778	-70.379648	-44.089720	0.241179	-0.233635	0.941938	-0.845174	-0.527602	0.085538	0.476984	-0.816732	-0.324708						
12692		8.999890	0.809474	-3.096310	-0.311783	-0.723439	0.372830	-0.490332	165.250717	-70.378977	-44.100000	0.241145	-0.233686	0.941934	-0.845194	-0.527579	0.085491	0.476967	-0.816732	-0.324732						
12693		8.995629	0.852788	-3.128183	-0.311783	-0.723426	0.372847	-0.490338	165.254921	-70.380202	-44.105698	0.241107	-0.233696	0.941941	-0.845212	-0.527553	0.085462	0.476952	-0.816746	-0.324719						
12694		8.986911	0.835442	-3.112630	-0.311791	-0.723417	0.372855	-0.490340	165.254731	-70.381042	-44.106970	0.241092	-0.233691	0.941946	-0.845226	-0.527531	0.085459	0.476935	-0.816762	-0.324706						
12695		9.014157	0.839664	-3.091232	-0.311801	-0.723407	0.372865	-0.490342	165.254587	-70.381968	-44.108571	0.241075	-0.233687	0.941952	-0.845243	-0.527504	0.085456	0.476914	-0.816780	-0.324691						
12696		9.004619	0.810545	-3.128887	-0.311811	-0.723397	0.372867	-0.490347	165.253199	-70.383349	-44.108234	0.241060	-0.233670	0.941960	-0.845253	-0.527488	0.085458	0.476904	-0.816795	-0.324667						
12697		8.992339	0.849428	-3.092048	-0.311846	-0.723388	0.372863	-0.490342	165.243113	-70.384463	-44.100884	0.241076	-0.233627	0.941966	-0.845271	-0.527452	0.085511	0.476864	-0.816831	-0.324634						
12698		9.005012	0.810734	-3.127708	-0.311869	-0.723379	0.372861	-0.490342	165.237180	-70.385723	-44.096851	0.241078	-0.233595	0.941974	-0.845284	-0.527425	0.085539	0.476839	-0.816857	-0.324605						
12699		8.991883	0.837750	-3.144214	-0.311893	-0.723373	0.372865	-0.490333	165.230990	-70.385898	-44.093298	0.241090	-0.233578	0.941975	-0.845303	-0.527389	0.085573	0.476799	-0.816885	-0.324593						
12700		8.992829	0.849764	-3.090531	-0.311914	-0.723369	0.372865	-0.490325	165.224717	-70.385949	-44.089001	0.241107	-0.233560	0.941975	-0.845316	-0.527363	0.085609	0.476768	-0.816908	-0.324583						
12701		9.001053	0.855003	-3.158513	-0.311951	-0.723359	0.372878	-0.490307	165.216538	-70.385854	-44.085621	0.241122	-0.233546	0.941975	-0.845353	-0.527296	0.085655	0.476695	-0.816954	-0.324572						
12702		9.019281	0.842687	-3.122164	-0.311980	-0.723356	0.372897	-0.490278	165.210487	-70.384036	-44.084225	0.241149	-0.233561	0.941964	-0.845389	-0.527233	0.085697	0.476619	-0.816991	-0.324592						
12703		8.996675	0.794228	-3.110820	-0.311999	-0.723338	0.372934	-0.490264	165.211959	-70.383937	-44.091025	0.241123	-0.233591	0.941963	-0.845439	-0.527153	0.085689	0.476543	-0.817034	-0.324596						
12704		9.010509	0.825433	-3.106723	-0.312015	-0.723335	0.372962	-0.490237	165.211237	-70.381784	-44.094649	0.241133	-0.233631	0.941951	-0.845476	-0.527092	0.085703	0.476472	-0.817062	-0.324629						
