// Start Time: Unknown
// Update Rate: 60.0Hz
//Filter Profile: human (46.1)
// Option Flags: AHS Disabled ICC Disabled
// Firmware Version: 4.0.2
0	sampleTimeFine	Year	Month	Day	Second	UTC_Nano	UTC_Year	UTC_Month	UTC_Day	UTC_Hour	UTC_Minute	UTC_Second	UTC_Valid	Acc_X	Acc_Y	Acc_Z	Mat[1][1]	Mat[2][1]	Mat[3][1]	Mat[1][2]	Mat[2][2]	Mat[3][2]	Mat[1][3]	Mat[2][3]	Mat[3][3]
0	84296													0.000000	0.000000	0.000000	0.415996	-0.872090	-0.257696	-0.025055	-0.294264	0.955396	-0.909021	-0.390984	-0.144263
1	84462													8.939885	-0.246190	4.066787	0.415931	-0.872456	-0.256556	-0.025312	-0.293115	0.955742	-0.909044	-0.391029	-0.143999
2	84629													8.930801	-0.232332	4.075850	0.415452	-0.873114	-0.255091	-0.025246	-0.291399	0.956268	-0.909265	-0.390844	-0.143105
3	84796													8.930255	-0.227955	4.056603	0.415196	-0.873465	-0.254304	-0.024962	-0.290370	0.956589	-0.909389	-0.390824	-0.142364
4	84962													8.900847	-0.227683	4.045824	0.414885	-0.873643	-0.254199	-0.024664	-0.290074	0.956686	-0.909539	-0.390646	-0.141895
5	85129													8.943443	-0.223688	4.096474	0.414624	-0.873779	-0.254162	-0.024408	-0.289880	0.956752	-0.909666	-0.390488	-0.141518
6	85296													8.972142	-0.227676	4.139839	0.414514	-0.873780	-0.254337	-0.024206	-0.289966	0.956731	-0.909721	-0.390422	-0.141345
7	85462													8.903429	-0.273822	4.043098	0.414466	-0.873860	-0.254139	-0.024122	-0.289704	0.956812	-0.909745	-0.390436	-0.141151
8	85629													8.881504	-0.253510	4.056147	0.414300	-0.873823	-0.254536	-0.024158	-0.290127	0.956683	-0.909820	-0.390205	-0.141309
9	85796													9.033059	-0.177772	4.104702	0.414184	-0.873953	-0.254279	-0.024038	-0.289774	0.956793	-0.909875	-0.390177	-0.141028
10	85962													9.035678	-0.209773	4.072073	0.414112	-0.873867	-0.254692	-0.023865	-0.290139	0.956687	-0.909913	-0.390098	-0.141004
11	86129													8.875441	-0.260601	4.111244	0.414182	-0.873729	-0.255052	-0.023833	-0.290531	0.956569	-0.909882	-0.390115	-0.141156
12	86296													8.811250	-0.223970	4.169277	0.413877	-0.873826	-0.255212	-0.023857	-0.290665	0.956527	-0.910020	-0.389796	-0.141147
13	86462													8.904184	-0.180299	4.063582	0.413645	-0.873919	-0.255271	-0.023700	-0.290624	0.956544	-0.910130	-0.389620	-0.140926
14	86629													8.922464	-0.174889	4.055531	0.413562	-0.873947	-0.255309	-0.023570	-0.290595	0.956556	-0.910171	-0.389578	-0.140778
15	86796													8.926027	-0.245256	4.055734	0.413534	-0.873911	-0.255476	-0.023519	-0.290751	0.956510	-0.910185	-0.389541	-0.140789
16	86962													8.936298	-0.238765	4.059761	0.413607	-0.873842	-0.255596	-0.023485	-0.290881	0.956471	-0.910153	-0.389600	-0.140833
17	87129													8.933824	-0.194678	4.073107	0.413655	-0.873908	-0.255293	-0.023425	-0.290531	0.956579	-0.910132	-0.389713	-0.140651
18	87296													8.925187	-0.215302	4.096969	0.413579	-0.873852	-0.255607	-0.023352	-0.290831	0.956489	-0.910169	-0.389615	-0.140687
19	87462													8.960423	-0.236376	4.104781	0.413471	-0.873859	-0.255760	-0.023303	-0.290959	0.956452	-0.910219	-0.389505	-0.140667
20	87629													8.936169	-0.212773	4.071536	0.413350	-0.873883	-0.255872	-0.023303	-0.291061	0.956421	-0.910274	-0.389373	-0.140674
21	87796													8.934121	-0.252103	4.046765	0.413211	-0.873932	-0.255928	-0.023369	-0.291127	0.956399	-0.910335	-0.389214	-0.140720
22	87962													8.923560	-0.189629	4.089693	0.413145	-0.873969	-0.255907	-0.023314	-0.291070	0.956418	-0.910367	-0.389173	-0.140629
23	88129													8.954142	-0.189162	4.013552	0.412858	-0.874103	-0.255914	-0.023212	-0.290985	0.956446	-0.910500	-0.388936	-0.140425
24	88296													8.950321	-0.209283	4.012770	0.412868	-0.874093	-0.255933	-0.023255	-0.291026	0.956432	-0.910494	-0.388929	-0.140482
25	88462													8.948254	-0.255087	4.082574	0.412586	-0.874246	-0.255863	-0.023353	-0.290944	0.956455	-0.910619	-0.388645	-0.140456
26	88629													8.962743	-0.210782	4.054691	0.412353	-0.874256	-0.256207	-0.023343	-0.291277	0.956354	-0.910725	-0.388375	-0.140517
27	88796													8.943298	-0.185172	4.051223	0.412133	-0.874334	-0.256293	-0.023312	-0.291321	0.956341	-0.910825	-0.388165	-0.140445
28	88962													8.914723	-0.228713	4.048542	0.411943	-0.874310	-0.256680	-0.023349	-0.291727	0.956217	-0.910911	-0.387913	-0.140589
29	89129													8.950590	-0.237312	4.006705	0.411763	-0.874382	-0.256724	-0.023381	-0.291759	0.956206	-0.910991	-0.387728	-0.140580
30	89296													8.970165	-0.205850	4.026334	0.411723	-0.874364	-0.256849	-0.023380	-0.291888	0.956167	-0.911009	-0.387671	-0.140620
31	89462													8.957373	-0.192385	4.078525	0.411673	-0.874428	-0.256712	-0.023353	-0.291718	0.956219	-0.911032	-0.387655	-0.140513
32	89629													8.922927	-0.208117	4.058405	0.411654	-0.874394	-0.256857	-0.023334	-0.291865	0.956175	-0.911041	-0.387620	-0.140551
33	89796													8.917233	-0.220255	4.087455	0.411601	-0.874400	-0.256924	-0.023359	-0.291941	0.956151	-0.911065	-0.387551	-0.140589
34	89962													8.952187	-0.228979	4.073842	0.411505	-0.874418	-0.257014	-0.023378	-0.292031	0.956123	-0.911108	-0.387441	-0.140615
35	90129													8.948611	-0.202102	4.061266	0.411461	-0.874397	-0.257155	-0.023402	-0.292188	0.956074	-0.911127	-0.387369	-0.140687
36	90296													8.936474	-0.200507	4.049397	0.411524	-0.874362	-0.257176	-0.023449	-0.292242	0.956057	-0.911097	-0.387410	-0.140768
37	90462													8.909805	-0.223831	4.056778	0.411650	-0.874312	-0.257143	-0.023545	-0.292268	0.956047	-0.911038	-0.387502	-0.140898
38	90629													8.924874	-0.245296	4.075272	0.411737	-0.874263	-0.257172	-0.023670	-0.292367	0.956013	-0.910995	-0.387539	-0.141072
39	90962													8.932779	-0.202488	4.090816	0.411963	-0.874120	-0.257297	-0.023862	-0.292623	0.955930	-0.910888	-0.387668	-0.141408
40	91129													8.925870	-0.225497	4.070684	0.411954	-0.874157	-0.257182	-0.023971	-0.292543	0.955952	-0.910889	-0.387643	-0.141468
41	91296													8.926133	-0.221869	4.038589	0.411923	-0.874159	-0.257225	-0.024096	-0.292638	0.955920	-0.910900	-0.387568	-0.141608
42	91463													8.988050	-0.176661	4.076994	0.411999	-0.874148	-0.257143	-0.024222	-0.292614	0.955924	-0.910863	-0.387611	-0.141730
43	91629													8.952659	-0.247194	4.049859	0.412047	-0.874100	-0.257227	-0.024428	-0.292803	0.955861	-0.910835	-0.387576	-0.142002
44	91796													8.833245	-0.246601	3.992088	0.411948	-0.874123	-0.257309	-0.024659	-0.292974	0.955802	-0.910874	-0.387396	-0.142245
45	91963													8.982982	-0.203000	4.059786	0.411797	-0.874237	-0.257165	-0.024761	-0.292834	0.955843	-0.910939	-0.387245	-0.142235
46	92129													9.057045	-0.161873	4.071569	0.411742	-0.874284	-0.257091	-0.024748	-0.292738	0.955872	-0.910964	-0.387210	-0.142170
47	92296													8.967504	-0.262031	4.051323	0.411776	-0.874249	-0.257155	-0.024890	-0.292873	0.955827	-0.910945	-0.387186	-0.142358
48	92463													8.797340	-0.280916	4.170682	0.411872	-0.874112	-0.257468	-0.025052	-0.293301	0.955692	-0.910898	-0.387172	-0.142700
49	92629													8.907992	-0.214080	4.125490	0.411542	-0.874233	-0.257586	-0.025133	-0.293408	0.955657	-0.911044	-0.386819	-0.142722
50	92796													8.975658	-0.156481	4.054940	0.411471	-0.874288	-0.257511	-0.025107	-0.293303	0.955690	-0.911077	-0.386773	-0.142637
51	92963													8.883352	-0.218957	4.084408	0.411388	-0.874315	-0.257552	-0.025167	-0.293359	0.955671	-0.911113	-0.386670	-0.142688
52	93129													8.896484	-0.281809	4.051639	0.411276	-0.874378	-0.257518	-0.025270	-0.293347	0.955672	-0.911160	-0.386538	-0.142742
53	93296													8.957379	-0.238866	4.027299	0.411219	-0.874403	-0.257522	-0.025314	-0.293360	0.955667	-0.911185	-0.386470	-0.142770
54	93463													8.962197	-0.202031	4.006303	0.411237	-0.874450	-0.257334	-0.025289	-0.293147	0.955733	-0.911177	-0.386525	-0.142667
55	93629													8.949841	-0.220702	4.041901	0.411241	-0.874544	-0.257008	-0.025296	-0.292794	0.955841	-0.911176	-0.386580	-0.142531
56	93796													8.949774	-0.252831	4.062611	0.411287	-0.874520	-0.257017	-0.025343	-0.292832	0.955828	-0.911154	-0.386606	-0.142601
57	93963													8.938766	-0.259769	4.018856	0.411202	-0.874551	-0.257047	-0.025468	-0.292903	0.955803	-0.911188	-0.386482	-0.142715
58	94129													8.996614	-0.258356	4.033819	0.411206	-0.874555	-0.257029	-0.025585	-0.292934	0.955790	-0.911183	-0.386451	-0.142831
59	94296													8.955939	-0.182562	4.046911	0.411173	-0.874580	-0.256995	-0.025531	-0.292868	0.955812	-0.911200	-0.386442	-0.142748
60	94463													8.962816	-0.199781	4.045288	0.411104	-0.874635	-0.256918	-0.025454	-0.292739	0.955854	-0.911233	-0.386416	-0.142609
61	94629													8.910349	-0.247162	4.080900	0.411147	-0.874673	-0.256720	-0.025522	-0.292559	0.955907	-0.911212	-0.386466	-0.142608
62	94796													8.961216	-0.280139	4.063084	0.410820	-0.874800	-0.256812	-0.025615	-0.292643	0.955879	-0.911356	-0.386116	-0.142632
63	94963													8.988368	-0.226524	3.999276	0.410608	-0.874882	-0.256870	-0.025619	-0.292672	0.955870	-0.911452	-0.385907	-0.142587
64	95129													8.932376	-0.178617	4.043847	0.410519	-0.874987	-0.256653	-0.025607	-0.292415	0.955949	-0.911492	-0.385863	-0.142447
65	95296													8.909999	-0.243257	4.054965	0.410419	-0.875106	-0.256407	-0.025649	-0.292147	0.956029	-0.911536	-0.385796	-0.142348
66	95463													8.934908	-0.234179	4.032868	0.410351	-0.875174	-0.256287	-0.025696	-0.292024	0.956066	-0.911565	-0.385738	-0.142320
67	95629													8.952765	-0.219315	4.034760	0.410276	-0.875152	-0.256480	-0.025749	-0.292244	0.955997	-0.911598	-0.385619	-0.142435
68	95796													8.958414	-0.211221	4.057977	0.410255	-0.875200	-0.256352	-0.025786	-0.292116	0.956035	-0.911606	-0.385608	-0.142410
69	95963													8.959097	-0.211154	4.054640	0.410244	-0.875199	-0.256373	-0.025819	-0.292151	0.956024	-0.911610	-0.385584	-0.142450
70	96129													8.919158	-0.221135	4.103934	0.410299	-0.875194	-0.256301	-0.025837	-0.292090	0.956042	-0.911585	-0.385641	-0.142457
71	96296													8.904635	-0.226038	4.117270	0.410276	-0.875267	-0.256089	-0.025867	-0.291867	0.956109	-0.911594	-0.385644	-0.142387
72	96463													8.935490	-0.233984	4.085524	0.410231	-0.875364	-0.255830	-0.025920	-0.291599	0.956189	-0.911613	-0.385627	-0.142313
73	96629													8.966832	-0.222923	4.066887	0.410248	-0.875368	-0.255786	-0.025952	-0.291567	0.956198	-0.911605	-0.385641	-0.142333
74	96796													8.932826	-0.212859	4.053853	0.410290	-0.875386	-0.255657	-0.025962	-0.291438	0.956237	-0.911585	-0.385698	-0.142301
75	96963													8.900364	-0.228366	4.056932	0.410250	-0.875445	-0.255521	-0.025977	-0.291288	0.956283	-0.911603	-0.385677	-0.142242
76	97129													8.914683	-0.236995	4.047058	0.410258	-0.875430	-0.255561	-0.025999	-0.291343	0.956265	-0.911599	-0.385671	-0.142286
77	97296													8.952563	-0.224482	4.064220	0.410281	-0.875444	-0.255474	-0.026010	-0.291257	0.956291	-0.911588	-0.385703	-0.142267
78	97463													8.955893	-0.207967	4.049997	0.410343	-0.875427	-0.255433	-0.026035	-0.291233	0.956298	-0.911559	-0.385760	-0.142297
79	97629													8.946627	-0.205557	4.043289	0.410373	-0.875402	-0.255470	-0.026020	-0.291273	0.956286	-0.911546	-0.385787	-0.142308
80	97796													8.935303	-0.209237	4.044033	0.410363	-0.875463	-0.255276	-0.026079	-0.291083	0.956342	-0.911549	-0.385790	-0.142281
81	97963													8.946598	-0.208343	4.077124	0.410429	-0.875476	-0.255129	-0.026149	-0.290963	0.956377	-0.911518	-0.385853	-0.142312
82	98129													8.984960	-0.226685	4.103666	0.410407	-0.875541	-0.254937	-0.026292	-0.290811	0.956419	-0.911523	-0.385818	-0.142371
83	98296													8.886966	-0.262880	4.016676	0.410372	-0.875606	-0.254774	-0.026423	-0.290682	0.956455	-0.911536	-0.385770	-0.142424
84	98463													8.932835	-0.238727	4.020872	0.410204	-0.875703	-0.254707	-0.026497	-0.290612	0.956474	-0.911609	-0.385601	-0.142413
85	98629													9.048659	-0.183341	4.085677	0.410128	-0.875778	-0.254575	-0.026382	-0.290406	0.956540	-0.911646	-0.385588	-0.142209
86	98796													8.983723	-0.220652	4.051617	0.410167	-0.875789	-0.254473	-0.026417	-0.290316	0.956566	-0.911628	-0.385630	-0.142214
87	98963													8.835256	-0.288444	4.153286	0.410326	-0.875684	-0.254577	-0.026571	-0.290522	0.956499	-0.911552	-0.385713	-0.142477
88	99129													8.864297	-0.226554	4.151451	0.410047	-0.875781	-0.254692	-0.026682	-0.290647	0.956458	-0.911674	-0.385398	-0.142546
89	99296													8.949997	-0.154142	4.035343	0.409901	-0.875834	-0.254748	-0.026665	-0.290676	0.956450	-0.911740	-0.385256	-0.142503
90	99463													8.919461	-0.172387	4.079605	0.409914	-0.875807	-0.254820	-0.026690	-0.290767	0.956422	-0.911734	-0.385250	-0.142565
91	99629													8.923235	-0.264604	4.036281	0.409850	-0.875874	-0.254691	-0.026838	-0.290678	0.956445	-0.911758	-0.385163	-0.142640
92	99796													8.952404	-0.237467	4.046558	0.409912	-0.875851	-0.254669	-0.026937	-0.290706	0.956433	-0.911727	-0.385194	-0.142756
93	99963													8.931560	-0.191399	4.080256	0.410033	-0.875821	-0.254580	-0.026997	-0.290655	0.956447	-0.911671	-0.385302	-0.142823
94	100129													8.949835	-0.230644	4.070765	0.409995	-0.875913	-0.254324	-0.027110	-0.290417	0.956516	-0.911685	-0.385272	-0.142815
95	100296													8.991326	-0.233945	4.030943	0.409920	-0.876000	-0.254147	-0.027208	-0.290252	0.956563	-0.911716	-0.385199	-0.142814
96	100463													8.946550	-0.228386	4.096574	0.409992	-0.875994	-0.254049	-0.027265	-0.290182	0.956583	-0.911682	-0.385265	-0.142856
97	100629													8.880038	-0.255160	4.050793	0.409934	-0.876067	-0.253891	-0.027422	-0.290065	0.956614	-0.911703	-0.385186	-0.142931
98	100796													8.943629	-0.266562	4.048685	0.409864	-0.876138	-0.253760	-0.027539	-0.289959	0.956643	-0.911731	-0.385105	-0.142972
99	100963													8.946123	-0.176737	4.013640	0.409624	-0.876248	-0.253768	-0.027484	-0.289905	0.956661	-0.911840	-0.384896	-0.142835
100	101129													8.979667	-0.189736	4.014840	0.409588	-0.876315	-0.253594	-0.027469	-0.289702	0.956723	-0.911857	-0.384896	-0.142730
101	101296													8.934384	-0.250953	4.073757	0.409625	-0.876329	-0.253486	-0.027613	-0.289651	0.956734	-0.911836	-0.384903	-0.142846
102	101463													8.961671	-0.248335	4.045753	0.409444	-0.876388	-0.253572	-0.027710	-0.289755	0.956700	-0.911914	-0.384689	-0.142923
103	101629													8.956424	-0.203455	4.035370	0.409345	-0.876454	-0.253505	-0.027727	-0.289672	0.956724	-0.911958	-0.384602	-0.142877
104	101796													8.917544	-0.201938	4.070125	0.409187	-0.876566	-0.253374	-0.027769	-0.289519	0.956769	-0.912028	-0.384461	-0.142809
105	101963													8.920441	-0.248142	4.060641	0.409116	-0.876613	-0.253325	-0.027821	-0.289476	0.956781	-0.912058	-0.384387	-0.142818
106	102129													8.959226	-0.242274	4.050516	0.409177	-0.876569	-0.253378	-0.027872	-0.289566	0.956752	-0.912029	-0.384418	-0.142916
107	102296													8.952517	-0.222798	4.062875	0.409237	-0.876586	-0.253222	-0.027920	-0.289426	0.956793	-0.912001	-0.384485	-0.142919
108	102463													8.936213	-0.213052	4.069606	0.409179	-0.876637	-0.253140	-0.027907	-0.289321	0.956825	-0.912027	-0.384448	-0.142848
109	102629													8.942170	-0.223069	4.078267	0.409140	-0.876715	-0.252933	-0.027899	-0.289085	0.956897	-0.912045	-0.384449	-0.142736
110	102796													8.926871	-0.229450	4.063737	0.409197	-0.876643	-0.253090	-0.027885	-0.289261	0.956844	-0.912020	-0.384480	-0.142810
111	102963													8.954208	-0.224432	4.051303	0.409230	-0.876641	-0.253043	-0.027907	-0.289224	0.956854	-0.912004	-0.384512	-0.142824
112	103129													8.948089	-0.216489	4.027535	0.409318	-0.876623	-0.252963	-0.027955	-0.289172	0.956869	-0.911963	-0.384592	-0.142869
113	103296													8.925766	-0.230283	4.068487	0.409318	-0.876637	-0.252915	-0.027984	-0.289132	0.956880	-0.911963	-0.384590	-0.142879
114	103463													8.928731	-0.266059	4.062403	0.409306	-0.876603	-0.253051	-0.027966	-0.289271	0.956839	-0.911968	-0.384563	-0.142916
115	103629													8.949588	-0.240368	4.050562	0.409342	-0.876591	-0.253037	-0.027960	-0.289259	0.956843	-0.911952	-0.384601	-0.142915
116	103796													8.954580	-0.236541	4.032127	0.409373	-0.876608	-0.252928	-0.027985	-0.289155	0.956873	-0.911938	-0.384640	-0.142904
117	103963													8.956633	-0.227772	4.043088	0.409456	-0.876607	-0.252795	-0.027989	-0.289027	0.956912	-0.911900	-0.384738	-0.142879
118	104129													8.962379	-0.181596	4.062232	0.409553	-0.876547	-0.252847	-0.027966	-0.289091	0.956893	-0.911857	-0.384828	-0.142911
119	104296													8.911386	-0.216514	4.072520	0.409645	-0.876577	-0.252596	-0.027967	-0.288832	0.956971	-0.911816	-0.384954	-0.142834
120	104463													8.912574	-0.233308	4.055459	0.409713	-0.876557	-0.252553	-0.028029	-0.288824	0.956972	-0.911784	-0.385006	-0.142904
121	104629													8.973262	-0.221006	4.090741	0.409857	-0.876520	-0.252447	-0.028100	-0.288762	0.956988	-0.911717	-0.385135	-0.142982
122	104796													8.926538	-0.249165	4.103741	0.409953	-0.876516	-0.252305	-0.028157	-0.288648	0.957021	-0.911672	-0.385230	-0.143012
123	104963													8.873050	-0.249465	4.053581	0.409995	-0.876514	-0.252243	-0.028231	-0.288618	0.957028	-0.911651	-0.385256	-0.143077
124	105129													8.984984	-0.210145	4.097515	0.410006	-0.876581	-0.251995	-0.028135	-0.288309	0.957124	-0.911649	-0.385337	-0.142871
125	105296													9.006875	-0.170417	4.107060	0.410028	-0.876555	-0.252047	-0.027911	-0.288275	0.957141	-0.911646	-0.385420	-0.142666
126	105463													8.934318	-0.253479	4.106133	0.410288	-0.876429	-0.252063	-0.027850	-0.288311	0.957132	-0.911531	-0.385679	-0.142699
127	105629													8.826828	-0.258441	4.160074	0.410271	-0.876366	-0.252310	-0.027896	-0.288597	0.957044	-0.911537	-0.385609	-0.142850
128	105796													8.915550	-0.204277	4.111275	0.410090	-0.876458	-0.252286	-0.027767	-0.288485	0.957082	-0.911622	-0.385485	-0.142641
129	105963													8.905067	-0.168182	4.052708	0.410105	-0.876439	-0.252327	-0.027605	-0.288464	0.957093	-0.911620	-0.385543	-0.142495
130	106129													8.890748	-0.223910	4.075922	0.410099	-0.876493	-0.252148	-0.027595	-0.288264	0.957153	-0.911623	-0.385570	-0.142403
131	106296													8.917545	-0.289691	4.052022	0.410189	-0.876472	-0.252074	-0.027616	-0.288207	0.957170	-0.911583	-0.385659	-0.142424
132	106463													8.941262	-0.223506	4.067571	0.410353	-0.876425	-0.251970	-0.027576	-0.288105	0.957202	-0.911510	-0.385842	-0.142393
133	106629													8.930243	-0.207792	4.093194	0.410420	-0.876442	-0.251802	-0.027510	-0.287904	0.957264	-0.911482	-0.385953	-0.142273
134	106796													8.948321	-0.235457	4.071580	0.410422	-0.876466	-0.251716	-0.027474	-0.287795	0.957298	-0.911482	-0.385980	-0.142198
135	106963													8.965073	-0.246977	4.069002	0.410453	-0.876441	-0.251752	-0.027410	-0.287813	0.957294	-0.911470	-0.386024	-0.142157
136	107129													8.917816	-0.207145	4.138298	0.410561	-0.876337	-0.251937	-0.027363	-0.288014	0.957235	-0.911422	-0.386110	-0.142227
137	107296													8.904935	-0.256385	4.053824	0.410557	-0.876344	-0.251922	-0.027404	-0.288013	0.957234	-0.911423	-0.386096	-0.142261
138	107463													8.947356	-0.245045	4.065715	0.410573	-0.876337	-0.251920	-0.027346	-0.287990	0.957243	-0.911418	-0.386129	-0.142205
139	107629													8.964458	-0.169555	4.060326	0.410497	-0.876361	-0.251959	-0.027189	-0.287953	0.957259	-0.911456	-0.386102	-0.142031
140	107796													8.948483	-0.183062	4.088252	0.410571	-0.876333	-0.251935	-0.027169	-0.287931	0.957266	-0.911424	-0.386181	-0.142025
141	107963													8.899507	-0.241551	4.124111	0.410441	-0.876376	-0.251998	-0.027202	-0.287992	0.957246	-0.911481	-0.386038	-0.142043
142	108130													8.953340	-0.206748	4.078085	0.410356	-0.876404	-0.252040	-0.027133	-0.287994	0.957248	-0.911522	-0.385974	-0.141960
143	108296													8.930676	-0.198576	4.074001	0.410352	-0.876422	-0.251981	-0.027078	-0.287906	0.957276	-0.911525	-0.385997	-0.141874
144	108463													8.899160	-0.207724	4.081386	0.410259	-0.876466	-0.251981	-0.027042	-0.287874	0.957286	-0.911568	-0.385921	-0.141804
145	108630													8.927215	-0.211536	4.063745	0.410162	-0.876506	-0.252000	-0.026919	-0.287827	0.957304	-0.911616	-0.385866	-0.141650
146	108796													8.946333	-0.189053	4.063194	0.410176	-0.876550	-0.251827	-0.026821	-0.287598	0.957376	-0.911612	-0.385938	-0.141476
147	108963													8.929010	-0.193019	4.074895	0.410217	-0.876548	-0.251764	-0.026696	-0.287484	0.957413	-0.911597	-0.386026	-0.141331
148	109130													8.942746	-0.204040	4.073893	0.410315	-0.876502	-0.251767	-0.026596	-0.287461	0.957423	-0.911556	-0.386149	-0.141261
149	109296													8.944563	-0.184808	4.085076	0.410373	-0.876486	-0.251727	-0.026513	-0.287392	0.957446	-0.911532	-0.386236	-0.141176
150	109463													8.923864	-0.175281	4.107665	0.410444	-0.876480	-0.251634	-0.026387	-0.287249	0.957492	-0.911504	-0.386357	-0.141027
151	109630													8.912803	-0.199302	4.114040	0.410437	-0.876482	-0.251637	-0.026323	-0.287224	0.957502	-0.911509	-0.386370	-0.140959
152	109796													8.943022	-0.214079	4.049250	0.410410	-0.876498	-0.251624	-0.026281	-0.287188	0.957514	-0.911522	-0.386360	-0.140900
153	109963													8.936274	-0.213964	4.040882	0.410468	-0.876495	-0.251540	-0.026229	-0.287083	0.957546	-0.911498	-0.386445	-0.140828
154	110130													8.951204	-0.187161	4.068361	0.410509	-0.876531	-0.251349	-0.026248	-0.286890	0.957604	-0.911479	-0.386508	-0.140778
155	110296													8.944817	-0.187958	4.067707	0.410608	-0.876549	-0.251124	-0.026225	-0.286651	0.957676	-0.911435	-0.386643	-0.140689
156	110463													8.923832	-0.224260	4.085638	0.410732	-0.876541	-0.250949	-0.026176	-0.286460	0.957735	-0.911380	-0.386803	-0.140602
157	110630													8.916712	-0.209408	4.104141	0.410784	-0.876518	-0.250942	-0.026136	-0.286444	0.957740	-0.911358	-0.386866	-0.140575
158	110796													8.944294	-0.197525	4.068576	0.410810	-0.876531	-0.250857	-0.026158	-0.286364	0.957764	-0.911345	-0.386897	-0.140569
159	110963													8.963921	-0.195264	4.051621	0.410895	-0.876524	-0.250742	-0.026143	-0.286247	0.957799	-0.911308	-0.387000	-0.140533
160	111130													8.922344	-0.193380	4.074598	0.411058	-0.876462	-0.250690	-0.026175	-0.286231	0.957803	-0.911233	-0.387151	-0.140599
161	111296													8.912506	-0.197911	4.111744	0.411228	-0.876393	-0.250653	-0.026218	-0.286238	0.957800	-0.911155	-0.387303	-0.140686
162	111463													8.927680	-0.196731	4.101244	0.411322	-0.876364	-0.250602	-0.026243	-0.286208	0.957808	-0.911112	-0.387391	-0.140722
163	111630													8.951587	-0.184368	4.080960	0.411436	-0.876390	-0.250323	-0.026312	-0.285952	0.957883	-0.911059	-0.387521	-0.140710
164	111796													8.917413	-0.170260	4.113593	0.411519	-0.876415	-0.250097	-0.026329	-0.285727	0.957949	-0.911021	-0.387630	-0.140657
165	111963													8.907020	-0.194578	4.107356	0.411546	-0.876412	-0.250065	-0.026297	-0.285683	0.957963	-0.911010	-0.387670	-0.140618
166	112130													8.899661	-0.207702	4.093206	0.411607	-0.876333	-0.250240	-0.026310	-0.285890	0.957901	-0.910982	-0.387695	-0.140731
167	112296													8.953751	-0.203608	4.099839	0.411694	-0.876321	-0.250139	-0.026335	-0.285804	0.957926	-0.910942	-0.387785	-0.140742
168	112463													8.934582	-0.192843	4.101380	0.411806	-0.876280	-0.250099	-0.026323	-0.285775	0.957935	-0.910891	-0.387900	-0.140751
169	112630													8.878388	-0.238887	4.029223	0.411846	-0.876283	-0.250022	-0.026382	-0.285722	0.957949	-0.910872	-0.387931	-0.140792
170	112796													8.939120	-0.234349	4.114616	0.411888	-0.876257	-0.250044	-0.026299	-0.285718	0.957953	-0.910855	-0.387993	-0.140728
171	112963													8.968575	-0.128580	4.128971	0.411909	-0.876186	-0.250260	-0.025999	-0.285830	0.957928	-0.910854	-0.388072	-0.140516
172	113130													8.985464	-0.216518	4.075567	0.412068	-0.876128	-0.250198	-0.025958	-0.285771	0.957946	-0.910783	-0.388245	-0.140499
173	113296													8.833735	-0.257173	4.173263	0.412189	-0.876036	-0.250321	-0.026045	-0.285963	0.957887	-0.910726	-0.388311	-0.140687
174	113463													8.878954	-0.192618	4.153476	0.411997	-0.876138	-0.250282	-0.025956	-0.285850	0.957923	-0.910815	-0.388165	-0.140510
175	113630													8.900167	-0.155872	4.101768	0.411959	-0.876127	-0.250385	-0.025829	-0.285902	0.957911	-0.910836	-0.388152	-0.140409
176	113796													8.895276	-0.200231	4.093248	0.411904	-0.876145	-0.250409	-0.025840	-0.285924	0.957904	-0.910861	-0.388094	-0.140413
177	113963													8.942019	-0.268409	4.059156	0.411848	-0.876185	-0.250362	-0.025854	-0.285869	0.957920	-0.910886	-0.388045	-0.140387
178	114130													8.911605	-0.208346	4.060655	0.411908	-0.876132	-0.250449	-0.025794	-0.285949	0.957898	-0.910860	-0.388106	-0.140384
179	114296													8.929607	-0.165636	4.085602	0.411883	-0.876170	-0.250356	-0.025710	-0.285807	0.957942	-0.910874	-0.388124	-0.140246
180	114463													8.960717	-0.223048	4.100859	0.411909	-0.876180	-0.250281	-0.025653	-0.285706	0.957974	-0.910864	-0.388177	-0.140162
181	114630													8.944788	-0.226581	4.082552	0.411925	-0.876146	-0.250373	-0.025580	-0.285777	0.957955	-0.910858	-0.388201	-0.140131
182	114796													8.939155	-0.188090	4.123632	0.411954	-0.876125	-0.250396	-0.025525	-0.285785	0.957954	-0.910847	-0.388242	-0.140093
183	114963													8.920684	-0.235813	4.053275	0.411848	-0.876168	-0.250419	-0.025564	-0.285809	0.957946	-0.910894	-0.388127	-0.140108
184	115130													8.941330	-0.241739	4.118110	0.411792	-0.876162	-0.250534	-0.025543	-0.285916	0.957914	-0.910920	-0.388062	-0.140118
185	115296													8.937774	-0.158590	4.063196	0.411650	-0.876187	-0.250680	-0.025373	-0.285979	0.957900	-0.910989	-0.387959	-0.139955
186	115463													8.963861	-0.137505	4.068558	0.411656	-0.876181	-0.250693	-0.025325	-0.285974	0.957903	-0.910987	-0.387977	-0.139912
187	115630													8.927889	-0.195725	4.092311	0.411611	-0.876161	-0.250836	-0.025374	-0.286144	0.957851	-0.911007	-0.387897	-0.140012
188	115796													8.925050	-0.217367	4.081954	0.411420	-0.876174	-0.251104	-0.025353	-0.286395	0.957776	-0.911093	-0.387682	-0.140042
189	115963													8.932243	-0.167501	4.100924	0.411325	-0.876193	-0.251192	-0.025317	-0.286460	0.957758	-0.911137	-0.387590	-0.140011
190	116130													8.904828	-0.172188	4.059046	0.411185	-0.876261	-0.251184	-0.025276	-0.286410	0.957774	-0.911201	-0.387473	-0.139916
191	116296													8.928970	-0.184625	4.064077	0.411106	-0.876302	-0.251169	-0.025221	-0.286357	0.957791	-0.911239	-0.387419	-0.139824
192	116463													8.908286	-0.178805	4.081780	0.411124	-0.876250	-0.251324	-0.025154	-0.286502	0.957750	-0.911232	-0.387432	-0.139829
193	116630													8.931223	-0.165139	4.085778	0.411076	-0.876243	-0.251424	-0.025131	-0.286593	0.957723	-0.911255	-0.387378	-0.139832
194	116796													8.937561	-0.191921	4.064756	0.411090	-0.876247	-0.251388	-0.025097	-0.286542	0.957739	-0.911249	-0.387408	-0.139786
195	116963													8.946852	-0.188438	4.087011	0.411186	-0.876202	-0.251388	-0.025055	-0.286539	0.957741	-0.911207	-0.387511	-0.139774
196	117130													8.940866	-0.163501	4.094851	0.411299	-0.876142	-0.251414	-0.024999	-0.286564	0.957735	-0.911158	-0.387630	-0.139766
197	117296													8.889860	-0.186452	4.116473	0.411433	-0.876081	-0.251405	-0.024992	-0.286573	0.957732	-0.911097	-0.387759	-0.139801
198	117463													8.905088	-0.192443	4.138294	0.411496	-0.876048	-0.251417	-0.025006	-0.286602	0.957723	-0.911068	-0.387813	-0.139842
199	117630													8.931471	-0.207245	4.093145	0.411551	-0.876014	-0.251448	-0.025030	-0.286656	0.957706	-0.911043	-0.387851	-0.139900
200	117796													8.929680	-0.185752	4.105553	0.411622	-0.875937	-0.251600	-0.025053	-0.286844	0.957650	-0.911010	-0.387886	-0.140016
201	117963													8.933577	-0.217276	4.093109	0.411602	-0.875978	-0.251488	-0.025088	-0.286733	0.957682	-0.911018	-0.387875	-0.139996
202	118130													8.948006	-0.226665	4.094553	0.411547	-0.876007	-0.251477	-0.025114	-0.286723	0.957684	-0.911042	-0.387817	-0.140000
203	118296													8.978143	-0.240580	4.037958	0.411513	-0.876030	-0.251451	-0.025142	-0.286700	0.957690	-0.911057	-0.387781	-0.140006
204	118463													8.963931	-0.205897	4.062174	0.411618	-0.875977	-0.251466	-0.025167	-0.286745	0.957676	-0.911009	-0.387868	-0.140075
205	118630													8.935105	-0.190080	4.085275	0.411714	-0.875914	-0.251529	-0.025143	-0.286820	0.957655	-0.910966	-0.387956	-0.140111
206	118796													8.911251	-0.178678	4.084759	0.411708	-0.875892	-0.251615	-0.025139	-0.286912	0.957627	-0.910969	-0.387937	-0.140143
207	118963													8.901694	-0.187939	4.086699	0.411638	-0.875857	-0.251850	-0.025192	-0.287179	0.957546	-0.910999	-0.387817	-0.140278
208	119130													8.968545	-0.194239	4.104598	0.411599	-0.875859	-0.251907	-0.025291	-0.287277	0.957514	-0.911014	-0.387741	-0.140395
209	119296													8.954147	-0.222704	4.023872	0.411581	-0.875814	-0.252094	-0.025390	-0.287520	0.957438	-0.911020	-0.387662	-0.140575
210	119463													8.868224	-0.206491	4.006173	0.411590	-0.875785	-0.252177	-0.025473	-0.287649	0.957397	-0.911013	-0.387632	-0.140702
211	119630													8.963008	-0.149483	4.105887	0.411579	-0.875751	-0.252316	-0.025421	-0.287776	0.957360	-0.911020	-0.387615	-0.140705
212	119796													8.964593	-0.162344	4.080194	0.411777	-0.875673	-0.252262	-0.025321	-0.287708	0.957383	-0.910933	-0.387841	-0.140644
213	119963													8.906734	-0.234267	4.120305	0.412133	-0.875470	-0.252387	-0.025467	-0.287967	0.957302	-0.910768	-0.388108	-0.140976
214	120130													8.841650	-0.232178	4.198478	0.412131	-0.875417	-0.252572	-0.025590	-0.288222	0.957222	-0.910765	-0.388038	-0.141187
215	120296													8.955714	-0.156150	4.152658	0.411974	-0.875471	-0.252642	-0.025564	-0.288261	0.957211	-0.910837	-0.387887	-0.141136
216	120463													8.908073	-0.167991	4.120674	0.412006	-0.875420	-0.252767	-0.025527	-0.288386	0.957174	-0.910823	-0.387909	-0.141164
217	120630													8.905013	-0.217685	4.100377	0.411991	-0.875439	-0.252727	-0.025577	-0.288362	0.957180	-0.910829	-0.387885	-0.141194
218	120796													8.971018	-0.235296	4.045975	0.412067	-0.875420	-0.252667	-0.025639	-0.288335	0.957186	-0.910793	-0.387947	-0.141258
219	120963													8.959671	-0.172847	4.084795	0.412280	-0.875314	-0.252685	-0.025628	-0.288386	0.957171	-0.910697	-0.388147	-0.141329
220	121130													8.913961	-0.179243	4.100812	0.412463	-0.875253	-0.252600	-0.025604	-0.288314	0.957193	-0.910615	-0.388339	-0.141329
221	121296													8.917533	-0.247274	4.144008	0.412635	-0.875161	-0.252637	-0.025673	-0.288413	0.957162	-0.910535	-0.388472	-0.141477
222	121463													8.934026	-0.229219	4.106817	0.412688	-0.875124	-0.252681	-0.025758	-0.288506	0.957132	-0.910508	-0.388488	-0.141604
223	121630													8.882688	-0.184315	4.144369	0.412750	-0.875069	-0.252769	-0.025875	-0.288664	0.957081	-0.910477	-0.388494	-0.141788
224	121796													8.877279	-0.225973	4.083879	0.412713	-0.875114	-0.252674	-0.026024	-0.288616	0.957091	-0.910489	-0.388428	-0.141889
225	121963													8.882330	-0.223652	4.118740	0.412728	-0.875100	-0.252697	-0.026063	-0.288661	0.957077	-0.910481	-0.388426	-0.141946
226	122130													8.957077	-0.197972	4.068311	0.412674	-0.875156	-0.252592	-0.026117	-0.288560	0.957106	-0.910504	-0.388375	-0.141938
227	122296													8.936334	-0.237106	4.123834	0.412870	-0.875076	-0.252547	-0.026313	-0.288627	0.957080	-0.910410	-0.388505	-0.142192
228	122463													8.933917	-0.246679	4.117050	0.412671	-0.875156	-0.252596	-0.026463	-0.288712	0.957050	-0.910496	-0.388262	-0.142302
229	122630													8.916823	-0.201291	4.120653	0.412538	-0.875246	-0.252500	-0.026488	-0.288595	0.957085	-0.910555	-0.388146	-0.142240
230	122796													8.888399	-0.221961	4.124290	0.412364	-0.875328	-0.252502	-0.026508	-0.288575	0.957090	-0.910633	-0.387976	-0.142201
231	122963													8.927914	-0.260224	4.058897	0.412188	-0.875406	-0.252517	-0.026541	-0.288576	0.957089	-0.910712	-0.387799	-0.142182
232	123130													8.913329	-0.215830	4.068028	0.412156	-0.875429	-0.252492	-0.026549	-0.288546	0.957098	-0.910727	-0.387770	-0.142168
233	123296													8.909476	-0.185187	4.137193	0.412163	-0.875472	-0.252331	-0.026509	-0.288355	0.957157	-0.910725	-0.387815	-0.142057
234	123463													8.906187	-0.197882	4.140961	0.412025	-0.875511	-0.252420	-0.026431	-0.288396	0.957146	-0.910789	-0.387697	-0.141968
235	123630													8.904406	-0.215933	4.115367	0.411786	-0.875609	-0.252470	-0.026322	-0.288362	0.957160	-0.910901	-0.387499	-0.141791
236	123796													8.943149	-0.192437	4.090411	0.411519	-0.875708	-0.252564	-0.026237	-0.288384	0.957155	-0.911023	-0.387261	-0.141652
237	123963													8.968344	-0.190393	4.027080	0.411318	-0.875815	-0.252517	-0.026121	-0.288249	0.957199	-0.911118	-0.387117	-0.141439
238	124130													8.923316	-0.195533	4.089300	0.411253	-0.875892	-0.252359	-0.026028	-0.288026	0.957269	-0.911150	-0.387111	-0.141250
239	124296													8.902532	-0.228552	4.101781	0.411130	-0.876004	-0.252169	-0.025996	-0.287784	0.957343	-0.911206	-0.387037	-0.141089
240	124463													8.923449	-0.242503	4.083717	0.410926	-0.876137	-0.252040	-0.025902	-0.287568	0.957410	-0.911301	-0.386896	-0.140863
241	124630													8.949885	-0.246226	4.055501	0.410733	-0.876209	-0.252104	-0.025820	-0.287571	0.957411	-0.911390	-0.386731	-0.140738
242	124797													8.954719	-0.239439	4.050677	0.410508	-0.876310	-0.252120	-0.025685	-0.287494	0.957438	-0.911495	-0.386560	-0.140527
243	124963													8.952549	-0.232364	4.048653	0.410418	-0.876376	-0.252037	-0.025531	-0.287322	0.957494	-0.911540	-0.386538	-0.140297
244	125130													8.922598	-0.211754	4.142088	0.410387	-0.876416	-0.251948	-0.025425	-0.287175	0.957541	-0.911557	-0.386557	-0.140135
245	125297													8.907748	-0.229348	4.068747	0.410186	-0.876469	-0.252088	-0.025389	-0.287279	0.957510	-0.911648	-0.386357	-0.140091
246	125463													8.931015	-0.184690	4.059983	0.409946	-0.876563	-0.252154	-0.025350	-0.287295	0.957507	-0.911757	-0.386134	-0.139996
247	125630													8.987083	-0.171984	4.075660	0.409687	-0.876714	-0.252051	-0.025306	-0.287119	0.957560	-0.911875	-0.385922	-0.139815
248	125797													8.927242	-0.248880	4.033210	0.409432	-0.876853	-0.251981	-0.025321	-0.287007	0.957594	-0.911989	-0.385689	-0.139712
249	125963													8.863306	-0.263692	3.986635	0.409074	-0.876976	-0.252134	-0.025327	-0.287116	0.957561	-0.912150	-0.385328	-0.139663
250	126130													9.053699	-0.182091	4.051236	0.408791	-0.877084	-0.252217	-0.025181	-0.287099	0.957570	-0.912280	-0.385095	-0.139450
251	126297													9.072952	-0.176121	4.026526	0.408679	-0.877123	-0.252263	-0.025007	-0.287056	0.957587	-0.912335	-0.385038	-0.139248
252	126463													8.930439	-0.257570	4.080149	0.408753	-0.877002	-0.252563	-0.024908	-0.287355	0.957500	-0.912305	-0.385091	-0.139302
253	126630													8.812995	-0.212986	4.153954	0.408613	-0.877003	-0.252787	-0.024860	-0.287555	0.957441	-0.912369	-0.384939	-0.139301
254	126797													8.903254	-0.164125	4.105028	0.408245	-0.877114	-0.252995	-0.024697	-0.287652	0.957417	-0.912538	-0.384613	-0.139095
255	126963													8.920820	-0.142072	4.039796	0.408020	-0.877191	-0.253094	-0.024565	-0.287667	0.957416	-0.912643	-0.384427	-0.138921
256	127130													8.946357	-0.188624	4.045892	0.407846	-0.877272	-0.253093	-0.024527	-0.287621	0.957430	-0.912721	-0.384276	-0.138822
257	127297													8.941606	-0.195626	4.022511	0.407819	-0.877351	-0.252862	-0.024461	-0.287338	0.957517	-0.912735	-0.384308	-0.138643
258	127463													8.949394	-0.166762	4.008996	0.407806	-0.877406	-0.252692	-0.024360	-0.287106	0.957589	-0.912743	-0.384355	-0.138457
259	127630													8.955009	-0.223881	4.037398	0.407779	-0.877462	-0.252540	-0.024267	-0.286897	0.957654	-0.912758	-0.384383	-0.138284
260	127797													8.959790	-0.251465	4.053831	0.407762	-0.877482	-0.252500	-0.024218	-0.286830	0.957675	-0.912767	-0.384389	-0.138209
261	127963													8.970866	-0.216132	4.086282	0.407727	-0.877514	-0.252444	-0.024131	-0.286726	0.957709	-0.912785	-0.384392	-0.138081
262	128130													8.930527	-0.222161	4.010223	0.407647	-0.877629	-0.252173	-0.024066	-0.286390	0.957811	-0.912822	-0.384380	-0.137867
263	128297													8.931572	-0.243100	4.013484	0.407549	-0.877660	-0.252223	-0.024014	-0.286406	0.957807	-0.912868	-0.384296	-0.137800
264	128463													8.966227	-0.192099	4.008978	0.407403	-0.877703	-0.252308	-0.023818	-0.286393	0.957816	-0.912938	-0.384208	-0.137583
265	128630													9.025731	-0.182172	3.977650	0.407287	-0.877771	-0.252259	-0.023681	-0.286263	0.957858	-0.912993	-0.384149	-0.137378
266	128797													8.962992	-0.190272	4.063251	0.407323	-0.877798	-0.252110	-0.023712	-0.286119	0.957901	-0.912976	-0.384197	-0.137357
267	128963													8.986712	-0.221204	4.058977	0.407115	-0.877928	-0.251992	-0.023693	-0.285949	0.957952	-0.913070	-0.384026	-0.137215
268	129130													8.978421	-0.201568	4.025642	0.406983	-0.877977	-0.252035	-0.023630	-0.285947	0.957954	-0.913130	-0.383916	-0.137123
269	129297													8.928620	-0.166390	4.039730	0.406863	-0.878027	-0.252054	-0.023590	-0.285932	0.957960	-0.913185	-0.383812	-0.137048
270	129463													8.945230	-0.197125	4.012540	0.406685	-0.878144	-0.251933	-0.023570	-0.285762	0.958011	-0.913264	-0.383671	-0.136913
271	129630													8.967654	-0.192438	3.982035	0.406593	-0.878152	-0.252055	-0.023519	-0.285858	0.957983	-0.913307	-0.383581	-0.136881
272	129797													8.956454	-0.160289	4.025397	0.406603	-0.878114	-0.252171	-0.023450	-0.285958	0.957955	-0.913304	-0.383593	-0.136863
273	129963													8.927848	-0.181693	4.055916	0.406668	-0.878096	-0.252129	-0.023429	-0.285914	0.957969	-0.913276	-0.383668	-0.136845
274	130130													8.943551	-0.184100	4.046164	0.406681	-0.878103	-0.252083	-0.023404	-0.285855	0.957987	-0.913271	-0.383695	-0.136803
275	130297													8.975311	-0.180427	4.048978	0.406715	-0.878093	-0.252064	-0.023404	-0.285840	0.957992	-0.913255	-0.383730	-0.136806
276	130463													8.948990	-0.174390	4.050820	0.406822	-0.878054	-0.252026	-0.023427	-0.285826	0.957995	-0.913207	-0.383830	-0.136851
277	130630													8.931099	-0.190333	4.086235	0.406944	-0.878038	-0.251885	-0.023473	-0.285711	0.958028	-0.913152	-0.383951	-0.136878
278	130797													8.936545	-0.208525	4.083642	0.407001	-0.878070	-0.251680	-0.023514	-0.285514	0.958086	-0.913125	-0.384024	-0.136851
279	130963													8.964415	-0.206619	4.063734	0.407064	-0.878066	-0.251594	-0.023539	-0.285441	0.958107	-0.913096	-0.384088	-0.136861
280	131130													8.975326	-0.195350	4.041229	0.407055	-0.878104	-0.251475	-0.023559	-0.285318	0.958143	-0.913100	-0.384092	-0.136827
281	131297													8.973562	-0.184983	4.008978	0.407051	-0.878126	-0.251406	-0.023551	-0.285239	0.958167	-0.913102	-0.384102	-0.136788
282	131463													8.950761	-0.183320	4.026141	0.407028	-0.878148	-0.251366	-0.023537	-0.285185	0.958183	-0.913113	-0.384091	-0.136747
283	131630													8.938687	-0.191914	4.016417	0.407035	-0.878170	-0.251276	-0.023571	-0.285102	0.958207	-0.913108	-0.384101	-0.136746
284	131797													8.946103	-0.188706	3.965962	0.407006	-0.878193	-0.251244	-0.023661	-0.285101	0.958205	-0.913119	-0.384050	-0.136817
285	131963													9.003992	-0.146306	4.009529	0.407010	-0.878234	-0.251092	-0.023723	-0.284962	0.958245	-0.913116	-0.384058	-0.136817
