// Start Time: Unknown
// Update Rate: 60.0Hz
//Filter Profile: human (46.1)
// Option Flags: AHS Disabled ICC Disabled
// Firmware Version: 4.0.2
0	sampleTimeFine	Year	Month	Day	Second	UTC_Nano	UTC_Year	UTC_Month	UTC_Day	UTC_Hour	UTC_Minute	UTC_Second	UTC_Valid	Acc_X	Acc_Y	Acc_Z	Mat[1][1]	Mat[2][1]	Mat[3][1]	Mat[1][2]	Mat[2][2]	Mat[3][2]	Mat[1][3]	Mat[2][3]	Mat[3][3]
0	2916736													-0.887701	0.815412	0.114276	0.346016	-0.823851	-0.448935	0.030770	-0.468270	0.883049	-0.937724	-0.319363	-0.136680
1	2916903													9.200346	0.392638	3.442218	0.346613	-0.823005	-0.450024	0.031524	-0.469274	0.882490	-0.937478	-0.320069	-0.136712
2	2917070													9.209520	0.339381	3.440414	0.347363	-0.822335	-0.450671	0.033268	-0.469488	0.882312	-0.937140	-0.321476	-0.135726
3	2917236													9.198658	0.336749	3.411650	0.347815	-0.821622	-0.451621	0.034076	-0.470301	0.881848	-0.936944	-0.322109	-0.135580
4	2917736													9.186661	0.366479	3.455642	0.348015	-0.821111	-0.452397	0.034716	-0.470944	0.881480	-0.936846	-0.322474	-0.135390
5	2917903													9.191857	0.359966	3.424252	0.348027	-0.821167	-0.452285	0.034875	-0.470771	0.881566	-0.936835	-0.322583	-0.135203
6	2918070													9.206045	0.346674	3.410840	0.348021	-0.821300	-0.452048	0.035034	-0.470461	0.881725	-0.936832	-0.322696	-0.134956
7	2918236													9.227022	0.350225	3.406274	0.348006	-0.821165	-0.452305	0.035163	-0.470689	0.881598	-0.936833	-0.322706	-0.134928
8	2918403													9.194951	0.356369	3.421611	0.347929	-0.821334	-0.452058	0.035249	-0.470383	0.881758	-0.936858	-0.322724	-0.134708
9	2918570													9.228930	0.369194	3.423653	0.347813	-0.821264	-0.452274	0.035385	-0.470551	0.881663	-0.936896	-0.322658	-0.134603
10	2918736													9.234182	0.382132	3.424043	0.347741	-0.821336	-0.452198	0.035489	-0.470422	0.881727	-0.936919	-0.322661	-0.134437
11	2918903													9.191146	0.373635	3.434808	0.347708	-0.821378	-0.452148	0.035624	-0.470317	0.881778	-0.936926	-0.322709	-0.134272
12	2919070													9.186908	0.360632	3.452499	0.347688	-0.821486	-0.451966	0.035773	-0.470067	0.881905	-0.936928	-0.322796	-0.134049
13	2919236													9.190799	0.347926	3.446627	0.347653	-0.821494	-0.451979	0.035925	-0.470023	0.881923	-0.936935	-0.322841	-0.133893
14	2919403													9.215367	0.370906	3.448086	0.347680	-0.821331	-0.452254	0.036030	-0.470287	0.881778	-0.936921	-0.322871	-0.133916
15	2919570													9.206749	0.359977	3.435644	0.347784	-0.821421	-0.452010	0.036070	-0.470026	0.881915	-0.936880	-0.323020	-0.133839
16	2919736													9.196220	0.342594	3.430105	0.347941	-0.821307	-0.452097	0.036098	-0.470135	0.881856	-0.936821	-0.323154	-0.133932
17	2919903													9.186930	0.351091	3.423789	0.348012	-0.821347	-0.451969	0.036103	-0.470006	0.881924	-0.936795	-0.323238	-0.133915
18	2920070													9.211212	0.338109	3.453862	0.348102	-0.821268	-0.452045	0.036103	-0.470101	0.881874	-0.936761	-0.323302	-0.133993
19	2920236													9.215783	0.356397	3.438207	0.348227	-0.821163	-0.452139	0.036077	-0.470231	0.881806	-0.936716	-0.323380	-0.134122
20	2920403													9.204127	0.366915	3.467265	0.348381	-0.821091	-0.452149	0.036028	-0.470282	0.881780	-0.936660	-0.323486	-0.134255
21	2920570													9.185796	0.356669	3.444263	0.348484	-0.821015	-0.452209	0.036013	-0.470368	0.881735	-0.936623	-0.323556	-0.134348
22	2920736													9.194515	0.364444	3.459326	0.348618	-0.820976	-0.452177	0.035971	-0.470368	0.881737	-0.936574	-0.323654	-0.134447
23	2920903													9.189282	0.363339	3.479396	0.348753	-0.820940	-0.452139	0.035919	-0.470366	0.881740	-0.936526	-0.323750	-0.134554
24	2921070													9.181798	0.344961	3.436252	0.348847	-0.820914	-0.452113	0.035861	-0.470373	0.881739	-0.936493	-0.323805	-0.134650
25	2921236													9.181870	0.357313	3.408558	0.348956	-0.820838	-0.452167	0.035781	-0.470475	0.881687	-0.936456	-0.323849	-0.134805
26	2921403													9.229959	0.358561	3.447614	0.349061	-0.820822	-0.452115	0.035701	-0.470463	0.881697	-0.936420	-0.323907	-0.134917
27	2921570													9.188826	0.360450	3.473689	0.349208	-0.820771	-0.452094	0.035631	-0.470488	0.881687	-0.936368	-0.324000	-0.135053
28	2921736													9.154543	0.344030	3.365248	0.349280	-0.820650	-0.452258	0.035590	-0.470690	0.881581	-0.936342	-0.324014	-0.135196
29	2921903													9.170758	0.394255	3.516855	0.349413	-0.820620	-0.452209	0.035569	-0.470664	0.881595	-0.936293	-0.324125	-0.135268
30	2922070													9.173604	0.447380	3.495486	0.349244	-0.820671	-0.452247	0.035732	-0.470623	0.881611	-0.936350	-0.324057	-0.135038
31	2922236													9.254555	0.431491	3.429042	0.349167	-0.820678	-0.452294	0.035889	-0.470607	0.881613	-0.936373	-0.324063	-0.134867
32	2922403													9.231750	0.329823	3.480541	0.349315	-0.820551	-0.452410	0.035932	-0.470739	0.881540	-0.936316	-0.324191	-0.134952
33	2922570													9.140539	0.362799	3.508088	0.349459	-0.820539	-0.452322	0.035841	-0.470699	0.881566	-0.936266	-0.324283	-0.135081
34	2922736													9.140302	0.390801	3.511349	0.349479	-0.820405	-0.452548	0.035750	-0.470976	0.881421	-0.936262	-0.324217	-0.135267
35	2922903													9.153177	0.374318	3.482890	0.349480	-0.820428	-0.452505	0.035655	-0.470964	0.881432	-0.936265	-0.324177	-0.135341
36	2923070													9.144240	0.382068	3.493608	0.349493	-0.820461	-0.452437	0.035614	-0.470906	0.881464	-0.936262	-0.324178	-0.135358
37	2923236													9.162665	0.351656	3.475737	0.349497	-0.820516	-0.452333	0.035598	-0.470801	0.881521	-0.936261	-0.324192	-0.135335
38	2923403													9.159300	0.322921	3.465617	0.349556	-0.820608	-0.452120	0.035545	-0.470599	0.881631	-0.936241	-0.324250	-0.135332
39	2923570													9.161077	0.338095	3.516556	0.349599	-0.820581	-0.452137	0.035515	-0.470635	0.881613	-0.936226	-0.324268	-0.135390
40	2923736													9.173393	0.390504	3.536880	0.349700	-0.820487	-0.452229	0.035552	-0.470737	0.881557	-0.936187	-0.324358	-0.135447
41	2923903													9.169356	0.334154	3.395283	0.349712	-0.820482	-0.452228	0.035496	-0.470757	0.881549	-0.936185	-0.324340	-0.135505
42	2924070													9.232576	0.355373	3.545511	0.349792	-0.820449	-0.452226	0.035429	-0.470790	0.881534	-0.936157	-0.324375	-0.135611
43	2924236													9.138769	0.383183	3.460949	0.349785	-0.820398	-0.452325	0.035444	-0.470890	0.881480	-0.936159	-0.324361	-0.135633
44	2924403													9.194064	0.383731	3.474471	0.349706	-0.820423	-0.452340	0.035526	-0.470866	0.881489	-0.936186	-0.324332	-0.135519
45	2924570													9.199659	0.343202	3.438457	0.349671	-0.820371	-0.452462	0.035527	-0.470991	0.881422	-0.936199	-0.324283	-0.135546
46	2924736													9.205893	0.345672	3.467351	0.349604	-0.820344	-0.452562	0.035483	-0.471103	0.881364	-0.936225	-0.324187	-0.135591
47	2924903													9.192587	0.359416	3.477962	0.349535	-0.820444	-0.452435	0.035420	-0.470978	0.881434	-0.936254	-0.324117	-0.135563
48	2925070													9.142556	0.386352	3.457441	0.349512	-0.820484	-0.452381	0.035366	-0.470935	0.881459	-0.936264	-0.324079	-0.135580
49	2925236													9.159804	0.382711	3.478262	0.349378	-0.820662	-0.452160	0.035311	-0.470696	0.881589	-0.936316	-0.323974	-0.135472
50	2925403													9.179713	0.366912	3.461601	0.349206	-0.820828	-0.451992	0.035278	-0.470500	0.881694	-0.936382	-0.323839	-0.135344
51	2925570													9.193171	0.349914	3.459237	0.349101	-0.820966	-0.451822	0.035237	-0.470315	0.881795	-0.936422	-0.323756	-0.135259
52	2925736													9.184966	0.379633	3.461184	0.349000	-0.820952	-0.451927	0.035228	-0.470415	0.881742	-0.936460	-0.323648	-0.135254
53	2925903													9.201803	0.387475	3.470652	0.348892	-0.820967	-0.451981	0.035211	-0.470463	0.881717	-0.936501	-0.323538	-0.135234
54	2926070													9.189386	0.406736	3.459512	0.348780	-0.820986	-0.452034	0.035204	-0.470505	0.881695	-0.936543	-0.323431	-0.135201
55	2926236													9.187488	0.398862	3.439249	0.348689	-0.821041	-0.452004	0.035190	-0.470463	0.881718	-0.936578	-0.323351	-0.135153
56	2926403													9.191003	0.381141	3.428843	0.348614	-0.821004	-0.452128	0.035201	-0.470581	0.881654	-0.936605	-0.323272	-0.135151
57	2926570													9.179781	0.379124	3.443197	0.348534	-0.821095	-0.452025	0.035211	-0.470454	0.881722	-0.936635	-0.323226	-0.135057
58	2926737													9.190467	0.380659	3.477651	0.348472	-0.821119	-0.452030	0.035219	-0.470447	0.881725	-0.936657	-0.323176	-0.135019
59	2926903													9.193664	0.373707	3.454488	0.348423	-0.821148	-0.452014	0.035172	-0.470439	0.881731	-0.936677	-0.323113	-0.135030
60	2927070													9.193721	0.356162	3.441957	0.348323	-0.821186	-0.452023	0.035144	-0.470442	0.881731	-0.936716	-0.323013	-0.135006
61	2927237													9.192021	0.357077	3.466407	0.348325	-0.821247	-0.451911	0.035080	-0.470345	0.881785	-0.936717	-0.323000	-0.135024
62	2927403													9.179173	0.361555	3.467673	0.348335	-0.821202	-0.451986	0.034997	-0.470455	0.881730	-0.936717	-0.322955	-0.135137
63	2927570													9.181036	0.371053	3.466511	0.348289	-0.821166	-0.452084	0.034922	-0.470580	0.881666	-0.936736	-0.322862	-0.135221
64	2927737													9.202082	0.362538	3.456184	0.348281	-0.821087	-0.452234	0.034807	-0.470779	0.881564	-0.936744	-0.322773	-0.135385
65	2927903													9.179563	0.357585	3.484407	0.348243	-0.821122	-0.452201	0.034690	-0.470778	0.881570	-0.936762	-0.322687	-0.135460
66	2928070													9.185742	0.367283	3.472709	0.348156	-0.821161	-0.452197	0.034582	-0.470797	0.881563	-0.936798	-0.322559	-0.135514
67	2928237													9.194845	0.384854	3.454937	0.348090	-0.821264	-0.452061	0.034461	-0.470683	0.881629	-0.936827	-0.322465	-0.135538
68	2928403													9.198009	0.384628	3.452868	0.348058	-0.821255	-0.452103	0.034360	-0.470757	0.881593	-0.936843	-0.322379	-0.135632
69	2928570													9.181158	0.368789	3.460377	0.348006	-0.821342	-0.451984	0.034259	-0.470657	0.881651	-0.936866	-0.322304	-0.135653
70	2928737													9.179885	0.376535	3.460492	0.347984	-0.821378	-0.451936	0.034159	-0.470636	0.881666	-0.936878	-0.322244	-0.135716
71	2928903													9.183202	0.371384	3.471190	0.347942	-0.821434	-0.451865	0.034050	-0.470591	0.881694	-0.936897	-0.322165	-0.135769
72	2929070													9.164834	0.363549	3.434523	0.347881	-0.821498	-0.451797	0.033882	-0.470565	0.881714	-0.936926	-0.322040	-0.135866
73	2929237													9.197090	0.352525	3.439768	0.347805	-0.821674	-0.451534	0.033734	-0.470323	0.881849	-0.936960	-0.321944	-0.135862
74	2929403													9.215569	0.351689	3.458831	0.347741	-0.821818	-0.451322	0.033573	-0.470140	0.881953	-0.936989	-0.321843	-0.135896
75	2929570													9.180253	0.345079	3.446309	0.347719	-0.821936	-0.451123	0.033466	-0.469961	0.882053	-0.937001	-0.321804	-0.135907
76	2929737													9.170856	0.323822	3.365053	0.347748	-0.821945	-0.451086	0.033339	-0.469969	0.882053	-0.936995	-0.321770	-0.136028
77	2929903													9.174829	0.359032	3.501403	0.347811	-0.821839	-0.451230	0.033290	-0.470150	0.881958	-0.936973	-0.321776	-0.136164
78	2930070													9.192989	0.408992	3.504007	0.347577	-0.821872	-0.451350	0.033378	-0.470212	0.881922	-0.937057	-0.321601	-0.136002
79	2930237													9.280040	0.412776	3.415282	0.347403	-0.822043	-0.451172	0.033490	-0.469955	0.882055	-0.937118	-0.321538	-0.135734
80	2930403													9.243164	0.309272	3.470054	0.347533	-0.821926	-0.451285	0.033416	-0.470122	0.881969	-0.937072	-0.321594	-0.135917
81	2930570													9.126506	0.343994	3.527227	0.347592	-0.821802	-0.451465	0.033272	-0.470375	0.881839	-0.937055	-0.321541	-0.136155
82	2930737													9.146861	0.364745	3.548539	0.347454	-0.821874	-0.451442	0.033140	-0.470373	0.881845	-0.937111	-0.321361	-0.136196
83	2930903													9.154166	0.359318	3.485515	0.347335	-0.821961	-0.451374	0.032985	-0.470335	0.881871	-0.937161	-0.321193	-0.136251
84	2931070													9.132514	0.355808	3.484114	0.347229	-0.822306	-0.450826	0.032857	-0.469774	0.882175	-0.937204	-0.321130	-0.136101
85	2931237													9.144636	0.324531	3.463256	0.347069	-0.822464	-0.450662	0.032710	-0.469624	0.882260	-0.937269	-0.320946	-0.136089
86	2931403													9.174965	0.322655	3.427244	0.346904	-0.822620	-0.450505	0.032537	-0.469489	0.882339	-0.937336	-0.320745	-0.136102
87	2931570													9.192296	0.333112	3.473753	0.346799	-0.822684	-0.450468	0.032397	-0.469481	0.882348	-0.937380	-0.320591	-0.136163
88	2931737													9.171784	0.373664	3.491326	0.346737	-0.822837	-0.450237	0.032296	-0.469258	0.882471	-0.937406	-0.320526	-0.136135
89	2931903													9.159903	0.307487	3.385498	0.346593	-0.822944	-0.450152	0.032156	-0.469192	0.882511	-0.937464	-0.320347	-0.136156
90	2932070													9.235250	0.333011	3.440393	0.346475	-0.822991	-0.450157	0.031957	-0.469247	0.882489	-0.937515	-0.320146	-0.136282
91	2932237													9.173812	0.367759	3.433999	0.346346	-0.823159	-0.449949	0.031863	-0.469036	0.882604	-0.937566	-0.320023	-0.136221
92	2932403													9.196525	0.410506	3.449158	0.346127	-0.823246	-0.449957	0.031831	-0.469022	0.882613	-0.937647	-0.319819	-0.136136
93	2932570													9.217752	0.340063	3.451343	0.345959	-0.823458	-0.449700	0.031695	-0.468766	0.882753	-0.937714	-0.319650	-0.136074
94	2932737													9.207745	0.314876	3.441249	0.345802	-0.823616	-0.449530	0.031503	-0.468624	0.882836	-0.937778	-0.319448	-0.136105
95	2932903													9.193112	0.327023	3.454233	0.345568	-0.823777	-0.449415	0.031356	-0.468516	0.882899	-0.937870	-0.319194	-0.136074
96	2933070													9.198256	0.341123	3.435488	0.345349	-0.823971	-0.449229	0.031267	-0.468312	0.883010	-0.937953	-0.318993	-0.135967
97	2933237													9.156528	0.359106	3.453274	0.345147	-0.824183	-0.448994	0.031190	-0.468056	0.883148	-0.938030	-0.318821	-0.135841
98	2933403													9.169394	0.322863	3.444628	0.344889	-0.824361	-0.448865	0.031084	-0.467913	0.883227	-0.938129	-0.318568	-0.135754
99	2933570													9.199422	0.317248	3.414071	0.344643	-0.824608	-0.448601	0.031038	-0.467608	0.883391	-0.938220	-0.318379	-0.135564
100	2933737													9.212321	0.337922	3.416058	0.344441	-0.824680	-0.448623	0.031025	-0.467605	0.883393	-0.938295	-0.318195	-0.135477
101	2933903													9.204688	0.367314	3.449172	0.344201	-0.824944	-0.448322	0.031030	-0.467243	0.883584	-0.938383	-0.318042	-0.135228
102	2934070													9.215724	0.367933	3.429904	0.343990	-0.825146	-0.448113	0.031056	-0.466978	0.883723	-0.938460	-0.317908	-0.135010
103	2934237													9.210785	0.350756	3.452577	0.343792	-0.825188	-0.448187	0.031083	-0.467017	0.883702	-0.938531	-0.317741	-0.134907
104	2934403													9.206848	0.347660	3.442303	0.343595	-0.825287	-0.448156	0.031119	-0.466942	0.883740	-0.938602	-0.317595	-0.134757
105	2934570													9.224282	0.374411	3.421017	0.343398	-0.825372	-0.448151	0.031146	-0.466897	0.883763	-0.938674	-0.317440	-0.134624
106	2934737													9.206051	0.353782	3.422783	0.343265	-0.825445	-0.448119	0.031172	-0.466833	0.883796	-0.938721	-0.317345	-0.134517
107	2934903													9.186860	0.352327	3.431720	0.343147	-0.825499	-0.448109	0.031185	-0.466801	0.883812	-0.938764	-0.317251	-0.134438
108	2935070													9.191581	0.357939	3.398859	0.343020	-0.825731	-0.447778	0.031171	-0.466432	0.884008	-0.938811	-0.317190	-0.134257
109	2935237													9.225342	0.352958	3.383321	0.342937	-0.825809	-0.447699	0.031153	-0.466340	0.884057	-0.938842	-0.317123	-0.134199
110	2935403													9.190953	0.350429	3.433949	0.342896	-0.825973	-0.447427	0.031145	-0.466045	0.884213	-0.938857	-0.317128	-0.134080
111	2935570													9.181044	0.329036	3.432133	0.342840	-0.825927	-0.447555	0.031116	-0.466183	0.884141	-0.938878	-0.317045	-0.134127
112	2935737													9.203554	0.339756	3.418467	0.342765	-0.825899	-0.447663	0.031070	-0.466304	0.884079	-0.938907	-0.316941	-0.134172
113	2935903													9.214025	0.353726	3.432591	0.342681	-0.825881	-0.447761	0.031023	-0.466411	0.884024	-0.938939	-0.316830	-0.134209
114	2936070													9.212060	0.356702	3.406702	0.342631	-0.826024	-0.447537	0.030975	-0.466180	0.884148	-0.938959	-0.316799	-0.134141
115	2936237													9.194855	0.360092	3.417012	0.342591	-0.826023	-0.447568	0.030936	-0.466220	0.884128	-0.938975	-0.316740	-0.134169
116	2936403													9.197674	0.353202	3.442969	0.342524	-0.826120	-0.447441	0.030883	-0.466092	0.884197	-0.939002	-0.316677	-0.134134
117	2936570													9.199221	0.366249	3.431514	0.342441	-0.826138	-0.447471	0.030823	-0.466132	0.884178	-0.939034	-0.316571	-0.134159
118	2936737													9.213660	0.376012	3.429607	0.342386	-0.826195	-0.447408	0.030739	-0.466084	0.884207	-0.939056	-0.316493	-0.134184
119	2936903													9.197828	0.353102	3.396044	0.342303	-0.826186	-0.447488	0.030669	-0.466181	0.884157	-0.939089	-0.316374	-0.134237
120	2937070													9.202243	0.350812	3.427759	0.342284	-0.826254	-0.447376	0.030571	-0.466092	0.884208	-0.939099	-0.316327	-0.134277
121	2937237													9.208899	0.359839	3.402898	0.342236	-0.826273	-0.447380	0.030486	-0.466116	0.884198	-0.939119	-0.316243	-0.134331
122	2937403													9.210236	0.341717	3.382127	0.342229	-0.826171	-0.447572	0.030455	-0.466331	0.884086	-0.939123	-0.316191	-0.134431
123	2937570													9.169106	0.326629	3.353957	0.342376	-0.826039	-0.447703	0.030371	-0.466522	0.883988	-0.939072	-0.316254	-0.134638
124	2937737													9.178892	0.358231	3.352475	0.342464	-0.825913	-0.447868	0.030359	-0.466717	0.883885	-0.939040	-0.316296	-0.134760
125	2937903													9.258343	0.392979	3.499512	0.342434	-0.825913	-0.447891	0.030454	-0.466704	0.883889	-0.939048	-0.316314	-0.134663
126	2938070													9.283974	0.413227	3.394211	0.342533	-0.825925	-0.447794	0.030661	-0.466546	0.883965	-0.939005	-0.316517	-0.134483
127	2938237													9.233872	0.357248	3.427679	0.342863	-0.825863	-0.447655	0.030785	-0.466406	0.884035	-0.938881	-0.316884	-0.134489
128	2938403													9.145811	0.339719	3.490219	0.343237	-0.825662	-0.447740	0.030826	-0.466540	0.883963	-0.938743	-0.317211	-0.134682
129	2938570													9.146912	0.359758	3.471753	0.343434	-0.825504	-0.447879	0.030901	-0.466695	0.883879	-0.938668	-0.317393	-0.134770
130	2938737													9.165066	0.354450	3.456644	0.343657	-0.825398	-0.447904	0.030978	-0.466730	0.883857	-0.938584	-0.317619	-0.134826
131	2938903													9.146356	0.354312	3.435193	0.343956	-0.825260	-0.447930	0.031057	-0.466776	0.883830	-0.938472	-0.317910	-0.134920
132	2939070													9.141961	0.352218	3.446110	0.344249	-0.825154	-0.447899	0.031154	-0.466755	0.883838	-0.938362	-0.318214	-0.134973
133	2939237													9.162173	0.325492	3.468669	0.344583	-0.824977	-0.447968	0.031271	-0.466841	0.883788	-0.938235	-0.318547	-0.135068
134	2939403													9.159087	0.347222	3.466379	0.344937	-0.824790	-0.448040	0.031356	-0.466944	0.883731	-0.938102	-0.318880	-0.135204
135	2939570													9.175035	0.380669	3.531120	0.345268	-0.824699	-0.447952	0.031506	-0.466850	0.883775	-0.937975	-0.319253	-0.135205
136	2939737													9.182849	0.352362	3.435608	0.345572	-0.824581	-0.447935	0.031591	-0.466850	0.883772	-0.937860	-0.319557	-0.135281
137	2939903													9.230090	0.307301	3.414683	0.345867	-0.824363	-0.448108	0.031602	-0.467077	0.883652	-0.937751	-0.319787	-0.135495
138	2940070													9.164866	0.357381	3.503694	0.346116	-0.824251	-0.448122	0.031643	-0.467117	0.883629	-0.937658	-0.320018	-0.135595
139	2940237													9.204968	0.410366	3.448297	0.346132	-0.824215	-0.448176	0.031783	-0.467129	0.883618	-0.937647	-0.320093	-0.135492
140	2940403													9.226987	0.359459	3.449438	0.346275	-0.824106	-0.448266	0.031893	-0.467211	0.883571	-0.937591	-0.320255	-0.135500
141	2940570													9.187271	0.353506	3.450919	0.346415	-0.824010	-0.448334	0.031857	-0.467317	0.883516	-0.937540	-0.320346	-0.135636
142	2940737													9.153585	0.347643	3.474936	0.346413	-0.824091	-0.448187	0.031794	-0.467181	0.883590	-0.937543	-0.320337	-0.135636
143	2940903													9.171559	0.357446	3.447467	0.346382	-0.824097	-0.448201	0.031767	-0.467201	0.883580	-0.937556	-0.320294	-0.135651
144	2941070													9.195026	0.391291	3.469493	0.346398	-0.824228	-0.447948	0.031740	-0.466941	0.883719	-0.937550	-0.320336	-0.135586
145	2941237													9.166806	0.371825	3.450679	0.346383	-0.824335	-0.447763	0.031715	-0.466748	0.883822	-0.937557	-0.320342	-0.135529
146	2941403													9.187366	0.356433	3.429633	0.346347	-0.824471	-0.447540	0.031723	-0.466501	0.883951	-0.937570	-0.320351	-0.135417
147	2941570													9.185331	0.367845	3.456129	0.346310	-0.824400	-0.447699	0.031767	-0.466651	0.883871	-0.937582	-0.320315	-0.135418
148	2941737													9.206677	0.399466	3.480512	0.346259	-0.824423	-0.447696	0.031827	-0.466619	0.883886	-0.937599	-0.320302	-0.135332
149	2941903													9.207871	0.410971	3.456880	0.346211	-0.824467	-0.447651	0.031920	-0.466532	0.883928	-0.937613	-0.320315	-0.135201
150	2942070													9.177005	0.398100	3.488826	0.346167	-0.824582	-0.447475	0.031987	-0.466313	0.884041	-0.937627	-0.320340	-0.135046
151	2942237													9.196870	0.385097	3.441820	0.346086	-0.824642	-0.447426	0.032111	-0.466206	0.884093	-0.937653	-0.320340	-0.134867
152	2942403													9.204679	0.391563	3.421104	0.346096	-0.824634	-0.447433	0.032155	-0.466200	0.884095	-0.937648	-0.320369	-0.134834
153	2942570													9.181447	0.372788	3.435992	0.346117	-0.824595	-0.447489	0.032245	-0.466233	0.884074	-0.937637	-0.320423	-0.134782
154	2942737													9.199060	0.374783	3.447764	0.346146	-0.824647	-0.447370	0.032325	-0.466082	0.884151	-0.937624	-0.320507	-0.134676
155	2942903													9.173426	0.375008	3.452413	0.346179	-0.824696	-0.447255	0.032356	-0.465953	0.884218	-0.937610	-0.320569	-0.134619
156	2943070													9.196440	0.365274	3.452160	0.346244	-0.824714	-0.447171	0.032374	-0.465867	0.884262	-0.937586	-0.320647	-0.134604
157	2943237													9.184450	0.357635	3.451935	0.346310	-0.824677	-0.447188	0.032374	-0.465896	0.884247	-0.937561	-0.320701	-0.134646
158	2943404													9.195691	0.357009	3.437500	0.346394	-0.824634	-0.447202	0.032353	-0.465931	0.884229	-0.937531	-0.320760	-0.134717
159	2943570													9.192006	0.360871	3.457219	0.346494	-0.824637	-0.447119	0.032307	-0.465873	0.884262	-0.937496	-0.320836	-0.134781
160	2943737													9.205158	0.354209	3.452022	0.346564	-0.824567	-0.447195	0.032266	-0.465979	0.884207	-0.937471	-0.320863	-0.134887
161	2943904													9.218466	0.384582	3.462454	0.346635	-0.824605	-0.447068	0.032199	-0.465877	0.884263	-0.937447	-0.320912	-0.134938
162	2944070													9.192221	0.362280	3.427436	0.346704	-0.824571	-0.447078	0.032113	-0.465928	0.884240	-0.937425	-0.320927	-0.135060
163	2944237													9.201472	0.362029	3.443172	0.346754	-0.824618	-0.446952	0.032027	-0.465830	0.884295	-0.937409	-0.320948	-0.135118
164	2944404													9.187913	0.380750	3.445885	0.346828	-0.824563	-0.446997	0.031946	-0.465917	0.884251	-0.937385	-0.320963	-0.135251
165	2944570													9.180634	0.365366	3.449230	0.346923	-0.824513	-0.447016	0.031860	-0.465981	0.884221	-0.937352	-0.320999	-0.135391
166	2944737													9.179965	0.367237	3.447293	0.347054	-0.824534	-0.446875	0.031769	-0.465882	0.884277	-0.937307	-0.321088	-0.135491
167	2944904													9.173244	0.367255	3.442718	0.347152	-0.824560	-0.446751	0.031664	-0.465800	0.884324	-0.937274	-0.321141	-0.135594
168	2945070													9.204275	0.365646	3.469478	0.347221	-0.824588	-0.446645	0.031586	-0.465723	0.884366	-0.937251	-0.321178	-0.135663
169	2945237													9.229133	0.356984	3.462727	0.347334	-0.824565	-0.446601	0.031514	-0.465719	0.884372	-0.937212	-0.321246	-0.135774
170	2945404													9.175326	0.333471	3.427014	0.347494	-0.824528	-0.446543	0.031404	-0.465720	0.884375	-0.937156	-0.321338	-0.135941
171	2945570													9.174878	0.355443	3.408604	0.347709	-0.824422	-0.446571	0.031351	-0.465801	0.884334	-0.937078	-0.321491	-0.136117
172	2945737													9.199825	0.437052	3.534029	0.347707	-0.824413	-0.446590	0.031437	-0.465791	0.884336	-0.937076	-0.321529	-0.136042
173	2945904													9.241993	0.445002	3.429075	0.347686	-0.824418	-0.446597	0.031603	-0.465739	0.884358	-0.937078	-0.321592	-0.135877
174	2946070													9.238313	0.342647	3.443859	0.347881	-0.824373	-0.446529	0.031699	-0.465663	0.884394	-0.937003	-0.321819	-0.135864
175	2946237													9.148098	0.361728	3.509661	0.348135	-0.824345	-0.446381	0.031633	-0.465567	0.884447	-0.936910	-0.322027	-0.136004
176	2946404													9.142633	0.378674	3.511528	0.348204	-0.824364	-0.446294	0.031572	-0.465505	0.884482	-0.936887	-0.322070	-0.136064
177	2946570													9.162554	0.359277	3.488115	0.348286	-0.824331	-0.446290	0.031498	-0.465539	0.884467	-0.936859	-0.322105	-0.136175
178	2946737													9.145857	0.366847	3.497638	0.348337	-0.824348	-0.446219	0.031446	-0.465488	0.884495	-0.936842	-0.322134	-0.136225
179	2946904													9.148142	0.351505	3.490049	0.348395	-0.824379	-0.446117	0.031430	-0.465394	0.884546	-0.936821	-0.322193	-0.136231
180	2947070													9.162808	0.337469	3.488351	0.348487	-0.824363	-0.446074	0.031381	-0.465379	0.884555	-0.936788	-0.322255	-0.136309
181	2947237													9.180414	0.325618	3.481117	0.348580	-0.824318	-0.446085	0.031344	-0.465418	0.884536	-0.936755	-0.322314	-0.136398
182	2947404													9.183815	0.354567	3.532259	0.348731	-0.824203	-0.446180	0.031359	-0.465538	0.884472	-0.936698	-0.322435	-0.136502
183	2947570													9.154619	0.363890	3.488651	0.348809	-0.824156	-0.446206	0.031358	-0.465579	0.884451	-0.936669	-0.322496	-0.136554
184	2947737													9.220016	0.302988	3.388116	0.348807	-0.824195	-0.446136	0.031285	-0.465528	0.884480	-0.936672	-0.322470	-0.136595
185	2947904													9.183332	0.367028	3.563265	0.348962	-0.824129	-0.446135	0.031192	-0.465584	0.884454	-0.936618	-0.322556	-0.136765
186	2948070													9.124390	0.386872	3.420319	0.348860	-0.824107	-0.446256	0.031237	-0.465682	0.884400	-0.936654	-0.322472	-0.136715
187	2948237													9.201828	0.393547	3.462305	0.348807	-0.824193	-0.446138	0.031308	-0.465523	0.884482	-0.936671	-0.322482	-0.136574
188	2948404													9.215673	0.357036	3.465080	0.348778	-0.824176	-0.446192	0.031288	-0.465583	0.884451	-0.936683	-0.322438	-0.136599
189	2948570													9.183535	0.358737	3.471156	0.348753	-0.824184	-0.446197	0.031235	-0.465603	0.884443	-0.936694	-0.322388	-0.136637
190	2948737													9.166095	0.367005	3.473198	0.348695	-0.824220	-0.446175	0.031220	-0.465575	0.884457	-0.936716	-0.322336	-0.136612
191	2948904													9.181001	0.377315	3.461375	0.348633	-0.824251	-0.446167	0.031227	-0.465555	0.884468	-0.936739	-0.322287	-0.136569
192	2949070													9.178700	0.365982	3.463914	0.348568	-0.824380	-0.445979	0.031234	-0.465340	0.884581	-0.936763	-0.322266	-0.136454
193	2949237													9.182338	0.364187	3.435090	0.348473	-0.824418	-0.445984	0.031259	-0.465322	0.884589	-0.936797	-0.322197	-0.136382
194	2949404													9.183336	0.356587	3.459998	0.348413	-0.824431	-0.446006	0.031303	-0.465321	0.884588	-0.936818	-0.322164	-0.136317
195	2949570													9.205657	0.372404	3.455338	0.348321	-0.824525	-0.445905	0.031373	-0.465174	0.884663	-0.936850	-0.322136	-0.136162
196	2949737													9.211218	0.374640	3.477178	0.348285	-0.824532	-0.445921	0.031471	-0.465152	0.884671	-0.936860	-0.322152	-0.136056
197	2949904													9.193124	0.364570	3.455067	0.348234	-0.824531	-0.445962	0.031564	-0.465156	0.884666	-0.936876	-0.322147	-0.135958
198	2950070													9.200322	0.366701	3.463260	0.348211	-0.824569	-0.445909	0.031687	-0.465053	0.884715	-0.936880	-0.322197	-0.135808
199	2950237													9.192409	0.369558	3.474153	0.348210	-0.824507	-0.446025	0.031784	-0.465144	0.884664	-0.936877	-0.322226	-0.135762
200	2950404													9.192208	0.373074	3.450786	0.348239	-0.824464	-0.446082	0.031862	-0.465183	0.884641	-0.936864	-0.322279	-0.135725
201	2950570													9.195913	0.370052	3.459212	0.348299	-0.824497	-0.445973	0.031957	-0.465043	0.884711	-0.936839	-0.322396	-0.135626
202	2950737													9.175057	0.361544	3.442547	0.348377	-0.824516	-0.445878	0.032020	-0.464931	0.884768	-0.936807	-0.322510	-0.135571
203	2950904													9.183958	0.367867	3.466815	0.348438	-0.824496	-0.445868	0.032101	-0.464902	0.884780	-0.936782	-0.322603	-0.135522
204	2951070													9.204556	0.363579	3.454255	0.348542	-0.824437	-0.445894	0.032128	-0.464937	0.884761	-0.936742	-0.322702	-0.135563
205	2951237													9.189401	0.347429	3.483948	0.348670	-0.824347	-0.445961	0.032142	-0.465024	0.884715	-0.936694	-0.322807	-0.135644
206	2951404													9.184884	0.360753	3.463521	0.348770	-0.824298	-0.445973	0.032147	-0.465051	0.884700	-0.936657	-0.322893	-0.135697
207	2951570													9.188493	0.370420	3.469382	0.348892	-0.824255	-0.445958	0.032129	-0.465059	0.884696	-0.936612	-0.322992	-0.135773
208	2951737													9.192090	0.362703	3.466336	0.349010	-0.824240	-0.445894	0.032114	-0.465014	0.884721	-0.936569	-0.323096	-0.135824
209	2951904													9.186826	0.370373	3.464465	0.349115	-0.824173	-0.445935	0.032086	-0.465085	0.884684	-0.936530	-0.323165	-0.135924
210	2952070													9.194189	0.384539	3.469511	0.349237	-0.824160	-0.445863	0.032081	-0.465029	0.884714	-0.936485	-0.323278	-0.135965
211	2952237													9.176727	0.379186	3.463703	0.349347	-0.824072	-0.445940	0.032045	-0.465140	0.884657	-0.936445	-0.323342	-0.136087
212	2952404													9.178718	0.379373	3.488814	0.349434	-0.824057	-0.445898	0.031996	-0.465126	0.884666	-0.936414	-0.323400	-0.136164
213	2952570													9.187355	0.385351	3.492571	0.349531	-0.824015	-0.445900	0.031954	-0.465158	0.884651	-0.936380	-0.323461	-0.136257
214	2952737													9.175922	0.382515	3.484785	0.349671	-0.824053	-0.445721	0.031903	-0.465005	0.884733	-0.936329	-0.323585	-0.136309
215	2952904													9.163527	0.357885	3.476213	0.349824	-0.824040	-0.445625	0.031830	-0.464951	0.884764	-0.936275	-0.323696	-0.136421
216	2953070													9.162751	0.374121	3.456615	0.349927	-0.824045	-0.445535	0.031791	-0.464884	0.884801	-0.936237	-0.323780	-0.136479
217	2953237													9.188195	0.372358	3.496122	0.349982	-0.824071	-0.445442	0.031750	-0.464807	0.884842	-0.936218	-0.323822	-0.136510
218	2953404													9.200269	0.359334	3.484174	0.350047	-0.824083	-0.445369	0.031763	-0.464734	0.884880	-0.936193	-0.323896	-0.136504
219	2953570													9.166230	0.332137	3.456762	0.350175	-0.824081	-0.445273	0.031747	-0.464657	0.884922	-0.936146	-0.324014	-0.136550
220	2953737													9.176762	0.342058	3.425815	0.350344	-0.823948	-0.445385	0.031763	-0.464798	0.884847	-0.936082	-0.324148	-0.136668
221	2953904													9.165291	0.418419	3.571344	0.350312	-0.823825	-0.445637	0.031941	-0.465002	0.884733	-0.936088	-0.324167	-0.136582
222	2954070													9.222155	0.446606	3.445416	0.350193	-0.823823	-0.445735	0.032198	-0.465000	0.884725	-0.936124	-0.324177	-0.136314
223	2954237													9.241098	0.364462	3.458332	0.350296	-0.823735	-0.445818	0.032413	-0.465031	0.884701	-0.936078	-0.324357	-0.136198
224	2954404													9.156694	0.355994	3.508174	0.350521	-0.823545	-0.445992	0.032423	-0.465249	0.884586	-0.935994	-0.324526	-0.136377
225	2954570													9.128009	0.390108	3.538168	0.350527	-0.823539	-0.445998	0.032402	-0.465264	0.884579	-0.935992	-0.324521	-0.136403
226	2954737													9.166556	0.368414	3.501150	0.350555	-0.823528	-0.445995	0.032359	-0.465280	0.884572	-0.935983	-0.324523	-0.136458
227	2954904													9.140359	0.370434	3.516013	0.350604	-0.823557	-0.445904	0.032310	-0.465207	0.884612	-0.935966	-0.324555	-0.136494
228	2955070													9.149937	0.371940	3.510277	0.350596	-0.823595	-0.445839	0.032313	-0.465135	0.884650	-0.935969	-0.324562	-0.136462
229	2955237													9.157162	0.337365	3.485919	0.350628	-0.823571	-0.445859	0.032267	-0.465177	0.884629	-0.935959	-0.324563	-0.136530
230	2955404													9.175388	0.326983	3.486186	0.350659	-0.823534	-0.445904	0.032229	-0.465243	0.884596	-0.935949	-0.324562	-0.136600
231	2955570													9.165124	0.375270	3.500793	0.350746	-0.823474	-0.445946	0.032209	-0.465309	0.884562	-0.935916	-0.324621	-0.136682
232	2955737													9.160079	0.388780	3.559964	0.350785	-0.823483	-0.445899	0.032191	-0.465271	0.884583	-0.935903	-0.324652	-0.136702
233	2955904													9.188887	0.317851	3.425159	0.350712	-0.823521	-0.445887	0.032092	-0.465280	0.884581	-0.935933	-0.324542	-0.136751
234	2956070													9.211838	0.355068	3.520215	0.350769	-0.823447	-0.445977	0.031983	-0.465424	0.884510	-0.935916	-0.324522	-0.136920
235	2956237													9.133576	0.387208	3.452096	0.350713	-0.823434	-0.446046	0.032018	-0.465478	0.884480	-0.935936	-0.324480	-0.136884
236	2956404													9.192303	0.400082	3.442653	0.350649	-0.823491	-0.445990	0.032077	-0.465387	0.884526	-0.935958	-0.324464	-0.136772
237	2956570													9.200671	0.361023	3.463927	0.350641	-0.823443	-0.446085	0.032054	-0.465495	0.884470	-0.935961	-0.324431	-0.136827
238	2956737													9.188289	0.355168	3.456834	0.350651	-0.823448	-0.446069	0.031964	-0.465511	0.884465	-0.935960	-0.324397	-0.136911
239	2956904													9.187623	0.357903	3.498146	0.350707	-0.823458	-0.446006	0.031928	-0.465464	0.884491	-0.935941	-0.324437	-0.136950
240	2957070													9.185832	0.363475	3.480004	0.350772	-0.823470	-0.445932	0.031883	-0.465411	0.884520	-0.935918	-0.324483	-0.136998
241	2957237													9.182892	0.371092	3.475208	0.350864	-0.823495	-0.445814	0.031898	-0.465294	0.884581	-0.935883	-0.324589	-0.136987
242	2957404													9.199697	0.358894	3.450393	0.351026	-0.823542	-0.445600	0.031950	-0.465071	0.884697	-0.935821	-0.324788	-0.136939
243	2957570													9.199790	0.334872	3.484073	0.351310	-0.823443	-0.445559	0.032047	-0.465038	0.884711	-0.935710	-0.325087	-0.136984
244	2957737													9.217707	0.380603	3.477521	0.351674	-0.823370	-0.445408	0.032239	-0.464866	0.884794	-0.935567	-0.325518	-0.136936
245	2957904													9.223685	0.378350	3.502222	0.352257	-0.823251	-0.445165	0.032482	-0.464612	0.884918	-0.935340	-0.326178	-0.136922
246	2958070													9.217477	0.396992	3.507363	0.352976	-0.823144	-0.444794	0.032788	-0.464220	0.885113	-0.935058	-0.327008	-0.136870
247	2958237													9.216579	0.398709	3.555367	0.353928	-0.823069	-0.444175	0.033164	-0.463573	0.885438	-0.934684	-0.328112	-0.136775
248	2958404													9.212852	0.399176	3.606568	0.355203	-0.822875	-0.443517	0.033559	-0.462925	0.885762	-0.934187	-0.329509	-0.136818
249	2958570													9.245429	0.409550	3.571909	0.357028	-0.822558	-0.442639	0.033969	-0.462124	0.886165	-0.933476	-0.331422	-0.137050
250	2958737													9.174795	0.410742	3.491685	0.359155	-0.821914	-0.442115	0.034473	-0.461716	0.886358	-0.932641	-0.333581	-0.137494
251	2958904													9.244326	0.360536	3.466938	0.361458	-0.821145	-0.441667	0.035099	-0.461375	0.886511	-0.931728	-0.335938	-0.137947
252	2959070													9.264455	0.367914	3.432927	0.364256	-0.820206	-0.441112	0.035800	-0.460970	0.886693	-0.930611	-0.338775	-0.138548
253	2959237													9.228415	0.345346	3.473469	0.367329	-0.819102	-0.440615	0.036566	-0.460648	0.886829	-0.929372	-0.341869	-0.139258
254	2959404													9.204965	0.359979	3.557167	0.370761	-0.817895	-0.439982	0.037309	-0.460248	0.887006	-0.927978	-0.345283	-0.140128
255	2959570													9.243005	0.380405	3.604598	0.374655	-0.816628	-0.439036	0.038054	-0.459583	0.887319	-0.926383	-0.349146	-0.141109
256	2959737													9.054668	0.369979	3.574789	0.379043	-0.815179	-0.437960	0.038790	-0.458864	0.887659	-0.924566	-0.353449	-0.142309
257	2959904													9.203301	0.416172	3.637208	0.383157	-0.813837	-0.436876	0.039655	-0.458042	0.888046	-0.922831	-0.357585	-0.143230
258	2960071													9.320629	0.381536	3.701106	0.388008	-0.812169	-0.435696	0.040467	-0.457264	0.888410	-0.920767	-0.362342	-0.144556
259	2960237													9.204664	0.387405	3.811364	0.393253	-0.810407	-0.434272	0.041412	-0.456235	0.888895	-0.918497	-0.367545	-0.145855
260	2960404													9.073663	0.405470	3.795480	0.398776	-0.808413	-0.432950	0.042397	-0.455355	0.889300	-0.916068	-0.372987	-0.147310
261	2960571													9.011438	0.392254	3.840024	0.403957	-0.806250	-0.432181	0.043384	-0.455026	0.889420	-0.913749	-0.378037	-0.148833
262	2960737													9.070484	0.421474	3.910977	0.409295	-0.803962	-0.431419	0.044434	-0.454714	0.889528	-0.911319	-0.383249	-0.150389
263	2960904													9.136350	0.420069	3.992714	0.414851	-0.801667	-0.430383	0.045599	-0.454094	0.889786	-0.908746	-0.388753	-0.151826
264	2961071													9.062277	0.461421	3.982049	0.421052	-0.799104	-0.429125	0.046789	-0.453342	0.890108	-0.905829	-0.394860	-0.153491
265	2961237													8.929588	0.428259	4.043025	0.427341	-0.796209	-0.428289	0.048057	-0.453049	0.890189	-0.902813	-0.400996	-0.155343
266	2961404													8.906007	0.459283	4.098441	0.433605	-0.793361	-0.427275	0.049244	-0.452598	0.890354	-0.899756	-0.407103	-0.157181
267	2961571													8.961596	0.461386	4.207282	0.440155	-0.790305	-0.426241	0.050438	-0.452187	0.890496	-0.896504	-0.413455	-0.159171
268	2961737													8.883381	0.449503	4.342468	0.447000	-0.786946	-0.425331	0.051693	-0.451959	0.890540	-0.893039	-0.420058	-0.161346
269	2961904													8.820390	0.477058	4.325338	0.454028	-0.783519	-0.424213	0.053043	-0.451502	0.890692	-0.889407	-0.426901	-0.163434
270	2962071													8.845786	0.502137	4.349252	0.461424	-0.779587	-0.423476	0.054535	-0.451502	0.890602	-0.885502	-0.434039	-0.165819
271	2962237													8.747063	0.576733	4.556688	0.469050	-0.775393	-0.422798	0.055975	-0.451664	0.890431	-0.881396	-0.441322	-0.168450
272	2962404													8.736520	0.610008	4.622985	0.476875	-0.771025	-0.422033	0.057460	-0.451771	0.890281	-0.877091	-0.448803	-0.171135
273	2962571													8.585679	0.605742	4.720219	0.484861	-0.766654	-0.420893	0.058766	-0.451600	0.890283	-0.872615	-0.456398	-0.173910
274	2962737													8.542484	0.576168	4.805790	0.492504	-0.762286	-0.419952	0.059926	-0.451684	0.890163	-0.868245	-0.463574	-0.176776
275	2962904													8.532725	0.618606	4.882280	0.500137	-0.757961	-0.418757	0.060875	-0.451612	0.890135	-0.863804	-0.470682	-0.179727
276	2963071													8.383896	0.655875	4.950819	0.507892	-0.753598	-0.417296	0.061677	-0.451371	0.890202	-0.859210	-0.477864	-0.182768
277	2963237													8.268472	0.654898	5.092395	0.515468	-0.749309	-0.415726	0.062439	-0.451013	0.890331	-0.854631	-0.484895	-0.185697
278	2963404													8.244081	0.659496	5.120647	0.522726	-0.745061	-0.414297	0.063222	-0.450761	0.890403	-0.850153	-0.491630	-0.188520
279	2963571													8.267468	0.657746	5.178914	0.529765	-0.740932	-0.412758	0.063931	-0.450391	0.890540	-0.845732	-0.498164	-0.191233
280	2963737													8.259994	0.692298	5.294781	0.536870	-0.736677	-0.411190	0.064522	-0.450106	0.890641	-0.841194	-0.504689	-0.194117
281	2963904													8.102253	0.688506	5.408258	0.543792	-0.732376	-0.409775	0.065087	-0.450005	0.890651	-0.836693	-0.510999	-0.197041
282	2964071													8.081170	0.745530	5.561767	0.550474	-0.728236	-0.408228	0.065616	-0.449730	0.890751	-0.832270	-0.517122	-0.199781
283	2964237													8.058732	0.700563	5.437389	0.556911	-0.724223	-0.406633	0.066071	-0.449402	0.890883	-0.827940	-0.523010	-0.202427
284	2964404													8.062660	0.754473	5.598718	0.563582	-0.719887	-0.405139	0.066459	-0.449344	0.890883	-0.823382	-0.529011	-0.205400
285	2964571													7.938253	0.764410	5.587952	0.570062	-0.715681	-0.403521	0.066840	-0.449114	0.890971	-0.818878	-0.534880	-0.208187
286	2964737													7.991559	0.774835	5.716625	0.576501	-0.711450	-0.401854	0.067241	-0.448831	0.891083	-0.814325	-0.540731	-0.210913
