// Start Time: Unknown
// Update Rate: 60.0Hz
//Filter Profile: human (46.1)
// Option Flags: AHS Disabled ICC Disabled
// Firmware Version: 4.0.2
0	sampleTimeFine	Year	Month	Day	Second	UTC_Nano	UTC_Year	UTC_Month	UTC_Day	UTC_Hour	UTC_Minute	UTC_Second	UTC_Valid	Acc_X	Acc_Y	Acc_Z	Mat[1][1]	Mat[2][1]	Mat[3][1]	Mat[1][2]	Mat[2][2]	Mat[3][2]	Mat[1][3]	Mat[2][3]	Mat[3][3]
0	274320													0.000000	0.000000	0.000000	-0.228674	-0.888825	0.397112	-0.014945	0.411077	0.911478	-0.973388	0.202496	-0.107286
1	274486													9.442546	-0.134497	-2.258874	-0.228883	-0.888867	0.396898	-0.014928	0.410878	0.911568	-0.973340	0.202717	-0.107312
2	274653													9.482474	-0.122060	-2.250317	-0.229738	-0.888542	0.397131	-0.014891	0.411207	0.911420	-0.973139	0.203474	-0.107701
3	274820													9.548884	-0.073080	-2.247568	-0.230308	-0.888545	0.396794	-0.014563	0.410857	0.911583	-0.973009	0.204166	-0.107563
4	274986													9.539161	-0.085532	-2.240723	-0.230393	-0.888363	0.397151	-0.013714	0.411055	0.911507	-0.973001	0.204559	-0.106887
5	275153													9.534082	-0.088207	-2.241359	-0.230244	-0.888366	0.397232	-0.012943	0.410959	0.911562	-0.973047	0.204740	-0.106119
6	275320													9.506922	-0.078798	-2.227644	-0.229963	-0.888382	0.397359	-0.012423	0.410949	0.911574	-0.973120	0.204692	-0.105540
7	275486													9.481008	-0.092070	-2.212617	-0.229640	-0.888491	0.397302	-0.012016	0.410768	0.911661	-0.973202	0.204579	-0.105005
8	275653													9.469529	-0.121916	-2.215092	-0.229299	-0.888567	0.397328	-0.011785	0.410709	0.911690	-0.973285	0.204368	-0.104647
9	275820													9.487351	-0.121283	-2.204243	-0.228987	-0.888668	0.397283	-0.011735	0.410618	0.911732	-0.973359	0.204113	-0.104455
10	275986													9.487644	-0.113559	-2.220576	-0.228696	-0.888865	0.397011	-0.011780	0.410315	0.911868	-0.973427	0.203864	-0.104308
11	276153													9.483134	-0.120615	-2.218390	-0.228457	-0.889083	0.396660	-0.011863	0.409947	0.912032	-0.973482	0.203655	-0.104202
12	276320													9.470700	-0.116714	-2.218913	-0.228318	-0.889221	0.396430	-0.012040	0.409733	0.912126	-0.973512	0.203482	-0.104255
13	276486													9.487284	-0.115510	-2.232726	-0.228314	-0.889335	0.396176	-0.012216	0.409509	0.912224	-0.973511	0.203434	-0.104361
14	276653													9.508920	-0.098853	-2.241158	-0.228387	-0.889384	0.396024	-0.012363	0.409391	0.912275	-0.973492	0.203455	-0.104495
15	276820													9.523908	-0.086312	-2.251769	-0.228476	-0.889526	0.395655	-0.012471	0.409046	0.912429	-0.973470	0.203534	-0.104550
16	276986													9.472060	-0.099719	-2.265348	-0.228557	-0.889595	0.395452	-0.012563	0.408865	0.912508	-0.973449	0.203592	-0.104625
17	277153													9.491963	-0.116516	-2.297449	-0.228786	-0.889540	0.395444	-0.012774	0.408926	0.912478	-0.973393	0.203711	-0.104920
18	277320													9.543671	-0.103305	-2.286484	-0.228969	-0.889546	0.395324	-0.013014	0.408874	0.912498	-0.973347	0.203789	-0.105196
19	277486													9.520434	-0.085380	-2.314349	-0.229096	-0.889696	0.394912	-0.013182	0.408501	0.912663	-0.973315	0.203881	-0.105313
20	277653													9.486845	-0.107283	-2.296397	-0.229189	-0.889668	0.394921	-0.013277	0.408540	0.912644	-0.973291	0.203924	-0.105445
21	277820													9.465991	-0.127120	-2.301032	-0.229363	-0.889594	0.394987	-0.013425	0.408658	0.912589	-0.973248	0.204011	-0.105674
22	277986													9.476528	-0.131873	-2.281421	-0.229540	-0.889449	0.395211	-0.013617	0.408948	0.912456	-0.973204	0.204064	-0.105981
23	278153													9.469657	-0.117128	-2.312504	-0.229699	-0.889437	0.395146	-0.013860	0.408950	0.912451	-0.973163	0.204112	-0.106263
24	278320													9.461077	-0.130843	-2.320187	-0.229885	-0.889446	0.395016	-0.014119	0.408892	0.912474	-0.973115	0.204187	-0.106556
25	278486													9.490251	-0.150942	-2.302735	-0.230065	-0.889471	0.394855	-0.014379	0.408802	0.912510	-0.973069	0.204259	-0.106841
26	278653													9.482787	-0.136140	-2.328742	-0.230229	-0.889495	0.394706	-0.014651	0.408724	0.912540	-0.973026	0.204311	-0.107133
27	278820													9.502410	-0.130611	-2.331592	-0.230351	-0.889567	0.394473	-0.014954	0.408563	0.912608	-0.972993	0.204321	-0.107416
28	278986													9.525540	-0.144830	-2.336345	-0.230424	-0.889676	0.394184	-0.015277	0.408342	0.912701	-0.972970	0.204287	-0.107684
29	279153													9.509086	-0.133898	-2.305282	-0.230396	-0.889784	0.393957	-0.015598	0.408174	0.912771	-0.972972	0.204154	-0.107921
30	279320													9.494438	-0.147331	-2.316310	-0.230322	-0.889883	0.393776	-0.015890	0.408041	0.912825	-0.972985	0.203986	-0.108121
31	279486													9.511950	-0.153248	-2.303085	-0.230226	-0.889983	0.393606	-0.016169	0.407914	0.912877	-0.973003	0.203804	-0.108302
32	279653													9.494759	-0.146850	-2.311646	-0.230087	-0.890060	0.393514	-0.016437	0.407860	0.912896	-0.973031	0.203578	-0.108473
33	279820													9.481136	-0.142058	-2.295243	-0.229945	-0.890086	0.393537	-0.016679	0.407918	0.912866	-0.973061	0.203345	-0.108645
34	279986													9.483950	-0.147801	-2.277997	-0.229766	-0.890168	0.393458	-0.016924	0.407867	0.912884	-0.973099	0.203090	-0.108779
35	280153													9.491827	-0.142521	-2.239803	-0.229591	-0.890205	0.393475	-0.017154	0.407912	0.912860	-0.973136	0.202834	-0.108924
36	280320													9.511417	-0.122067	-2.224238	-0.229394	-0.890165	0.393681	-0.017328	0.408137	0.912756	-0.973179	0.202559	-0.109049
37	280486													9.511926	-0.144833	-2.235828	-0.229099	-0.890188	0.393801	-0.017477	0.408257	0.912700	-0.973246	0.202216	-0.109090
38	280653													9.480381	-0.136503	-2.223194	-0.228863	-0.890193	0.393926	-0.017581	0.408380	0.912643	-0.973300	0.201945	-0.109114
39	280820													9.512912	-0.142845	-2.207758	-0.228658	-0.890173	0.394091	-0.017685	0.408548	0.912566	-0.973346	0.201695	-0.109160
40	280986													9.512701	-0.158122	-2.211757	-0.228446	-0.890140	0.394287	-0.017791	0.408746	0.912475	-0.973394	0.201436	-0.109213
41	281153													9.491939	-0.142589	-2.207455	-0.228233	-0.890117	0.394464	-0.017892	0.408924	0.912393	-0.973442	0.201181	-0.109256
42	281320													9.449938	-0.169075	-2.213431	-0.228166	-0.890041	0.394674	-0.018002	0.409154	0.912288	-0.973456	0.201048	-0.109378
43	281486													9.469172	-0.170598	-2.227078	-0.228270	-0.890028	0.394643	-0.018193	0.409173	0.912275	-0.973428	0.201065	-0.109595
44	281653													9.516538	-0.170503	-2.204027	-0.228434	-0.890030	0.394542	-0.018339	0.409120	0.912296	-0.973387	0.201164	-0.109779
45	281820													9.570392	-0.153308	-2.207339	-0.228544	-0.889980	0.394592	-0.018365	0.409189	0.912265	-0.973360	0.201246	-0.109862
46	281986													9.552064	-0.162503	-2.213633	-0.228547	-0.889963	0.394630	-0.018321	0.409219	0.912252	-0.973361	0.201262	-0.109830
47	282153													9.530878	-0.150894	-2.204177	-0.228483	-0.889978	0.394632	-0.018302	0.409209	0.912257	-0.973376	0.201213	-0.109786
48	282320													9.505659	-0.132545	-2.204468	-0.228382	-0.890077	0.394466	-0.018330	0.409034	0.912335	-0.973399	0.201131	-0.109731
49	282486													9.508606	-0.094677	-2.186865	-0.228281	-0.890173	0.394309	-0.018342	0.408863	0.912411	-0.973423	0.201054	-0.109664
50	282653													9.518532	-0.071460	-2.194847	-0.228133	-0.890177	0.394385	-0.018337	0.408923	0.912385	-0.973457	0.200914	-0.109612
51	282820													9.504560	-0.078918	-2.182694	-0.227980	-0.890164	0.394503	-0.018346	0.409028	0.912337	-0.973493	0.200758	-0.109581
52	282986													9.490650	-0.091125	-2.206665	-0.227813	-0.890115	0.394711	-0.018328	0.409218	0.912253	-0.973532	0.200589	-0.109539
53	283153													9.475800	-0.117292	-2.201915	-0.227727	-0.890046	0.394917	-0.018365	0.409427	0.912158	-0.973552	0.200470	-0.109583
54	283320													9.473239	-0.129452	-2.189846	-0.227754	-0.889893	0.395246	-0.018436	0.409782	0.911997	-0.973544	0.200424	-0.109736
55	283486													9.472412	-0.131443	-2.192425	-0.227861	-0.889765	0.395471	-0.018519	0.410042	0.911878	-0.973518	0.200457	-0.109910
56	283653													9.499564	-0.139181	-2.209721	-0.228069	-0.889685	0.395532	-0.018559	0.410137	0.911835	-0.973468	0.200621	-0.110051
57	283820													9.533714	-0.146787	-2.212894	-0.228334	-0.889619	0.395527	-0.018560	0.410163	0.911824	-0.973406	0.200860	-0.110165
58	283986													9.485922	-0.152512	-2.231139	-0.228613	-0.889598	0.395412	-0.018607	0.410088	0.911856	-0.973340	0.201104	-0.110304
59	284153													9.522808	-0.135788	-2.252075	-0.228953	-0.889558	0.395306	-0.018753	0.410048	0.911871	-0.973257	0.201362	-0.110563
60	284320													9.523762	-0.138437	-2.234164	-0.229266	-0.889591	0.395050	-0.018913	0.409855	0.911954	-0.973180	0.201609	-0.110791
61	284486													9.509927	-0.098408	-2.274845	-0.229530	-0.889622	0.394827	-0.019017	0.409679	0.912032	-0.973116	0.201830	-0.110951
62	284653													9.509339	-0.097800	-2.274967	-0.229764	-0.889565	0.394820	-0.019076	0.409712	0.912016	-0.973060	0.202017	-0.111106
63	284986													9.485597	-0.096543	-2.298275	-0.229993	-0.889511	0.394808	-0.019095	0.409730	0.912007	-0.973005	0.202216	-0.111220
64	285153													9.461797	-0.103114	-2.299819	-0.230222	-0.889490	0.394722	-0.019166	0.409683	0.912027	-0.972949	0.202404	-0.111366
65	285320													9.449907	-0.101493	-2.301637	-0.230482	-0.889381	0.394816	-0.019265	0.409830	0.911958	-0.972886	0.202584	-0.111592
66	285486													9.484082	-0.085431	-2.299683	-0.230732	-0.889266	0.394929	-0.019368	0.409998	0.911881	-0.972825	0.202751	-0.111823
67	285653													9.510917	-0.101905	-2.300210	-0.230924	-0.889178	0.395016	-0.019475	0.410132	0.911818	-0.972777	0.202868	-0.112026
68	285820													9.524685	-0.106432	-2.309854	-0.231023	-0.889124	0.395079	-0.019578	0.410229	0.911772	-0.972751	0.202905	-0.112179
69	285986													9.524114	-0.125184	-2.316451	-0.230992	-0.888996	0.395384	-0.019702	0.410565	0.911619	-0.972756	0.202786	-0.112352
70	286153													9.529008	-0.137384	-2.297184	-0.230832	-0.888926	0.395634	-0.019801	0.410823	0.911500	-0.972792	0.202570	-0.112433
71	286320													9.522269	-0.137583	-2.305603	-0.230568	-0.889002	0.395618	-0.019898	0.410795	0.911511	-0.972853	0.202293	-0.112405
72	286486													9.509542	-0.135904	-2.288155	-0.230261	-0.889097	0.395583	-0.020038	0.410752	0.911527	-0.972923	0.201962	-0.112396
73	286653													9.499790	-0.117871	-2.292070	-0.229925	-0.889223	0.395496	-0.020180	0.410653	0.911568	-0.972999	0.201611	-0.112364
74	286820													9.474394	-0.116931	-2.255614	-0.229587	-0.889333	0.395445	-0.020310	0.410587	0.911595	-0.973076	0.201259	-0.112328
75	286986													9.486420	-0.126008	-2.263182	-0.229257	-0.889463	0.395344	-0.020464	0.410477	0.911641	-0.973151	0.200910	-0.112306
76	287153													9.503466	-0.134664	-2.249228	-0.228939	-0.889571	0.395285	-0.020663	0.410420	0.911663	-0.973221	0.200547	-0.112343
77	287320													9.487206	-0.115262	-2.234663	-0.228619	-0.889702	0.395175	-0.020884	0.410314	0.911705	-0.973292	0.200181	-0.112386
78	287486													9.503928	-0.102056	-2.200074	-0.228309	-0.889779	0.395181	-0.021087	0.410326	0.911695	-0.973360	0.199815	-0.112444
79	287653													9.507111	-0.099189	-2.192359	-0.227997	-0.889847	0.395208	-0.021278	0.410355	0.911678	-0.973429	0.199451	-0.112493
80	287820													9.493032	-0.085923	-2.189348	-0.227748	-0.889921	0.395186	-0.021462	0.410341	0.911680	-0.973484	0.199152	-0.112554
81	287986													9.489564	-0.094187	-2.182421	-0.227589	-0.889951	0.395209	-0.021642	0.410382	0.911657	-0.973517	0.198930	-0.112658
82	288153													9.537731	-0.123468	-2.179592	-0.227460	-0.889940	0.395309	-0.021859	0.410514	0.911592	-0.973542	0.198709	-0.112829
83	288320													9.552917	-0.132199	-2.174317	-0.227317	-0.889957	0.395353	-0.022104	0.410592	0.911551	-0.973570	0.198472	-0.113007
84	288486													9.441106	-0.151412	-2.178513	-0.227240	-0.889982	0.395340	-0.022348	0.410619	0.911533	-0.973582	0.198302	-0.113198
85	288653													9.466556	-0.175089	-2.201777	-0.227385	-0.890045	0.395116	-0.022636	0.410466	0.911595	-0.973542	0.198339	-0.113481
86	288820													9.480834	-0.184579	-2.199625	-0.227605	-0.890046	0.394985	-0.022910	0.410414	0.911611	-0.973484	0.198438	-0.113803
87	288987													9.543527	-0.164316	-2.211885	-0.227857	-0.890050	0.394832	-0.023062	0.410319	0.911650	-0.973421	0.198621	-0.114021
88	289153													9.548913	-0.167490	-2.206823	-0.227990	-0.890111	0.394618	-0.023131	0.410129	0.911734	-0.973389	0.198739	-0.114095
89	289320													9.537271	-0.174969	-2.218106	-0.228043	-0.890226	0.394327	-0.023302	0.409872	0.911845	-0.973372	0.198751	-0.114213
90	289487													9.516834	-0.137365	-2.205878	-0.228044	-0.890377	0.393986	-0.023492	0.409562	0.911980	-0.973367	0.198716	-0.114315
91	289653													9.523071	-0.114821	-2.232062	-0.227973	-0.890436	0.393894	-0.023671	0.409495	0.912005	-0.973380	0.198588	-0.114431
92	289820													9.507417	-0.102924	-2.203016	-0.227865	-0.890516	0.393775	-0.023844	0.409396	0.912045	-0.973401	0.198434	-0.114521
93	289987													9.497981	-0.099261	-2.212582	-0.227729	-0.890421	0.394068	-0.023936	0.409699	0.911907	-0.973430	0.198235	-0.114614
94	290153													9.536691	-0.145244	-2.185859	-0.227557	-0.890329	0.394376	-0.023996	0.410006	0.911767	-0.973469	0.198015	-0.114665
95	290320													9.496715	-0.176274	-2.195041	-0.227376	-0.890256	0.394645	-0.024119	0.410284	0.911639	-0.973508	0.197766	-0.114760
96	290487													9.492705	-0.181117	-2.199764	-0.227236	-0.890157	0.394948	-0.024235	0.410601	0.911493	-0.973538	0.197552	-0.114876
97	290653													9.480030	-0.196744	-2.196631	-0.227140	-0.890064	0.395214	-0.024368	0.410889	0.911360	-0.973557	0.197376	-0.115018
98	290820													9.487177	-0.178599	-2.199124	-0.227124	-0.890102	0.395137	-0.024434	0.410822	0.911388	-0.973559	0.197343	-0.115057
99	290987													9.548048	-0.171261	-2.176601	-0.227151	-0.890094	0.395138	-0.024464	0.410832	0.911383	-0.973552	0.197355	-0.115097
100	291153													9.486731	-0.156874	-2.181122	-0.227158	-0.890106	0.395109	-0.024463	0.410803	0.911396	-0.973551	0.197365	-0.115092
101	291320													9.470044	-0.183906	-2.193266	-0.227305	-0.890077	0.395089	-0.024571	0.410821	0.911385	-0.973514	0.197454	-0.115252
102	291487													9.534248	-0.151062	-2.172886	-0.227477	-0.890080	0.394983	-0.024733	0.410767	0.911405	-0.973469	0.197555	-0.115454
103	291653													9.493662	-0.137434	-2.194699	-0.227689	-0.890064	0.394897	-0.024830	0.410725	0.911421	-0.973417	0.197715	-0.115618
104	291820													9.516675	-0.141712	-2.233710	-0.227946	-0.889934	0.395042	-0.024845	0.410907	0.911338	-0.973357	0.197921	-0.115775
105	291987													9.488443	-0.153347	-2.221525	-0.228215	-0.889850	0.395077	-0.024847	0.410976	0.911307	-0.973294	0.198157	-0.115901
106	292153													9.500214	-0.160928	-2.231455	-0.228523	-0.889769	0.395080	-0.024868	0.411021	0.911287	-0.973221	0.198425	-0.116055
107	292320													9.469808	-0.135123	-2.223514	-0.228842	-0.889685	0.395085	-0.024910	0.411074	0.911262	-0.973145	0.198693	-0.116233
108	292487													9.503621	-0.133690	-2.249569	-0.229196	-0.889580	0.395115	-0.024933	0.411153	0.911225	-0.973061	0.198998	-0.116414
109	292653													9.477718	-0.129848	-2.270909	-0.229527	-0.889456	0.395203	-0.024958	0.411288	0.911164	-0.972982	0.199273	-0.116601
110	292820													9.502995	-0.131888	-2.277203	-0.229830	-0.889300	0.395378	-0.024966	0.411507	0.911065	-0.972911	0.199519	-0.116779
111	292987													9.525074	-0.134347	-2.281815	-0.230073	-0.889166	0.395538	-0.024955	0.411699	0.910978	-0.972853	0.199720	-0.116910
112	293153													9.514732	-0.138127	-2.303049	-0.230207	-0.889122	0.395559	-0.024957	0.411737	0.910961	-0.972822	0.199838	-0.116974
113	293320													9.526476	-0.158512	-2.298225	-0.230253	-0.889063	0.395664	-0.024969	0.411853	0.910908	-0.972810	0.199860	-0.117029
114	293487													9.513570	-0.148098	-2.290489	-0.230207	-0.889027	0.395772	-0.025007	0.411965	0.910856	-0.972820	0.199789	-0.117069
115	293653													9.517343	-0.140076	-2.294298	-0.230067	-0.889006	0.395900	-0.025013	0.412080	0.910804	-0.972853	0.199644	-0.117043
116	293820													9.501241	-0.140618	-2.277919	-0.229874	-0.889014	0.395995	-0.024990	0.412149	0.910773	-0.972900	0.199467	-0.116959
117	293987													9.501959	-0.117546	-2.261450	-0.229661	-0.889026	0.396091	-0.024970	0.412217	0.910744	-0.972950	0.199272	-0.116869
118	294153													9.483663	-0.142829	-2.272600	-0.229468	-0.889020	0.396218	-0.024947	0.412319	0.910698	-0.972997	0.199091	-0.116793
119	294320													9.505658	-0.140655	-2.266676	-0.229266	-0.889011	0.396353	-0.024940	0.412431	0.910647	-0.973044	0.198896	-0.116728
120	294487													9.535040	-0.139646	-2.259710	-0.229023	-0.889033	0.396445	-0.024981	0.412504	0.910613	-0.973100	0.198648	-0.116682
121	294653													9.533997	-0.127770	-2.267592	-0.228718	-0.889070	0.396538	-0.025041	0.412574	0.910580	-0.973171	0.198337	-0.116626
122	294820													9.542730	-0.128781	-2.198114	-0.228364	-0.889070	0.396742	-0.025065	0.412744	0.910502	-0.973253	0.197981	-0.116540
123	294987													9.464077	-0.131474	-2.222130	-0.228009	-0.889128	0.396817	-0.025090	0.412782	0.910484	-0.973336	0.197642	-0.116427
124	295153													9.447399	-0.107793	-2.217349	-0.227827	-0.889142	0.396890	-0.025082	0.412833	0.910461	-0.973378	0.197473	-0.116356
125	295320													9.473577	-0.099419	-2.208451	-0.227765	-0.889152	0.396902	-0.025048	0.412831	0.910463	-0.973394	0.197430	-0.116300
126	295487													9.525636	-0.118433	-2.198681	-0.227727	-0.889064	0.397121	-0.024987	0.413038	0.910371	-0.973404	0.197394	-0.116275
127	295653													9.477679	-0.113627	-2.175700	-0.227736	-0.888980	0.397304	-0.024915	0.413212	0.910294	-0.973404	0.197408	-0.116252
128	295820													9.482990	-0.141566	-2.217217	-0.227860	-0.888900	0.397413	-0.024908	0.413338	0.910237	-0.973375	0.197508	-0.116324
129	295987													9.500629	-0.163410	-2.207148	-0.228038	-0.888818	0.397493	-0.024984	0.413457	0.910181	-0.973332	0.197625	-0.116490
130	296153													9.561972	-0.134568	-2.237429	-0.228204	-0.888723	0.397612	-0.025024	0.413607	0.910112	-0.973292	0.197741	-0.116626
131	296320													9.585391	-0.140917	-2.217424	-0.228211	-0.888649	0.397771	-0.024945	0.413755	0.910047	-0.973292	0.197761	-0.116590
132	296487													9.546014	-0.127989	-2.218259	-0.228076	-0.888626	0.397901	-0.024913	0.413865	0.909997	-0.973325	0.197635	-0.116531
133	296653													9.514556	-0.151554	-2.210521	-0.227881	-0.888598	0.398076	-0.024901	0.414017	0.909928	-0.973371	0.197443	-0.116473
134	296820													9.502050	-0.147501	-2.210151	-0.227625	-0.888613	0.398189	-0.024889	0.414099	0.909891	-0.973431	0.197203	-0.116376
135	296987													9.493901	-0.125366	-2.188295	-0.227351	-0.888610	0.398351	-0.024871	0.414228	0.909833	-0.973495	0.196944	-0.116276
136	297153													9.488231	-0.126970	-2.175810	-0.227125	-0.888606	0.398488	-0.024823	0.414331	0.909787	-0.973549	0.196743	-0.116163
137	297320													9.478283	-0.121785	-2.140268	-0.226939	-0.888569	0.398678	-0.024764	0.414492	0.909716	-0.973594	0.196577	-0.116069
138	297487													9.509400	-0.136084	-2.170740	-0.226806	-0.888513	0.398878	-0.024754	0.414677	0.909632	-0.973625	0.196436	-0.116045
139	297653													9.501275	-0.129634	-2.137578	-0.226719	-0.888479	0.399003	-0.024749	0.414794	0.909579	-0.973646	0.196344	-0.116030
140	297820													9.508259	-0.118887	-2.166388	-0.226660	-0.888418	0.399173	-0.024714	0.414954	0.909507	-0.973660	0.196284	-0.116010
141	297987													9.510129	-0.121187	-2.163548	-0.226655	-0.888396	0.399224	-0.024645	0.414992	0.909491	-0.973663	0.196302	-0.115954
142	298153													9.532223	-0.139129	-2.173976	-0.226678	-0.888382	0.399243	-0.024541	0.414993	0.909494	-0.973661	0.196364	-0.115872
143	298320													9.504644	-0.150079	-2.172992	-0.226697	-0.888354	0.399294	-0.024478	0.415035	0.909476	-0.973658	0.196402	-0.115832
144	298487													9.433678	-0.161027	-2.192291	-0.226912	-0.888314	0.399261	-0.024488	0.415029	0.909479	-0.973607	0.196595	-0.115928
145	298653													9.540115	-0.131053	-2.192159	-0.227176	-0.888273	0.399201	-0.024541	0.415011	0.909485	-0.973544	0.196817	-0.116079
146	298820													9.519904	-0.112556	-2.193539	-0.227367	-0.888293	0.399049	-0.024533	0.414876	0.909547	-0.973500	0.197011	-0.116121
147	298987													9.517075	-0.094959	-2.249173	-0.227519	-0.888306	0.398933	-0.024481	0.414765	0.909599	-0.973466	0.197185	-0.116114
148	299153													9.502730	-0.095517	-2.216100	-0.227634	-0.888297	0.398887	-0.024424	0.414721	0.909621	-0.973440	0.197318	-0.116100
149	299320													9.501149	-0.103857	-2.242235	-0.227764	-0.888255	0.398906	-0.024428	0.414757	0.909604	-0.973410	0.197431	-0.116165
150	299487													9.479921	-0.101518	-2.226572	-0.227910	-0.888201	0.398943	-0.024456	0.414818	0.909575	-0.973375	0.197545	-0.116263
151	299653													9.495079	-0.099476	-2.269965	-0.228123	-0.888124	0.398993	-0.024471	0.414899	0.909538	-0.973325	0.197723	-0.116381
152	299820													9.494361	-0.089314	-2.253621	-0.228297	-0.888020	0.399124	-0.024424	0.415045	0.909473	-0.973285	0.197881	-0.116442
153	299987													9.506474	-0.105062	-2.270702	-0.228403	-0.887948	0.399225	-0.024344	0.415145	0.909429	-0.973262	0.197997	-0.116437
154	300153													9.525439	-0.131204	-2.268002	-0.228445	-0.887869	0.399377	-0.024211	0.415279	0.909372	-0.973256	0.198072	-0.116365
155	300320													9.543728	-0.140917	-2.260857	-0.228349	-0.887825	0.399529	-0.024079	0.415396	0.909322	-0.973281	0.198023	-0.116233
156	300487													9.529726	-0.147659	-2.254608	-0.228129	-0.887804	0.399702	-0.023944	0.415519	0.909269	-0.973336	0.197861	-0.116050
157	300653													9.511318	-0.112237	-2.252673	-0.227860	-0.887826	0.399806	-0.023826	0.415569	0.909250	-0.973402	0.197655	-0.115845
158	300820													9.502748	-0.113168	-2.190219	-0.227580	-0.887896	0.399809	-0.023690	0.415510	0.909280	-0.973471	0.197462	-0.115596
159	300987													9.455634	-0.089505	-2.219475	-0.227309	-0.887912	0.399928	-0.023558	0.415573	0.909255	-0.973538	0.197260	-0.115381
160	301153													9.461085	-0.100302	-2.219555	-0.227076	-0.887941	0.399996	-0.023399	0.415581	0.909255	-0.973596	0.197111	-0.115146
161	301320													9.493104	-0.102927	-2.207840	-0.226898	-0.887986	0.399997	-0.023284	0.415538	0.909278	-0.973640	0.197000	-0.114961
162	301487													9.518318	-0.104537	-2.211818	-0.226676	-0.888021	0.400046	-0.023237	0.415552	0.909273	-0.973693	0.196814	-0.114830
163	301653													9.568639	-0.104401	-2.182637	-0.226364	-0.888153	0.399929	-0.023223	0.415391	0.909346	-0.973766	0.196555	-0.114655
164	301820													9.573220	-0.100948	-2.184292	-0.225925	-0.888276	0.399904	-0.023266	0.415322	0.909377	-0.973867	0.196146	-0.114499
165	301987													9.511610	-0.084119	-2.161771	-0.225481	-0.888418	0.399841	-0.023342	0.415218	0.909422	-0.973968	0.195724	-0.114361
166	302153													9.481408	-0.094003	-2.139779	-0.225129	-0.888508	0.399837	-0.023407	0.415186	0.909436	-0.974048	0.195381	-0.114268
167	302320													9.477866	-0.111074	-2.118035	-0.224902	-0.888609	0.399742	-0.023455	0.415070	0.909487	-0.974099	0.195170	-0.114193
168	302487													9.520103	-0.126627	-2.130342	-0.224832	-0.888665	0.399656	-0.023534	0.414990	0.909522	-0.974113	0.195084	-0.114217
169	302653													9.506665	-0.112892	-2.145063	-0.224811	-0.888741	0.399500	-0.023613	0.414843	0.909587	-0.974116	0.195051	-0.114247
170	302820													9.448443	-0.106400	-2.145186	-0.224980	-0.888774	0.399331	-0.023726	0.414713	0.909643	-0.974075	0.195177	-0.114389
171	302987													9.440617	-0.138100	-2.163512	-0.225393	-0.888751	0.399149	-0.023896	0.414611	0.909685	-0.973975	0.195499	-0.114689
172	303153													9.520201	-0.136990	-2.163754	-0.225902	-0.888722	0.398926	-0.024070	0.414479	0.909740	-0.973853	0.195910	-0.115024
173	303320													9.568663	-0.128207	-2.188949	-0.226355	-0.888681	0.398760	-0.024157	0.414382	0.909782	-0.973745	0.196301	-0.115265
174	303487													9.573449	-0.138261	-2.217129	-0.226679	-0.888692	0.398551	-0.024231	0.414222	0.909853	-0.973668	0.196587	-0.115429
175	303653													9.524375	-0.129484	-2.213487	-0.226851	-0.888742	0.398342	-0.024336	0.414050	0.909929	-0.973625	0.196724	-0.115556
176	303820													9.495206	-0.120081	-2.228222	-0.226937	-0.888796	0.398173	-0.024457	0.413911	0.909989	-0.973602	0.196772	-0.115669
177	303987													9.553928	-0.111412	-2.205954	-0.226953	-0.888848	0.398047	-0.024569	0.413807	0.910033	-0.973596	0.196755	-0.115753
178	304153													9.529245	-0.114541	-2.221807	-0.226826	-0.888914	0.397971	-0.024625	0.413726	0.910068	-0.973624	0.196627	-0.115733
179	304320													9.532101	-0.115260	-2.219123	-0.226644	-0.888962	0.397969	-0.024647	0.413705	0.910077	-0.973666	0.196455	-0.115674
180	304487													9.516946	-0.136767	-2.209394	-0.226355	-0.889030	0.397981	-0.024678	0.413690	0.910083	-0.973732	0.196180	-0.115581
181	304653													9.515000	-0.143261	-2.197607	-0.226094	-0.889119	0.397931	-0.024732	0.413617	0.910115	-0.973791	0.195930	-0.115506
182	304820													9.479668	-0.130246	-2.204058	-0.225867	-0.889145	0.398001	-0.024791	0.413674	0.910088	-0.973843	0.195692	-0.115478
183	304987													9.513877	-0.135169	-2.195385	-0.225704	-0.889137	0.398112	-0.024805	0.413769	0.910044	-0.973880	0.195525	-0.115444
184	305153													9.525164	-0.140234	-2.185166	-0.225619	-0.889169	0.398089	-0.024789	0.413733	0.910061	-0.973900	0.195459	-0.115387
185	305320													9.497262	-0.140377	-2.173351	-0.225545	-0.889150	0.398172	-0.024722	0.413795	0.910034	-0.973919	0.195410	-0.115311
186	305487													9.461206	-0.159631	-2.199071	-0.225618	-0.889128	0.398181	-0.024719	0.413813	0.910026	-0.973902	0.195476	-0.115342
187	305654													9.545816	-0.164059	-2.184426	-0.225711	-0.889122	0.398143	-0.024744	0.413790	0.910036	-0.973880	0.195553	-0.115397
188	305820													9.530009	-0.134927	-2.170354	-0.225762	-0.889150	0.398049	-0.024725	0.413696	0.910079	-0.973869	0.195619	-0.115382
189	305987													9.557239	-0.105244	-2.191500	-0.225764	-0.889171	0.398001	-0.024627	0.413628	0.910113	-0.973871	0.195669	-0.115280
190	306154													9.522163	-0.116077	-2.229833	-0.225696	-0.889206	0.397962	-0.024509	0.413555	0.910149	-0.973889	0.195664	-0.115132
191	306320													9.490671	-0.086691	-2.215757	-0.225682	-0.889209	0.397964	-0.024404	0.413535	0.910161	-0.973895	0.195695	-0.115028
192	306487													9.482053	-0.083079	-2.215167	-0.225688	-0.889213	0.397951	-0.024308	0.413503	0.910178	-0.973896	0.195743	-0.114937
193	306654													9.494268	-0.090178	-2.222663	-0.225721	-0.889176	0.398016	-0.024213	0.413554	0.910157	-0.973891	0.195805	-0.114878
194	306820													9.482885	-0.087474	-2.225116	-0.225845	-0.889081	0.398157	-0.024127	0.413697	0.910095	-0.973864	0.195934	-0.114882
195	306987													9.495868	-0.109273	-2.224618	-0.225994	-0.888938	0.398393	-0.024042	0.413939	0.909987	-0.973832	0.196073	-0.114920
196	307154													9.502655	-0.125133	-2.238218	-0.226125	-0.888816	0.398589	-0.023979	0.414143	0.909896	-0.973803	0.196192	-0.114961
197	307320													9.538803	-0.132226	-2.241462	-0.226203	-0.888714	0.398772	-0.023962	0.414336	0.909808	-0.973785	0.196246	-0.115019
198	307487													9.535306	-0.157811	-2.235473	-0.226162	-0.888677	0.398879	-0.023972	0.414442	0.909760	-0.973795	0.196191	-0.115034
199	307654													9.495549	-0.147129	-2.250897	-0.226065	-0.888668	0.398954	-0.023984	0.414510	0.909729	-0.973817	0.196089	-0.115020
200	307820													9.485335	-0.143960	-2.219952	-0.226006	-0.888690	0.398937	-0.023949	0.414478	0.909744	-0.973831	0.196053	-0.114958
201	307987													9.522060	-0.110726	-2.216815	-0.225930	-0.888705	0.398947	-0.023881	0.414466	0.909751	-0.973851	0.196013	-0.114863
202	308154													9.536097	-0.117128	-2.201885	-0.225803	-0.888737	0.398949	-0.023795	0.414435	0.909768	-0.973882	0.195935	-0.114728
203	308320													9.546309	-0.106142	-2.188478	-0.225604	-0.888787	0.398948	-0.023737	0.414399	0.909786	-0.973930	0.195781	-0.114588
204	308487													9.534570	-0.115674	-2.211008	-0.225298	-0.888914	0.398840	-0.023695	0.414242	0.909858	-0.974002	0.195538	-0.114391
205	308654													9.542888	-0.116801	-2.179328	-0.224908	-0.888990	0.398891	-0.023696	0.414248	0.909855	-0.974092	0.195182	-0.114233
206	308820													9.520720	-0.116634	-2.179402	-0.224453	-0.889110	0.398879	-0.023748	0.414192	0.909880	-0.974196	0.194752	-0.114081
207	308987													9.531493	-0.123978	-2.151215	-0.224017	-0.889218	0.398884	-0.023779	0.414151	0.909898	-0.974295	0.194347	-0.113922
208	309154													9.529738	-0.120751	-2.149744	-0.223608	-0.889303	0.398924	-0.023784	0.414144	0.909900	-0.974389	0.193973	-0.113758
209	309320													9.515855	-0.108439	-2.116349	-0.223258	-0.889372	0.398966	-0.023774	0.414144	0.909901	-0.974469	0.193658	-0.113605
210	309487													9.467204	-0.106714	-2.122368	-0.223057	-0.889384	0.399052	-0.023721	0.414197	0.909878	-0.974517	0.193489	-0.113486
211	309654													9.483089	-0.114210	-2.116457	-0.223044	-0.889369	0.399092	-0.023676	0.414228	0.909865	-0.974521	0.193491	-0.113448
212	309820													9.521219	-0.119374	-2.100428	-0.223142	-0.889312	0.399163	-0.023632	0.414303	0.909832	-0.974500	0.193589	-0.113464
213	309987													9.551199	-0.131397	-2.127239	-0.223223	-0.889249	0.399260	-0.023613	0.414408	0.909785	-0.974481	0.193657	-0.113503
214	310154													9.480834	-0.135066	-2.145438	-0.223293	-0.889214	0.399297	-0.023643	0.414460	0.909760	-0.974465	0.193702	-0.113569
215	310320													9.502060	-0.153921	-2.153496	-0.223499	-0.889159	0.399306	-0.023722	0.414509	0.909736	-0.974415	0.193853	-0.113735
216	310487													9.540960	-0.140694	-2.160451	-0.223724	-0.889148	0.399204	-0.023795	0.414447	0.909762	-0.974362	0.194036	-0.113879
217	310654													9.581582	-0.110008	-2.161406	-0.223868	-0.889148	0.399123	-0.023717	0.414365	0.909801	-0.974331	0.194209	-0.113851
218	310820													9.564788	-0.141317	-2.166291	-0.223880	-0.889144	0.399125	-0.023570	0.414340	0.909817	-0.974332	0.194282	-0.113720
219	310987													9.535120	-0.128186	-2.169610	-0.223841	-0.889167	0.399095	-0.023467	0.414283	0.909845	-0.974343	0.194295	-0.113600
220	311154													9.524949	-0.121169	-2.195766	-0.223762	-0.889195	0.399077	-0.023404	0.414244	0.909865	-0.974363	0.194253	-0.113502
221	311320													9.521220	-0.089867	-2.167425	-0.223631	-0.889240	0.399051	-0.023339	0.414188	0.909892	-0.974394	0.194167	-0.113379
222	311487													9.520776	-0.068842	-2.163580	-0.223460	-0.889265	0.399091	-0.023282	0.414197	0.909889	-0.974435	0.194032	-0.113260
223	311654													9.513020	-0.083146	-2.149690	-0.223250	-0.889260	0.399220	-0.023189	0.414286	0.909851	-0.974485	0.193867	-0.113111
224	311820													9.512854	-0.098086	-2.130992	-0.223049	-0.889215	0.399431	-0.023101	0.414461	0.909774	-0.974533	0.193697	-0.112987
225	311987													9.494088	-0.141296	-2.170791	-0.222874	-0.889195	0.399575	-0.023081	0.414583	0.909719	-0.974574	0.193530	-0.112923
226	312154													9.503168	-0.142718	-2.154001	-0.222780	-0.889180	0.399660	-0.023094	0.414662	0.909683	-0.974595	0.193430	-0.112913
227	312320													9.510929	-0.136858	-2.157891	-0.222735	-0.889182	0.399680	-0.023111	0.414680	0.909674	-0.974605	0.193379	-0.112913
228	312487													9.559155	-0.122049	-2.170282	-0.222690	-0.889205	0.399654	-0.023105	0.414647	0.909689	-0.974616	0.193344	-0.112883
229	312654													9.557332	-0.125217	-2.153120	-0.222626	-0.889247	0.399597	-0.023041	0.414569	0.909726	-0.974632	0.193322	-0.112783
230	312820													9.499308	-0.134841	-2.145066	-0.222547	-0.889331	0.399455	-0.023001	0.414405	0.909802	-0.974651	0.193286	-0.112680
231	312987													9.466183	-0.147866	-2.165172	-0.222636	-0.889371	0.399314	-0.023025	0.414276	0.909860	-0.974630	0.193374	-0.112710
232	313154													9.524143	-0.125106	-2.158415	-0.222804	-0.889423	0.399105	-0.023127	0.414103	0.909936	-0.974589	0.193508	-0.112834
233	313320													9.500952	-0.095395	-2.157392	-0.223026	-0.889432	0.398962	-0.023187	0.413995	0.909984	-0.974537	0.193699	-0.112955
234	313487													9.534985	-0.080671	-2.208826	-0.223286	-0.889400	0.398887	-0.023169	0.413945	0.910007	-0.974478	0.193950	-0.113034
235	313654													9.515296	-0.105969	-2.193284	-0.223504	-0.889354	0.398868	-0.023079	0.413934	0.910014	-0.974430	0.194186	-0.113041
236	313820													9.517930	-0.114700	-2.220032	-0.223711	-0.889271	0.398937	-0.022989	0.414012	0.909981	-0.974384	0.194402	-0.113063
237	313987													9.504097	-0.124240	-2.208967	-0.223906	-0.889177	0.399037	-0.022935	0.414126	0.909930	-0.974341	0.194587	-0.113119
238	314154													9.509755	-0.127612	-2.230485	-0.224110	-0.889104	0.399086	-0.022910	0.414195	0.909900	-0.974295	0.194774	-0.113195
239	314320													9.520173	-0.103383	-2.223589	-0.224271	-0.889041	0.399136	-0.022929	0.414269	0.909866	-0.974257	0.194904	-0.113293
240	314487													9.537449	-0.113985	-2.210729	-0.224381	-0.888983	0.399202	-0.022903	0.414345	0.909832	-0.974232	0.195006	-0.113331
241	314654													9.555172	-0.127824	-2.227391	-0.224378	-0.888926	0.399330	-0.022841	0.414463	0.909780	-0.974234	0.195013	-0.113300
242	314820													9.555722	-0.147211	-2.205086	-0.224288	-0.888914	0.399408	-0.022765	0.414517	0.909757	-0.974257	0.194955	-0.113208
243	314987													9.521873	-0.132674	-2.185338	-0.224113	-0.888914	0.399507	-0.022710	0.414587	0.909726	-0.974298	0.194809	-0.113102
244	315154													9.512097	-0.141878	-2.184730	-0.223918	-0.888959	0.399515	-0.022665	0.414563	0.909738	-0.974344	0.194652	-0.112976
245	315320													9.508065	-0.140788	-2.193631	-0.223705	-0.889002	0.399538	-0.022645	0.414557	0.909741	-0.974394	0.194466	-0.112870
246	315487													9.514441	-0.122637	-2.184434	-0.223505	-0.889066	0.399509	-0.022615	0.414498	0.909769	-0.974440	0.194302	-0.112749
247	315654													9.531466	-0.133375	-2.162483	-0.223285	-0.889160	0.399422	-0.022611	0.414381	0.909822	-0.974491	0.194118	-0.112630
248	315820													9.527505	-0.113302	-2.146806	-0.222997	-0.889234	0.399418	-0.022571	0.414335	0.909844	-0.974558	0.193877	-0.112466
249	315987													9.512127	-0.119528	-2.146328	-0.222728	-0.889311	0.399397	-0.022571	0.414282	0.909869	-0.974619	0.193638	-0.112345
250	316154													9.506958	-0.119311	-2.128855	-0.222489	-0.889352	0.399440	-0.022587	0.414302	0.909859	-0.974674	0.193411	-0.112265
251	316320													9.510003	-0.127137	-2.129341	-0.222328	-0.889404	0.399412	-0.022584	0.414254	0.909881	-0.974710	0.193272	-0.112187
252	316487													9.521536	-0.117307	-2.139459	-0.222238	-0.889451	0.399358	-0.022585	0.414187	0.909911	-0.974731	0.193197	-0.112136
253	316654													9.548344	-0.104268	-2.118410	-0.222135	-0.889438	0.399444	-0.022543	0.414256	0.909881	-0.974755	0.193112	-0.112072
254	316820													9.554839	-0.131637	-2.125018	-0.222008	-0.889433	0.399527	-0.022476	0.414311	0.909858	-0.974786	0.193016	-0.111971
255	316987													9.491451	-0.097341	-2.132921	-0.221915	-0.889414	0.399621	-0.022423	0.414386	0.909825	-0.974808	0.192943	-0.111902
256	317154													9.515368	-0.115751	-2.115709	-0.221953	-0.889375	0.399685	-0.022393	0.414451	0.909796	-0.974800	0.192982	-0.111904
257	317320													9.526724	-0.100203	-2.129363	-0.222068	-0.889323	0.399739	-0.022394	0.414519	0.909765	-0.974774	0.193077	-0.111967
258	317487													9.533329	-0.128663	-2.151791	-0.222202	-0.889274	0.399772	-0.022392	0.414568	0.909743	-0.974743	0.193195	-0.112031
259	317654													9.476799	-0.138378	-2.139182	-0.222365	-0.889224	0.399793	-0.022407	0.414613	0.909722	-0.974706	0.193332	-0.112120
260	317820													9.499674	-0.167490	-2.166948	-0.222684	-0.889159	0.399760	-0.022499	0.414634	0.909710	-0.974631	0.193584	-0.112338
261	317987													9.497169	-0.163933	-2.193939	-0.223030	-0.889146	0.399597	-0.022569	0.414522	0.909759	-0.974550	0.193885	-0.112518
262	318154													9.554892	-0.149514	-2.192248	-0.223373	-0.889123	0.399455	-0.022562	0.414416	0.909808	-0.974472	0.194214	-0.112630
263	318320													9.575583	-0.135352	-2.190302	-0.223604	-0.889114	0.399346	-0.022478	0.414315	0.909856	-0.974421	0.194471	-0.112628
264	318487													9.564452	-0.125128	-2.187419	-0.223698	-0.889122	0.399277	-0.022418	0.414244	0.909890	-0.974401	0.194589	-0.112598
265	318654													9.561902	-0.104815	-2.184380	-0.223697	-0.889149	0.399217	-0.022400	0.414179	0.909920	-0.974401	0.194604	-0.112567
266	318820													9.540580	-0.093239	-2.159822	-0.223534	-0.889182	0.399234	-0.022356	0.414168	0.909926	-0.974440	0.194474	-0.112459
267	318987													9.503756	-0.082251	-2.176675	-0.223329	-0.889173	0.399370	-0.022291	0.414269	0.909881	-0.974488	0.194300	-0.112339
268	319154													9.489168	-0.085711	-2.167008	-0.223114	-0.889147	0.399548	-0.022135	0.414395	0.909828	-0.974541	0.194151	-0.112139
269	319320													9.474607	-0.116111	-2.142706	-0.222981	-0.889045	0.399848	-0.021963	0.414652	0.909715	-0.974575	0.194067	-0.111985
270	319487													9.497602	-0.150736	-2.130513	-0.222922	-0.888954	0.400083	-0.021853	0.414865	0.909621	-0.974591	0.194031	-0.111909
271	319654													9.535215	-0.142584	-2.164050	-0.222876	-0.888880	0.400272	-0.021767	0.415036	0.909545	-0.974604	0.194003	-0.111850
272	319820													9.525253	-0.127234	-2.144122	-0.222830	-0.888805	0.400465	-0.021653	0.415205	0.909470	-0.974617	0.193986	-0.111765
273	319987													9.567354	-0.137656	-2.150839	-0.222753	-0.888776	0.400573	-0.021559	0.415287	0.909435	-0.974637	0.193943	-0.111667
274	320154													9.558808	-0.113802	-2.185917	-0.222638	-0.888763	0.400665	-0.021447	0.415346	0.909411	-0.974665	0.193876	-0.111533
275	320320													9.485732	-0.126340	-2.152662	-0.222488	-0.888773	0.400726	-0.021327	0.415366	0.909404	-0.974702	0.193785	-0.111369
276	320487													9.453207	-0.123976	-2.195648	-0.222529	-0.888789	0.400669	-0.021305	0.415309	0.909431	-0.974693	0.193838	-0.111354
277	320654													9.536056	-0.125174	-2.177020	-0.222599	-0.888823	0.400553	-0.021338	0.415205	0.909478	-0.974677	0.193902	-0.111389
278	320820													9.545427	-0.102840	-2.176119	-0.222667	-0.888836	0.400486	-0.021372	0.415152	0.909501	-0.974660	0.193957	-0.111437
279	320987													9.557146	-0.123354	-2.173154	-0.222646	-0.888899	0.400359	-0.021313	0.415007	0.909568	-0.974666	0.193979	-0.111344
280	321154													9.531869	-0.110634	-2.191518	-0.222618	-0.888941	0.400282	-0.021306	0.414923	0.909607	-0.974673	0.193967	-0.111309
281	321320													9.527399	-0.100216	-2.163816	-0.222544	-0.888970	0.400258	-0.021340	0.414897	0.909618	-0.974689	0.193888	-0.111304
282	321487													9.472818	-0.092613	-2.164879	-0.222519	-0.888994	0.400218	-0.021373	0.414859	0.909634	-0.974694	0.193857	-0.111315
283	321654													9.496540	-0.094891	-2.174359	-0.222570	-0.888976	0.400231	-0.021347	0.414874	0.909629	-0.974683	0.193912	-0.111315
284	321820													9.505216	-0.097348	-2.168419	-0.222651	-0.888958	0.400225	-0.021362	0.414880	0.909625	-0.974664	0.193980	-0.111363
285	321987													9.525764	-0.122235	-2.174649	-0.222731	-0.888950	0.400197	-0.021340	0.414857	0.909636	-0.974646	0.194064	-0.111371
286	322154													9.530228	-0.130732	-2.187434	-0.222804	-0.888947	0.400164	-0.021322	0.414828	0.909650	-0.974630	0.194141	-0.111380
