// General information: # Original fixed header
//  MT Manager version: 2022.2.0
//  XDA version: 2022.2.0 build 7381 rev 124627 built on 2023-07-19
// Device information:
//  DeviceId: B42D51
//  ProductCode: MTW2-3A7G6
//  Firmware Version: 4.4.0
//  Hardware Version: 1.1.0
// Device settings:
//  Filter Profile: human(46.1)
//  Option Flags: Orientation Smoother Disabled, Position/Velocity Smoother Disabled, Continuous Zero Rotation Update Disabled, AHS Disabled, ICC Disabled
// Coordinate system: ENU
PacketCounter	Mat[1][1]	Mat[2][1]	Mat[3][1]	Mat[1][2]	Mat[2][2]	Mat[3][2]	Mat[1][3]	Mat[2][3]	Mat[3][3]
1	0.999999	-0.000537	-0.001136	0.000538	1.000000	0.000557	0.001136	-0.000557	0.999999
2	0.999997	-0.001076	-0.002249	0.001079	0.999999	0.001102	0.002248	-0.001105	0.999997
3	0.999992	-0.001568	-0.003564	0.001573	0.999997	0.001610	0.003562	-0.001616	0.999992
4	0.999986	-0.002042	-0.004810	0.002052	0.999996	0.002091	0.004806	-0.002101	0.999986
5	0.999979	-0.002542	-0.005950	0.002557	0.999993	0.002613	0.005944	-0.002628	0.999979
6	0.999969	-0.003042	-0.007231	0.003065	0.999990	0.003133	0.007221	-0.003155	0.999969
7	0.999958	-0.003516	-0.008494	0.003548	0.999987	0.003665	0.008481	-0.003695	0.999957
8	0.999945	-0.003996	-0.009701	0.004037	0.999983	0.004197	0.009684	-0.004235	0.999944
9	0.999931	-0.004475	-0.010853	0.004527	0.999978	0.004770	0.010831	-0.004819	0.999930
10	0.999915	-0.004983	-0.012021	0.005048	0.999973	0.005359	0.011994	-0.005419	0.999913
11	0.999897	-0.005458	-0.013247	0.005536	0.999968	0.005846	0.013215	-0.005918	0.999895
12	0.999879	-0.005903	-0.014378	0.005996	0.999961	0.006415	0.014340	-0.006501	0.999876
13	0.999859	-0.006311	-0.015542	0.006420	0.999955	0.006986	0.015498	-0.007084	0.999855
14	0.999836	-0.006660	-0.016846	0.006788	0.999949	0.007542	0.016795	-0.007655	0.999830
15	0.999813	-0.006997	-0.018006	0.007145	0.999941	0.008186	0.017948	-0.008313	0.999804
16	0.999790	-0.007310	-0.019125	0.007481	0.999933	0.008881	0.019058	-0.009022	0.999778
17	0.999765	-0.007643	-0.020293	0.007838	0.999924	0.009561	0.020218	-0.009718	0.999748
18	0.999738	-0.007985	-0.021446	0.008207	0.999913	0.010286	0.021362	-0.010460	0.999717
19	0.999711	-0.008316	-0.022561	0.008566	0.999903	0.010985	0.022468	-0.011175	0.999685
20	0.999681	-0.008679	-0.023727	0.008958	0.999892	0.011680	0.023623	-0.011889	0.999650
21	0.999648	-0.009058	-0.024920	0.009367	0.999880	0.012316	0.024806	-0.012545	0.999614
22	0.999614	-0.009428	-0.026143	0.009771	0.999868	0.013012	0.026017	-0.013262	0.999574
23	0.999577	-0.009816	-0.027370	0.010194	0.999854	0.013712	0.027232	-0.013985	0.999531
24	0.999538	-0.010208	-0.028631	0.010623	0.999840	0.014383	0.028480	-0.014680	0.999487
25	0.999497	-0.010602	-0.029874	0.011055	0.999826	0.015058	0.029709	-0.015381	0.999440
26	0.999456	-0.011012	-0.031102	0.011504	0.999811	0.015689	0.030923	-0.016038	0.999393
27	0.999412	-0.011436	-0.032332	0.011966	0.999797	0.016235	0.032140	-0.016612	0.999345
28	0.999364	-0.011891	-0.033616	0.012459	0.999782	0.016739	0.033409	-0.017147	0.999295
29	0.999319	-0.012384	-0.034768	0.012990	0.999767	0.017259	0.034546	-0.017699	0.999246
30	0.999269	-0.012845	-0.036011	0.013489	0.999752	0.017702	0.035775	-0.018175	0.999195
31	0.999215	-0.013348	-0.037302	0.014030	0.999738	0.018088	0.037051	-0.018597	0.999140
32	0.999161	-0.013873	-0.038525	0.014596	0.999721	0.018557	0.038257	-0.019104	0.999085
33	0.999109	-0.014465	-0.039647	0.015231	0.999702	0.019070	0.039360	-0.019657	0.999032
34	0.999054	-0.015068	-0.040802	0.015873	0.999684	0.019472	0.040496	-0.020101	0.998977
35	0.998990	-0.015691	-0.042102	0.016537	0.999667	0.019834	0.041776	-0.020510	0.998916
36	0.998935	-0.016329	-0.043151	0.017217	0.999646	0.020283	0.042805	-0.021004	0.998863
37	0.998872	-0.016967	-0.044357	0.017898	0.999626	0.020688	0.043989	-0.021459	0.998802
38	0.998806	-0.017622	-0.045557	0.018596	0.999606	0.021028	0.045168	-0.021850	0.998740
39	0.998741	-0.018273	-0.046724	0.019291	0.999584	0.021450	0.046313	-0.022324	0.998678
40	0.998677	-0.018997	-0.047794	0.020060	0.999560	0.021856	0.047358	-0.022786	0.998618
41	0.998600	-0.019699	-0.049099	0.020807	0.999538	0.022167	0.048639	-0.023158	0.998548
42	0.998532	-0.020444	-0.050150	0.021600	0.999511	0.022619	0.049663	-0.023669	0.998486
43	0.998457	-0.021171	-0.051337	0.022377	0.999484	0.023026	0.050824	-0.024139	0.998416
44	0.998376	-0.021899	-0.052582	0.023156	0.999458	0.023405	0.052041	-0.024584	0.998342
45	0.998299	-0.022645	-0.053722	0.023954	0.999429	0.023843	0.053151	-0.025089	0.998271
46	0.998222	-0.023381	-0.054832	0.024748	0.999396	0.024384	0.054228	-0.025698	0.998198
47	0.998136	-0.024119	-0.056067	0.025548	0.999363	0.024906	0.055431	-0.026292	0.998116
48	0.998050	-0.024824	-0.057265	0.026318	0.999329	0.025471	0.056594	-0.026929	0.998034
49	0.997969	-0.025518	-0.058375	0.027081	0.999291	0.026150	0.057666	-0.027678	0.997952
50	0.997879	-0.026208	-0.059596	0.027841	0.999254	0.026747	0.058850	-0.028350	0.997864
51	0.997787	-0.026854	-0.060819	0.028560	0.999218	0.027361	0.060037	-0.029037	0.997774
52	0.997697	-0.027522	-0.061993	0.029301	0.999179	0.027972	0.061173	-0.029724	0.997685
53	0.997601	-0.028176	-0.063239	0.030029	0.999141	0.028543	0.062381	-0.030373	0.997590
54	0.997506	-0.028883	-0.064402	0.030812	0.999100	0.029153	0.063502	-0.031064	0.997498
55	0.997411	-0.029568	-0.065553	0.031574	0.999058	0.029768	0.064612	-0.031761	0.997405
56	0.997305	-0.030269	-0.066839	0.032353	0.999017	0.030312	0.065855	-0.032393	0.997303
57	0.997207	-0.030989	-0.067960	0.033150	0.998972	0.030914	0.066932	-0.033081	0.997209
58	0.997098	-0.031686	-0.069228	0.033929	0.998929	0.031470	0.068156	-0.033727	0.997104
59	0.996990	-0.032409	-0.070432	0.034738	0.998881	0.032102	0.069313	-0.034452	0.997000
60	0.996881	-0.033141	-0.071622	0.035557	0.998832	0.032722	0.070454	-0.035167	0.996895
61	0.996769	-0.033875	-0.072833	0.036370	0.998786	0.033209	0.071620	-0.035750	0.996791
62	0.996651	-0.034601	-0.074087	0.037177	0.998741	0.033665	0.072829	-0.036307	0.996683
63	0.996530	-0.035332	-0.075362	0.037991	0.998694	0.034152	0.074057	-0.036897	0.996571
64	0.996409	-0.036070	-0.076607	0.038822	0.998642	0.034749	0.075249	-0.037598	0.996456
65	0.996284	-0.036839	-0.077847	0.039689	0.998585	0.035382	0.076433	-0.038340	0.996337
66	0.996150	-0.037561	-0.079208	0.040511	0.998531	0.035969	0.077740	-0.039039	0.996209
67	0.996018	-0.038294	-0.080513	0.041348	0.998474	0.036616	0.078988	-0.039799	0.996081
68	0.995878	-0.039008	-0.081885	0.042169	0.998416	0.037239	0.080303	-0.040538	0.995946
69	0.995743	-0.039718	-0.083180	0.042981	0.998360	0.037802	0.081542	-0.041217	0.995817
70	0.995598	-0.040442	-0.084547	0.043813	0.998301	0.038403	0.082850	-0.041939	0.995679
71	0.995456	-0.041158	-0.085869	0.044635	0.998243	0.038978	0.084114	-0.042633	0.995544
72	0.995321	-0.041826	-0.087097	0.045409	0.998184	0.039571	0.085284	-0.043341	0.995414
73	0.995178	-0.042501	-0.088397	0.046186	0.998129	0.040073	0.086529	-0.043962	0.995279
74	0.995036	-0.043176	-0.089657	0.046961	0.998073	0.040547	0.087733	-0.044556	0.995147
75	0.994891	-0.043851	-0.090933	0.047731	0.998020	0.040951	0.088958	-0.045082	0.995015
76	0.994746	-0.044547	-0.092169	0.048529	0.997963	0.041421	0.090136	-0.045676	0.994882
77	0.994605	-0.045260	-0.093345	0.049339	0.997904	0.041871	0.091255	-0.046251	0.994753
78	0.994449	-0.045946	-0.094655	0.050124	0.997849	0.042239	0.092511	-0.046749	0.994614
79	0.994308	-0.046632	-0.095798	0.050908	0.997791	0.042689	0.093595	-0.047323	0.994485
80	0.994169	-0.047325	-0.096897	0.051700	0.997730	0.043145	0.094635	-0.047903	0.994359
81	0.994014	-0.048018	-0.098135	0.052490	0.997673	0.043510	0.095818	-0.048401	0.994221
82	0.993869	-0.048725	-0.099248	0.053300	0.997609	0.043984	0.096868	-0.049004	0.994090
83	0.993723	-0.049437	-0.100350	0.054121	0.997542	0.044510	0.097903	-0.049661	0.993956
84	0.993573	-0.050172	-0.101469	0.054956	0.997478	0.044916	0.098960	-0.050203	0.993824
85	0.993415	-0.050919	-0.102632	0.055812	0.997409	0.045385	0.100055	-0.050814	0.993684
86	0.993249	-0.051703	-0.103839	0.056707	0.997339	0.045828	0.101193	-0.051407	0.993538
87	0.993086	-0.052494	-0.105000	0.057610	0.997265	0.046295	0.102283	-0.052024	0.993394
88	0.992918	-0.053248	-0.106201	0.058482	0.997191	0.046797	0.103410	-0.052677	0.993243
89	0.992740	-0.054008	-0.107473	0.059360	0.997118	0.047237	0.104612	-0.053273	0.993085
90	0.992565	-0.054799	-0.108684	0.060266	0.997044	0.047666	0.105751	-0.053862	0.992933
91	0.992390	-0.055572	-0.109878	0.061156	0.996967	0.048127	0.106870	-0.054480	0.992779
92	0.992216	-0.056397	-0.111030	0.062104	0.996884	0.048632	0.107941	-0.055149	0.992626
93	0.992044	-0.057193	-0.112151	0.063013	0.996807	0.049045	0.108988	-0.055722	0.992480
94	0.991852	-0.057998	-0.113425	0.063931	0.996731	0.049389	0.110190	-0.056238	0.992318
95	0.991672	-0.058837	-0.114568	0.064888	0.996648	0.049818	0.111253	-0.056838	0.992165
96	0.991496	-0.059642	-0.115664	0.065804	0.996569	0.050206	0.112273	-0.057390	0.992019
97	0.991307	-0.060485	-0.116841	0.066766	0.996484	0.050609	0.113369	-0.057970	0.991860
98	0.991120	-0.061380	-0.117953	0.067776	0.996396	0.051000	0.114398	-0.058541	0.991709
99	0.990924	-0.062249	-0.119141	0.068759	0.996312	0.051328	0.115506	-0.059054	0.991550
100	0.990740	-0.063138	-0.120200	0.069765	0.996220	0.051746	0.116478	-0.059653	0.991400
101	0.990557	-0.064011	-0.121238	0.070760	0.996127	0.052199	0.117427	-0.060285	0.991250
102	0.990356	-0.064840	-0.122437	0.071703	0.996044	0.052497	0.118549	-0.060770	0.991087
103	0.990163	-0.065670	-0.123552	0.072640	0.995961	0.052773	0.119587	-0.061229	0.990934
104	0.989956	-0.066566	-0.124726	0.073657	0.995868	0.053127	0.120674	-0.061780	0.990768
105	0.989759	-0.067431	-0.125817	0.074644	0.995773	0.053518	0.121676	-0.062361	0.990609
106	0.989552	-0.068292	-0.126974	0.075623	0.995682	0.053837	0.122749	-0.062876	0.990444
107	0.989347	-0.069163	-0.128101	0.076611	0.995589	0.054151	0.123791	-0.063388	0.990282
108	0.989146	-0.070014	-0.129184	0.077585	0.995493	0.054532	0.124784	-0.063963	0.990120
109	0.988934	-0.070886	-0.130326	0.078579	0.995398	0.054854	0.125838	-0.064488	0.989953
110	0.988747	-0.071731	-0.131279	0.079545	0.995298	0.055274	0.126697	-0.065095	0.989803
111	0.988540	-0.072592	-0.132361	0.080534	0.995196	0.055667	0.127684	-0.065688	0.989637
112	0.988322	-0.073449	-0.133508	0.081519	0.995097	0.056011	0.128739	-0.066240	0.989464
113	0.988132	-0.074295	-0.134443	0.082496	0.994990	0.056480	0.129573	-0.066901	0.989310
114	0.987912	-0.075132	-0.135591	0.083473	0.994884	0.056911	0.130622	-0.067541	0.989129
115	0.987703	-0.075961	-0.136645	0.084443	0.994775	0.057379	0.131573	-0.068212	0.988957
116	0.987503	-0.076770	-0.137637	0.085388	0.994668	0.057835	0.132463	-0.068864	0.988793
117	0.987282	-0.077598	-0.138757	0.086347	0.994565	0.058174	0.133489	-0.069416	0.988616
118	0.987071	-0.078511	-0.139739	0.087387	0.994452	0.058552	0.134366	-0.070007	0.988456
119	0.986857	-0.079430	-0.140725	0.088427	0.994342	0.058868	0.135252	-0.070538	0.988297
120	0.986656	-0.080361	-0.141603	0.089480	0.994225	0.059245	0.136025	-0.071125	0.988149
121	0.986445	-0.081274	-0.142553	0.090521	0.994108	0.059620	0.136868	-0.071716	0.987990
122	0.986244	-0.082153	-0.143432	0.091517	0.993998	0.059945	0.137647	-0.072247	0.987843
123	0.986035	-0.083045	-0.144354	0.092534	0.993882	0.060302	0.138463	-0.072818	0.987687
124	0.985833	-0.083986	-0.145191	0.093616	0.993750	0.060808	0.139176	-0.073539	0.987533
125	0.985594	-0.084902	-0.146273	0.094667	0.993630	0.061133	0.140151	-0.074099	0.987354
126	0.985372	-0.085785	-0.147253	0.095684	0.993510	0.061501	0.141022	-0.074691	0.987185
127	0.985150	-0.086693	-0.148199	0.096728	0.993385	0.061886	0.141853	-0.075302	0.987019
128	0.984928	-0.087684	-0.149088	0.097847	0.993253	0.062243	0.142625	-0.075893	0.986863
129	0.984656	-0.088736	-0.150265	0.099036	0.993120	0.062494	0.143685	-0.076417	0.986669
130	0.984417	-0.089829	-0.151177	0.100263	0.992973	0.062864	0.144468	-0.077042	0.986506
131	0.984176	-0.090844	-0.152136	0.101422	0.992830	0.063262	0.145298	-0.077691	0.986333
132	0.983886	-0.091793	-0.153433	0.102529	0.992697	0.063567	0.146477	-0.078274	0.986112
133	0.983611	-0.092790	-0.154594	0.103676	0.992557	0.063892	0.147514	-0.078873	0.985910
134	0.983353	-0.093853	-0.155592	0.104885	0.992406	0.064256	0.148379	-0.079506	0.985729
135	0.983039	-0.094833	-0.156973	0.106031	0.992265	0.064554	0.149637	-0.080104	0.985491
136	0.982767	-0.095902	-0.158028	0.107251	0.992111	0.064907	0.150556	-0.080737	0.985299
137	0.982459	-0.096872	-0.159340	0.108384	0.991969	0.065199	0.151744	-0.081325	0.985068
138	0.982156	-0.097880	-0.160592	0.109566	0.991814	0.065583	0.152858	-0.082008	0.984840
139	0.981898	-0.098852	-0.161567	0.110707	0.991654	0.066078	0.153687	-0.082768	0.984647
140	0.981601	-0.099669	-0.162867	0.111713	0.991511	0.066524	0.154855	-0.083495	0.984403
141	0.981324	-0.100431	-0.164065	0.112666	0.991369	0.067032	0.155917	-0.084264	0.984169
142	0.981087	-0.101225	-0.164993	0.113638	0.991220	0.067600	0.156701	-0.085071	0.983975
143	0.980835	-0.101965	-0.166033	0.114556	0.991080	0.068091	0.157609	-0.085806	0.983767
144	0.980550	-0.102565	-0.167340	0.115338	0.990964	0.068460	0.158806	-0.086429	0.983519
145	0.980301	-0.103185	-0.168412	0.116145	0.990834	0.068982	0.159751	-0.087183	0.983300
146	0.980097	-0.103820	-0.169209	0.116940	0.990705	0.069485	0.160422	-0.087889	0.983128
147	0.979832	-0.104338	-0.170421	0.117637	0.990596	0.069867	0.161529	-0.088506	0.982891
148	0.979623	-0.104853	-0.171305	0.118318	0.990480	0.070354	0.162297	-0.089189	0.982703
149	0.979391	-0.105390	-0.172295	0.119026	0.990363	0.070803	0.163173	-0.089851	0.982498
150	0.979148	-0.105936	-0.173341	0.119761	0.990238	0.071314	0.164094	-0.090586	0.982277
151	0.978913	-0.106456	-0.174345	0.120455	0.990122	0.071761	0.164983	-0.091248	0.982066
152	0.978687	-0.106941	-0.175316	0.121117	0.990007	0.072232	0.165839	-0.091926	0.981859
153	0.978447	-0.107400	-0.176372	0.121753	0.989898	0.072656	0.166787	-0.092564	0.981638
154	0.978235	-0.107854	-0.177267	0.122392	0.989778	0.073205	0.167560	-0.093308	0.981436
155	0.978235	-0.107854	-0.177267	0.122392	0.989778	0.073205	0.167560	-0.093308	0.981436
156	0.978135	-0.108013	-0.177720	0.122645	0.989726	0.073488	0.167957	-0.093678	0.981333
157	0.977908	-0.108352	-0.178760	0.123186	0.989617	0.074054	0.168880	-0.094439	0.981102
158	0.977681	-0.108664	-0.179812	0.123698	0.989512	0.074592	0.169820	-0.095170	0.980869
159	0.977470	-0.108935	-0.180794	0.124169	0.989410	0.075168	0.170691	-0.095923	0.980644
160	0.977219	-0.109198	-0.181988	0.124650	0.989307	0.075720	0.171774	-0.096680	0.980381
161	0.976982	-0.109475	-0.183086	0.125142	0.989201	0.076296	0.172757	-0.097452	0.980132
162	0.976755	-0.109742	-0.184139	0.125620	0.989096	0.076869	0.173695	-0.098214	0.979890
163	0.976504	-0.109937	-0.185349	0.126019	0.989010	0.077314	0.174812	-0.098855	0.979627
164	0.976287	-0.110162	-0.186354	0.126452	0.988911	0.077881	0.175708	-0.099599	0.979391
165	0.976021	-0.110324	-0.187650	0.126853	0.988814	0.078454	0.176895	-0.100377	0.979098
166	0.975788	-0.110410	-0.188804	0.127164	0.988729	0.079020	0.177951	-0.101116	0.978830
167	0.975573	-0.110469	-0.189879	0.127460	0.988636	0.079699	0.178917	-0.101954	0.978567
168	0.975343	-0.110557	-0.191004	0.127780	0.988546	0.080308	0.179938	-0.102735	0.978299
169	0.975115	-0.110665	-0.192102	0.128117	0.988453	0.080906	0.180930	-0.103504	0.978034
170	0.975115	-0.110665	-0.192102	0.128117	0.988453	0.080906	0.180930	-0.103504	0.978034
171	0.974926	-0.110848	-0.192959	0.128469	0.988375	0.081303	0.181703	-0.104053	0.977833
172	0.974648	-0.111145	-0.194188	0.129003	0.988262	0.081837	0.182813	-0.104813	0.977545
173	0.974382	-0.111477	-0.195328	0.129572	0.988139	0.082414	0.183824	-0.105612	0.977269
174	0.974062	-0.111840	-0.196709	0.130186	0.988017	0.082914	0.185078	-0.106372	0.976950
175	0.973801	-0.112248	-0.197765	0.130828	0.987883	0.083493	0.185997	-0.107179	0.976687
176	0.973500	-0.112596	-0.199045	0.131421	0.987761	0.084002	0.187151	-0.107934	0.976384
177	0.973175	-0.112879	-0.200469	0.131964	0.987647	0.084498	0.188454	-0.108686	0.976049
178	0.972896	-0.113236	-0.201619	0.132574	0.987513	0.085103	0.189465	-0.109526	0.975760
179	0.972575	-0.113529	-0.202999	0.133125	0.987396	0.085596	0.190723	-0.110273	0.975431
180	0.972279	-0.113855	-0.204232	0.133693	0.987277	0.086083	0.191833	-0.111001	0.975130
181	0.971925	-0.114163	-0.205739	0.134254	0.987169	0.086451	0.193229	-0.111645	0.974781
182	0.971633	-0.114577	-0.206887	0.134897	0.987042	0.086898	0.194250	-0.112342	0.974498
183	0.971256	-0.115077	-0.208371	0.135655	0.986904	0.087277	0.195598	-0.113035	0.974148
184	0.970884	-0.115699	-0.209755	0.136493	0.986771	0.087484	0.196859	-0.113567	0.973832
185	0.970537	-0.116301	-0.211025	0.137332	0.986621	0.087857	0.197984	-0.114249	0.973524
186	0.970113	-0.116744	-0.212723	0.138037	0.986500	0.088109	0.199565	-0.114839	0.973132
187	0.969776	-0.117362	-0.213916	0.138898	0.986341	0.088542	0.200603	-0.115578	0.972831
188	0.969458	-0.117989	-0.215013	0.139759	0.986180	0.088980	0.201543	-0.116312	0.972549
189	0.969076	-0.118477	-0.216458	0.140485	0.986053	0.089238	0.202867	-0.116888	0.972205
190	0.968762	-0.118984	-0.217586	0.141225	0.985910	0.089649	0.203854	-0.117577	0.971915
191	0.968420	-0.119375	-0.218887	0.141881	0.985774	0.090108	0.205016	-0.118319	0.971581
192	0.968030	-0.119666	-0.220448	0.142442	0.985663	0.090440	0.206465	-0.118950	0.971197
193	0.967670	-0.120059	-0.221813	0.143105	0.985527	0.090871	0.207693	-0.119676	0.970846
194	0.967309	-0.120554	-0.223115	0.143854	0.985383	0.091250	0.208853	-0.120363	0.970512
195	0.966888	-0.121021	-0.224681	0.144571	0.985259	0.091449	0.210302	-0.120903	0.970132
196	0.966514	-0.121654	-0.225946	0.145440	0.985105	0.091737	0.211420	-0.121527	0.969811
197	0.966117	-0.122289	-0.227297	0.146331	0.984942	0.092063	0.212616	-0.122204	0.969464
198	0.965709	-0.122849	-0.228721	0.147152	0.984792	0.092360	0.213897	-0.122850	0.969101
199	0.965361	-0.123405	-0.229892	0.147965	0.984630	0.092790	0.214907	-0.123591	0.968783
200	0.964978	-0.123940	-0.231207	0.148759	0.984478	0.093135	0.216075	-0.124267	0.968437
201	0.964625	-0.124427	-0.232416	0.149504	0.984327	0.093532	0.217135	-0.124970	0.968109
202	0.964299	-0.124859	-0.233532	0.150208	0.984171	0.094046	0.218093	-0.125767	0.967790
203	0.963930	-0.125254	-0.234842	0.150888	0.984024	0.094500	0.219253	-0.126527	0.967429
204	0.963629	-0.125711	-0.235831	0.151610	0.983860	0.095042	0.220077	-0.127339	0.967135
205	0.963312	-0.126129	-0.236901	0.152293	0.983708	0.095531	0.220992	-0.128104	0.966826
206	0.962888	-0.126472	-0.238437	0.152922	0.983580	0.095838	0.222401	-0.128743	0.966418
207	0.962566	-0.126974	-0.239468	0.153688	0.983413	0.096327	0.223265	-0.129525	0.966114
208	0.962237	-0.127449	-0.240535	0.154439	0.983245	0.096842	0.224162	-0.130333	0.965797
209	0.961788	-0.127878	-0.242095	0.155175	0.983094	0.097191	0.225574	-0.131044	0.965372
210	0.961440	-0.128422	-0.243187	0.155995	0.982917	0.097667	0.226491	-0.131837	0.965050
211	0.961119	-0.128905	-0.244200	0.156739	0.982753	0.098129	0.227339	-0.132589	0.964747
212	0.960710	-0.129261	-0.245618	0.157381	0.982618	0.098456	0.228622	-0.133243	0.964354
213	0.960380	-0.129627	-0.246713	0.158030	0.982463	0.098962	0.229558	-0.134029	0.964022
214	0.960062	-0.129983	-0.247760	0.158675	0.982303	0.099512	0.230441	-0.134851	0.963697
215	0.959679	-0.130256	-0.249096	0.159277	0.982150	0.100058	0.231617	-0.135699	0.963296
216	0.959283	-0.130462	-0.250513	0.159791	0.982025	0.100464	0.232903	-0.136403	0.962887
217	0.958955	-0.130732	-0.251624	0.160366	0.981874	0.101027	0.233855	-0.137232	0.962538
218	0.958601	-0.130943	-0.252858	0.160900	0.981728	0.101590	0.234936	-0.138069	0.962155
219	0.958226	-0.131136	-0.254179	0.161413	0.981593	0.102084	0.236113	-0.138847	0.961755
220	0.957955	-0.131565	-0.254976	0.162111	0.981418	0.102656	0.236732	-0.139675	0.961483
221	0.957491	-0.132040	-0.256469	0.162888	0.981261	0.102929	0.238072	-0.140330	0.961056
222	0.957144	-0.132624	-0.257463	0.163746	0.981071	0.103376	0.238879	-0.141104	0.960743
223	0.956787	-0.133265	-0.258457	0.164646	0.980882	0.103745	0.239690	-0.141816	0.960436
224	0.956256	-0.133880	-0.260096	0.165556	0.980715	0.103871	0.241174	-0.142387	0.959980
225	0.955810	-0.134561	-0.261382	0.166505	0.980532	0.104085	0.242287	-0.143007	0.959607
226	0.955340	-0.135196	-0.262768	0.167428	0.980350	0.104317	0.243501	-0.143652	0.959203
227	0.954797	-0.135735	-0.264458	0.168279	0.980188	0.104464	0.245039	-0.144245	0.958723
228	0.954306	-0.136317	-0.265929	0.169159	0.980015	0.104674	0.246346	-0.144875	0.958293
229	0.953829	-0.136897	-0.267336	0.170040	0.979834	0.104935	0.247580	-0.145548	0.957873
230	0.953352	-0.137439	-0.268759	0.170875	0.979666	0.105151	0.248842	-0.146171	0.957451
231	0.952922	-0.137952	-0.270015	0.171678	0.979494	0.105447	0.249931	-0.146839	0.957065
232	0.952500	-0.138418	-0.271264	0.172449	0.979319	0.105809	0.251008	-0.147562	0.956671
233	0.952058	-0.138895	-0.272568	0.173230	0.979147	0.106125	0.252144	-0.148255	0.956266
234	0.951636	-0.139379	-0.273794	0.174017	0.978969	0.106478	0.253195	-0.148973	0.955876
235	0.951206	-0.139872	-0.275032	0.174821	0.978786	0.106844	0.254253	-0.149712	0.955480
236	0.950770	-0.140319	-0.276309	0.175576	0.978615	0.107177	0.255361	-0.150414	0.955074
237	0.950289	-0.140716	-0.277759	0.176309	0.978446	0.107509	0.256644	-0.151136	0.954616
238	0.949885	-0.141150	-0.278920	0.177074	0.978256	0.107984	0.257613	-0.151962	0.954224
239	0.949450	-0.141529	-0.280203	0.177783	0.978083	0.108383	0.258722	-0.152719	0.953803
240	0.948943	-0.141824	-0.281769	0.178444	0.977923	0.108742	0.260126	-0.153470	0.953300
241	0.948546	-0.142199	-0.282913	0.179156	0.977737	0.109238	0.261081	-0.154303	0.952905
242	0.948125	-0.142539	-0.284150	0.179849	0.977555	0.109727	0.262132	-0.155138	0.952480
243	0.947661	-0.142843	-0.285541	0.180511	0.977386	0.110145	0.263350	-0.155924	0.952016
244	0.947269	-0.143192	-0.286666	0.181200	0.977202	0.110646	0.264287	-0.156756	0.951620
245	0.946865	-0.143464	-0.287862	0.181836	0.977023	0.111187	0.265296	-0.157623	0.951195
246	0.946395	-0.143686	-0.289295	0.182426	0.976865	0.111601	0.266567	-0.158394	0.950712
247	0.945991	-0.143993	-0.290459	0.183093	0.976680	0.112131	0.267539	-0.159256	0.950295
248	0.945594	-0.144318	-0.291591	0.183792	0.976480	0.112724	0.268465	-0.160183	0.949878
249	0.945172	-0.144614	-0.292808	0.184472	0.976286	0.113291	0.269481	-0.161095	0.949436
250	0.944802	-0.144961	-0.293830	0.185164	0.976092	0.113836	0.270303	-0.161959	0.949055
251	0.944452	-0.145337	-0.294767	0.185901	0.975877	0.114479	0.271018	-0.162917	0.948687
252	0.944018	-0.145618	-0.296015	0.186614	0.975658	0.115178	0.272037	-0.163971	0.948214
253	0.943598	-0.145921	-0.297205	0.187354	0.975429	0.115919	0.272987	-0.165063	0.947751
254	0.943174	-0.146053	-0.298481	0.187872	0.975267	0.116439	0.274092	-0.165899	0.947286
255	0.942535	-0.146103	-0.300468	0.188323	0.975164	0.116572	0.275974	-0.166458	0.946642
256	0.942068	-0.146306	-0.301831	0.188900	0.975004	0.116979	0.277171	-0.167218	0.946158
257	0.941743	-0.146664	-0.302670	0.189613	0.974788	0.117621	0.277789	-0.168159	0.945810
258	0.941206	-0.146897	-0.304225	0.190267	0.974609	0.118050	0.279159	-0.168994	0.945257
259	0.940642	-0.147094	-0.305870	0.190872	0.974451	0.118373	0.280644	-0.169729	0.944686
260	0.940181	-0.147318	-0.307176	0.191479	0.974279	0.118813	0.281772	-0.170524	0.944207
261	0.939726	-0.147627	-0.308418	0.192186	0.974077	0.119327	0.282807	-0.171408	0.943737
262	0.939256	-0.147891	-0.309720	0.192854	0.973885	0.119817	0.283912	-0.172270	0.943248
263	0.938745	-0.148132	-0.311151	0.193496	0.973708	0.120217	0.285162	-0.173059	0.942726
264	0.938269	-0.148373	-0.312470	0.194151	0.973515	0.120726	0.286282	-0.173940	0.942225
265	0.937763	-0.148665	-0.313845	0.194872	0.973308	0.121229	0.287445	-0.174844	0.941703
266	0.937215	-0.148887	-0.315374	0.195540	0.973116	0.121695	0.288777	-0.175722	0.941132
267	0.936769	-0.149121	-0.316587	0.196205	0.972906	0.122298	0.289772	-0.176681	0.940647
268	0.936223	-0.149244	-0.318138	0.196742	0.972754	0.122643	0.291167	-0.177412	0.940078
269	0.935573	-0.149310	-0.320016	0.197246	0.972626	0.122855	0.292912	-0.178062	0.939413
270	0.935092	-0.149426	-0.321363	0.197794	0.972449	0.123368	0.294075	-0.178924	0.938885
271	0.934666	-0.149531	-0.322553	0.198318	0.972271	0.123936	0.295077	-0.179807	0.938403
272	0.934140	-0.149526	-0.324074	0.198776	0.972113	0.124440	0.296429	-0.180663	0.937812
273	0.933580	-0.149485	-0.325703	0.199207	0.971965	0.124904	0.297900	-0.181490	0.937186
274	0.933046	-0.149391	-0.327272	0.199611	0.971807	0.125484	0.299299	-0.182410	0.936561
275	0.932584	-0.149279	-0.328637	0.200002	0.971634	0.126199	0.300476	-0.183419	0.935987
276	0.932106	-0.149070	-0.330085	0.200316	0.971474	0.126932	0.301747	-0.184435	0.935378
277	0.931656	-0.148857	-0.331448	0.200589	0.971331	0.127593	0.302953	-0.185358	0.934806
278	0.931160	-0.148526	-0.332989	0.200760	0.971216	0.128199	0.304363	-0.186225	0.934175
279	0.930735	-0.148227	-0.334306	0.200957	0.971080	0.128917	0.305529	-0.187169	0.933606
280	0.930388	-0.147929	-0.335404	0.201144	0.970933	0.129732	0.306464	-0.188166	0.933099
281	0.930081	-0.147634	-0.336384	0.201324	0.970781	0.130587	0.307276	-0.189179	0.932627
282	0.929789	-0.147485	-0.337254	0.201624	0.970608	0.131407	0.307960	-0.190180	0.932197
283	0.929415	-0.147301	-0.338365	0.201906	0.970453	0.132121	0.308906	-0.191113	0.931694
284	0.929033	-0.147162	-0.339472	0.202236	0.970286	0.132836	0.309837	-0.192062	0.931189
285	0.928677	-0.147074	-0.340481	0.202589	0.970119	0.133519	0.310670	-0.192974	0.930723
286	0.928237	-0.146868	-0.341768	0.202862	0.969976	0.134144	0.311805	-0.193849	0.930161
287	0.927690	-0.146566	-0.343381	0.203092	0.969848	0.134716	0.313282	-0.194713	0.929484
288	0.927116	-0.146325	-0.345029	0.203347	0.969734	0.135149	0.314811	-0.195459	0.928811
289	0.926627	-0.146183	-0.346401	0.203673	0.969595	0.135654	0.316038	-0.196253	0.928227
290	0.926154	-0.146113	-0.347691	0.204070	0.969436	0.136193	0.317165	-0.197089	0.927665
291	0.925631	-0.146005	-0.349127	0.204482	0.969265	0.136791	0.318424	-0.198009	0.927037
292	0.925065	-0.145890	-0.350673	0.204908	0.969093	0.137370	0.319794	-0.198932	0.926368
293	0.924518	-0.145796	-0.352151	0.205353	0.968913	0.137976	0.321087	-0.199876	0.925717
294	0.924020	-0.145689	-0.353499	0.205733	0.968756	0.138512	0.322274	-0.200714	0.925123
295	0.923563	-0.145616	-0.354721	0.206149	0.968580	0.139127	0.323317	-0.201618	0.924563
296	0.923087	-0.145487	-0.356010	0.206537	0.968404	0.139775	0.324426	-0.202554	0.923970
297	0.922672	-0.145334	-0.357147	0.206890	0.968225	0.140489	0.325381	-0.203515	0.923422
298	0.922202	-0.145229	-0.358402	0.207269	0.968062	0.141053	0.326470	-0.204364	0.922850
299	0.921648	-0.145073	-0.359887	0.207593	0.967934	0.141452	0.327826	-0.205079	0.922211
300	0.921244	-0.145082	-0.360917	0.208032	0.967763	0.141979	0.328683	-0.205879	0.921727
301	0.920881	-0.145166	-0.361808	0.208533	0.967571	0.142549	0.329382	-0.206720	0.921290
302	0.920379	-0.145232	-0.363056	0.209076	0.967380	0.143047	0.330438	-0.207564	0.920721
303	0.919767	-0.145180	-0.364626	0.209538	0.967221	0.143448	0.331848	-0.208341	0.920038
304	0.919187	-0.145212	-0.366072	0.210043	0.967060	0.143797	0.333133	-0.209067	0.919409
305	0.918644	-0.145233	-0.367423	0.210520	0.966902	0.144159	0.334326	-0.209781	0.918813
306	0.918013	-0.145235	-0.368998	0.211041	0.966731	0.144540	0.335730	-0.210564	0.918122
307	0.917295	-0.145161	-0.370807	0.211512	0.966583	0.144842	0.337391	-0.211293	0.917346
308	0.916561	-0.145151	-0.372623	0.211983	0.966464	0.144953	0.339087	-0.211848	0.916592
309	0.915838	-0.145186	-0.374382	0.212483	0.966340	0.145042	0.340722	-0.212385	0.915861
310	0.915235	-0.145382	-0.375778	0.213070	0.966196	0.145143	0.341974	-0.212907	0.915273
311	0.914689	-0.145660	-0.376997	0.213741	0.966017	0.145349	0.343014	-0.213529	0.914739
312	0.913942	-0.145825	-0.378742	0.214383	0.965860	0.145447	0.344602	-0.214126	0.914002
313	0.913047	-0.145931	-0.380854	0.215010	0.965724	0.145424	0.346577	-0.214667	0.913128
314	0.912325	-0.146111	-0.382511	0.215658	0.965562	0.145540	0.348073	-0.215271	0.912416
315	0.911824	-0.146400	-0.383593	0.216381	0.965342	0.145925	0.348935	-0.216060	0.911901
316	0.911303	-0.146675	-0.384725	0.217089	0.965131	0.146271	0.349855	-0.216817	0.911368
317	0.910576	-0.146846	-0.386377	0.217726	0.964973	0.146368	0.351349	-0.217403	0.910653
318	0.909689	-0.146862	-0.388455	0.218290	0.964837	0.146422	0.353292	-0.217994	0.909760
319	0.908877	-0.146898	-0.390339	0.218895	0.964666	0.146644	0.355005	-0.218725	0.908918
320	0.908262	-0.147106	-0.391689	0.219588	0.964459	0.146969	0.356148	-0.219496	0.908284
321	0.907693	-0.147374	-0.392905	0.220303	0.964251	0.147266	0.357156	-0.220230	0.907710
322	0.907080	-0.147598	-0.394234	0.220998	0.964047	0.147557	0.358281	-0.220971	0.907087
323	0.906430	-0.147765	-0.395663	0.221674	0.963843	0.147879	0.359506	-0.221750	0.906412
324	0.905668	-0.147864	-0.397370	0.222284	0.963679	0.148030	0.361048	-0.222395	0.905640
325	0.904826	-0.147969	-0.399243	0.222853	0.963560	0.147946	0.362804	-0.222837	0.904830
326	0.904215	-0.148195	-0.400542	0.223496	0.963388	0.148096	0.363931	-0.223430	0.904231
327	0.903778	-0.148413	-0.401447	0.224132	0.963177	0.148508	0.364624	-0.224195	0.903762
328	0.903222	-0.148605	-0.402625	0.224779	0.962977	0.148828	0.365602	-0.224927	0.903185
329	0.902346	-0.148667	-0.404560	0.225320	0.962866	0.148730	0.367426	-0.225362	0.902336
330	0.901459	-0.148707	-0.406519	0.225886	0.962733	0.148731	0.369252	-0.225902	0.901455
331	0.900796	-0.148927	-0.407906	0.226534	0.962565	0.148831	0.370471	-0.226471	0.900812
332	0.900287	-0.149263	-0.408905	0.227257	0.962359	0.149062	0.371264	-0.227125	0.900321
333	0.899750	-0.149557	-0.409978	0.227928	0.962175	0.149223	0.372154	-0.227709	0.899806
334	0.899094	-0.149896	-0.411293	0.228566	0.962054	0.149028	0.373348	-0.227998	0.899238
335	0.898386	-0.150190	-0.412729	0.229140	0.961967	0.148712	0.374696	-0.228174	0.898632
336	0.897959	-0.150542	-0.413529	0.229693	0.961850	0.148613	0.375380	-0.228433	0.898281
337	0.897695	-0.150992	-0.413938	0.230318	0.961689	0.148688	0.375629	-0.228814	0.898080
338	0.897244	-0.151256	-0.414818	0.230805	0.961585	0.148602	0.376406	-0.229075	0.897688
339	0.896664	-0.151456	-0.415999	0.231217	0.961533	0.148302	0.377535	-0.229163	0.897191
340	0.896211	-0.151731	-0.416873	0.231629	0.961478	0.148013	0.378357	-0.229211	0.896832
341	0.895984	-0.151924	-0.417291	0.231942	0.961405	0.147994	0.378702	-0.229388	0.896642
342	0.896168	-0.152318	-0.416752	0.232275	0.961304	0.148129	0.378063	-0.229550	0.896870
343	0.897000	-0.153420	-0.414553	0.232922	0.961123	0.148293	0.375685	-0.229577	0.897862
344	0.898190	-0.155069	-0.411350	0.233857	0.960878	0.148403	0.372245	-0.229491	0.899315
345	0.899401	-0.157177	-0.407888	0.235035	0.960641	0.148081	0.368559	-0.229052	0.900944
346	0.900617	-0.159658	-0.404226	0.236388	0.960424	0.147333	0.364706	-0.228245	0.902715
347	0.901943	-0.162688	-0.400040	0.238016	0.960203	0.146143	0.360344	-0.227029	0.904771
348	0.903227	-0.166144	-0.395699	0.239910	0.959972	0.144555	0.355843	-0.225498	0.906932
349	0.904510	-0.170105	-0.391058	0.242230	0.959647	0.142839	0.350980	-0.223925	0.909214
350	0.905604	-0.174150	-0.386722	0.244738	0.959262	0.141137	0.346388	-0.222459	0.911332
351	0.906554	-0.178023	-0.382710	0.247106	0.958927	0.139279	0.342196	-0.220833	0.913310
352	0.907496	-0.181417	-0.378866	0.248982	0.958726	0.137306	0.338319	-0.218935	0.915209
353	0.908436	-0.184653	-0.375031	0.250801	0.958497	0.135581	0.334431	-0.217225	0.917044
354	0.909303	-0.188567	-0.370958	0.253452	0.957979	0.134307	0.330045	-0.216146	0.918886
355	0.909763	-0.193042	-0.367513	0.256916	0.957212	0.133193	0.326076	-0.215594	0.920431
356	0.909532	-0.197625	-0.365646	0.260826	0.956330	0.131918	0.323608	-0.215354	0.921358
357	0.908971	-0.201907	-0.364698	0.264783	0.955365	0.131025	0.321964	-0.215664	0.921861
358	0.908566	-0.206208	-0.363299	0.268849	0.954271	0.130715	0.319731	-0.216436	0.922457
359	0.908042	-0.210397	-0.362205	0.273032	0.953061	0.130873	0.317668	-0.217731	0.922865
360	0.907438	-0.214308	-0.361426	0.277035	0.951868	0.131143	0.315925	-0.219132	0.923132
361	0.907294	-0.218966	-0.358986	0.281327	0.950601	0.131195	0.312526	-0.220025	0.924076
362	0.907718	-0.224756	-0.354305	0.285919	0.949356	0.130285	0.307079	-0.219565	0.926010
363	0.908477	-0.233172	-0.346843	0.292129	0.947774	0.128006	0.298881	-0.217613	0.929147
364	0.905973	-0.240139	-0.348634	0.298290	0.946490	0.123204	0.300393	-0.215614	0.929126
365	0.900699	-0.245248	-0.358600	0.303512	0.945802	0.115497	0.310839	-0.212868	0.926319
366	0.896528	-0.250184	-0.365577	0.308140	0.945088	0.108897	0.318258	-0.210278	0.924389
367	0.894929	-0.254970	-0.366186	0.311704	0.944452	0.104171	0.319284	-0.207368	0.924692
368	0.895469	-0.258508	-0.362367	0.313623	0.944107	0.101500	0.315874	-0.204537	0.926492
369	0.897404	-0.260384	-0.356183	0.313904	0.944098	0.100710	0.310048	-0.202185	0.928973
370	0.899258	-0.260348	-0.351502	0.312840	0.944439	0.100827	0.305722	-0.200633	0.930742
371	0.899652	-0.258338	-0.351976	0.310614	0.945245	0.100155	0.306830	-0.199433	0.930635
372	0.897925	-0.254344	-0.359222	0.307005	0.946745	0.097066	0.315403	-0.197441	0.928191
373	0.893937	-0.245461	-0.375001	0.299685	0.949506	0.092887	0.333265	-0.195417	0.922359
374	0.888901	-0.228088	-0.397280	0.286041	0.953748	0.092437	0.357821	-0.195806	0.913030
375	0.885876	-0.204495	-0.416421	0.268963	0.957750	0.101852	0.377999	-0.202230	0.903449
376	0.887778	-0.188057	-0.420101	0.258224	0.959050	0.116377	0.381012	-0.211798	0.899984
377	0.889014	-0.179903	-0.421058	0.254058	0.958850	0.126733	0.380931	-0.219641	0.898137
378	0.887474	-0.173086	-0.427120	0.251221	0.958680	0.133494	0.386366	-0.225774	0.894286
379	0.882654	-0.168519	-0.438775	0.250547	0.958523	0.135871	0.397678	-0.229860	0.888266
380	0.873243	-0.163763	-0.458942	0.250411	0.958773	0.134347	0.418020	-0.232242	0.878250
381	0.864132	-0.159011	-0.477485	0.249555	0.959298	0.132172	0.437034	-0.233373	0.868642
382	0.862629	-0.160249	-0.479783	0.252356	0.958363	0.133628	0.438392	-0.236347	0.867152
383	0.869716	-0.168258	-0.463986	0.259398	0.955615	0.139688	0.419888	-0.241846	0.874760
384	0.874857	-0.176440	-0.451103	0.266579	0.952954	0.144268	0.404426	-0.246469	0.880734
385	0.872467	-0.180982	-0.453924	0.272254	0.951396	0.143959	0.405808	-0.249182	0.879334
386	0.865805	-0.181337	-0.466368	0.275358	0.950876	0.141471	0.417804	-0.250904	0.873205
387	0.863531	-0.183161	-0.469859	0.278298	0.950072	0.141113	0.420553	-0.252616	0.871390
388	0.866220	-0.187180	-0.463278	0.281857	0.948630	0.143727	0.412577	-0.255078	0.874480
389	0.868818	-0.189776	-0.457318	0.284045	0.947566	0.146415	0.405553	-0.257106	0.877167
390	0.866978	-0.188897	-0.461159	0.284383	0.947443	0.146555	0.409238	-0.258206	0.875131
391	0.862201	-0.186341	-0.471048	0.284117	0.947742	0.145130	0.419388	-0.258964	0.870087
392	0.859548	-0.185229	-0.476305	0.284544	0.947638	0.144969	0.424513	-0.260138	0.867247
393	0.859789	-0.186460	-0.475390	0.286325	0.946872	0.146461	0.422825	-0.262042	0.867498
394	0.859812	-0.188149	-0.474681	0.288322	0.946147	0.147227	0.421418	-0.263449	0.867757
395	0.859018	-0.189620	-0.475534	0.290113	0.945636	0.146993	0.421810	-0.264228	0.867329
396	0.858117	-0.190966	-0.476621	0.291645	0.945265	0.146345	0.422586	-0.264585	0.866842
397	0.857454	-0.192472	-0.477207	0.293168	0.944900	0.145662	0.422877	-0.264800	0.866635
398	0.857081	-0.193807	-0.477338	0.294659	0.944443	0.145615	0.422597	-0.265456	0.866571
399	0.857062	-0.195136	-0.476829	0.296264	0.943841	0.146257	0.421511	-0.266619	0.866743
400	0.856539	-0.195769	-0.477510	0.297504	0.943352	0.146897	0.421702	-0.267884	0.866259
401	0.855695	-0.196147	-0.478865	0.298464	0.943022	0.147064	0.422735	-0.268766	0.865483
402	0.855094	-0.196566	-0.479767	0.299332	0.942716	0.147263	0.423337	-0.269534	0.864949
403	0.854698	-0.197120	-0.480245	0.300515	0.942210	0.148092	0.423300	-0.270895	0.864542
404	0.854206	-0.197721	-0.480873	0.301696	0.941735	0.148710	0.423452	-0.272106	0.864087
405	0.853496	-0.198181	-0.481943	0.302757	0.941336	0.149077	0.424126	-0.273148	0.863428
406	0.852824	-0.198890	-0.482839	0.303980	0.940901	0.149337	0.424602	-0.274132	0.862882
407	0.852156	-0.199704	-0.483682	0.305148	0.940531	0.149284	0.425106	-0.274808	0.862419
408	0.851141	-0.200164	-0.485277	0.306158	0.940222	0.149162	0.426412	-0.275530	0.861543
409	0.850299	-0.200773	-0.486499	0.307371	0.939792	0.149378	0.427217	-0.276552	0.860816
410	0.849498	-0.201346	-0.487661	0.308440	0.939435	0.149422	0.428040	-0.277348	0.860151
411	0.848636	-0.201865	-0.488945	0.309405	0.939139	0.149287	0.429052	-0.277972	0.859445
412	0.847794	-0.202419	-0.490175	0.310333	0.938873	0.149034	0.430045	-0.278468	0.858788
413	0.846982	-0.202972	-0.491349	0.311312	0.938567	0.148922	0.430937	-0.279097	0.858136
414	0.846147	-0.203604	-0.492525	0.312373	0.938234	0.148795	0.431809	-0.279754	0.857484
415	0.845244	-0.204232	-0.493814	0.313360	0.937960	0.148447	0.432860	-0.280215	0.856803
416	0.844415	-0.204987	-0.494919	0.314383	0.937686	0.148017	0.433737	-0.280581	0.856240
417	0.843627	-0.205907	-0.495879	0.315542	0.937363	0.147597	0.434427	-0.280987	0.855757
418	0.842827	-0.206772	-0.496879	0.316600	0.937089	0.147068	0.435210	-0.281265	0.855268
419	0.842007	-0.207442	-0.497989	0.317539	0.936836	0.146653	0.436112	-0.281613	0.854693
420	0.841315	-0.208113	-0.498876	0.318484	0.936555	0.146401	0.436757	-0.282054	0.854218
421	0.840710	-0.208952	-0.499545	0.319615	0.936184	0.146306	0.437095	-0.282663	0.853844
422	0.840077	-0.209718	-0.500289	0.320576	0.935906	0.145980	0.437609	-0.283016	0.853464
423	0.839401	-0.210448	-0.501117	0.321541	0.935622	0.145678	0.438199	-0.283412	0.853030
424	0.838822	-0.211238	-0.501754	0.322530	0.935321	0.145429	0.438580	-0.283819	0.852698
425	0.838168	-0.212056	-0.502500	0.323555	0.935016	0.145111	0.439074	-0.284214	0.852313
426	0.837530	-0.212820	-0.503241	0.324540	0.934718	0.144832	0.439565	-0.284623	0.851922
427	0.836856	-0.213428	-0.504104	0.325433	0.934439	0.144625	0.440187	-0.285082	0.851448
428	0.836096	-0.213840	-0.505189	0.326259	0.934163	0.144546	0.441020	-0.285677	0.850818
429	0.835489	-0.214421	-0.505946	0.327220	0.933819	0.144599	0.441457	-0.286366	0.850359
430	0.834909	-0.215004	-0.506656	0.328057	0.933550	0.144440	0.441933	-0.286806	0.849963
431	0.834186	-0.215411	-0.507672	0.328796	0.933320	0.144245	0.442749	-0.287248	0.849389
432	0.833584	-0.216011	-0.508405	0.329678	0.933029	0.144116	0.443226	-0.287743	0.848973
433	0.832945	-0.216517	-0.509237	0.330490	0.932763	0.143981	0.443823	-0.288226	0.848497
434	0.832177	-0.216894	-0.510332	0.331274	0.932500	0.143877	0.444678	-0.288791	0.847857
435	0.831517	-0.217330	-0.511221	0.332090	0.932214	0.143853	0.445304	-0.289387	0.847325
436	0.830767	-0.217609	-0.512320	0.332767	0.931989	0.143744	0.446197	-0.289901	0.846679
437	0.830013	-0.217781	-0.513469	0.333441	0.931737	0.143817	0.447097	-0.290582	0.845970
438	0.829373	-0.218113	-0.514360	0.334226	0.931436	0.143944	0.447697	-0.291296	0.845407
439	0.828775	-0.218567	-0.515132	0.335072	0.931121	0.144017	0.448173	-0.291964	0.844925
440	0.828125	-0.218950	-0.516013	0.335829	0.930853	0.143986	0.448806	-0.292531	0.844392
441	0.827410	-0.219275	-0.517022	0.336527	0.930618	0.143872	0.449603	-0.293033	0.843794
442	0.826791	-0.219698	-0.517831	0.337275	0.930361	0.143787	0.450180	-0.293533	0.843313
443	0.826110	-0.220042	-0.518771	0.338029	0.930088	0.143782	0.450865	-0.294139	0.842735
444	0.825354	-0.220256	-0.519882	0.338711	0.929838	0.143791	0.451736	-0.294769	0.842049
445	0.824657	-0.220497	-0.520885	0.339372	0.929599	0.143778	0.452512	-0.295341	0.841431
446	0.823961	-0.220771	-0.521870	0.340074	0.929341	0.143784	0.453252	-0.295947	0.840820
447	0.823204	-0.221063	-0.522939	0.340809	0.929078	0.143745	0.454075	-0.296554	0.840162
448	0.822538	-0.221492	-0.523806	0.341649	0.928767	0.143763	0.454651	-0.297208	0.839619
