// General information: # Original fixed header
//  MT Manager version: 2022.2.0
//  XDA version: 2022.2.0 build 7381 rev 124627 built on 2023-07-19
// Device information:
//  DeviceId: B42D53
//  ProductCode: MTW2-3A7G6
//  Firmware Version: 4.4.0
//  Hardware Version: 1.1.0
// Device settings:
//  Filter Profile: human(46.1)
//  Option Flags: Orientation Smoother Disabled, Position/Velocity Smoother Disabled, Continuous Zero Rotation Update Disabled, AHS Disabled, ICC Disabled
// Coordinate system: ENU
PacketCounter	Mat[1][1]	Mat[2][1]	Mat[3][1]	Mat[1][2]	Mat[2][2]	Mat[3][2]	Mat[1][3]	Mat[2][3]	Mat[3][3]
1	0.999999	-0.000621	-0.001601	0.000619	0.999998	-0.001627	0.001602	0.001626	0.999997
2	0.999994	-0.001226	-0.003150	0.001216	0.999994	-0.003195	0.003154	0.003191	0.999990
3	0.999987	-0.001818	-0.004715	0.001796	0.999987	-0.004714	0.004724	0.004705	0.999978
4	0.999978	-0.002433	-0.006236	0.002394	0.999978	-0.006248	0.006251	0.006233	0.999961
5	0.999967	-0.003075	-0.007492	0.003017	0.999966	-0.007725	0.007516	0.007703	0.999942
6	0.999957	-0.003698	-0.008526	0.003619	0.999951	-0.009222	0.008560	0.009191	0.999921
7	0.999945	-0.004336	-0.009584	0.004234	0.999934	-0.010666	0.009629	0.010625	0.999897
8	0.999929	-0.004981	-0.010802	0.004850	0.999916	-0.012054	0.010862	0.012001	0.999869
9	0.999911	-0.005580	-0.012122	0.005417	0.999895	-0.013470	0.012196	0.013403	0.999836
10	0.999890	-0.006203	-0.013482	0.006003	0.999872	-0.014838	0.013573	0.014756	0.999799
11	0.999866	-0.006831	-0.014858	0.006592	0.999849	-0.016109	0.014966	0.016009	0.999760
12	0.999843	-0.007429	-0.016104	0.007150	0.999824	-0.017348	0.016230	0.017230	0.999720
13	0.999821	-0.008048	-0.017139	0.007729	0.999797	-0.018594	0.017285	0.018459	0.999680
14	0.999800	-0.008727	-0.017972	0.008371	0.999769	-0.019780	0.018140	0.019626	0.999643
15	0.999779	-0.009419	-0.018787	0.009026	0.999740	-0.020940	0.018980	0.020766	0.999604
16	0.999756	-0.010164	-0.019601	0.009732	0.999710	-0.022028	0.019820	0.021831	0.999565
17	0.999736	-0.010892	-0.020234	0.010424	0.999679	-0.023102	0.020479	0.022885	0.999528
18	0.999717	-0.011637	-0.020769	0.011135	0.999647	-0.024136	0.021043	0.023898	0.999493
19	0.999698	-0.012326	-0.021276	0.011788	0.999613	-0.025202	0.021579	0.024944	0.999456
20	0.999677	-0.013011	-0.021840	0.012437	0.999578	-0.026240	0.022172	0.025960	0.999417
21	0.999651	-0.013713	-0.022584	0.013094	0.999541	-0.027323	0.022949	0.027018	0.999372
22	0.999620	-0.014419	-0.023487	0.013750	0.999502	-0.028419	0.023885	0.028086	0.999320
23	0.999584	-0.015121	-0.024566	0.014393	0.999459	-0.029562	0.025000	0.029196	0.999261
24	0.999543	-0.015807	-0.025759	0.015011	0.999413	-0.030791	0.026230	0.030391	0.999194
25	0.999500	-0.016461	-0.027012	0.015592	0.999364	-0.032077	0.027523	0.031640	0.999120
26	0.999454	-0.017074	-0.028283	0.016126	0.999311	-0.033431	0.028835	0.032957	0.999041
27	0.999404	-0.017698	-0.029643	0.016662	0.999255	-0.034824	0.030237	0.034309	0.998954
28	0.999348	-0.018335	-0.031094	0.017204	0.999195	-0.036254	0.031733	0.035695	0.998859
29	0.999286	-0.018958	-0.032696	0.017722	0.999133	-0.037684	0.033382	0.037078	0.998755
30	0.999219	-0.019532	-0.034345	0.018186	0.999070	-0.039085	0.035077	0.038430	0.998645
31	0.999151	-0.020104	-0.035951	0.018645	0.999006	-0.040491	0.036729	0.039787	0.998533
32	0.999078	-0.020734	-0.037595	0.019155	0.998939	-0.041887	0.038424	0.041128	0.998415
33	0.999003	-0.021359	-0.039204	0.019660	0.998871	-0.043235	0.040083	0.042421	0.998295
34	0.998931	-0.021950	-0.040673	0.020136	0.998807	-0.044492	0.041602	0.043626	0.998181
35	0.998856	-0.022547	-0.042163	0.020617	0.998744	-0.045660	0.043140	0.044739	0.998067
36	0.998776	-0.023129	-0.043711	0.021079	0.998682	-0.046804	0.044736	0.045826	0.997947
37	0.998691	-0.023703	-0.045333	0.021528	0.998622	-0.047866	0.046405	0.046827	0.997825
38	0.998597	-0.024275	-0.047056	0.021972	0.998564	-0.048853	0.048174	0.047751	0.997697
39	0.998498	-0.024849	-0.048820	0.022415	0.998509	-0.049770	0.049984	0.048601	0.997567
40	0.998399	-0.025389	-0.050553	0.022828	0.998458	-0.050609	0.051759	0.049373	0.997438
41	0.998296	-0.025905	-0.052287	0.023219	0.998411	-0.051346	0.053534	0.050044	0.997311
42	0.998192	-0.026437	-0.053981	0.023627	0.998365	-0.052039	0.055268	0.050670	0.997185
43	0.998087	-0.026966	-0.055638	0.024039	0.998325	-0.052632	0.056964	0.051194	0.997063
44	0.997983	-0.027504	-0.057213	0.024470	0.998291	-0.053078	0.058575	0.051571	0.996950
45	0.997878	-0.028093	-0.058737	0.024959	0.998260	-0.053419	0.060136	0.051840	0.996843
46	0.997779	-0.028680	-0.060118	0.025461	0.998236	-0.053639	0.061550	0.051990	0.996749
47	0.997693	-0.029245	-0.061261	0.025961	0.998217	-0.053743	0.062723	0.052029	0.996674
48	0.997612	-0.029833	-0.062298	0.026493	0.998202	-0.053767	0.063790	0.051988	0.996608
49	0.997531	-0.030466	-0.063269	0.027079	0.998189	-0.053717	0.064791	0.051871	0.996550
50	0.997455	-0.031079	-0.064175	0.027655	0.998181	-0.053568	0.065723	0.051657	0.996500
51	0.997371	-0.031727	-0.065148	0.028267	0.998175	-0.053356	0.066722	0.051374	0.996448
52	0.997282	-0.032329	-0.066214	0.028835	0.998175	-0.053059	0.067808	0.051006	0.996394
53	0.997192	-0.032930	-0.067263	0.029405	0.998175	-0.052748	0.068877	0.050622	0.996340
54	0.997100	-0.033525	-0.068315	0.029969	0.998174	-0.052439	0.069949	0.050239	0.996285
55	0.997008	-0.034115	-0.069369	0.030531	0.998176	-0.052079	0.071019	0.049805	0.996231
56	0.996912	-0.034692	-0.070452	0.031084	0.998180	-0.051682	0.072117	0.049333	0.996175
57	0.996810	-0.035213	-0.071626	0.031574	0.998183	-0.051311	0.073302	0.048886	0.996111
58	0.996702	-0.035732	-0.072856	0.032063	0.998187	-0.050932	0.074543	0.048428	0.996041
59	0.996590	-0.036279	-0.074111	0.032575	0.998188	-0.050585	0.075812	0.047998	0.995966
60	0.996474	-0.036852	-0.075378	0.033113	0.998186	-0.050272	0.077094	0.047599	0.995887
61	0.996352	-0.037373	-0.076719	0.033595	0.998186	-0.049964	0.078448	0.047204	0.995800
62	0.996228	-0.037886	-0.078069	0.034067	0.998184	-0.049676	0.079810	0.046829	0.995710
63	0.996101	-0.038411	-0.079419	0.034549	0.998180	-0.049436	0.081173	0.046499	0.995615
64	0.995973	-0.038995	-0.080724	0.035089	0.998170	-0.049257	0.082497	0.046227	0.995519
65	0.995842	-0.039588	-0.082051	0.035633	0.998157	-0.049117	0.083844	0.045989	0.995417
66	0.995705	-0.040166	-0.083421	0.036158	0.998143	-0.049020	0.085235	0.045793	0.995308
67	0.995552	-0.040753	-0.084949	0.036676	0.998125	-0.049013	0.086787	0.045679	0.995179
68	0.995377	-0.041374	-0.086675	0.037215	0.998102	-0.049058	0.088540	0.045605	0.995028
69	0.995206	-0.041997	-0.088329	0.037758	0.998079	-0.049123	0.090222	0.045552	0.994879
70	0.995045	-0.042635	-0.089819	0.038317	0.998051	-0.049260	0.091744	0.045575	0.994739
71	0.994889	-0.043318	-0.091209	0.038916	0.998016	-0.049495	0.093172	0.045693	0.994601
72	0.994736	-0.044022	-0.092529	0.039539	0.997979	-0.049735	0.094532	0.045815	0.994467
73	0.994571	-0.044713	-0.093969	0.040141	0.997943	-0.049991	0.096011	0.045947	0.994319
74	0.994391	-0.045404	-0.095525	0.040736	0.997905	-0.050267	0.097607	0.046093	0.994157
75	0.994199	-0.046123	-0.097167	0.041357	0.997867	-0.050515	0.099289	0.046203	0.993985
76	0.993992	-0.046887	-0.098901	0.042020	0.997828	-0.050737	0.101065	0.046276	0.993803
77	0.993784	-0.047647	-0.100612	0.042686	0.997791	-0.050895	0.102814	0.046284	0.993623
78	0.993580	-0.048383	-0.102267	0.043338	0.997758	-0.050994	0.104505	0.046235	0.993449
79	0.993370	-0.049180	-0.103906	0.044050	0.997722	-0.051099	0.106183	0.046183	0.993274
80	0.993160	-0.050019	-0.105509	0.044815	0.997686	-0.051128	0.107822	0.046050	0.993103
81	0.992957	-0.050882	-0.106988	0.045615	0.997650	-0.051119	0.109337	0.045879	0.992945
82	0.992777	-0.051835	-0.108202	0.046513	0.997608	-0.051143	0.110594	0.045740	0.992813
83	0.992617	-0.052779	-0.109205	0.047424	0.997568	-0.051070	0.111635	0.045514	0.992706
84	0.992465	-0.053721	-0.110120	0.048347	0.997533	-0.050907	0.112583	0.045199	0.992614
85	0.992297	-0.054630	-0.111185	0.049228	0.997496	-0.050773	0.113681	0.044909	0.992502
86	0.992087	-0.055521	-0.112606	0.050077	0.997462	-0.050619	0.115131	0.044579	0.992350
87	0.991842	-0.056454	-0.114294	0.050963	0.997427	-0.050412	0.116846	0.044176	0.992167
88	0.991560	-0.057415	-0.116240	0.051869	0.997392	-0.050184	0.118818	0.043731	0.991952
89	0.991265	-0.058404	-0.118251	0.052808	0.997356	-0.049922	0.120854	0.043241	0.991728
90	0.990978	-0.059406	-0.120139	0.053765	0.997318	-0.049663	0.122767	0.042756	0.991514
91	0.990719	-0.060507	-0.121713	0.054832	0.997270	-0.049449	0.124373	0.042317	0.991333
92	0.990475	-0.061631	-0.123129	0.055930	0.997220	-0.049235	0.125822	0.041880	0.991169
93	0.990255	-0.062737	-0.124335	0.057025	0.997171	-0.048977	0.127056	0.041409	0.991031
94	0.990030	-0.063846	-0.125556	0.058124	0.997120	-0.048725	0.128305	0.040941	0.990889
95	0.989767	-0.065020	-0.127015	0.059281	0.997065	-0.048453	0.129793	0.040427	0.990717
96	0.989478	-0.066259	-0.128621	0.060503	0.997005	-0.048161	0.131427	0.039873	0.990524
97	0.989173	-0.067527	-0.130296	0.061758	0.996945	-0.047824	0.133127	0.039259	0.990321
98	0.988875	-0.068769	-0.131899	0.062995	0.996884	-0.047466	0.134752	0.038629	0.990126
99	0.988597	-0.070025	-0.133312	0.064252	0.996820	-0.047129	0.136188	0.038026	0.989953
100	0.988314	-0.071327	-0.134715	0.065550	0.996749	-0.046852	0.137619	0.037474	0.989776
101	0.988002	-0.072674	-0.136276	0.066891	0.996674	-0.046552	0.139206	0.036878	0.989577
102	0.987655	-0.074028	-0.138051	0.068246	0.996600	-0.046164	0.140999	0.036173	0.989349
103	0.987292	-0.075370	-0.139905	0.069580	0.996523	-0.045835	0.142874	0.035518	0.989103
104	0.986925	-0.076780	-0.141717	0.070973	0.996436	-0.045591	0.144713	0.034937	0.988857
105	0.986543	-0.078257	-0.143560	0.072440	0.996343	-0.045313	0.146581	0.034304	0.988604
106	0.986146	-0.079784	-0.145432	0.073968	0.996246	-0.044979	0.148474	0.033599	0.988345
107	0.985730	-0.081308	-0.147392	0.075483	0.996145	-0.044697	0.150458	0.032934	0.988068
108	0.985313	-0.082863	-0.149305	0.077027	0.996037	-0.044465	0.152398	0.032312	0.987791
109	0.984907	-0.084514	-0.151047	0.078672	0.995918	-0.044255	0.154171	0.031704	0.987535
110	0.984519	-0.086283	-0.152571	0.080431	0.995783	-0.044129	0.155735	0.031174	0.987307
111	0.984154	-0.088109	-0.153878	0.082252	0.995638	-0.044038	0.157087	0.030683	0.987108
112	0.983796	-0.089959	-0.155088	0.084102	0.995488	-0.043931	0.158340	0.030176	0.986923
113	0.983443	-0.091795	-0.156250	0.085928	0.995333	-0.043911	0.159551	0.029758	0.986741
114	0.983081	-0.093685	-0.157403	0.087808	0.995170	-0.043901	0.160756	0.029337	0.986558
115	0.982651	-0.095610	-0.158923	0.089722	0.995002	-0.043838	0.162320	0.028819	0.986317
116	0.982170	-0.097567	-0.160697	0.091669	0.994829	-0.043738	0.164133	0.028228	0.986034
117	0.981679	-0.099498	-0.162503	0.093606	0.994657	-0.043541	0.165966	0.027532	0.985747
118	0.981210	-0.101432	-0.164130	0.095548	0.994479	-0.043377	0.167623	0.026880	0.985485
119	0.980784	-0.103363	-0.165468	0.097504	0.994298	-0.043167	0.168987	0.026204	0.985270
120	0.980385	-0.105269	-0.166626	0.099455	0.994118	-0.042881	0.170160	0.025468	0.985087
121	0.979949	-0.107195	-0.167956	0.101443	0.993934	-0.042485	0.171491	0.024595	0.984879
122	0.979481	-0.109080	-0.169467	0.103401	0.993752	-0.042006	0.172990	0.023620	0.984640
123	0.978994	-0.110983	-0.171038	0.105383	0.993565	-0.041506	0.174544	0.022610	0.984390
124	0.978476	-0.112971	-0.172689	0.107449	0.993364	-0.041028	0.176178	0.021590	0.984122
125	0.977968	-0.114993	-0.174227	0.109569	0.993155	-0.040473	0.177689	0.020492	0.983873
126	0.977477	-0.117027	-0.175624	0.111706	0.992939	-0.039919	0.179056	0.019402	0.983648
127	0.976992	-0.118992	-0.176999	0.113769	0.992725	-0.039406	0.180400	0.018362	0.983422
128	0.976523	-0.120918	-0.178273	0.115791	0.992511	-0.038925	0.181644	0.017368	0.983211
129	0.976041	-0.122773	-0.179639	0.117744	0.992300	-0.038440	0.182975	0.016367	0.982981
130	0.975471	-0.124639	-0.181445	0.119689	0.992083	-0.038024	0.184748	0.015375	0.982666
131	0.974790	-0.126530	-0.183778	0.121657	0.991860	-0.037601	0.187039	0.014295	0.982248
132	0.973980	-0.128480	-0.186696	0.123691	0.991626	-0.037127	0.189903	0.013069	0.981716
133	0.973133	-0.130397	-0.189761	0.125671	0.991390	-0.036780	0.192923	0.011944	0.981141
134	0.972355	-0.132290	-0.192420	0.127608	0.991150	-0.036580	0.195556	0.011014	0.980631
135	0.971635	-0.134257	-0.194682	0.129619	0.990895	-0.036425	0.197800	0.010158	0.980190
136	0.970900	-0.136323	-0.196898	0.131717	0.990620	-0.036369	0.200009	0.009376	0.979749
137	0.970184	-0.138327	-0.199022	0.133738	0.990349	-0.036386	0.202134	0.008684	0.979319
138	0.969457	-0.140355	-0.201132	0.135777	0.990069	-0.036450	0.204250	0.008027	0.978886
139	0.968759	-0.142340	-0.203089	0.137758	0.989790	-0.036597	0.206225	0.007477	0.978476
140	0.968086	-0.144372	-0.204856	0.139795	0.989499	-0.036720	0.208006	0.006910	0.978103
141	0.967346	-0.146478	-0.206848	0.141907	0.989194	-0.036848	0.210010	0.006292	0.977679
142	0.966625	-0.148539	-0.208739	0.143951	0.988890	-0.037087	0.211928	0.005801	0.977268
143	0.966121	-0.150454	-0.209698	0.145844	0.988602	-0.037365	0.212930	0.005516	0.977052
144	0.965720	-0.152268	-0.210239	0.147635	0.988325	-0.037651	0.213517	0.005322	0.976925
145	0.965122	-0.154082	-0.211658	0.149419	0.988045	-0.037949	0.214975	0.004999	0.976607
146	0.964436	-0.155791	-0.213523	0.151083	0.987779	-0.038297	0.216880	0.004675	0.976187
147	0.963853	-0.157324	-0.215026	0.152596	0.987538	-0.038522	0.218407	0.004318	0.975848
148	0.963229	-0.158772	-0.216754	0.154026	0.987308	-0.038728	0.220152	0.003918	0.975458
149	0.962572	-0.160236	-0.218584	0.155461	0.987072	-0.038985	0.222005	0.003545	0.975039
150	0.961950	-0.161793	-0.220171	0.156993	0.986820	-0.039245	0.223619	0.003187	0.974671
151	0.961373	-0.163349	-0.221540	0.158509	0.986564	-0.039577	0.225028	0.002932	0.974348
152	0.960914	-0.164797	-0.222455	0.159914	0.986324	-0.039916	0.225990	0.002782	0.974126
153	0.960506	-0.166181	-0.223188	0.161234	0.986091	-0.040341	0.226787	0.002762	0.973940
154	0.960098	-0.167588	-0.223890	0.162547	0.985853	-0.040898	0.227577	0.002874	0.973756
155	0.959678	-0.169011	-0.224617	0.163884	0.985610	-0.041420	0.228385	0.002939	0.973566
156	0.959215	-0.170448	-0.225511	0.165244	0.985362	-0.041896	0.229351	0.002923	0.973339
157	0.958810	-0.171773	-0.226225	0.166487	0.985132	-0.042392	0.230143	0.002982	0.973152
158	0.958535	-0.173071	-0.226399	0.167692	0.984904	-0.042933	0.230411	0.003188	0.973088
159	0.958358	-0.174327	-0.226184	0.168890	0.984682	-0.043326	0.230272	0.003322	0.973121
160	0.958086	-0.175548	-0.226392	0.170057	0.984465	-0.043693	0.230545	0.003362	0.973056
161	0.957700	-0.176739	-0.227100	0.171190	0.984252	-0.044065	0.231312	0.003323	0.972874
162	0.957262	-0.177844	-0.228079	0.172252	0.984054	-0.044361	0.232332	0.003178	0.972631
163	0.956820	-0.178811	-0.229175	0.173193	0.983879	-0.044568	0.233450	0.002952	0.972364
164	0.956422	-0.179692	-0.230148	0.174036	0.983719	-0.044820	0.234455	0.002813	0.972123
165	0.956050	-0.180607	-0.230974	0.174915	0.983552	-0.045063	0.235313	0.002682	0.971916
166	0.955711	-0.181555	-0.231632	0.175827	0.983377	-0.045320	0.236010	0.002586	0.971747
167	0.955382	-0.182532	-0.232224	0.176762	0.983197	-0.045603	0.236646	0.002520	0.971593
168	0.955125	-0.183476	-0.232538	0.177635	0.983021	-0.045999	0.237029	0.002628	0.971499
169	0.955046	-0.184340	-0.232178	0.178406	0.982858	-0.046492	0.236768	0.002980	0.971562
170	0.955011	-0.185216	-0.231622	0.179159	0.982692	-0.047108	0.236339	0.003491	0.971664
171	0.954899	-0.185984	-0.231470	0.179821	0.982545	-0.047639	0.236289	0.003867	0.971675
172	0.954725	-0.186592	-0.231697	0.180305	0.982428	-0.048218	0.236622	0.004258	0.971592
173	0.954453	-0.187040	-0.232456	0.180613	0.982342	-0.048827	0.237484	0.004619	0.971381
174	0.954021	-0.187407	-0.233927	0.180836	0.982270	-0.049427	0.239042	0.004852	0.970997
175	0.953544	-0.187661	-0.235662	0.180942	0.982221	-0.050021	0.240859	0.005056	0.970547
176	0.953162	-0.187801	-0.237092	0.180912	0.982192	-0.050692	0.242390	0.005425	0.970164
177	0.952796	-0.187942	-0.238449	0.180872	0.982163	-0.051398	0.243855	0.005843	0.969794
178	0.952409	-0.188126	-0.239845	0.180839	0.982124	-0.052244	0.245386	0.006384	0.969404
179	0.952202	-0.188288	-0.240539	0.180755	0.982088	-0.053211	0.246250	0.007189	0.969180
180	0.952149	-0.188338	-0.240708	0.180554	0.982070	-0.054204	0.246601	0.008149	0.969083
181	0.952005	-0.188281	-0.241323	0.180237	0.982074	-0.055192	0.247389	0.009048	0.968874
182	0.951749	-0.188157	-0.242429	0.179844	0.982089	-0.056184	0.248658	0.009874	0.968541
183	0.951361	-0.187939	-0.244113	0.179364	0.982124	-0.057103	0.250481	0.010541	0.968064
184	0.950828	-0.187606	-0.246434	0.178785	0.982183	-0.057905	0.252906	0.010999	0.967428
185	0.950264	-0.187207	-0.248901	0.178157	0.982255	-0.058612	0.255456	0.011353	0.966754
186	0.949568	-0.186862	-0.251802	0.177585	0.982318	-0.059290	0.258428	0.011583	0.965961
187	0.948788	-0.186650	-0.254878	0.177142	0.982356	-0.059976	0.261576	0.011755	0.965111
188	0.948321	-0.186418	-0.256780	0.176658	0.982394	-0.060781	0.263590	0.012277	0.964557
189	0.948280	-0.186166	-0.257113	0.176177	0.982431	-0.061566	0.264058	0.013084	0.964418
190	0.948360	-0.185959	-0.256966	0.175757	0.982458	-0.062329	0.264049	0.013947	0.964408
191	0.948463	-0.185785	-0.256714	0.175360	0.982478	-0.063135	0.263945	0.014864	0.964423
192	0.948501	-0.185530	-0.256759	0.174907	0.982514	-0.063818	0.264110	0.015623	0.964366
193	0.948290	-0.185190	-0.257779	0.174400	0.982572	-0.064321	0.265198	0.016038	0.964061
194	0.947912	-0.184727	-0.259497	0.173781	0.982656	-0.064718	0.266952	0.016251	0.963573
195	0.947546	-0.184189	-0.261212	0.173104	0.982754	-0.065038	0.268686	0.016409	0.963088
196	0.947159	-0.183648	-0.262988	0.172462	0.982855	-0.065214	0.270456	0.016413	0.962593
197	0.946771	-0.183053	-0.264793	0.171786	0.982967	-0.065308	0.272238	0.016344	0.962091
198	0.946377	-0.182479	-0.266593	0.171174	0.983078	-0.065253	0.273989	0.016120	0.961598
199	0.945927	-0.182020	-0.268497	0.170690	0.983168	-0.065162	0.275838	0.015809	0.961074
200	0.945597	-0.181687	-0.269883	0.170359	0.983234	-0.065027	0.277172	0.015512	0.960695
201	0.945578	-0.181387	-0.270150	0.170069	0.983290	-0.064936	0.277415	0.015458	0.960626
202	0.945686	-0.181197	-0.269900	0.169896	0.983325	-0.064863	0.277152	0.015485	0.960701
203	0.945774	-0.181083	-0.269666	0.169802	0.983346	-0.064795	0.276908	0.015492	0.960772
204	0.945852	-0.180949	-0.269485	0.169691	0.983371	-0.064709	0.276712	0.015476	0.960828
205	0.945904	-0.180734	-0.269446	0.169503	0.983411	-0.064586	0.276650	0.015421	0.960847
206	0.945798	-0.180470	-0.269992	0.169291	0.983464	-0.064339	0.277139	0.015144	0.960711
207	0.945554	-0.180219	-0.271013	0.169065	0.983514	-0.064158	0.278108	0.014846	0.960435
208	0.945322	-0.179941	-0.272005	0.168810	0.983569	-0.063989	0.279050	0.014573	0.960166
209	0.945052	-0.179715	-0.273093	0.168634	0.983617	-0.063725	0.280071	0.014171	0.959875
210	0.944758	-0.179437	-0.274291	0.168401	0.983673	-0.063470	0.281201	0.013773	0.959550
211	0.944589	-0.179040	-0.275128	0.168017	0.983748	-0.063329	0.281995	0.013594	0.959320
212	0.944486	-0.178642	-0.275742	0.167635	0.983822	-0.063186	0.282569	0.013454	0.959153
213	0.944325	-0.178284	-0.276523	0.167293	0.983890	-0.063042	0.283307	0.013272	0.958937
214	0.944153	-0.177949	-0.277324	0.166947	0.983951	-0.062994	0.284083	0.013177	0.958709
215	0.943968	-0.177665	-0.278135	0.166667	0.984005	-0.062902	0.284862	0.013021	0.958480
216	0.943715	-0.177404	-0.279159	0.166441	0.984056	-0.062697	0.285831	0.012704	0.958196
217	0.943414	-0.177184	-0.280313	0.166239	0.984099	-0.062552	0.286939	0.012413	0.957868
218	0.943258	-0.177001	-0.280954	0.166075	0.984135	-0.062434	0.287548	0.012232	0.957688
219	0.943220	-0.176863	-0.281167	0.165973	0.984161	-0.062283	0.287729	0.012080	0.957636
220	0.943140	-0.176742	-0.281513	0.165886	0.984185	-0.062138	0.288044	0.011906	0.957543
221	0.943121	-0.176652	-0.281633	0.165794	0.984202	-0.062125	0.288158	0.011898	0.957509
222	0.943169	-0.176534	-0.281545	0.165662	0.984222	-0.062161	0.288076	0.011987	0.957533
223	0.943115	-0.176276	-0.281888	0.165382	0.984267	-0.062184	0.288415	0.012027	0.957430
224	0.942770	-0.175805	-0.283334	0.164875	0.984353	-0.062168	0.289830	0.011896	0.957004
225	0.942134	-0.175116	-0.285865	0.164110	0.984478	-0.062210	0.292321	0.011697	0.956249
226	0.941223	-0.174303	-0.289342	0.163211	0.984627	-0.062230	0.295740	0.011349	0.955201
227	0.940084	-0.173474	-0.293511	0.162303	0.984779	-0.062194	0.299832	0.010830	0.953931
228	0.938990	-0.172804	-0.297383	0.161557	0.984902	-0.062192	0.303640	0.010353	0.952731
229	0.938233	-0.172214	-0.300102	0.160869	0.985007	-0.062309	0.306333	0.010183	0.951870
230	0.937907	-0.171620	-0.301457	0.160201	0.985110	-0.062403	0.307678	0.010234	0.951435
231	0.937882	-0.171082	-0.301841	0.159613	0.985202	-0.062457	0.308060	0.010400	0.951310
232	0.937903	-0.170643	-0.302024	0.159118	0.985276	-0.062553	0.308251	0.010611	0.951246
233	0.937848	-0.170270	-0.302407	0.158691	0.985339	-0.062650	0.308641	0.010767	0.951118
234	0.937668	-0.169881	-0.303183	0.158238	0.985405	-0.062756	0.309419	0.010869	0.950864
235	0.937481	-0.169416	-0.304020	0.157705	0.985483	-0.062864	0.310257	0.010988	0.950589
236	0.937265	-0.168881	-0.304982	0.157098	0.985574	-0.062962	0.311215	0.011100	0.950275
237	0.936955	-0.168319	-0.306241	0.156469	0.985670	-0.063029	0.312462	0.011138	0.949865
238	0.936587	-0.167743	-0.307681	0.155824	0.985768	-0.063095	0.313886	0.011150	0.949395
239	0.936316	-0.167091	-0.308858	0.155100	0.985877	-0.063165	0.315051	0.011238	0.949008
240	0.936076	-0.166501	-0.309902	0.154449	0.985976	-0.063213	0.316081	0.011308	0.948665
241	0.935873	-0.165977	-0.310794	0.153846	0.986063	-0.063333	0.316974	0.011457	0.948365
242	0.935791	-0.165447	-0.311323	0.153232	0.986149	-0.063478	0.317513	0.011698	0.948182
243	0.935781	-0.164887	-0.311652	0.152593	0.986240	-0.063613	0.317853	0.011972	0.948065
244	0.935783	-0.164260	-0.311975	0.151888	0.986341	-0.063727	0.318182	0.012249	0.947951
245	0.935703	-0.163591	-0.312568	0.151155	0.986450	-0.063786	0.318768	0.012438	0.947751
246	0.935504	-0.162982	-0.313479	0.150486	0.986549	-0.063829	0.319665	0.012538	0.947448
247	0.935272	-0.162407	-0.314467	0.149827	0.986642	-0.063945	0.320652	0.012690	0.947112
248	0.935194	-0.161835	-0.314994	0.149135	0.986732	-0.064183	0.321202	0.013047	0.946921
249	0.935310	-0.161252	-0.314949	0.148434	0.986821	-0.064439	0.321189	0.013521	0.946919
250	0.935570	-0.160668	-0.314475	0.147671	0.986905	-0.064893	0.320783	0.014273	0.947045
251	0.935913	-0.160123	-0.313731	0.146892	0.986979	-0.065535	0.320140	0.015251	0.947247
252	0.936153	-0.159589	-0.313287	0.146084	0.987049	-0.066281	0.319808	0.016282	0.947343
253	0.936209	-0.159032	-0.313402	0.145229	0.987122	-0.067069	0.320032	0.017276	0.947249
254	0.936146	-0.158266	-0.313979	0.144196	0.987231	-0.067700	0.320684	0.018102	0.947013
255	0.935863	-0.157392	-0.315260	0.143022	0.987355	-0.068366	0.322034	0.018892	0.946540
256	0.935417	-0.156529	-0.317008	0.141830	0.987478	-0.069080	0.323851	0.019658	0.945904
257	0.935151	-0.155708	-0.318195	0.140676	0.987589	-0.069838	0.325120	0.020547	0.945450
258	0.934931	-0.154882	-0.319244	0.139575	0.987704	-0.070430	0.326226	0.021288	0.945052
259	0.934708	-0.154007	-0.320317	0.138446	0.987825	-0.070948	0.327344	0.021969	0.944650
260	0.934577	-0.153164	-0.321103	0.137324	0.987938	-0.071553	0.328190	0.022777	0.944337
261	0.934553	-0.152359	-0.321555	0.136217	0.988040	-0.072259	0.328719	0.023728	0.944130
262	0.934702	-0.151525	-0.321516	0.135085	0.988143	-0.072978	0.328762	0.024781	0.944088
263	0.934924	-0.150671	-0.321271	0.133929	0.988245	-0.073726	0.328603	0.025900	0.944113
264	0.935053	-0.149803	-0.321301	0.132737	0.988346	-0.074514	0.328720	0.027026	0.944041
265	0.935044	-0.148947	-0.321727	0.131517	0.988444	-0.075380	0.329236	0.028171	0.943827
266	0.934933	-0.148155	-0.322412	0.130320	0.988528	-0.076346	0.330024	0.029361	0.943516
267	0.934785	-0.147317	-0.323225	0.129076	0.988618	-0.077289	0.330932	0.030528	0.943161
268	0.934691	-0.146345	-0.323938	0.127711	0.988725	-0.078179	0.331727	0.031703	0.942843
269	0.934557	-0.145332	-0.324780	0.126265	0.988834	-0.079154	0.332657	0.032965	0.942471
270	0.934396	-0.144370	-0.325671	0.124844	0.988930	-0.080199	0.333644	0.034280	0.942076
271	0.934320	-0.143468	-0.326286	0.123522	0.989017	-0.081166	0.334347	0.035532	0.941780
272	0.934263	-0.142613	-0.326824	0.122259	0.989096	-0.082113	0.334971	0.036758	0.941511
273	0.934300	-0.141806	-0.327070	0.120991	0.989157	-0.083244	0.335329	0.038203	0.941326
274	0.934536	-0.141037	-0.326727	0.119768	0.989205	-0.084436	0.335109	0.039778	0.941339
275	0.934878	-0.140248	-0.326090	0.118541	0.989251	-0.085616	0.334592	0.041386	0.941454
276	0.935225	-0.139467	-0.325428	0.117344	0.989295	-0.086750	0.334043	0.042944	0.941579
277	0.935551	-0.138674	-0.324830	0.116152	0.989341	-0.087830	0.333547	0.044440	0.941685
278	0.935887	-0.137875	-0.324200	0.114979	0.989387	-0.088848	0.333009	0.045875	0.941807
279	0.936146	-0.137201	-0.323739	0.113941	0.989418	-0.089836	0.332638	0.047212	0.941872
280	0.936484	-0.136616	-0.323008	0.113018	0.989434	-0.090811	0.332001	0.048538	0.942029
281	0.937032	-0.136005	-0.321673	0.112122	0.989451	-0.091734	0.330756	0.049891	0.942397
282	0.937722	-0.135347	-0.319936	0.111224	0.989472	-0.092595	0.329100	0.051244	0.942904
283	0.938535	-0.134645	-0.317841	0.110286	0.989491	-0.093513	0.327091	0.052711	0.943521
284	0.939342	-0.133906	-0.315763	0.109334	0.989515	-0.094375	0.325090	0.054127	0.944133
285	0.939935	-0.133104	-0.314334	0.108324	0.989555	-0.095110	0.323711	0.055347	0.944536
286	0.940173	-0.132229	-0.313991	0.107209	0.989616	-0.095739	0.323390	0.056349	0.944587
287	0.939914	-0.131304	-0.315152	0.106011	0.989703	-0.096176	0.324536	0.056988	0.944155
288	0.939202	-0.130396	-0.317641	0.104790	0.989803	-0.096483	0.326983	0.057331	0.943290
289	0.938468	-0.129468	-0.320181	0.103533	0.989903	-0.096816	0.329483	0.057710	0.942396
290	0.937983	-0.128604	-0.321945	0.102358	0.989983	-0.097239	0.331226	0.058255	0.941751
291	0.937774	-0.127809	-0.322870	0.101293	0.990047	-0.097710	0.332144	0.058925	0.941386
292	0.937961	-0.127034	-0.322631	0.100271	0.990089	-0.098333	0.331925	0.059882	0.941403
293	0.938388	-0.126239	-0.321700	0.099249	0.990123	-0.099028	0.331024	0.060998	0.941649
294	0.938827	-0.125408	-0.320743	0.098179	0.990155	-0.099770	0.330098	0.062177	0.941897
295	0.939104	-0.124555	-0.320266	0.097035	0.990187	-0.100564	0.329649	0.063363	0.941975
296	0.939128	-0.123805	-0.320485	0.095940	0.990210	-0.101389	0.329900	0.064470	0.941812
297	0.938958	-0.123134	-0.321241	0.094924	0.990234	-0.102108	0.330677	0.065382	0.941477
298	0.938597	-0.122496	-0.322537	0.093915	0.990259	-0.102793	0.331987	0.066190	0.940959
299	0.938238	-0.121757	-0.323859	0.092785	0.990292	-0.103504	0.333317	0.067062	0.940427
300	0.938061	-0.120968	-0.324666	0.091622	0.990321	-0.104261	0.334135	0.068056	0.940065
301	0.938070	-0.120184	-0.324932	0.090493	0.990341	-0.105050	0.334419	0.069140	0.939885
302	0.938145	-0.119402	-0.325004	0.089382	0.990358	-0.105836	0.334507	0.070240	0.939772
303	0.938165	-0.118618	-0.325234	0.088261	0.990376	-0.106610	0.334750	0.071312	0.939605
304	0.938083	-0.117796	-0.325768	0.087090	0.990401	-0.107341	0.335285	0.072324	0.939337
305	0.937901	-0.116963	-0.326590	0.085855	0.990421	-0.108145	0.336111	0.073390	0.938959
306	0.937575	-0.116138	-0.327818	0.084588	0.990440	-0.108965	0.337339	0.074434	0.938436
307	0.937095	-0.115310	-0.329479	0.083334	0.990473	-0.109625	0.338981	0.075272	0.937777
308	0.936511	-0.114468	-0.331429	0.082066	0.990514	-0.110210	0.340901	0.076014	0.937021
309	0.935909	-0.113616	-0.333415	0.080768	0.990553	-0.110825	0.342856	0.076793	0.936244
310	0.935436	-0.112741	-0.335036	0.079454	0.990583	-0.111498	0.344452	0.077680	0.935585
311	0.935144	-0.111887	-0.336135	0.078217	0.990610	-0.112134	0.345525	0.078570	0.935115
312	0.934914	-0.111154	-0.337016	0.077131	0.990624	-0.112758	0.346390	0.079424	0.934722
313	0.934691	-0.110514	-0.337845	0.076138	0.990627	-0.113404	0.347211	0.080275	0.934345
314	0.934493	-0.109909	-0.338589	0.075166	0.990621	-0.114110	0.347955	0.081185	0.933989
315	0.934359	-0.109287	-0.339160	0.074158	0.990605	-0.114901	0.348531	0.082207	0.933685
316	0.934260	-0.108623	-0.339646	0.073119	0.990592	-0.115675	0.349016	0.083236	0.933413
317	0.934125	-0.107995	-0.340217	0.072088	0.990570	-0.116508	0.349591	0.084307	0.933101
318	0.933840	-0.107478	-0.341163	0.071101	0.990532	-0.117432	0.350554	0.085406	0.932640
319	0.933441	-0.107002	-0.342401	0.070137	0.990494	-0.118329	0.351807	0.086439	0.932073
320	0.933033	-0.106529	-0.343660	0.069185	0.990458	-0.119189	0.353077	0.087431	0.931500
321	0.932664	-0.106018	-0.344816	0.068182	0.990418	-0.120099	0.354245	0.088501	0.930956
322	0.932314	-0.105571	-0.345897	0.067223	0.990364	-0.121080	0.355347	0.089633	0.930427
323	0.931909	-0.105180	-0.347106	0.066345	0.990315	-0.121961	0.356572	0.090628	0.929862
324	0.931405	-0.104853	-0.348555	0.065564	0.990276	-0.122699	0.358031	0.091429	0.929222
325	0.930868	-0.104573	-0.350071	0.064806	0.990229	-0.123475	0.359563	0.092253	0.928549
326	0.930439	-0.104290	-0.351292	0.064047	0.990173	-0.124322	0.360805	0.093175	0.927975
327	0.930122	-0.104020	-0.352212	0.063373	0.990123	-0.125061	0.361742	0.094001	0.927527
328	0.929744	-0.103715	-0.353297	0.062746	0.990103	-0.125534	0.362820	0.094547	0.927050
329	0.929230	-0.103462	-0.354720	0.062180	0.990093	-0.125896	0.364231	0.094930	0.926458
330	0.928598	-0.103229	-0.356440	0.061632	0.990091	-0.126179	0.365933	0.095202	0.925759
331	0.927957	-0.103016	-0.358166	0.061191	0.990111	-0.126239	0.367629	0.095228	0.925084
332	0.927384	-0.102896	-0.359682	0.060966	0.990147	-0.126064	0.369110	0.094981	0.924520
333	0.926828	-0.102801	-0.361139	0.060873	0.990206	-0.125644	0.370519	0.094467	0.924009
334	0.926316	-0.102709	-0.362478	0.060924	0.990296	-0.124911	0.371790	0.093623	0.923584
335	0.925775	-0.102711	-0.363856	0.061230	0.990418	-0.123790	0.373084	0.092323	0.923193
336	0.925120	-0.102819	-0.365488	0.061602	0.990527	-0.122726	0.374645	0.091021	0.922690
337	0.924390	-0.102960	-0.367292	0.061925	0.990616	-0.121840	0.376390	0.089883	0.922091
338	0.923501	-0.103133	-0.369471	0.062220	0.990698	-0.121019	0.378516	0.088773	0.921328
339	0.922520	-0.103334	-0.371859	0.062508	0.990774	-0.120249	0.380854	0.087688	0.920468
340	0.921584	-0.103592	-0.374102	0.062933	0.990856	-0.119343	0.383044	0.086441	0.919677
341	0.920574	-0.104073	-0.376448	0.063817	0.990972	-0.117906	0.385320	0.084517	0.918904
342	0.919625	-0.104813	-0.378554	0.065057	0.991074	-0.116362	0.387372	0.082382	0.918236
343	0.918708	-0.105538	-0.380575	0.066218	0.991155	-0.115008	0.389346	0.080458	0.917571
344	0.917815	-0.106285	-0.382516	0.067290	0.991204	-0.113957	0.391263	0.078852	0.916894
345	0.916984	-0.107083	-0.384284	0.068224	0.991203	-0.113407	0.393047	0.077775	0.916223
346	0.916029	-0.107897	-0.386329	0.068932	0.991158	-0.113374	0.395145	0.077223	0.915367
347	0.914993	-0.108734	-0.388542	0.069391	0.991062	-0.113937	0.397458	0.077291	0.914360
348	0.913809	-0.109660	-0.391059	0.069724	0.990922	-0.114944	0.400114	0.077771	0.913160
349	0.912561	-0.110633	-0.393692	0.069993	0.990759	-0.116177	0.402907	0.078462	0.911872
350	0.911335	-0.111368	-0.396314	0.070118	0.990637	-0.117141	0.405649	0.078966	0.910611
351	0.910093	-0.111731	-0.399057	0.069995	0.990577	-0.117718	0.408450	0.079202	0.909338
352	0.908875	-0.111990	-0.401752	0.069699	0.990513	-0.118433	0.411204	0.079639	0.908058
353	0.907693	-0.112536	-0.404263	0.069527	0.990386	-0.119589	0.413835	0.080443	0.906791
354	0.906509	-0.113440	-0.406662	0.069635	0.990207	-0.120997	0.416405	0.081367	0.905531
355	0.905404	-0.114560	-0.408803	0.069963	0.990002	-0.122479	0.418747	0.082292	0.904367
356	0.904545	-0.115644	-0.410395	0.070218	0.989777	-0.124139	0.420555	0.083473	0.903419
357	0.903926	-0.116617	-0.411483	0.070192	0.989513	-0.126240	0.421890	0.085229	0.902632
358	0.903256	-0.117568	-0.412682	0.070081	0.989239	-0.128432	0.423341	0.087086	0.901775
359	0.902261	-0.118542	-0.414576	0.070036	0.988989	-0.130364	0.425465	0.088587	0.900629
360	0.900819	-0.119527	-0.417418	0.070045	0.988776	-0.131973	0.428507	0.089646	0.899080
361	0.899092	-0.120436	-0.420866	0.069883	0.988568	-0.133601	0.432145	0.090708	0.897230
362	0.897340	-0.121370	-0.424324	0.069620	0.988333	-0.135464	0.435815	0.092016	0.895320
363	0.895678	-0.122608	-0.427467	0.069504	0.988024	-0.137758	0.439238	0.093676	0.893474
364	0.893667	-0.124224	-0.431192	0.069582	0.987657	-0.140326	0.443302	0.095401	0.891281
365	0.890799	-0.126088	-0.436554	0.069604	0.987255	-0.143116	0.449036	0.097101	0.888222
366	0.887488	-0.127856	-0.442739	0.069282	0.986840	-0.146104	0.455593	0.098992	0.884667
367	0.884290	-0.129445	-0.448638	0.068578	0.986391	-0.149432	0.461875	0.101375	0.881132
368	0.881283	-0.131100	-0.454042	0.067820	0.985892	-0.153029	0.467698	0.104069	0.877740
369	0.878684	-0.133331	-0.458407	0.067607	0.985284	-0.156988	0.472593	0.106952	0.874767
370	0.876885	-0.136446	-0.460929	0.068605	0.984576	-0.160943	0.475780	0.109506	0.872721
371	0.875957	-0.139977	-0.461634	0.070555	0.983859	-0.164447	0.477202	0.111478	0.871695
372	0.876243	-0.143464	-0.460019	0.073154	0.983192	-0.167280	0.476285	0.112925	0.872009
373	0.878835	-0.145947	-0.454256	0.075775	0.982678	-0.169123	0.471070	0.114210	0.874671
374	0.884201	-0.147469	-0.443218	0.078544	0.982285	-0.170137	0.460456	0.115624	0.880120
375	0.889319	-0.149248	-0.432246	0.082036	0.981975	-0.170278	0.449868	0.115972	0.885533
376	0.891274	-0.152129	-0.427186	0.085977	0.981651	-0.170202	0.445240	0.114968	0.888000
377	0.891114	-0.156000	-0.426122	0.090060	0.981170	-0.170864	0.444753	0.113882	0.888384
378	0.890928	-0.160427	-0.424865	0.094005	0.980413	-0.173073	0.444308	0.114257	0.888558
379	0.892031	-0.164659	-0.420914	0.097691	0.979505	-0.176142	0.441290	0.116005	0.889835
380	0.893691	-0.168372	-0.415893	0.101205	0.978678	-0.178738	0.437119	0.117646	0.891676
381	0.895279	-0.171079	-0.411348	0.103852	0.978034	-0.180733	0.433232	0.119087	0.893380
382	0.897314	-0.171979	-0.406511	0.105160	0.977748	-0.181523	0.428683	0.120134	0.895432
383	0.900015	-0.170998	-0.400914	0.105201	0.977857	-0.180910	0.422972	0.120645	0.898076
384	0.900849	-0.170102	-0.399419	0.104861	0.978057	-0.180027	0.421277	0.120294	0.898919
385	0.897996	-0.170462	-0.405643	0.104692	0.978207	-0.179305	0.427368	0.118548	0.896272
386	0.892337	-0.172381	-0.417157	0.105391	0.978227	-0.178789	0.438894	0.115575	0.891075
387	0.886542	-0.175032	-0.428261	0.107073	0.978165	-0.178127	0.450088	0.112062	0.885925
388	0.881556	-0.177628	-0.437386	0.109007	0.978065	-0.177501	0.459321	0.108799	0.881582
389	0.877953	-0.180262	-0.443513	0.111376	0.977892	-0.176983	0.465611	0.105986	0.878620
390	0.876447	-0.182791	-0.445452	0.114209	0.977658	-0.176469	0.467757	0.103791	0.877742
391	0.876804	-0.184941	-0.443859	0.116852	0.977358	-0.176401	0.466433	0.102803	0.878562
392	0.878494	-0.186733	-0.439749	0.119084	0.976986	-0.176967	0.462674	0.103097	0.880513
393	0.880463	-0.188258	-0.435137	0.121106	0.976643	-0.177487	0.458387	0.103573	0.882697
394	0.880875	-0.189907	-0.433584	0.123179	0.976399	-0.177404	0.457042	0.102862	0.883477
395	0.878645	-0.191737	-0.437288	0.125116	0.976285	-0.176673	0.460792	0.100521	0.881797
396	0.873493	-0.193691	-0.446648	0.126905	0.976319	-0.175203	0.470006	0.096357	0.877388
397	0.866272	-0.195913	-0.459556	0.128960	0.976414	-0.173161	0.482641	0.090740	0.871105
398	0.859025	-0.198459	-0.471900	0.131428	0.976399	-0.171382	0.494775	0.085200	0.864834
399	0.853918	-0.201386	-0.479863	0.134592	0.976180	-0.170169	0.502703	0.080725	0.860682
400	0.852766	-0.204475	-0.480603	0.138517	0.975770	-0.169367	0.503590	0.077859	0.860427
401	0.854759	-0.207463	-0.475759	0.142771	0.975260	-0.168774	0.499003	0.076336	0.863232
402	0.858557	-0.210529	-0.467502	0.147099	0.974620	-0.168754	0.491164	0.076116	0.867735
403	0.862280	-0.213920	-0.459034	0.151578	0.973872	-0.169110	0.483216	0.076241	0.872175
404	0.864803	-0.217371	-0.452622	0.155964	0.973136	-0.169354	0.477275	0.075865	0.875473
405	0.865366	-0.220791	-0.449882	0.160043	0.972464	-0.169413	0.474898	0.074604	0.876873
406	0.863585	-0.224023	-0.451702	0.163607	0.971903	-0.169227	0.476921	0.072240	0.875972
407	0.860489	-0.226830	-0.456187	0.166637	0.971475	-0.168725	0.481446	0.069169	0.873742
408	0.857079	-0.229528	-0.461230	0.169439	0.971051	-0.168376	0.486525	0.066161	0.871158
409	0.853630	-0.232304	-0.466209	0.172152	0.970568	-0.168409	0.491610	0.063500	0.868497
410	0.851051	-0.235021	-0.469550	0.174858	0.970050	-0.168606	0.495113	0.061388	0.866657
411	0.849937	-0.237484	-0.470327	0.177393	0.969525	-0.168975	0.496123	0.060185	0.866164
412	0.849875	-0.239674	-0.469328	0.179660	0.969013	-0.169517	0.495414	0.059749	0.866600
413	0.850169	-0.241751	-0.467727	0.181788	0.968504	-0.170155	0.494131	0.059634	0.867340
414	0.849505	-0.243839	-0.467849	0.183825	0.968017	-0.170739	0.494519	0.059041	0.867159
415	0.847569	-0.245851	-0.470302	0.185742	0.967592	-0.171070	0.497119	0.057639	0.865766
416	0.844829	-0.247687	-0.474253	0.187438	0.967233	-0.171255	0.501130	0.055788	0.863572
417	0.841645	-0.249246	-0.479072	0.188812	0.966946	-0.171362	0.505948	0.053772	0.860886
418	0.838706	-0.250646	-0.483476	0.190093	0.966690	-0.171394	0.510331	0.051843	0.858414
419	0.836171	-0.252039	-0.487128	0.191439	0.966421	-0.171414	0.513974	0.050076	0.856343
420	0.833999	-0.253684	-0.489991	0.192997	0.966065	-0.171668	0.516912	0.048604	0.854657
421	0.832189	-0.255532	-0.492102	0.194718	0.965637	-0.172135	0.519178	0.047428	0.853349
422	0.831304	-0.257383	-0.492633	0.196518	0.965179	-0.172653	0.519917	0.046716	0.852939
423	0.831232	-0.259166	-0.491819	0.198272	0.964713	-0.173255	0.519366	0.046501	0.853286
424	0.830798	-0.260897	-0.491638	0.199899	0.964261	-0.173901	0.519438	0.046198	0.853259
425	0.829810	-0.262605	-0.492396	0.201416	0.963821	-0.174589	0.520429	0.045700	0.852681
426	0.828210	-0.264266	-0.494198	0.202876	0.963408	-0.175175	0.522407	0.044821	0.851517
427	0.826132	-0.265911	-0.496787	0.204250	0.963004	-0.175801	0.525155	0.043767	0.849881
428	0.823662	-0.267794	-0.499868	0.205740	0.962532	-0.176647	0.528444	0.042655	0.847896
429	0.821303	-0.269795	-0.502664	0.207229	0.962009	-0.177749	0.531523	0.041820	0.846011
430	0.820334	-0.271664	-0.503241	0.208580	0.961480	-0.179028	0.532491	0.041896	0.845398
431	0.820497	-0.273500	-0.501978	0.209915	0.960925	-0.180443	0.531714	0.042680	0.845848
432	0.820754	-0.275329	-0.500556	0.211189	0.960359	-0.181958	0.530812	0.043631	0.846365
433	0.820851	-0.277176	-0.499377	0.212476	0.959788	-0.183468	0.530149	0.044495	0.846736
434	0.820238	-0.278958	-0.499391	0.213739	0.959257	-0.184777	0.530590	0.044822	0.846443
435	0.818685	-0.280577	-0.501030	0.214864	0.958800	-0.185841	0.532530	0.044492	0.845241
436	0.816656	-0.282036	-0.503516	0.215873	0.958404	-0.186708	0.535230	0.043781	0.843571
437	0.814454	-0.283535	-0.506233	0.216960	0.958003	-0.187508	0.538138	0.042884	0.841765
438	0.812332	-0.285226	-0.508687	0.218214	0.957537	-0.188432	0.540832	0.042067	0.840078
439	0.810907	-0.286957	-0.509986	0.219547	0.957038	-0.189411	0.542429	0.041629	0.839069
440	0.810706	-0.288640	-0.509355	0.220864	0.956518	-0.190504	0.542195	0.041944	0.839205
441	0.810859	-0.290269	-0.508184	0.222145	0.956002	-0.191604	0.541442	0.042473	0.839665
442	0.810844	-0.291751	-0.507360	0.223225	0.955527	-0.192714	0.541020	0.043006	0.839909
443	0.810460	-0.293109	-0.507191	0.224159	0.955096	-0.193764	0.541210	0.043347	0.839770
444	0.809248	-0.294399	-0.508377	0.225098	0.954714	-0.194555	0.542631	0.043009	0.838869
445	0.807337	-0.295635	-0.510693	0.226026	0.954371	-0.195160	0.545087	0.042130	0.837320
446	0.805370	-0.296844	-0.513092	0.226954	0.954038	-0.195713	0.547605	0.041173	0.835723
447	0.803735	-0.298070	-0.514942	0.227925	0.953689	-0.196284	0.549600	0.040392	0.834451
448	0.802535	-0.299383	-0.516049	0.228992	0.953299	-0.196934	0.550908	0.039876	0.833613
