// General information: # Original fixed header
//  MT Manager version: 2022.2.0
//  XDA version: 2022.2.0 build 7381 rev 124627 built on 2023-07-19
// Device information:
//  DeviceId: B42DA2
//  ProductCode: MTW2-3A7G6
//  Firmware Version: 4.4.0
//  Hardware Version: 1.1.0
// Device settings:
//  Filter Profile: human(46.1)
//  Option Flags: Orientation Smoother Disabled, Position/Velocity Smoother Disabled, Continuous Zero Rotation Update Disabled, AHS Disabled, ICC Disabled
// Coordinate system: ENU
PacketCounter	Mat[1][1]	Mat[2][1]	Mat[3][1]	Mat[1][2]	Mat[2][2]	Mat[3][2]	Mat[1][3]	Mat[2][3]	Mat[3][3]
1	0.999997	-0.000365	-0.002267	0.000369	0.999999	0.001669	0.002267	-0.001670	0.999996
2	0.999990	-0.000858	-0.004400	0.000871	0.999995	0.002943	0.004397	-0.002947	0.999986
3	0.999977	-0.001493	-0.006605	0.001518	0.999991	0.003895	0.006599	-0.003905	0.999971
4	0.999961	-0.002237	-0.008601	0.002280	0.999985	0.004995	0.008590	-0.005014	0.999951
5	0.999943	-0.003047	-0.010218	0.003111	0.999976	0.006252	0.010199	-0.006283	0.999928
6	0.999925	-0.003857	-0.011614	0.003944	0.999964	0.007472	0.011585	-0.007517	0.999905
7	0.999907	-0.004643	-0.012831	0.004757	0.999950	0.008831	0.012789	-0.008891	0.999879
8	0.999888	-0.005348	-0.013963	0.005494	0.999931	0.010429	0.013906	-0.010505	0.999848
9	0.999868	-0.005955	-0.015098	0.006138	0.999909	0.012052	0.015025	-0.012143	0.999813
10	0.999847	-0.006551	-0.016223	0.006770	0.999887	0.013455	0.016133	-0.013563	0.999778
11	0.999825	-0.007109	-0.017306	0.007361	0.999867	0.014545	0.017200	-0.014670	0.999744
12	0.999808	-0.007675	-0.018044	0.007960	0.999844	0.015776	0.017920	-0.015917	0.999713
13	0.999796	-0.008301	-0.018416	0.008618	0.999814	0.017248	0.018269	-0.017403	0.999682
14	0.999788	-0.008910	-0.018558	0.009260	0.999780	0.018845	0.018386	-0.019012	0.999650
15	0.999780	-0.009549	-0.018695	0.009930	0.999744	0.020350	0.018496	-0.020531	0.999618
16	0.999773	-0.010221	-0.018677	0.010627	0.999706	0.021789	0.018449	-0.021983	0.999588
17	0.999769	-0.010865	-0.018548	0.011297	0.999664	0.023326	0.018288	-0.023530	0.999556
18	0.999767	-0.011468	-0.018310	0.011920	0.999622	0.024782	0.018019	-0.024994	0.999525
19	0.999762	-0.012070	-0.018197	0.012540	0.999584	0.025961	0.017876	-0.026183	0.999497
20	0.999753	-0.012882	-0.018098	0.013368	0.999546	0.027015	0.017741	-0.027250	0.999471
21	0.999745	-0.013774	-0.017907	0.014277	0.999498	0.028287	0.017508	-0.028535	0.999439
22	0.999740	-0.014532	-0.017566	0.015054	0.999437	0.029990	0.017121	-0.030247	0.999396
23	0.999734	-0.015214	-0.017339	0.015760	0.999369	0.031844	0.016843	-0.032109	0.999342
24	0.999722	-0.015777	-0.017540	0.016358	0.999304	0.033511	0.016999	-0.033788	0.999284
25	0.999706	-0.016264	-0.017996	0.016887	0.999244	0.035029	0.017412	-0.035323	0.999224
26	0.999688	-0.016764	-0.018521	0.017434	0.999177	0.036627	0.017892	-0.036938	0.999157
27	0.999670	-0.017234	-0.019057	0.017955	0.999103	0.038363	0.018379	-0.038692	0.999082
28	0.999647	-0.017688	-0.019836	0.018476	0.999018	0.040260	0.019105	-0.040612	0.998992
29	0.999617	-0.017921	-0.021094	0.018800	0.998930	0.042244	0.020314	-0.042624	0.998885
30	0.999584	-0.017966	-0.022576	0.018953	0.998839	0.044287	0.021754	-0.044696	0.998764
31	0.999542	-0.017996	-0.024325	0.019108	0.998745	0.046292	0.023462	-0.046736	0.998632
32	0.999486	-0.018116	-0.026442	0.019381	0.998641	0.048381	0.025529	-0.048869	0.998479
33	0.999415	-0.018208	-0.028941	0.019657	0.998526	0.050583	0.027978	-0.051122	0.998300
34	0.999330	-0.018093	-0.031800	0.019759	0.998405	0.052878	0.030793	-0.053471	0.998095
35	0.999229	-0.017670	-0.035065	0.019591	0.998281	0.055229	0.034029	-0.055874	0.997858
36	0.999108	-0.016990	-0.038672	0.019202	0.998158	0.057555	0.037623	-0.058246	0.997593
37	0.998962	-0.016295	-0.042540	0.018826	0.998034	0.059779	0.041482	-0.060518	0.997305
38	0.998789	-0.015687	-0.046627	0.018556	0.997919	0.061752	0.045561	-0.062542	0.997002
39	0.998601	-0.015124	-0.050663	0.018346	0.997797	0.063754	0.049587	-0.064595	0.996679
40	0.998406	-0.014445	-0.054552	0.018042	0.997655	0.066030	0.053471	-0.066909	0.996325
41	0.998202	-0.013644	-0.058364	0.017634	0.997502	0.068407	0.057285	-0.069313	0.995949
42	0.997993	-0.012811	-0.062021	0.017196	0.997350	0.070692	0.060951	-0.071617	0.995568
43	0.997779	-0.011998	-0.065515	0.016782	0.997194	0.072957	0.064456	-0.073894	0.995181
44	0.997562	-0.011285	-0.068867	0.016476	0.997027	0.075276	0.067813	-0.076228	0.994782
45	0.997347	-0.010693	-0.072006	0.016287	0.996854	0.077565	0.070950	-0.078532	0.994384
46	0.997163	-0.010227	-0.074570	0.016193	0.996676	0.079841	0.073505	-0.080822	0.994014
47	0.997009	-0.009689	-0.076673	0.015999	0.996493	0.082127	0.075609	-0.083108	0.993668
48	0.996875	-0.009121	-0.078471	0.015756	0.996311	0.084357	0.077412	-0.085330	0.993341
49	0.996738	-0.008671	-0.080234	0.015610	0.996149	0.086271	0.079177	-0.087242	0.993036
50	0.996578	-0.008284	-0.082241	0.015527	0.996015	0.087829	0.081186	-0.088805	0.992735
51	0.996416	-0.007961	-0.084212	0.015519	0.995868	0.089482	0.083152	-0.090468	0.992422
52	0.996273	-0.007535	-0.085925	0.015421	0.995686	0.091491	0.084865	-0.092476	0.992092
53	0.996144	-0.007022	-0.087453	0.015229	0.995500	0.093534	0.086403	-0.094505	0.991768
54	0.996001	-0.006510	-0.089100	0.015047	0.995317	0.095487	0.088062	-0.096446	0.991435
55	0.995835	-0.006127	-0.090973	0.015026	0.995126	0.097461	0.089932	-0.098422	0.991073
56	0.995657	-0.005867	-0.092915	0.015161	0.994908	0.099638	0.091857	-0.100614	0.990676
57	0.995488	-0.005662	-0.094719	0.015359	0.994670	0.101960	0.093637	-0.102955	0.990269
58	0.995325	-0.005423	-0.096428	0.015527	0.994420	0.104348	0.095324	-0.105358	0.989855
59	0.995162	-0.005190	-0.098111	0.015733	0.994134	0.107001	0.096980	-0.108027	0.989406
60	0.994983	-0.004959	-0.099925	0.015980	0.993825	0.109799	0.098764	-0.110845	0.988918
61	0.994775	-0.004682	-0.101983	0.016205	0.993524	0.112459	0.100796	-0.113524	0.988409
62	0.994531	-0.004331	-0.104356	0.016381	0.993243	0.114894	0.103153	-0.115976	0.987881
63	0.994264	-0.003858	-0.106887	0.016481	0.992940	0.117471	0.105679	-0.118558	0.987307
64	0.993979	-0.003240	-0.109520	0.016492	0.992599	0.120316	0.108319	-0.121398	0.986676
65	0.993689	-0.002497	-0.112146	0.016396	0.992248	0.123184	0.110969	-0.124245	0.986027
66	0.993394	-0.001630	-0.114739	0.016188	0.991890	0.126063	0.113603	-0.127087	0.985364
67	0.993080	-0.000622	-0.117438	0.015876	0.991517	0.129005	0.116361	-0.129977	0.984665
68	0.992713	0.000378	-0.120499	0.015644	0.991128	0.131986	0.119480	-0.132909	0.983900
69	0.992272	0.001240	-0.124079	0.015605	0.990764	0.134697	0.123100	-0.135592	0.983088
70	0.991817	0.001942	-0.127650	0.015706	0.990432	0.137105	0.126695	-0.137988	0.982297
71	0.991406	0.002480	-0.130799	0.015941	0.990080	0.139600	0.129848	-0.140485	0.981531
72	0.991023	0.003055	-0.133656	0.016164	0.989667	0.142471	0.132710	-0.143352	0.980733
73	0.990639	0.003763	-0.136452	0.016262	0.989248	0.145342	0.135532	-0.146200	0.979927
74	0.990231	0.004354	-0.139371	0.016483	0.988849	0.148005	0.138461	-0.148856	0.979117
75	0.989787	0.004792	-0.142471	0.016884	0.988459	0.150543	0.141548	-0.151411	0.978284
76	0.989331	0.005147	-0.145592	0.017414	0.988032	0.153263	0.144639	-0.154163	0.977401
77	0.988897	0.005521	-0.148497	0.017941	0.987564	0.156190	0.147513	-0.157121	0.976500
78	0.988473	0.005938	-0.151281	0.018418	0.987093	0.159085	0.150273	-0.160038	0.975605
79	0.988054	0.006466	-0.153972	0.018761	0.986641	0.161826	0.152962	-0.162782	0.974733
80	0.987604	0.007153	-0.156804	0.019001	0.986167	0.164660	0.155813	-0.165598	0.973807
81	0.987121	0.007853	-0.159785	0.019278	0.985677	0.167539	0.158812	-0.168462	0.972830
82	0.986613	0.008512	-0.162857	0.019573	0.985238	0.170070	0.161901	-0.170981	0.971881
83	0.986089	0.009119	-0.165966	0.019932	0.984800	0.172542	0.165016	-0.173450	0.970920
84	0.985569	0.009687	-0.168996	0.020381	0.984308	0.175281	0.168042	-0.176196	0.969906
85	0.985061	0.010242	-0.171899	0.020844	0.983799	0.178062	0.170938	-0.178985	0.968888
86	0.984563	0.010787	-0.174699	0.021327	0.983268	0.180912	0.173727	-0.181845	0.967859
87	0.984063	0.011289	-0.177459	0.021865	0.982728	0.183762	0.176468	-0.184714	0.966819
88	0.983571	0.011501	-0.180156	0.022658	0.982211	0.186407	0.179095	-0.187427	0.965814
89	0.983074	0.011583	-0.182842	0.023549	0.981732	0.188806	0.181689	-0.189916	0.964842
90	0.982560	0.011859	-0.185566	0.024305	0.981211	0.191403	0.184349	-0.192575	0.963810
91	0.982064	0.012234	-0.188150	0.024960	0.980674	0.194051	0.186888	-0.195267	0.962779
92	0.981568	0.012545	-0.190699	0.025665	0.980151	0.196582	0.189380	-0.197853	0.961764
93	0.981100	0.012838	-0.193076	0.026394	0.979592	0.199255	0.191694	-0.200585	0.960739
94	0.980615	0.013059	-0.195508	0.027237	0.979005	0.202009	0.194041	-0.203418	0.959671
95	0.980112	0.013224	-0.198004	0.028125	0.978449	0.204563	0.196442	-0.206064	0.958618
96	0.979617	0.013460	-0.200423	0.028927	0.977900	0.207061	0.198781	-0.208638	0.957578
97	0.979143	0.013768	-0.202707	0.029685	0.977300	0.209769	0.200994	-0.211411	0.956508
98	0.978690	0.014075	-0.204862	0.030450	0.976671	0.212570	0.203074	-0.214278	0.955430
99	0.978250	0.014342	-0.206934	0.031217	0.976066	0.215222	0.205068	-0.217001	0.954389
100	0.977792	0.014603	-0.209069	0.031985	0.975486	0.217727	0.207123	-0.219578	0.953355
101	0.977318	0.014847	-0.211255	0.032761	0.974932	0.220078	0.209227	-0.222008	0.952332
102	0.976843	0.015089	-0.213425	0.033511	0.974409	0.222269	0.211317	-0.224274	0.951339
103	0.976399	0.015287	-0.215434	0.034303	0.973853	0.224574	0.213234	-0.226664	0.950344
104	0.976050	0.015317	-0.217007	0.035171	0.973285	0.226889	0.214685	-0.229087	0.949436
105	0.975693	0.015361	-0.218604	0.036041	0.972709	0.229212	0.216159	-0.231520	0.948511
106	0.975374	0.015214	-0.220031	0.037048	0.972141	0.231450	0.217422	-0.233902	0.947638
107	0.975107	0.014894	-0.221233	0.038179	0.971562	0.233685	0.218422	-0.236315	0.946809
108	0.974915	0.014411	-0.222112	0.039415	0.970953	0.236002	0.219061	-0.238836	0.946028
109	0.974773	0.013765	-0.222772	0.040734	0.970362	0.238196	0.219449	-0.241262	0.945323
110	0.974738	0.012948	-0.222975	0.042120	0.969750	0.240440	0.219343	-0.243757	0.944707
111	0.974750	0.011869	-0.222984	0.043785	0.969042	0.242983	0.218965	-0.246611	0.944054
112	0.974766	0.010582	-0.222977	0.045664	0.968301	0.245578	0.218507	-0.249563	0.943384
113	0.974702	0.009458	-0.223309	0.047370	0.967667	0.247745	0.218432	-0.252056	0.942738
114	0.974581	0.008635	-0.223869	0.048770	0.967115	0.249620	0.218662	-0.254193	0.942111
115	0.974514	0.007420	-0.224206	0.050575	0.966454	0.251810	0.218553	-0.256732	0.941447
116	0.974534	0.005885	-0.224161	0.052712	0.965632	0.254513	0.217955	-0.259848	0.940731
117	0.974646	0.004283	-0.223714	0.054839	0.964751	0.257386	0.216930	-0.263129	0.940056
118	0.974804	0.002865	-0.223044	0.056692	0.963903	0.260148	0.215738	-0.266238	0.939454
119	0.974958	0.001272	-0.222386	0.058641	0.963122	0.262598	0.214519	-0.269063	0.938928
120	0.975186	-0.000988	-0.221386	0.061140	0.962303	0.265019	0.212779	-0.271978	0.938484
121	0.975443	-0.003262	-0.220228	0.063605	0.961462	0.267480	0.210868	-0.274919	0.938059
122	0.975705	-0.006026	-0.219007	0.066530	0.960568	0.269969	0.208745	-0.277981	0.937631
123	0.975999	-0.009499	-0.217568	0.070184	0.959464	0.272952	0.206156	-0.281671	0.937102
124	0.976258	-0.013220	-0.216207	0.074200	0.958158	0.276457	0.203505	-0.285936	0.936390
125	0.976421	-0.016686	-0.215230	0.078022	0.956890	0.279775	0.201283	-0.289971	0.935629
126	0.976504	-0.019505	-0.214613	0.081238	0.955739	0.282778	0.199598	-0.293568	0.934868
127	0.976540	-0.022112	-0.214197	0.084317	0.954552	0.285868	0.198141	-0.297222	0.934023
128	0.976555	-0.025267	-0.213778	0.087932	0.953280	0.289008	0.196488	-0.301030	0.933152
129	0.976526	-0.029265	-0.213404	0.092378	0.951891	0.292181	0.194587	-0.305036	0.932249
130	0.976517	-0.033096	-0.212882	0.096562	0.950556	0.295161	0.192588	-0.308786	0.931430
131	0.976510	-0.036773	-0.212313	0.100598	0.949158	0.298295	0.190549	-0.312646	0.930561
132	0.976470	-0.040101	-0.211891	0.104341	0.947748	0.301475	0.188729	-0.316490	0.929632
133	0.976362	-0.043314	-0.211755	0.108087	0.946260	0.304810	0.187173	-0.320493	0.928575
134	0.976215	-0.046428	-0.211775	0.111862	0.944605	0.308559	0.185718	-0.324910	0.927331
135	0.976047	-0.049384	-0.211883	0.115605	0.942754	0.312810	0.184306	-0.329812	0.925881
136	0.975933	-0.051841	-0.211820	0.118777	0.940973	0.316956	0.182886	-0.334488	0.924484
137	0.975810	-0.054014	-0.211844	0.121670	0.939243	0.320966	0.181636	-0.338977	0.923094
138	0.975593	-0.055926	-0.212345	0.124585	0.937288	0.325531	0.180823	-0.344041	0.921379
139	0.975300	-0.057474	-0.213277	0.127413	0.935111	0.330655	0.180433	-0.349662	0.919337
140	0.974946	-0.058316	-0.214662	0.129733	0.932970	0.335761	0.180693	-0.355198	0.917161
141	0.974574	-0.058865	-0.216195	0.131845	0.930808	0.340901	0.181169	-0.360737	0.914902
142	0.974044	-0.059796	-0.218320	0.134592	0.928459	0.346191	0.182000	-0.366590	0.912408
143	0.973910	-0.060013	-0.218856	0.135934	0.926514	0.350847	0.181718	-0.371443	0.910499
144	0.973900	-0.059576	-0.219021	0.136523	0.924632	0.355553	0.181332	-0.376174	0.908632
145	0.974028	-0.059110	-0.218578	0.136908	0.922623	0.360587	0.180351	-0.381146	0.906753
146	0.974277	-0.058968	-0.217503	0.137254	0.920764	0.365178	0.178735	-0.385637	0.905173
147	0.974419	-0.059159	-0.216812	0.137921	0.919110	0.369072	0.177440	-0.389534	0.903758
148	0.974556	-0.059764	-0.216028	0.138937	0.917375	0.372989	0.175887	-0.393513	0.902337
149	0.974573	-0.060818	-0.215660	0.140585	0.915420	0.377151	0.174482	-0.397879	0.900693
150	0.974607	-0.061885	-0.215200	0.142181	0.913484	0.381223	0.172989	-0.402140	0.899087
151	0.974686	-0.062679	-0.214615	0.143401	0.911711	0.384994	0.171535	-0.406024	0.897619
152	0.974729	-0.063357	-0.214220	0.144547	0.910013	0.388565	0.170324	-0.409710	0.896174
153	0.974772	-0.064175	-0.213776	0.145772	0.908341	0.392005	0.169024	-0.413278	0.894780
154	0.974767	-0.064980	-0.213557	0.147042	0.906717	0.395275	0.167951	-0.416703	0.893393
155	0.974703	-0.065669	-0.213640	0.148315	0.905118	0.398452	0.167203	-0.420059	0.891961
156	0.974606	-0.066268	-0.213894	0.149590	0.903472	0.401697	0.166628	-0.423493	0.890443
157	0.974478	-0.066851	-0.214298	0.150914	0.901807	0.404932	0.166185	-0.426938	0.888880
158	0.974205	-0.067702	-0.215268	0.152712	0.900110	0.408020	0.166141	-0.430369	0.887232
159	0.973964	-0.068544	-0.216094	0.154427	0.898439	0.411046	0.165973	-0.433715	0.885632
160	0.973790	-0.069519	-0.216565	0.156123	0.896715	0.414158	0.165405	-0.437114	0.884066
161	0.973715	-0.070653	-0.216535	0.157751	0.894942	0.417364	0.164298	-0.440552	0.882564
162	0.973714	-0.072161	-0.216043	0.159499	0.893140	0.420549	0.162610	-0.443953	0.881172
163	0.973805	-0.074098	-0.214971	0.161299	0.891469	0.423398	0.160267	-0.446982	0.880069
164	0.973981	-0.076018	-0.213498	0.162820	0.890004	0.425891	0.157639	-0.449571	0.879224
165	0.974172	-0.077474	-0.212100	0.163952	0.888559	0.428465	0.155269	-0.452173	0.878311
166	0.974404	-0.078703	-0.210579	0.164825	0.887102	0.431141	0.152873	-0.454815	0.877367
167	0.974646	-0.079627	-0.209102	0.165445	0.885640	0.433900	0.150639	-0.457494	0.876360
168	0.974809	-0.080145	-0.208143	0.165928	0.884201	0.436642	0.149046	-0.460179	0.875226
169	0.974865	-0.080182	-0.207870	0.166263	0.882877	0.439186	0.148309	-0.462708	0.874017
170	0.974888	-0.079777	-0.207915	0.166329	0.881659	0.441602	0.148081	-0.465095	0.872788
171	0.974927	-0.078966	-0.208041	0.166059	0.880518	0.443972	0.148125	-0.467388	0.871555
172	0.974984	-0.077864	-0.208192	0.165526	0.879462	0.446259	0.148350	-0.469556	0.870350
173	0.974999	-0.076461	-0.208642	0.164802	0.878642	0.448138	0.149057	-0.471319	0.869276
174	0.974935	-0.074938	-0.209489	0.164092	0.878042	0.449573	0.150250	-0.472680	0.868331
175	0.974820	-0.073377	-0.210574	0.163456	0.877462	0.450935	0.151682	-0.474000	0.867362
176	0.974677	-0.072016	-0.211705	0.163027	0.876846	0.452287	0.153060	-0.475347	0.866382
177	0.974544	-0.071000	-0.212656	0.162805	0.876239	0.453541	0.154137	-0.476618	0.865493
178	0.974421	-0.070076	-0.213525	0.162648	0.875565	0.454897	0.155078	-0.477991	0.864567
179	0.974315	-0.069333	-0.214250	0.162621	0.874761	0.456452	0.155770	-0.479569	0.863567
180	0.974230	-0.068563	-0.214882	0.162564	0.873853	0.458207	0.156359	-0.481332	0.862480
181	0.974099	-0.067313	-0.215869	0.162317	0.872804	0.460290	0.157428	-0.483407	0.861124
182	0.973916	-0.065642	-0.217209	0.161913	0.871679	0.462558	0.158973	-0.485661	0.859570
183	0.973653	-0.063866	-0.218910	0.161529	0.870774	0.464394	0.160962	-0.487519	0.858147
184	0.973206	-0.061938	-0.221435	0.161323	0.870157	0.465619	0.163843	-0.488866	0.856834
185	0.972664	-0.060311	-0.224249	0.161522	0.869523	0.466734	0.166841	-0.490196	0.855495
186	0.972057	-0.059310	-0.227128	0.162151	0.869277	0.466974	0.169741	-0.490754	0.854604
187	0.971480	-0.058247	-0.229856	0.162481	0.869537	0.466375	0.172703	-0.490421	0.854202
188	0.970885	-0.056547	-0.232775	0.162328	0.869911	0.465730	0.176158	-0.489956	0.853763
189	0.970226	-0.053998	-0.236106	0.161760	0.870010	0.465743	0.180265	-0.490069	0.852841
190	0.969458	-0.050523	-0.239998	0.160914	0.869517	0.466956	0.185091	-0.491313	0.851089
191	0.968626	-0.046679	-0.244100	0.160007	0.868683	0.468815	0.190162	-0.493164	0.848898
192	0.967771	-0.043031	-0.248128	0.159283	0.867765	0.470757	0.195059	-0.495108	0.846652
193	0.967007	-0.040215	-0.251557	0.158999	0.866795	0.472637	0.199042	-0.497040	0.844591
194	0.966511	-0.038739	-0.253683	0.159276	0.865650	0.474639	0.201214	-0.499149	0.842830
195	0.966256	-0.037504	-0.254838	0.159310	0.864437	0.476832	0.202408	-0.501341	0.841242
196	0.966059	-0.036213	-0.255772	0.159215	0.863173	0.479149	0.203423	-0.503609	0.839641
197	0.965798	-0.035101	-0.256909	0.159471	0.861665	0.481771	0.204458	-0.506263	0.837792
198	0.965499	-0.034621	-0.258096	0.160271	0.860173	0.484165	0.205245	-0.508826	0.836045
199	0.965265	-0.034398	-0.259000	0.161070	0.858859	0.486228	0.205719	-0.511055	0.834567
200	0.965056	-0.033879	-0.259846	0.161476	0.857852	0.487868	0.206381	-0.512779	0.833346
201	0.964917	-0.033150	-0.260455	0.161520	0.857021	0.489311	0.206995	-0.514213	0.832309
202	0.964850	-0.032267	-0.260811	0.161357	0.856078	0.491014	0.207431	-0.515839	0.831193
203	0.964791	-0.031282	-0.261150	0.161121	0.855085	0.492818	0.207889	-0.517543	0.830019
204	0.964702	-0.030165	-0.261609	0.160878	0.853997	0.494780	0.208489	-0.519402	0.828706
205	0.964603	-0.028998	-0.262106	0.160658	0.852805	0.496904	0.209116	-0.521424	0.827277
206	0.964441	-0.027836	-0.262826	0.160565	0.851598	0.498999	0.209932	-0.523456	0.825786
207	0.964211	-0.026445	-0.263814	0.160421	0.850407	0.501073	0.211098	-0.525461	0.824214
208	0.963894	-0.024800	-0.265129	0.160245	0.849213	0.503148	0.212673	-0.527467	0.822526
209	0.963509	-0.022869	-0.266696	0.159964	0.848053	0.505191	0.214619	-0.529417	0.820765
210	0.963091	-0.020796	-0.268372	0.159568	0.847049	0.506996	0.216781	-0.531107	0.819104
211	0.962667	-0.018529	-0.270052	0.158975	0.846170	0.508649	0.219085	-0.532591	0.817526
212	0.962221	-0.016344	-0.271779	0.158478	0.845298	0.510251	0.221395	-0.534045	0.815954
213	0.961733	-0.014217	-0.273621	0.158140	0.844323	0.511967	0.223745	-0.535646	0.814261
214	0.961181	-0.012606	-0.275632	0.158390	0.843179	0.513772	0.225931	-0.537485	0.812444
215	0.960624	-0.011183	-0.277625	0.158869	0.841850	0.515799	0.227951	-0.539595	0.810479
216	0.960112	-0.009883	-0.279441	0.159383	0.840469	0.517888	0.229743	-0.541769	0.808520
217	0.959623	-0.008335	-0.281165	0.159547	0.839345	0.519658	0.231663	-0.543535	0.806785
218	0.959107	-0.006511	-0.282968	0.159463	0.838402	0.521203	0.233848	-0.545013	0.805156
219	0.958547	-0.004537	-0.284900	0.159352	0.837426	0.522805	0.236210	-0.546532	0.803435
220	0.957941	-0.002400	-0.286955	0.159233	0.836343	0.524571	0.238734	-0.548201	0.801550
221	0.957297	-0.000143	-0.289108	0.159065	0.835297	0.526285	0.241416	-0.549798	0.799650
222	0.956651	0.002136	-0.291230	0.158956	0.834068	0.528265	0.244034	-0.551658	0.797572
223	0.956091	0.004019	-0.293041	0.159068	0.832687	0.530405	0.246143	-0.553729	0.795486
224	0.955580	0.005689	-0.294676	0.159246	0.831342	0.532457	0.248006	-0.555731	0.793509
225	0.955097	0.007430	-0.296200	0.159250	0.830141	0.534327	0.249858	-0.557504	0.791682
226	0.954652	0.009026	-0.297588	0.159328	0.828879	0.536260	0.251504	-0.559356	0.789852
227	0.954267	0.010525	-0.298769	0.159376	0.827609	0.538202	0.252929	-0.561206	0.788083
228	0.953891	0.012143	-0.299908	0.159238	0.826505	0.539938	0.254432	-0.562799	0.786462
229	0.953481	0.013829	-0.301137	0.159109	0.825386	0.541685	0.256045	-0.564399	0.784789
230	0.953061	0.015545	-0.302381	0.159013	0.824173	0.543556	0.257664	-0.566125	0.783015
231	0.952605	0.017254	-0.303722	0.158911	0.823124	0.545173	0.259407	-0.567599	0.781370
232	0.952110	0.018910	-0.305172	0.158884	0.822151	0.546647	0.261234	-0.568955	0.779774
233	0.951533	0.020802	-0.306841	0.158859	0.821060	0.548293	0.263341	-0.570463	0.777961
234	0.950884	0.022926	-0.308697	0.158820	0.819856	0.550102	0.265699	-0.572111	0.775947
235	0.950236	0.025200	-0.310510	0.158623	0.818705	0.551870	0.268123	-0.573661	0.773966
236	0.949643	0.027592	-0.312118	0.158192	0.817625	0.553592	0.270471	-0.575089	0.772087
237	0.949069	0.030059	-0.313630	0.157667	0.816522	0.555368	0.272780	-0.576532	0.770196
238	0.948463	0.032558	-0.315211	0.157122	0.815508	0.557009	0.275193	-0.577829	0.768364
239	0.947803	0.035185	-0.316908	0.156525	0.814556	0.558569	0.277793	-0.579017	0.766531
240	0.947204	0.037618	-0.318416	0.155988	0.813580	0.560139	0.280129	-0.580235	0.764758
241	0.946725	0.039965	-0.319555	0.155332	0.812550	0.561813	0.282107	-0.581519	0.763054
242	0.946341	0.042416	-0.320373	0.154469	0.811401	0.563709	0.283862	-0.582949	0.761310
243	0.946037	0.044007	-0.321057	0.154161	0.810334	0.565326	0.285042	-0.584314	0.759822
244	0.945807	0.044811	-0.321623	0.154373	0.809312	0.566730	0.285689	-0.585667	0.758535
245	0.945649	0.045318	-0.322016	0.154736	0.808245	0.568152	0.286015	-0.587100	0.757304
246	0.945514	0.045897	-0.322330	0.155017	0.807135	0.569651	0.286309	-0.588580	0.756043
247	0.945391	0.046627	-0.322586	0.155126	0.806068	0.571131	0.286657	-0.589983	0.754816
248	0.945248	0.047628	-0.322858	0.154974	0.805128	0.572496	0.287209	-0.591185	0.753665
249	0.945037	0.048988	-0.323271	0.154532	0.804393	0.573648	0.288139	-0.592075	0.752611
250	0.944704	0.051079	-0.323922	0.153703	0.803595	0.574988	0.289672	-0.592981	0.751308
251	0.944372	0.053442	-0.324508	0.152717	0.802618	0.576612	0.291271	-0.594094	0.749809
252	0.943915	0.056022	-0.325403	0.151859	0.801434	0.578483	0.293196	-0.595454	0.747978
253	0.943383	0.058637	-0.326482	0.151047	0.800345	0.580201	0.295319	-0.596666	0.746175
254	0.942832	0.061309	-0.327580	0.150121	0.799435	0.581694	0.297542	-0.597616	0.744529
255	0.942310	0.063793	-0.328607	0.149252	0.798622	0.583032	0.299626	-0.598442	0.743028
256	0.941813	0.066795	-0.329433	0.148009	0.797525	0.584847	0.301796	-0.599576	0.741234
257	0.941385	0.069147	-0.330172	0.147201	0.796462	0.586498	0.303524	-0.600722	0.739599
258	0.941082	0.071058	-0.330630	0.146519	0.795478	0.588003	0.304791	-0.601802	0.738198
259	0.940817	0.072306	-0.331113	0.146289	0.794642	0.589189	0.305718	-0.602757	0.737035
260	0.940530	0.073798	-0.331599	0.145791	0.793972	0.590214	0.306837	-0.603458	0.735996
261	0.940241	0.075496	-0.332034	0.145081	0.793352	0.591222	0.308055	-0.604063	0.734990
262	0.939976	0.077501	-0.332322	0.144071	0.792683	0.592366	0.309335	-0.604688	0.733938
263	0.939668	0.080274	-0.332535	0.142555	0.791762	0.593962	0.310968	-0.605532	0.732550
264	0.939314	0.083052	-0.332853	0.141233	0.790597	0.595827	0.312637	-0.606679	0.730889
265	0.938869	0.085495	-0.333491	0.140229	0.789710	0.597239	0.314422	-0.607494	0.729445
266	0.938376	0.088264	-0.334156	0.138916	0.788984	0.598504	0.316470	-0.608042	0.728102
267	0.937861	0.090733	-0.334939	0.137848	0.788373	0.599555	0.318456	-0.608470	0.726877
268	0.937437	0.092887	-0.335534	0.136866	0.787836	0.600484	0.320123	-0.608840	0.725834
269	0.937039	0.095140	-0.336014	0.135790	0.787197	0.601566	0.321742	-0.609319	0.724716
270	0.936623	0.097239	-0.336574	0.134932	0.786470	0.602709	0.323313	-0.609926	0.723505
271	0.936329	0.098782	-0.336941	0.134266	0.785952	0.603533	0.324438	-0.610345	0.722647
272	0.936221	0.100001	-0.336883	0.133486	0.785599	0.604165	0.325072	-0.610601	0.722145
273	0.936105	0.101121	-0.336872	0.132786	0.785295	0.604714	0.325693	-0.610808	0.721691
274	0.936096	0.101958	-0.336643	0.132105	0.785097	0.605121	0.325994	-0.610924	0.721457
275	0.936134	0.102799	-0.336283	0.131313	0.784940	0.605496	0.326207	-0.610984	0.721310
276	0.936302	0.103756	-0.335519	0.130236	0.784663	0.606087	0.326155	-0.611177	0.721169
277	0.936509	0.104418	-0.334735	0.129428	0.784280	0.606757	0.325882	-0.611557	0.720970
278	0.936792	0.104668	-0.333865	0.128762	0.784113	0.607114	0.325333	-0.611729	0.721073
279	0.937041	0.104955	-0.333075	0.127954	0.784256	0.607100	0.324934	-0.611496	0.721450
280	0.937293	0.105259	-0.332267	0.127140	0.784367	0.607128	0.324525	-0.611301	0.721799
281	0.937587	0.105460	-0.331375	0.126375	0.784428	0.607208	0.323975	-0.611188	0.722142
282	0.937855	0.106098	-0.330410	0.125216	0.784516	0.607334	0.323649	-0.610964	0.722478
283	0.938187	0.106468	-0.329348	0.124075	0.784836	0.607156	0.323127	-0.610490	0.723112
284	0.938624	0.106375	-0.328129	0.123093	0.785337	0.606707	0.322230	-0.609860	0.724043
285	0.938943	0.106627	-0.327133	0.122013	0.785798	0.606329	0.321712	-0.609223	0.724810
286	0.939138	0.107161	-0.326400	0.120873	0.786280	0.605932	0.321574	-0.608506	0.725473
287	0.939190	0.107874	-0.326013	0.119817	0.786769	0.605507	0.321815	-0.607748	0.726001
288	0.939240	0.108639	-0.325615	0.118854	0.786991	0.605408	0.322027	-0.607324	0.726262
289	0.939285	0.109654	-0.325146	0.117791	0.786949	0.605670	0.322287	-0.607196	0.726253
290	0.939181	0.111248	-0.324905	0.116492	0.786786	0.606133	0.323062	-0.607118	0.725974
291	0.939123	0.112316	-0.324705	0.115627	0.786620	0.606514	0.323541	-0.607136	0.725746
292	0.939106	0.113122	-0.324475	0.115020	0.786312	0.607028	0.323807	-0.607385	0.725419
293	0.938981	0.114287	-0.324427	0.114308	0.785903	0.607692	0.324419	-0.607696	0.724884
294	0.938862	0.115520	-0.324335	0.113582	0.785369	0.608519	0.325018	-0.608154	0.724232
295	0.938814	0.116679	-0.324059	0.112922	0.784595	0.609638	0.325387	-0.608930	0.723413
296	0.938777	0.117911	-0.323720	0.112275	0.783616	0.611016	0.325718	-0.609954	0.722402
297	0.938629	0.119619	-0.323522	0.111377	0.782592	0.612491	0.326452	-0.610934	0.721241
298	0.938202	0.121983	-0.323879	0.110288	0.781660	0.613877	0.328045	-0.611660	0.719901
299	0.937546	0.124852	-0.324683	0.109007	0.780913	0.615055	0.330340	-0.612036	0.718532
300	0.936821	0.127906	-0.325585	0.107569	0.780318	0.616062	0.332858	-0.612163	0.717260
301	0.936235	0.130650	-0.326181	0.106137	0.779786	0.616983	0.334960	-0.612262	0.716197
302	0.935664	0.133371	-0.326719	0.104779	0.779084	0.618102	0.336978	-0.612569	0.714986
303	0.934975	0.136381	-0.327447	0.103441	0.778175	0.619470	0.339296	-0.613060	0.713467
304	0.934099	0.139693	-0.328548	0.102112	0.777285	0.620806	0.342098	-0.613444	0.711797
305	0.933204	0.142531	-0.329871	0.101142	0.776682	0.621720	0.344820	-0.613555	0.710387
306	0.932528	0.144385	-0.330974	0.100832	0.775999	0.622622	0.346733	-0.613985	0.709083
307	0.932074	0.145603	-0.331720	0.100870	0.775154	0.623668	0.347942	-0.614765	0.707814
308	0.931863	0.146380	-0.331969	0.100872	0.774388	0.624618	0.348504	-0.615545	0.706859
309	0.931873	0.146623	-0.331834	0.101056	0.773572	0.625599	0.348425	-0.616513	0.706053
310	0.932043	0.146720	-0.331316	0.101252	0.772475	0.626921	0.347915	-0.617864	0.705124
311	0.932197	0.147116	-0.330704	0.101290	0.771134	0.628564	0.347489	-0.619443	0.703947
312	0.932193	0.147944	-0.330347	0.101167	0.769792	0.630226	0.347536	-0.620913	0.702628
313	0.931818	0.149726	-0.330601	0.100682	0.768533	0.631839	0.348680	-0.622044	0.701059
314	0.931023	0.152695	-0.331482	0.099562	0.767553	0.633206	0.351118	-0.622533	0.699406
315	0.929952	0.156425	-0.332746	0.098075	0.766666	0.634511	0.354359	-0.622699	0.697621
316	0.928769	0.160029	-0.334333	0.097014	0.765600	0.635960	0.357737	-0.623095	0.695540
317	0.927488	0.163542	-0.336184	0.096286	0.764411	0.637499	0.361241	-0.623642	0.693236
318	0.926202	0.166840	-0.338105	0.095892	0.763031	0.639210	0.364630	-0.624459	0.690721
319	0.925058	0.169685	-0.339814	0.095847	0.761421	0.641133	0.367533	-0.625656	0.688095
320	0.924015	0.172264	-0.341352	0.095934	0.759754	0.643095	0.370126	-0.626976	0.685498
321	0.923076	0.174551	-0.342728	0.096147	0.758075	0.645041	0.372406	-0.628374	0.682979
322	0.922223	0.176538	-0.344004	0.096461	0.756512	0.646827	0.374433	-0.629701	0.680644
323	0.921454	0.178371	-0.345118	0.096694	0.755103	0.648436	0.376262	-0.630875	0.678546
324	0.920679	0.180285	-0.346191	0.096854	0.753678	0.650068	0.378114	-0.632033	0.676434
325	0.919914	0.182256	-0.347191	0.096827	0.752418	0.651531	0.379978	-0.632969	0.674512
326	0.919066	0.184360	-0.348322	0.096685	0.751349	0.652784	0.382059	-0.633629	0.672715
327	0.918387	0.186214	-0.349128	0.096652	0.750040	0.654293	0.383699	-0.634638	0.670828
328	0.917630	0.188161	-0.350071	0.096798	0.748491	0.656043	0.385467	-0.635891	0.668624
329	0.916701	0.190343	-0.351325	0.096956	0.747011	0.657703	0.387633	-0.636980	0.666331
330	0.915704	0.192694	-0.352641	0.096990	0.745615	0.659281	0.389973	-0.637908	0.664074
331	0.914907	0.195048	-0.353413	0.096707	0.744106	0.661025	0.391909	-0.638954	0.661925
332	0.914235	0.197333	-0.353885	0.096262	0.742606	0.662775	0.393584	-0.639997	0.659920
333	0.913622	0.199383	-0.354319	0.095815	0.741355	0.664238	0.395114	-0.640812	0.658214
334	0.913031	0.201255	-0.354784	0.095480	0.740183	0.665593	0.396559	-0.641581	0.656594
335	0.912516	0.202879	-0.355181	0.095397	0.738827	0.667109	0.397760	-0.642631	0.654838
336	0.912213	0.203993	-0.355323	0.095642	0.737260	0.668805	0.398398	-0.644076	0.653028
337	0.912086	0.204685	-0.355250	0.096132	0.735548	0.670617	0.398569	-0.645812	0.651207
338	0.912016	0.205223	-0.355120	0.096679	0.733860	0.672386	0.398597	-0.647559	0.649451
339	0.911837	0.205951	-0.355158	0.097105	0.732338	0.673982	0.398903	-0.649049	0.647774
340	0.911575	0.206808	-0.355333	0.097448	0.730963	0.675424	0.399418	-0.650326	0.646175
341	0.911246	0.207724	-0.355643	0.097744	0.729758	0.676682	0.400096	-0.651386	0.644685
342	0.910956	0.208443	-0.355964	0.098153	0.728622	0.677846	0.400655	-0.652427	0.643284
343	0.910643	0.209151	-0.356351	0.098643	0.727447	0.679036	0.401247	-0.653511	0.641813
344	0.910365	0.209726	-0.356721	0.099294	0.726153	0.680326	0.401716	-0.654765	0.640240
345	0.910197	0.210038	-0.356968	0.100129	0.724720	0.681730	0.401891	-0.656251	0.638607
346	0.910075	0.210232	-0.357164	0.101011	0.723288	0.683118	0.401946	-0.657766	0.637011
347	0.909855	0.210655	-0.357475	0.101722	0.722002	0.684373	0.402264	-0.659043	0.635488
348	0.909589	0.211183	-0.357841	0.102403	0.720710	0.685632	0.402693	-0.660287	0.633924
349	0.909216	0.211897	-0.358365	0.103039	0.719469	0.686838	0.403371	-0.661410	0.632319
350	0.908794	0.212691	-0.358966	0.103675	0.718232	0.688036	0.404160	-0.662499	0.630674
351	0.908394	0.213504	-0.359495	0.104289	0.716925	0.689306	0.404900	-0.663653	0.628984
352	0.907961	0.214325	-0.360098	0.105031	0.715494	0.690679	0.405678	-0.664931	0.627130
353	0.907475	0.215216	-0.360793	0.105885	0.713915	0.692180	0.406544	-0.666339	0.625072
354	0.906924	0.216169	-0.361606	0.106861	0.712219	0.693776	0.407516	-0.667844	0.622829
355	0.906285	0.217237	-0.362569	0.107879	0.710512	0.695367	0.408669	-0.669314	0.620491
356	0.905657	0.218221	-0.363545	0.108999	0.708762	0.696976	0.409762	-0.670848	0.618109
357	0.905080	0.219081	-0.364464	0.110165	0.707016	0.698565	0.410724	-0.672408	0.615770
358	0.904463	0.220014	-0.365431	0.111327	0.705260	0.700153	0.411767	-0.673945	0.613388
359	0.903823	0.220901	-0.366480	0.112672	0.703368	0.701839	0.412807	-0.675630	0.610831
360	0.903083	0.221906	-0.367693	0.113984	0.701613	0.703383	0.414063	-0.677124	0.608321
361	0.902192	0.223076	-0.369170	0.115204	0.700166	0.704625	0.415665	-0.678237	0.605985
362	0.901209	0.224402	-0.370763	0.116358	0.698810	0.705780	0.417472	-0.679197	0.603663
363	0.900167	0.225836	-0.372420	0.117520	0.697415	0.706967	0.419390	-0.680155	0.601250
364	0.899137	0.227356	-0.373980	0.118550	0.696026	0.708162	0.421305	-0.681070	0.598870
365	0.898156	0.228797	-0.375457	0.119613	0.694582	0.709401	0.423094	-0.682062	0.596476
366	0.897255	0.230096	-0.376815	0.120825	0.692917	0.710821	0.424658	-0.683317	0.593922
367	0.896401	0.231199	-0.378170	0.122316	0.691030	0.712402	0.426033	-0.684854	0.591160
368	0.895743	0.231683	-0.379430	0.124208	0.689066	0.713975	0.426868	-0.686667	0.588449
369	0.895140	0.231805	-0.380777	0.126455	0.687046	0.715526	0.427474	-0.688647	0.585689
370	0.894532	0.231901	-0.382144	0.128683	0.685114	0.716980	0.428080	-0.690537	0.583014
371	0.893863	0.231947	-0.383678	0.131006	0.683302	0.718287	0.428773	-0.692314	0.580392
372	0.893296	0.231670	-0.385163	0.133433	0.681610	0.719446	0.429206	-0.694072	0.577968
373	0.892603	0.231550	-0.386838	0.135874	0.679978	0.720534	0.429881	-0.695712	0.575489
374	0.891674	0.232279	-0.388539	0.137670	0.678509	0.721576	0.431235	-0.696901	0.573031
375	0.890561	0.233342	-0.390452	0.139323	0.677205	0.722484	0.433002	-0.697815	0.570582
376	0.889264	0.234646	-0.392620	0.141015	0.675924	0.723354	0.435114	-0.698618	0.567987
377	0.887825	0.236069	-0.395018	0.142788	0.674709	0.724140	0.437469	-0.699313	0.565316
378	0.886199	0.237549	-0.397771	0.144894	0.673383	0.724956	0.440064	-0.700090	0.562332
379	0.884986	0.238223	-0.400061	0.147256	0.671909	0.725847	0.441718	-0.701276	0.559550
380	0.883874	0.238677	-0.402244	0.149821	0.670214	0.726889	0.443081	-0.702743	0.556626
381	0.882730	0.239164	-0.404460	0.152462	0.668416	0.727994	0.444458	-0.704287	0.553567
382	0.881670	0.239469	-0.406588	0.155182	0.666580	0.729102	0.445620	-0.705922	0.550542
383	0.880725	0.239481	-0.408623	0.157995	0.664779	0.730141	0.446499	-0.707614	0.547651
384	0.879801	0.239538	-0.410575	0.160633	0.663109	0.731084	0.447378	-0.709160	0.544926
385	0.878940	0.239603	-0.412377	0.163112	0.661490	0.732001	0.448173	-0.710649	0.542328
386	0.878107	0.239670	-0.414110	0.165558	0.659834	0.732946	0.448908	-0.712164	0.539725
387	0.877410	0.239567	-0.415643	0.167949	0.658175	0.733893	0.449383	-0.713732	0.537254
388	0.876869	0.239244	-0.416968	0.170349	0.656448	0.734886	0.449535	-0.715429	0.534864
389	0.876477	0.238642	-0.418137	0.172821	0.654669	0.735895	0.449357	-0.717257	0.532560
390	0.876401	0.237414	-0.418994	0.175332	0.653025	0.736761	0.448531	-0.719161	0.530686
391	0.876700	0.235425	-0.419490	0.178011	0.651366	0.737587	0.446888	-0.721316	0.529145
392	0.877173	0.232824	-0.419953	0.181140	0.649520	0.738453	0.444697	-0.723821	0.527568
393	0.877590	0.230062	-0.420603	0.184577	0.647559	0.739323	0.442455	-0.726456	0.525828
394	0.877842	0.227551	-0.421443	0.188062	0.645498	0.740247	0.440485	-0.729077	0.523851
395	0.877727	0.225703	-0.422673	0.191576	0.643238	0.741312	0.439196	-0.731644	0.521348
396	0.877145	0.224702	-0.424412	0.195027	0.640935	0.742406	0.438841	-0.733970	0.518370
397	0.876510	0.223511	-0.426349	0.198549	0.638972	0.743164	0.438530	-0.736042	0.515687
398	0.875652	0.222785	-0.428485	0.201920	0.637075	0.743884	0.438704	-0.737904	0.512871
399	0.874436	0.222827	-0.430940	0.205238	0.634966	0.744779	0.439589	-0.739707	0.509504
400	0.873005	0.223221	-0.433630	0.208691	0.632630	0.745807	0.440807	-0.741587	0.505705
401	0.871303	0.224218	-0.436529	0.212102	0.630092	0.746991	0.442542	-0.743445	0.501444
402	0.869302	0.226007	-0.439586	0.215278	0.627443	0.748312	0.444939	-0.745142	0.496783
403	0.867046	0.228674	-0.442651	0.218058	0.624669	0.749826	0.447977	-0.746657	0.491752
404	0.864823	0.231646	-0.445445	0.220636	0.621605	0.751617	0.451000	-0.748297	0.486468
405	0.862610	0.234558	-0.448204	0.223587	0.617987	0.753724	0.453777	-0.750383	0.480638
406	0.860196	0.237313	-0.451381	0.227345	0.613848	0.755979	0.456483	-0.752910	0.474078
407	0.857592	0.239860	-0.454975	0.231547	0.609836	0.757949	0.459262	-0.755359	0.467452
408	0.855237	0.242337	-0.458086	0.235129	0.606266	0.759708	0.461827	-0.757439	0.461521
409	0.853233	0.244434	-0.460701	0.238453	0.602784	0.761441	0.463825	-0.759542	0.456029
410	0.851651	0.246047	-0.462765	0.241377	0.599609	0.763024	0.465218	-0.761531	0.451267
411	0.850319	0.247056	-0.464673	0.244523	0.596389	0.764545	0.466011	-0.763730	0.446710
412	0.849486	0.246971	-0.466240	0.247767	0.593451	0.765786	0.465817	-0.766043	0.442936
413	0.849105	0.245999	-0.467446	0.250790	0.591094	0.766624	0.464893	-0.768175	0.440207
414	0.848914	0.244828	-0.468406	0.253484	0.589067	0.767298	0.463779	-0.770103	0.438007
415	0.848832	0.243354	-0.469323	0.256320	0.586984	0.767952	0.462369	-0.772159	0.435874
416	0.848884	0.241477	-0.470196	0.259161	0.585149	0.768399	0.460685	-0.774138	0.434142
417	0.849043	0.239406	-0.470968	0.261768	0.583700	0.768617	0.458916	-0.775873	0.432917
418	0.849287	0.237215	-0.471635	0.264314	0.582280	0.768823	0.457000	-0.777611	0.431824
419	0.849559	0.235025	-0.472242	0.266797	0.580853	0.769044	0.455048	-0.779341	0.430765
420	0.849819	0.232848	-0.472853	0.269206	0.579532	0.769201	0.453140	-0.780977	0.429813
421	0.849886	0.230967	-0.473654	0.271531	0.578383	0.769249	0.451624	-0.782386	0.428845
422	0.849707	0.229342	-0.474763	0.274011	0.577217	0.769245	0.450462	-0.783724	0.427623
423	0.849297	0.228424	-0.475938	0.276294	0.575880	0.769430	0.449839	-0.784974	0.425981
424	0.848670	0.228132	-0.477195	0.278332	0.574562	0.769682	0.449767	-0.786025	0.424117
425	0.847791	0.228718	-0.478476	0.280145	0.572926	0.770243	0.450299	-0.787048	0.421647
426	0.846913	0.229202	-0.479797	0.281968	0.571428	0.770691	0.450813	-0.787995	0.419322
427	0.846057	0.229726	-0.481055	0.283724	0.569919	0.771163	0.451318	-0.788935	0.417005
428	0.845229	0.230279	-0.482245	0.285543	0.568172	0.771780	0.451723	-0.790033	0.414481
429	0.844490	0.230457	-0.483453	0.287571	0.566408	0.772325	0.451819	-0.791247	0.412053
430	0.843772	0.230558	-0.484657	0.289589	0.564718	0.772808	0.451872	-0.792424	0.409726
431	0.842944	0.230930	-0.485919	0.291671	0.562785	0.773435	0.452077	-0.793690	0.407040
432	0.842065	0.231384	-0.487226	0.293805	0.560772	0.774089	0.452334	-0.794982	0.404225
433	0.841166	0.231862	-0.488549	0.296085	0.558510	0.774855	0.452519	-0.796434	0.401149
434	0.840374	0.231957	-0.489865	0.298403	0.556487	0.775421	0.452468	-0.797821	0.398441
435	0.839707	0.232009	-0.490983	0.300451	0.554652	0.775944	0.452351	-0.799082	0.396038
436	0.839207	0.231594	-0.492033	0.302424	0.553216	0.776204	0.451965	-0.800198	0.394223
437	0.838849	0.230705	-0.493060	0.304381	0.552147	0.776199	0.451315	-0.801192	0.392946
438	0.838602	0.229565	-0.494011	0.306347	0.551135	0.776145	0.450443	-0.802216	0.391856
439	0.838457	0.228261	-0.494860	0.308321	0.550065	0.776123	0.449364	-0.803321	0.390828
440	0.838303	0.227122	-0.495645	0.310124	0.549054	0.776120	0.448410	-0.804335	0.389838
441	0.838053	0.226465	-0.496367	0.311713	0.547929	0.776279	0.447774	-0.805287	0.388601
442	0.837478	0.226704	-0.497228	0.313450	0.546048	0.776904	0.447638	-0.806497	0.386243
443	0.836928	0.226740	-0.498137	0.315370	0.544077	0.777510	0.447318	-0.807817	0.383846
444	0.836450	0.226653	-0.498980	0.317174	0.542302	0.778016	0.446937	-0.809035	0.381720
445	0.835937	0.226683	-0.499824	0.318855	0.540655	0.778475	0.446699	-0.810128	0.379675
446	0.835535	0.226495	-0.500581	0.320363	0.539348	0.778763	0.446373	-0.811051	0.378084
447	0.835080	0.226450	-0.501360	0.322028	0.537677	0.779232	0.446026	-0.812173	0.376080
448	0.834679	0.226224	-0.502129	0.323820	0.535894	0.779717	0.445479	-0.813412	0.374044
449	0.834270	0.225669	-0.503058	0.325753	0.534383	0.779949	0.444836	-0.814560	0.372307
450	0.833720	0.225600	-0.503999	0.327577	0.532707	0.780331	0.444527	-0.815676	0.370227
451	0.833328	0.225463	-0.504709	0.329139	0.531165	0.780725	0.444108	-0.816719	0.368426
452	0.832886	0.225519	-0.505412	0.330666	0.529523	0.781194	0.443802	-0.817769	0.366461
