// General information: # Original fixed header
//  MT Manager version: 2022.2.0
//  XDA version: 2022.2.0 build 7381 rev 124627 built on 2023-07-19
// Device information:
//  DeviceId: B42D48
//  ProductCode: MTW2-3A7G6
//  Firmware Version: 4.4.0
//  Hardware Version: 1.1.0
// Device settings:
//  Filter Profile: human(46.1)
//  Option Flags: Orientation Smoother Disabled, Position/Velocity Smoother Disabled, Continuous Zero Rotation Update Disabled, AHS Disabled, ICC Disabled
// Coordinate system: ENU
PacketCounter	Mat[1][1]	Mat[2][1]	Mat[3][1]	Mat[1][2]	Mat[2][2]	Mat[3][2]	Mat[1][3]	Mat[2][3]	Mat[3][3]
1	1.000000	-0.000151	-0.000790	0.000153	0.999997	0.002477	0.000789	-0.002477	0.999997
2	0.999999	-0.000275	-0.001598	0.000283	0.999988	0.004935	0.001597	-0.004936	0.999987
3	0.999997	-0.000349	-0.002404	0.000366	0.999973	0.007356	0.002402	-0.007356	0.999970
4	0.999995	-0.000398	-0.003199	0.000429	0.999952	0.009798	0.003195	-0.009799	0.999947
5	0.999992	-0.000429	-0.003997	0.000478	0.999925	0.012261	0.003991	-0.012263	0.999917
6	0.999988	-0.000486	-0.004775	0.000557	0.999891	0.014723	0.004767	-0.014725	0.999880
7	0.999984	-0.000529	-0.005626	0.000626	0.999852	0.017202	0.005616	-0.017205	0.999836
8	0.999979	-0.000578	-0.006434	0.000704	0.999807	0.019608	0.006422	-0.019612	0.999787
9	0.999973	-0.000633	-0.007280	0.000792	0.999759	0.021948	0.007265	-0.021953	0.999733
10	0.999967	-0.000685	-0.008098	0.000882	0.999705	0.024260	0.008079	-0.024267	0.999673
11	0.999960	-0.000723	-0.008954	0.000960	0.999647	0.026539	0.008932	-0.026546	0.999608
12	0.999952	-0.000713	-0.009788	0.000995	0.999583	0.028844	0.009764	-0.028852	0.999536
13	0.999944	-0.000679	-0.010600	0.001009	0.999514	0.031141	0.010574	-0.031150	0.999459
14	0.999934	-0.000601	-0.011471	0.000984	0.999440	0.033433	0.011445	-0.033442	0.999375
15	0.999924	-0.000475	-0.012280	0.000913	0.999362	0.035694	0.012255	-0.035702	0.999287
16	0.999914	-0.000366	-0.013135	0.000864	0.999281	0.037910	0.013111	-0.037918	0.999195
17	0.999902	-0.000307	-0.013980	0.000868	0.999194	0.040126	0.013956	-0.040134	0.999097
18	0.999890	-0.000269	-0.014863	0.000898	0.999103	0.042326	0.014838	-0.042335	0.998993
19	0.999876	-0.000251	-0.015725	0.000950	0.999010	0.044475	0.015698	-0.044484	0.998887
20	0.999861	-0.000258	-0.016662	0.001035	0.998914	0.046589	0.016632	-0.046599	0.998775
21	0.999845	-0.000254	-0.017599	0.001111	0.998813	0.048702	0.017566	-0.048714	0.998658
22	0.999828	-0.000231	-0.018565	0.001175	0.998707	0.050831	0.018529	-0.050844	0.998535
23	0.999809	-0.000193	-0.019518	0.001227	0.998594	0.052987	0.019480	-0.053001	0.998404
24	0.999791	-0.000130	-0.020463	0.001259	0.998476	0.055166	0.020424	-0.055180	0.998267
25	0.999771	-0.000106	-0.021381	0.001333	0.998350	0.057400	0.021339	-0.057416	0.998122
26	0.999752	-0.000090	-0.022281	0.001420	0.998216	0.059696	0.022236	-0.059713	0.997968
27	0.999732	-0.000093	-0.023163	0.001530	0.998074	0.062022	0.023113	-0.062040	0.997806
28	0.999711	-0.000170	-0.024023	0.001717	0.997923	0.064393	0.023962	-0.064415	0.997635
29	0.999689	-0.000293	-0.024926	0.001959	0.997763	0.066815	0.024851	-0.066843	0.997454
30	0.999666	-0.000435	-0.025834	0.002224	0.997595	0.069274	0.025742	-0.069309	0.997263
31	0.999644	-0.000606	-0.026683	0.002521	0.997415	0.071808	0.026570	-0.071850	0.997062
32	0.999619	-0.000797	-0.027579	0.002848	0.997224	0.074411	0.027443	-0.074462	0.996846
33	0.999594	-0.001000	-0.028492	0.003193	0.997022	0.077047	0.028331	-0.077107	0.996620
34	0.999567	-0.001235	-0.029391	0.003574	0.996815	0.079667	0.029199	-0.079737	0.996388
35	0.999539	-0.001490	-0.030334	0.003984	0.996598	0.082316	0.030108	-0.082398	0.996145
36	0.999509	-0.001764	-0.031287	0.004419	0.996373	0.084974	0.031024	-0.085070	0.995892
37	0.999478	-0.002034	-0.032255	0.004857	0.996137	0.087674	0.031952	-0.087785	0.995627
38	0.999444	-0.002288	-0.033262	0.005288	0.995892	0.090399	0.032919	-0.090525	0.995350
39	0.999410	-0.002611	-0.034260	0.005794	0.995636	0.093147	0.033867	-0.093290	0.995063
40	0.999374	-0.002939	-0.035247	0.006311	0.995367	0.095936	0.034802	-0.096099	0.994763
41	0.999338	-0.003247	-0.036240	0.006815	0.995088	0.098762	0.035742	-0.098943	0.994451
42	0.999302	-0.003521	-0.037199	0.007289	0.994796	0.101629	0.036648	-0.101829	0.994127
43	0.999265	-0.003756	-0.038148	0.007729	0.994492	0.104527	0.037545	-0.104745	0.993790
44	0.999229	-0.003939	-0.039062	0.008121	0.994172	0.107498	0.038411	-0.107733	0.993438
45	0.999193	-0.004094	-0.039957	0.008490	0.993843	0.110474	0.039259	-0.110724	0.993075
46	0.999157	-0.004168	-0.040833	0.008781	0.993503	0.113463	0.040095	-0.113726	0.992703
47	0.999121	-0.004187	-0.041703	0.009022	0.993156	0.116445	0.040930	-0.116719	0.992321
48	0.999084	-0.004222	-0.042573	0.009286	0.992794	0.119470	0.041762	-0.119756	0.991925
49	0.999046	-0.004172	-0.043481	0.009476	0.992424	0.122496	0.042640	-0.122791	0.991516
50	0.999006	-0.004150	-0.044382	0.009697	0.992047	0.125496	0.043509	-0.125802	0.991101
51	0.998964	-0.004136	-0.045324	0.009935	0.991662	0.128484	0.044415	-0.128801	0.990675
52	0.998922	-0.004105	-0.046249	0.010162	0.991266	0.131488	0.045305	-0.131817	0.990238
53	0.998879	-0.004037	-0.047173	0.010357	0.990858	0.134514	0.046199	-0.134852	0.989788
54	0.998833	-0.003987	-0.048135	0.010582	0.990439	0.137546	0.047126	-0.137895	0.989325
55	0.998788	-0.003940	-0.049055	0.010809	0.990014	0.140554	0.048011	-0.140914	0.988857
56	0.998741	-0.003902	-0.050008	0.011055	0.989580	0.143561	0.048927	-0.143933	0.988377
57	0.998696	-0.003845	-0.050902	0.011275	0.989145	0.146506	0.049786	-0.146889	0.987899
58	0.998649	-0.003789	-0.051829	0.011507	0.988704	0.149439	0.050677	-0.149834	0.987412
59	0.998599	-0.003746	-0.052774	0.011758	0.988258	0.152343	0.051584	-0.152751	0.986918
60	0.998550	-0.003734	-0.053697	0.012040	0.987806	0.155222	0.052463	-0.155643	0.986419
61	0.998498	-0.003669	-0.054663	0.012280	0.987354	0.158053	0.053392	-0.158487	0.985916
62	0.998445	-0.003619	-0.055635	0.012540	0.986898	0.160860	0.054324	-0.161307	0.985408
63	0.998391	-0.003557	-0.056596	0.012793	0.986430	0.163682	0.055246	-0.164142	0.984888
64	0.998336	-0.003519	-0.057566	0.013079	0.985944	0.166561	0.056171	-0.167036	0.984349
65	0.998280	-0.003449	-0.058524	0.013341	0.985441	0.169495	0.057087	-0.169984	0.983792
66	0.998223	-0.003389	-0.059489	0.013621	0.984926	0.172442	0.058007	-0.172946	0.983222
67	0.998168	-0.003332	-0.060416	0.013903	0.984396	0.175417	0.058889	-0.175936	0.982639
68	0.998112	-0.003300	-0.061328	0.014212	0.983862	0.178362	0.059749	-0.178897	0.982052
69	0.998054	-0.003302	-0.062272	0.014565	0.983322	0.181292	0.060635	-0.181846	0.981456
70	0.997996	-0.003346	-0.063195	0.014960	0.982770	0.184224	0.061489	-0.184800	0.980851
71	0.997937	-0.003390	-0.064118	0.015361	0.982211	0.187152	0.062343	-0.187750	0.980236
72	0.997875	-0.003398	-0.065076	0.015737	0.981648	0.190053	0.063236	-0.190673	0.979615
73	0.997813	-0.003403	-0.066017	0.016113	0.981073	0.192966	0.064111	-0.193608	0.978982
74	0.997749	-0.003368	-0.066969	0.016456	0.980495	0.195855	0.065003	-0.196517	0.978343
75	0.997685	-0.003363	-0.067923	0.016833	0.979909	0.198735	0.065890	-0.199419	0.977697
76	0.997619	-0.003401	-0.068878	0.017254	0.979327	0.201545	0.066769	-0.202254	0.977054
77	0.997549	-0.003403	-0.069890	0.017655	0.978742	0.204334	0.067708	-0.205068	0.976403
78	0.997478	-0.003421	-0.070887	0.018071	0.978160	0.207068	0.068631	-0.207827	0.975755
79	0.997409	-0.003419	-0.071854	0.018464	0.977572	0.209790	0.069526	-0.210573	0.975103
80	0.997335	-0.003432	-0.072877	0.018891	0.976973	0.212523	0.070469	-0.213333	0.974435
81	0.997259	-0.003472	-0.073908	0.019348	0.976379	0.215198	0.071415	-0.216038	0.973770
82	0.997185	-0.003517	-0.074892	0.019803	0.975782	0.217845	0.072313	-0.218715	0.973106
83	0.997110	-0.003590	-0.075889	0.020294	0.975171	0.220521	0.073213	-0.221424	0.972425
84	0.997034	-0.003677	-0.076872	0.020804	0.974547	0.223216	0.074095	-0.224153	0.971733
85	0.996962	-0.003771	-0.077799	0.021314	0.973914	0.225915	0.074917	-0.226887	0.971035
86	0.996889	-0.003888	-0.078723	0.021854	0.973259	0.228670	0.075729	-0.229679	0.970316
87	0.996817	-0.004004	-0.079628	0.022395	0.972592	0.231439	0.076519	-0.232485	0.969585
88	0.996749	-0.004135	-0.080462	0.022935	0.971925	0.234171	0.077235	-0.235255	0.968860
89	0.996679	-0.004244	-0.081319	0.023468	0.971241	0.236940	0.077974	-0.238062	0.968115
90	0.996608	-0.004362	-0.082176	0.024011	0.970556	0.239678	0.078711	-0.240838	0.967368
91	0.996538	-0.004462	-0.083018	0.024535	0.969869	0.242387	0.079435	-0.243585	0.966621
92	0.996466	-0.004538	-0.083880	0.025044	0.969179	0.245082	0.080182	-0.246316	0.965867
93	0.996394	-0.004573	-0.084729	0.025513	0.968486	0.247757	0.080926	-0.249025	0.965110
94	0.996320	-0.004620	-0.085582	0.025997	0.967791	0.250408	0.081668	-0.251711	0.964350
95	0.996245	-0.004681	-0.086453	0.026504	0.967088	0.253060	0.082423	-0.254401	0.963580
96	0.996170	-0.004731	-0.087313	0.027002	0.966376	0.255710	0.083168	-0.257088	0.962803
97	0.996095	-0.004771	-0.088162	0.027492	0.965658	0.258357	0.083902	-0.259772	0.962018
98	0.996019	-0.004840	-0.089010	0.028013	0.964933	0.260999	0.084625	-0.262453	0.961227
99	0.995940	-0.004942	-0.089887	0.028577	0.964205	0.263614	0.085366	-0.265112	0.960431
100	0.995865	-0.004992	-0.090706	0.029079	0.963470	0.266232	0.086063	-0.267768	0.959632
101	0.995790	-0.005046	-0.091528	0.029588	0.962731	0.268837	0.086760	-0.270413	0.958827
102	0.995711	-0.005109	-0.092379	0.030121	0.961980	0.271455	0.087480	-0.273074	0.958007
103	0.995633	-0.005126	-0.093213	0.030610	0.961216	0.274093	0.088193	-0.275750	0.957175
104	0.995558	-0.005151	-0.094007	0.031098	0.960453	0.276701	0.088864	-0.278395	0.956347
105	0.995481	-0.005159	-0.094820	0.031575	0.959688	0.279287	0.089557	-0.281019	0.955515
106	0.995404	-0.005137	-0.095630	0.032026	0.958923	0.281852	0.090254	-0.283619	0.954680
107	0.995328	-0.005157	-0.096417	0.032514	0.958157	0.284391	0.090916	-0.286197	0.953848
108	0.995250	-0.005170	-0.097217	0.033008	0.957362	0.286999	0.091588	-0.288845	0.952985
109	0.995176	-0.005143	-0.097968	0.033450	0.956569	0.289579	0.092224	-0.291459	0.952127
110	0.995103	-0.005060	-0.098712	0.033844	0.955762	0.292187	0.092867	-0.294097	0.951253
111	0.995037	-0.004989	-0.099385	0.034236	0.954935	0.294835	0.093435	-0.296774	0.950366
112	0.994974	-0.004905	-0.100012	0.034610	0.954085	0.297529	0.093961	-0.299495	0.949460
113	0.994918	-0.004822	-0.100577	0.034975	0.953211	0.300276	0.094423	-0.302267	0.948535
114	0.994874	-0.004800	-0.101007	0.035366	0.952310	0.303077	0.094735	-0.305095	0.947598
115	0.994840	-0.004843	-0.101345	0.035793	0.951393	0.305893	0.094937	-0.307942	0.946657
116	0.994811	-0.004962	-0.101619	0.036276	0.950462	0.308718	0.095053	-0.310803	0.945710
117	0.994777	-0.005096	-0.101940	0.036786	0.949532	0.311505	0.095208	-0.313628	0.944761
118	0.994752	-0.005271	-0.102179	0.037304	0.948612	0.314234	0.095272	-0.316397	0.943831
119	0.994720	-0.005428	-0.102484	0.037822	0.947700	0.316913	0.095404	-0.319116	0.942902
120	0.994684	-0.005542	-0.102828	0.038305	0.946811	0.319501	0.095588	-0.321742	0.941990
121	0.994636	-0.005607	-0.103285	0.038770	0.945945	0.322001	0.095897	-0.324279	0.941088
122	0.994581	-0.005619	-0.103808	0.039201	0.945099	0.324423	0.096286	-0.326735	0.940199
123	0.994516	-0.005535	-0.104441	0.039574	0.944268	0.326791	0.096811	-0.329132	0.939308
124	0.994449	-0.005388	-0.105084	0.039889	0.943448	0.329111	0.097368	-0.331476	0.938426
125	0.994376	-0.005183	-0.105779	0.040165	0.942641	0.331384	0.097994	-0.333769	0.937548
126	0.994303	-0.004958	-0.106475	0.040420	0.941849	0.333596	0.098630	-0.336000	0.936684
127	0.994221	-0.004750	-0.107245	0.040714	0.941069	0.335755	0.099330	-0.338181	0.935824
128	0.994138	-0.004537	-0.108023	0.041002	0.940306	0.337852	0.100042	-0.340301	0.934980
129	0.994054	-0.004255	-0.108808	0.041226	0.939559	0.339896	0.100785	-0.342361	0.934147
130	0.993972	-0.003917	-0.109568	0.041396	0.938798	0.341972	0.101522	-0.344446	0.933301
131	0.993897	-0.003485	-0.110257	0.041452	0.938050	0.344013	0.102228	-0.346483	0.932469
132	0.993815	-0.002756	-0.111016	0.041258	0.937300	0.346073	0.103102	-0.348513	0.931616
133	0.993760	-0.001911	-0.111525	0.040862	0.936581	0.348060	0.103787	-0.350445	0.930815
134	0.993719	-0.000833	-0.111901	0.040203	0.935869	0.350046	0.104433	-0.352346	0.930025
135	0.993666	0.000330	-0.112377	0.039505	0.935145	0.352057	0.105205	-0.354266	0.929208
136	0.993609	0.001425	-0.112872	0.038873	0.934439	0.353996	0.105976	-0.356121	0.928411
137	0.993540	0.002472	-0.113457	0.038311	0.933765	0.355830	0.106822	-0.357878	0.927638
138	0.993463	0.003533	-0.114100	0.037743	0.933142	0.357522	0.107734	-0.359491	0.926909
139	0.993389	0.004544	-0.114704	0.037179	0.932621	0.358937	0.108606	-0.360828	0.926287
140	0.993301	0.005426	-0.115425	0.036738	0.932238	0.359975	0.109557	-0.361804	0.925794
141	0.993196	0.006272	-0.116287	0.036335	0.932009	0.360608	0.110643	-0.362380	0.925440
142	0.993060	0.006955	-0.117407	0.036129	0.931945	0.360796	0.111926	-0.362533	0.925225
143	0.992834	0.007546	-0.119264	0.036218	0.932065	0.360476	0.113882	-0.362213	0.925112
144	0.992545	0.008332	-0.121592	0.036224	0.932407	0.359589	0.116369	-0.361313	0.925155
145	0.992120	0.009274	-0.124948	0.036399	0.932911	0.358264	0.119888	-0.359989	0.925222
146	0.991568	0.010619	-0.129152	0.036449	0.933548	0.356594	0.124357	-0.358294	0.925290
147	0.990968	0.012647	-0.133501	0.035864	0.934284	0.354722	0.129213	-0.356306	0.925392
148	0.990362	0.015008	-0.137689	0.034815	0.935221	0.352349	0.134058	-0.353746	0.925685
149	0.989728	0.017680	-0.141866	0.033470	0.936091	0.350161	0.138991	-0.351312	0.925884
150	0.989087	0.020154	-0.145945	0.032202	0.937074	0.347641	0.143768	-0.348548	0.926199
151	0.988537	0.022343	-0.149315	0.030931	0.938039	0.345147	0.147775	-0.345810	0.926595
152	0.988001	0.024494	-0.152491	0.029608	0.938993	0.342660	0.151582	-0.343063	0.927001
153	0.987287	0.026801	-0.156675	0.028614	0.939613	0.341040	0.156354	-0.341187	0.926901
154	0.986495	0.029063	-0.161193	0.027952	0.939824	0.340513	0.161390	-0.340419	0.926320
155	0.985759	0.030907	-0.165298	0.027697	0.939702	0.340870	0.165866	-0.340594	0.925464
156	0.984998	0.033503	-0.169280	0.026880	0.939208	0.342294	0.170457	-0.341709	0.924218
157	0.984051	0.037734	-0.173840	0.024944	0.938318	0.344872	0.176131	-0.343707	0.922412
158	0.983238	0.042336	-0.177346	0.022345	0.937358	0.347651	0.180954	-0.345786	0.920699
159	0.982784	0.047045	-0.178671	0.018979	0.936218	0.350907	0.183784	-0.348256	0.919207
160	0.982352	0.051297	-0.179868	0.016129	0.934843	0.354695	0.186343	-0.351337	0.917518
161	0.981732	0.054789	-0.182208	0.014520	0.933277	0.358865	0.189713	-0.354955	0.915432
162	0.981046	0.057933	-0.184910	0.013426	0.931645	0.363121	0.193307	-0.358721	0.913210
163	0.980535	0.061167	-0.186573	0.011905	0.929966	0.367453	0.195982	-0.362522	0.911136
164	0.980248	0.064537	-0.186948	0.009766	0.928312	0.371675	0.197533	-0.366159	0.909345
165	0.979925	0.067956	-0.187427	0.007640	0.926624	0.375911	0.199220	-0.369797	0.907503
166	0.979468	0.071041	-0.188668	0.006198	0.924800	0.380402	0.201504	-0.373761	0.905372
167	0.979104	0.073689	-0.189542	0.005088	0.922873	0.385070	0.203299	-0.377988	0.903214
168	0.978759	0.076087	-0.190372	0.004129	0.921075	0.389363	0.204972	-0.381879	0.901196
169	0.978386	0.078661	-0.191244	0.002904	0.919508	0.393060	0.206769	-0.385119	0.899405
170	0.978019	0.082079	-0.191683	0.000533	0.918280	0.395931	0.208517	-0.387330	0.898051
171	0.977584	0.086065	-0.192150	-0.002571	0.917447	0.397849	0.210529	-0.388437	0.897103
172	0.977093	0.090178	-0.192764	-0.005839	0.916802	0.399299	0.212734	-0.389027	0.896327
173	0.976601	0.094236	-0.193314	-0.009217	0.916400	0.400158	0.214862	-0.389013	0.895825
174	0.976009	0.097988	-0.194434	-0.012188	0.916194	0.400549	0.217388	-0.388570	0.895408
175	0.975272	0.101190	-0.196483	-0.014399	0.916231	0.400393	0.220539	-0.387663	0.895031
176	0.974822	0.102736	-0.197906	-0.015441	0.916509	0.399717	0.222448	-0.386597	0.895019
177	0.975677	0.100743	-0.194694	-0.015112	0.916943	0.398731	0.218693	-0.386090	0.896163
178	0.977520	0.096033	-0.187704	-0.013480	0.916895	0.398901	0.210412	-0.387403	0.897577
179	0.979250	0.090821	-0.181165	-0.010736	0.915950	0.401148	0.202371	-0.390880	0.897919
180	0.980260	0.085825	-0.178111	-0.006469	0.914308	0.404969	0.197605	-0.395823	0.896815
181	0.981349	0.079195	-0.175162	-0.000905	0.913090	0.407758	0.192231	-0.399995	0.896131
182	0.982547	0.072271	-0.171399	0.004572	0.911775	0.410664	0.185956	-0.404281	0.895532
183	0.984037	0.066356	-0.165129	0.008333	0.909687	0.415210	0.177767	-0.409959	0.894613
184	0.985711	0.061888	-0.156662	0.009848	0.907292	0.420386	0.168155	-0.415922	0.893719
185	0.986923	0.057587	-0.150553	0.012218	0.904592	0.426103	0.160727	-0.422370	0.892059
186	0.987444	0.053820	-0.148522	0.015879	0.901597	0.432286	0.157172	-0.429217	0.889421
187	0.987334	0.052443	-0.149739	0.018814	0.898432	0.438710	0.157538	-0.435970	0.886065
188	0.987271	0.052238	-0.150226	0.020228	0.895614	0.444372	0.157758	-0.441755	0.883156
189	0.987501	0.051338	-0.149020	0.021401	0.893036	0.449476	0.156155	-0.447047	0.880775
190	0.987586	0.049814	-0.148969	0.023627	0.890481	0.454408	0.155290	-0.452286	0.878249
191	0.987338	0.048948	-0.150891	0.026239	0.887708	0.459659	0.156446	-0.457798	0.875183
192	0.987196	0.048343	-0.152008	0.028208	0.885039	0.464661	0.156996	-0.462999	0.872344
193	0.987252	0.047664	-0.151861	0.029548	0.882638	0.469123	0.156399	-0.467630	0.869978
194	0.987302	0.046990	-0.151748	0.030816	0.880451	0.473134	0.155840	-0.471802	0.867823
195	0.987220	0.046360	-0.152474	0.032396	0.878399	0.476828	0.156038	-0.475674	0.865671
196	0.987060	0.045935	-0.153628	0.033966	0.876453	0.480287	0.156710	-0.479291	0.863552
197	0.986949	0.045810	-0.154381	0.035011	0.874710	0.483380	0.157182	-0.482477	0.861690
198	0.986833	0.045903	-0.155092	0.035814	0.873066	0.486285	0.157728	-0.485437	0.859926
199	0.986640	0.046292	-0.156198	0.036547	0.871448	0.489124	0.158761	-0.488298	0.858114
200	0.986465	0.046766	-0.157161	0.037127	0.869870	0.491882	0.159713	-0.491059	0.856360
201	0.986268	0.047416	-0.158203	0.037596	0.868296	0.494619	0.160820	-0.493775	0.854590
202	0.986054	0.048120	-0.159320	0.038063	0.866713	0.497353	0.162017	-0.496481	0.852794
203	0.985843	0.048761	-0.160426	0.038587	0.865124	0.500071	0.163173	-0.499182	0.850995
204	0.985627	0.049428	-0.161544	0.039113	0.863490	0.502847	0.164347	-0.501938	0.849146
205	0.985425	0.050037	-0.162587	0.039665	0.861831	0.505642	0.165423	-0.504721	0.847285
206	0.985236	0.050603	-0.163554	0.040229	0.860145	0.508461	0.166410	-0.507534	0.845410
207	0.985079	0.051001	-0.164374	0.040879	0.858413	0.511327	0.167179	-0.510417	0.843520
208	0.984916	0.051168	-0.165292	0.041788	0.856660	0.514186	0.167909	-0.513337	0.841601
209	0.984750	0.051291	-0.166243	0.042761	0.854885	0.517053	0.168639	-0.516277	0.839654
210	0.984628	0.051159	-0.167001	0.043830	0.853174	0.519781	0.169073	-0.519111	0.837817
211	0.984509	0.051122	-0.167716	0.044782	0.851507	0.522427	0.169519	-0.521844	0.836027
212	0.984374	0.051200	-0.168483	0.045658	0.849863	0.525022	0.170069	-0.524510	0.834246
213	0.984217	0.051395	-0.169340	0.046483	0.848219	0.527601	0.170753	-0.527145	0.832443
214	0.984060	0.051725	-0.170147	0.047166	0.846588	0.530154	0.171467	-0.529729	0.830654
215	0.983904	0.052206	-0.170900	0.047701	0.844938	0.532733	0.172211	-0.532311	0.828848
216	0.983722	0.052747	-0.171782	0.048282	0.843214	0.535405	0.173089	-0.534984	0.826942
217	0.983506	0.053279	-0.172849	0.048985	0.841459	0.538095	0.174115	-0.537687	0.824971
218	0.983307	0.053845	-0.173803	0.049606	0.839691	0.540794	0.175060	-0.540388	0.823003
219	0.983135	0.054382	-0.174606	0.050161	0.837961	0.543421	0.175865	-0.543014	0.821101
220	0.982929	0.055026	-0.175562	0.050709	0.836244	0.546007	0.176857	-0.545589	0.819179
221	0.982736	0.055518	-0.176485	0.051355	0.834571	0.548501	0.177741	-0.548095	0.817312
222	0.982559	0.056053	-0.177302	0.051902	0.832923	0.550950	0.178561	-0.550543	0.815486
223	0.982370	0.056585	-0.178177	0.052496	0.831246	0.553420	0.179424	-0.553017	0.813621
224	0.982193	0.057034	-0.179009	0.053149	0.829535	0.555919	0.180201	-0.555534	0.811732
225	0.982019	0.057464	-0.179823	0.053817	0.827804	0.558430	0.180948	-0.558067	0.809827
226	0.981854	0.057966	-0.180564	0.054394	0.826052	0.560964	0.181672	-0.560606	0.807909
227	0.981716	0.058297	-0.181205	0.055056	0.824302	0.563467	0.182216	-0.563141	0.806021
228	0.981532	0.058742	-0.182054	0.055758	0.822509	0.566012	0.182990	-0.565710	0.804044
229	0.981378	0.059173	-0.182746	0.056385	0.820719	0.568543	0.183625	-0.568260	0.802099
230	0.981206	0.059609	-0.183528	0.057049	0.818964	0.571002	0.184339	-0.570740	0.800172
231	0.980997	0.060175	-0.184455	0.057703	0.817187	0.573477	0.185243	-0.573223	0.798186
232	0.980814	0.060698	-0.185257	0.058303	0.815467	0.575860	0.186025	-0.575612	0.796282
233	0.980607	0.061374	-0.186129	0.058817	0.813769	0.578204	0.186953	-0.577939	0.794378
234	0.980379	0.062088	-0.187089	0.059349	0.812092	0.580503	0.187975	-0.580217	0.792473
235	0.980164	0.062760	-0.187991	0.059885	0.810414	0.582789	0.188927	-0.582487	0.790579
236	0.979943	0.063450	-0.188908	0.060426	0.808718	0.585084	0.189897	-0.584764	0.788664
237	0.979705	0.064175	-0.189892	0.060988	0.807006	0.587386	0.190939	-0.587046	0.786714
238	0.979481	0.064828	-0.190826	0.061586	0.805282	0.589685	0.191897	-0.589337	0.784766
239	0.979272	0.065435	-0.191687	0.062181	0.803559	0.591968	0.192767	-0.591617	0.782834
240	0.979064	0.065983	-0.192563	0.062846	0.801803	0.594274	0.193610	-0.593934	0.780870
241	0.978857	0.066569	-0.193410	0.063462	0.800060	0.596554	0.194452	-0.596215	0.778920
242	0.978651	0.067224	-0.194226	0.064021	0.798275	0.598880	0.195305	-0.598529	0.776929
243	0.978443	0.067936	-0.195020	0.064537	0.796457	0.601241	0.196172	-0.600866	0.774904
244	0.978252	0.068647	-0.195730	0.065019	0.794597	0.603646	0.196965	-0.603244	0.772853
245	0.978035	0.069446	-0.196530	0.065496	0.792721	0.606056	0.197882	-0.605617	0.770760
246	0.977829	0.070190	-0.197289	0.065991	0.790851	0.608440	0.198733	-0.607970	0.768686
247	0.977618	0.070951	-0.198064	0.066465	0.789053	0.610720	0.199614	-0.610215	0.766676
248	0.977400	0.071744	-0.198852	0.066917	0.787280	0.612954	0.200528	-0.612407	0.764687
249	0.977185	0.072436	-0.199654	0.067455	0.785522	0.615146	0.201391	-0.614580	0.762715
250	0.976960	0.073204	-0.200477	0.067962	0.783732	0.617369	0.202314	-0.616770	0.760700
251	0.976741	0.074013	-0.201244	0.068419	0.781901	0.619636	0.203214	-0.618993	0.758651
252	0.976511	0.074776	-0.202076	0.068970	0.780027	0.621933	0.204130	-0.621262	0.756548
253	0.976287	0.075442	-0.202910	0.069609	0.778133	0.624231	0.204984	-0.623553	0.754429
254	0.976068	0.076047	-0.203734	0.070283	0.776267	0.626474	0.205794	-0.625800	0.752345
255	0.975855	0.076674	-0.204518	0.070915	0.774410	0.628697	0.206585	-0.628021	0.750275
256	0.975631	0.077351	-0.205333	0.071539	0.772530	0.630935	0.207429	-0.630249	0.748170
257	0.975394	0.078116	-0.206164	0.072118	0.770626	0.633194	0.208338	-0.632482	0.746031
258	0.975156	0.078905	-0.206992	0.072678	0.768731	0.635429	0.209259	-0.634686	0.743898
259	0.974912	0.079730	-0.207823	0.073223	0.766815	0.637679	0.210204	-0.636898	0.741738
260	0.974679	0.080455	-0.208632	0.073815	0.764957	0.639837	0.211072	-0.639036	0.739649
261	0.974439	0.081152	-0.209481	0.074451	0.763120	0.641954	0.211955	-0.641142	0.737572
262	0.974198	0.081849	-0.210332	0.075092	0.761287	0.644052	0.212838	-0.643228	0.735498
263	0.973955	0.082543	-0.211185	0.075738	0.759458	0.646132	0.213720	-0.645298	0.733426
264	0.973705	0.083258	-0.212052	0.076376	0.757645	0.648183	0.214627	-0.647335	0.731364
265	0.973450	0.083957	-0.212946	0.077039	0.755865	0.650179	0.215546	-0.649322	0.729329
266	0.973195	0.084570	-0.213869	0.077777	0.754119	0.652116	0.216432	-0.651270	0.727327
267	0.972940	0.085148	-0.214795	0.078543	0.752382	0.654028	0.217297	-0.653201	0.725335
268	0.972680	0.085743	-0.215734	0.079304	0.750664	0.655908	0.218183	-0.655097	0.723356
269	0.972427	0.086329	-0.216639	0.080050	0.748953	0.657771	0.219037	-0.656976	0.721391
270	0.972169	0.086928	-0.217555	0.080787	0.747271	0.659590	0.219909	-0.658809	0.719451
271	0.971925	0.087543	-0.218401	0.081464	0.745601	0.661394	0.220740	-0.660617	0.717536
272	0.971677	0.088231	-0.219224	0.082072	0.743944	0.663183	0.221604	-0.662392	0.715632
273	0.971446	0.088881	-0.219985	0.082655	0.742322	0.664926	0.222399	-0.664122	0.713779
274	0.971217	0.089520	-0.220736	0.083236	0.740724	0.666633	0.223182	-0.665818	0.711952
275	0.971003	0.090152	-0.221417	0.083765	0.739163	0.668297	0.223912	-0.667466	0.710178
276	0.970783	0.090813	-0.222111	0.084281	0.737610	0.669946	0.224671	-0.669092	0.708406
277	0.970586	0.091453	-0.222706	0.084747	0.736054	0.671597	0.225344	-0.670717	0.706653
278	0.970378	0.092183	-0.223311	0.085158	0.734497	0.673247	0.226083	-0.672321	0.704890
279	0.970182	0.092910	-0.223861	0.085536	0.732939	0.674895	0.226781	-0.673920	0.703138
280	0.969988	0.093639	-0.224397	0.085902	0.731391	0.676527	0.227471	-0.675499	0.701397
281	0.969793	0.094436	-0.224906	0.086212	0.729815	0.678187	0.228185	-0.677091	0.699628
282	0.969582	0.095265	-0.225468	0.086540	0.728232	0.679844	0.228959	-0.678677	0.697837
283	0.969364	0.096123	-0.226041	0.086858	0.726653	0.681492	0.229761	-0.680247	0.696042
284	0.969135	0.097010	-0.226639	0.087178	0.725066	0.683140	0.230600	-0.681813	0.694230
285	0.968884	0.097960	-0.227306	0.087511	0.723459	0.684799	0.231529	-0.683382	0.692375
286	0.968622	0.098898	-0.228014	0.087892	0.721838	0.686458	0.232479	-0.684959	0.690496
287	0.968364	0.099837	-0.228699	0.088258	0.720219	0.688110	0.233412	-0.686526	0.688623
288	0.968100	0.100787	-0.229398	0.088635	0.718585	0.689767	0.234361	-0.688097	0.686730
289	0.967835	0.101670	-0.230128	0.089087	0.716946	0.691413	0.235285	-0.689675	0.684828
290	0.967570	0.102518	-0.230866	0.089581	0.715285	0.693067	0.236187	-0.691272	0.682905
291	0.967296	0.103367	-0.231635	0.090100	0.713628	0.694707	0.237110	-0.692857	0.680976
292	0.967027	0.104176	-0.232391	0.090646	0.711956	0.696350	0.237995	-0.694454	0.679037
293	0.966754	0.104964	-0.233171	0.091238	0.710255	0.698007	0.238877	-0.696075	0.677065
294	0.966473	0.105776	-0.233970	0.091843	0.708513	0.699695	0.239782	-0.697725	0.675044
295	0.966206	0.106581	-0.234707	0.092431	0.706719	0.701430	0.240631	-0.699420	0.672985
296	0.965930	0.107425	-0.235455	0.093015	0.704894	0.703188	0.241511	-0.701131	0.670886
297	0.965655	0.108245	-0.236208	0.093610	0.703105	0.704898	0.242381	-0.702799	0.668824
298	0.965395	0.109028	-0.236907	0.094177	0.701369	0.706550	0.243193	-0.704411	0.666830
299	0.965113	0.109837	-0.237682	0.094766	0.699687	0.708136	0.244082	-0.705956	0.664869
300	0.964835	0.110645	-0.238434	0.095338	0.698017	0.709706	0.244957	-0.707481	0.662923
301	0.964541	0.111529	-0.239212	0.095887	0.696333	0.711285	0.245900	-0.709000	0.660947
302	0.964253	0.112487	-0.239922	0.096347	0.694623	0.712893	0.246846	-0.710525	0.658955
303	0.963989	0.113480	-0.240516	0.096701	0.692913	0.714507	0.247739	-0.712035	0.656986
304	0.963739	0.114528	-0.241020	0.096975	0.691143	0.716182	0.248602	-0.713586	0.654975
305	0.963510	0.115640	-0.241406	0.097122	0.689374	0.717866	0.249433	-0.715116	0.652987
306	0.963301	0.116814	-0.241673	0.097144	0.687596	0.719565	0.250229	-0.716635	0.651014
307	0.963102	0.118004	-0.241887	0.097119	0.685816	0.721266	0.251002	-0.718145	0.649050
308	0.962875	0.119178	-0.242217	0.097199	0.684028	0.722951	0.251843	-0.719654	0.647050
309	0.962620	0.120244	-0.242703	0.097486	0.682198	0.724639	0.252705	-0.721212	0.644975
310	0.962327	0.121223	-0.243375	0.097996	0.680313	0.726341	0.253620	-0.722828	0.642804
311	0.962005	0.122207	-0.244156	0.098618	0.678341	0.728099	0.254600	-0.724513	0.640515
312	0.961685	0.123151	-0.244942	0.099288	0.676338	0.729869	0.255548	-0.726224	0.638196
313	0.961360	0.124005	-0.245786	0.100069	0.674327	0.731621	0.256465	-0.727947	0.635861
314	0.961020	0.124796	-0.246710	0.100951	0.672333	0.733333	0.257389	-0.729654	0.633527
315	0.960686	0.125501	-0.247653	0.101896	0.670377	0.734992	0.258263	-0.731331	0.631233
316	0.960364	0.126162	-0.248564	0.102849	0.668419	0.736640	0.259081	-0.733007	0.628950
317	0.960038	0.126861	-0.249466	0.103774	0.666464	0.738279	0.259919	-0.734664	0.626666
318	0.959719	0.127575	-0.250330	0.104666	0.664501	0.739921	0.260740	-0.736317	0.624381
319	0.959407	0.128330	-0.251137	0.105514	0.662479	0.741612	0.261544	-0.738006	0.622046
320	0.959096	0.129090	-0.251935	0.106376	0.660394	0.743346	0.262335	-0.739740	0.619649
321	0.958770	0.129845	-0.252785	0.107308	0.658247	0.745114	0.263144	-0.741519	0.617174
322	0.958440	0.130550	-0.253672	0.108317	0.656068	0.746889	0.263933	-0.743325	0.614660
323	0.958129	0.131162	-0.254531	0.109367	0.653888	0.748645	0.264628	-0.745136	0.612164
324	0.957803	0.131849	-0.255401	0.110370	0.651742	0.750367	0.265390	-0.746892	0.609688
325	0.957482	0.132575	-0.256226	0.111294	0.649662	0.752033	0.266161	-0.748574	0.607285
326	0.957145	0.133442	-0.257033	0.112126	0.647553	0.753726	0.267021	-0.750245	0.604840
327	0.956818	0.134401	-0.257751	0.112842	0.645427	0.755441	0.267891	-0.751905	0.602390
328	0.956499	0.135373	-0.258426	0.113520	0.643299	0.757152	0.268743	-0.753552	0.599947
329	0.956188	0.136338	-0.259070	0.114206	0.641106	0.758907	0.269559	-0.755245	0.597447
330	0.955881	0.137293	-0.259695	0.114898	0.638884	0.760674	0.270350	-0.756953	0.594923
331	0.955589	0.138179	-0.260299	0.115617	0.636669	0.762421	0.271075	-0.758656	0.592418
332	0.955314	0.139001	-0.260871	0.116344	0.634485	0.764129	0.271733	-0.760334	0.589961
333	0.955031	0.139864	-0.261445	0.117045	0.632314	0.765820	0.272426	-0.761983	0.587509
334	0.954772	0.140730	-0.261927	0.117668	0.630157	0.767500	0.273065	-0.763608	0.585097
335	0.954526	0.141647	-0.262328	0.118205	0.627984	0.769197	0.273692	-0.765227	0.582684
336	0.954272	0.142575	-0.262750	0.118761	0.625793	0.770895	0.274338	-0.766848	0.580244
337	0.954009	0.143548	-0.263173	0.119306	0.623567	0.772613	0.275013	-0.768478	0.577763
338	0.953764	0.144469	-0.263556	0.119849	0.621354	0.774310	0.275626	-0.770096	0.575310
339	0.953520	0.145436	-0.263910	0.120356	0.619108	0.776028	0.276251	-0.771722	0.572827
340	0.953278	0.146441	-0.264227	0.120819	0.616842	0.777759	0.276882	-0.773344	0.570329
341	0.953033	0.147383	-0.264588	0.121351	0.614600	0.779449	0.277493	-0.774948	0.567849
342	0.952789	0.148296	-0.264955	0.121913	0.612343	0.781136	0.278082	-0.776559	0.565355
343	0.952540	0.149191	-0.265346	0.122522	0.610051	0.782832	0.278667	-0.778190	0.562819
344	0.952284	0.150084	-0.265762	0.123161	0.607742	0.784526	0.279259	-0.779823	0.560259
345	0.952015	0.150921	-0.266251	0.123898	0.605431	0.786195	0.279850	-0.781458	0.557681
346	0.951747	0.151707	-0.266764	0.124693	0.603104	0.787856	0.280410	-0.783103	0.555086
347	0.951484	0.152486	-0.267256	0.125475	0.600785	0.789502	0.280952	-0.784733	0.552504
348	0.951219	0.153284	-0.267744	0.126251	0.598452	0.791149	0.281502	-0.786359	0.549906
349	0.950964	0.154103	-0.268177	0.126975	0.596109	0.792800	0.282036	-0.787976	0.547311
350	0.950719	0.154892	-0.268592	0.127698	0.593783	0.794428	0.282536	-0.789576	0.544741
351	0.950462	0.155687	-0.269043	0.128439	0.591486	0.796020	0.283066	-0.791142	0.542188
352	0.950202	0.156415	-0.269537	0.129262	0.589178	0.797597	0.283562	-0.792719	0.539619
353	0.949943	0.157087	-0.270059	0.130140	0.586881	0.799146	0.284028	-0.794289	0.537060
354	0.949684	0.157709	-0.270607	0.131065	0.584598	0.800667	0.284469	-0.795848	0.534513
355	0.949442	0.158262	-0.271133	0.132006	0.582331	0.802163	0.284840	-0.797398	0.531998
356	0.949204	0.158784	-0.271660	0.132947	0.580122	0.803606	0.285196	-0.798903	0.529545
357	0.948969	0.159275	-0.272193	0.133903	0.577936	0.805021	0.285530	-0.800388	0.527116
358	0.948723	0.159817	-0.272734	0.134843	0.575744	0.806434	0.285907	-0.801859	0.524671
359	0.948488	0.160350	-0.273235	0.135759	0.573541	0.807849	0.286250	-0.803330	0.522228
360	0.948242	0.160920	-0.273755	0.136677	0.571323	0.809265	0.286630	-0.804795	0.519759
361	0.947990	0.161508	-0.274281	0.137605	0.569070	0.810693	0.287019	-0.806272	0.517249
362	0.947749	0.162079	-0.274777	0.138520	0.566814	0.812117	0.287375	-0.807745	0.514746
363	0.947520	0.162605	-0.275254	0.139449	0.564548	0.813535	0.287680	-0.809225	0.512246
364	0.947299	0.163115	-0.275715	0.140375	0.562276	0.814948	0.287958	-0.810703	0.509746
365	0.947100	0.163580	-0.276120	0.141283	0.559997	0.816360	0.288166	-0.812186	0.507262
366	0.946909	0.164022	-0.276513	0.142204	0.557685	0.817781	0.288341	-0.813686	0.504752
367	0.946726	0.164474	-0.276872	0.143119	0.555297	0.819245	0.288491	-0.815226	0.502174
368	0.946554	0.164912	-0.277200	0.144011	0.552918	0.820696	0.288612	-0.816753	0.499618
369	0.946396	0.165363	-0.277471	0.144863	0.550496	0.822173	0.288704	-0.818297	0.497032
370	0.946245	0.165756	-0.277751	0.145750	0.548084	0.823627	0.288752	-0.819835	0.494463
371	0.946091	0.166130	-0.278051	0.146677	0.545636	0.825086	0.288786	-0.821390	0.491854
372	0.945913	0.166531	-0.278416	0.147648	0.543182	0.826531	0.288874	-0.822934	0.489215
373	0.945735	0.166919	-0.278788	0.148635	0.540725	0.827964	0.288950	-0.824472	0.486573
374	0.945552	0.167247	-0.279214	0.149693	0.538286	0.829361	0.289006	-0.826000	0.483942
375	0.945359	0.167595	-0.279657	0.150761	0.535833	0.830755	0.289080	-0.827524	0.481287
376	0.945166	0.167984	-0.280076	0.151778	0.533410	0.832128	0.289180	-0.829009	0.478664
377	0.944982	0.168363	-0.280470	0.152769	0.531008	0.833482	0.289259	-0.830472	0.476072
378	0.944802	0.168704	-0.280870	0.153775	0.528638	0.834802	0.289313	-0.831914	0.473516
379	0.944603	0.169117	-0.281290	0.154765	0.526263	0.836119	0.289435	-0.833334	0.470936
380	0.944425	0.169522	-0.281644	0.155682	0.523944	0.837404	0.289524	-0.834712	0.468435
381	0.944255	0.169947	-0.281960	0.156545	0.521654	0.838672	0.289615	-0.836059	0.465970
382	0.944092	0.170280	-0.282303	0.157479	0.519362	0.839919	0.289639	-0.837417	0.463510
383	0.943936	0.170537	-0.282669	0.158481	0.517042	0.841161	0.289601	-0.838800	0.461028
384	0.943793	0.170757	-0.283015	0.159486	0.514709	0.842400	0.289517	-0.840188	0.458546
385	0.943666	0.170976	-0.283304	0.160435	0.512392	0.843632	0.289403	-0.841559	0.456096
386	0.943538	0.171105	-0.283653	0.161473	0.510098	0.844823	0.289244	-0.842925	0.453668
387	0.943435	0.171138	-0.283976	0.162530	0.507814	0.845996	0.288989	-0.844297	0.451274
388	0.943324	0.171212	-0.284298	0.163555	0.505559	0.847148	0.288772	-0.845634	0.448903
389	0.943223	0.171286	-0.284589	0.164537	0.503342	0.848277	0.288544	-0.846940	0.446581
390	0.943117	0.171361	-0.284894	0.165517	0.501163	0.849376	0.288329	-0.848217	0.444292
391	0.942980	0.171487	-0.285272	0.166530	0.499010	0.850445	0.288195	-0.849459	0.441999
392	0.942832	0.171625	-0.285679	0.167552	0.496887	0.851486	0.288087	-0.850675	0.439725
393	0.942657	0.171871	-0.286109	0.168537	0.494788	0.852514	0.288086	-0.851848	0.437449
394	0.942447	0.172169	-0.286620	0.169553	0.492740	0.853498	0.288175	-0.852974	0.435189
395	0.942221	0.172451	-0.287194	0.170625	0.490721	0.854447	0.288282	-0.854081	0.432943
396	0.941950	0.172870	-0.287830	0.171703	0.488669	0.855407	0.288528	-0.855172	0.430619
397	0.941637	0.173397	-0.288536	0.172795	0.486622	0.856354	0.288897	-0.856232	0.428259
398	0.941323	0.173958	-0.289222	0.173855	0.484574	0.857299	0.289284	-0.857279	0.425897
399	0.940964	0.174566	-0.290024	0.174996	0.482548	0.858210	0.289765	-0.858297	0.423512
400	0.940465	0.175410	-0.291132	0.176304	0.480548	0.859064	0.290591	-0.859247	0.421013
401	0.940024	0.176065	-0.292159	0.177566	0.478729	0.859819	0.291249	-0.860128	0.418753
402	0.939568	0.176773	-0.293193	0.178777	0.477021	0.860517	0.291976	-0.860931	0.416591
403	0.939051	0.177692	-0.294294	0.179907	0.475469	0.861140	0.292946	-0.861600	0.414522
404	0.938520	0.178665	-0.295396	0.180978	0.474033	0.861708	0.293984	-0.862190	0.412555
405	0.937951	0.179834	-0.296491	0.181918	0.472729	0.862226	0.295217	-0.862663	0.410682
406	0.937413	0.180954	-0.297511	0.182755	0.471596	0.862669	0.296409	-0.863049	0.409010
407	0.936883	0.182052	-0.298509	0.183540	0.470595	0.863049	0.297596	-0.863364	0.407478
408	0.936353	0.183173	-0.299485	0.184267	0.469684	0.863390	0.298813	-0.863623	0.406037
409	0.935843	0.184201	-0.300446	0.184980	0.468899	0.863664	0.299967	-0.863831	0.404743
410	0.935454	0.184987	-0.301173	0.185561	0.468182	0.863929	0.300819	-0.864052	0.403636
411	0.935131	0.185666	-0.301759	0.186070	0.467437	0.864222	0.301510	-0.864309	0.402568
412	0.934825	0.186355	-0.302280	0.186579	0.466511	0.864613	0.302142	-0.864661	0.401336
413	0.934547	0.186938	-0.302780	0.187198	0.465347	0.865106	0.302619	-0.865162	0.399895
414	0.934319	0.187427	-0.303182	0.187840	0.463981	0.865701	0.302926	-0.865791	0.398300
415	0.934042	0.188092	-0.303622	0.188572	0.462247	0.866469	0.303325	-0.866573	0.396289
416	0.933890	0.188513	-0.303831	0.189238	0.460386	0.867314	0.303379	-0.867472	0.394276
417	0.933798	0.188779	-0.303947	0.189958	0.458317	0.868252	0.303211	-0.868509	0.392115
418	0.933658	0.189318	-0.304042	0.190608	0.456059	0.869298	0.303234	-0.869580	0.389718
419	0.933475	0.189960	-0.304202	0.191303	0.453726	0.870365	0.303359	-0.870659	0.387202
420	0.933293	0.190570	-0.304380	0.192051	0.451332	0.871445	0.303448	-0.871770	0.384626
421	0.933099	0.191012	-0.304697	0.192986	0.448974	0.872455	0.303450	-0.872890	0.382075
422	0.932907	0.191348	-0.305075	0.194067	0.446488	0.873491	0.303353	-0.874091	0.379397
423	0.932661	0.191592	-0.305674	0.195415	0.443933	0.874492	0.303244	-0.875338	0.376599
424	0.932392	0.191704	-0.306424	0.196975	0.441328	0.875460	0.303062	-0.876630	0.373729
425	0.932186	0.191656	-0.307079	0.198478	0.438814	0.876384	0.302715	-0.877901	0.371017
426	0.931955	0.191697	-0.307753	0.199944	0.436350	0.877281	0.302460	-0.879120	0.368330
427	0.931656	0.191894	-0.308536	0.201377	0.434103	0.878067	0.302432	-0.880188	0.365792
428	0.931317	0.192227	-0.309351	0.202708	0.432083	0.878757	0.302586	-0.881109	0.363440
429	0.931006	0.192587	-0.310062	0.203864	0.430270	0.879379	0.302767	-0.881917	0.361322
430	0.930706	0.192936	-0.310743	0.204947	0.428594	0.879946	0.302956	-0.882657	0.359353
431	0.930391	0.193480	-0.311350	0.205878	0.426945	0.880530	0.303293	-0.883337	0.357392
432	0.930117	0.193956	-0.311871	0.206743	0.425333	0.881106	0.303545	-0.884009	0.355511
433	0.929816	0.194545	-0.312402	0.207634	0.423555	0.881754	0.303861	-0.884733	0.353434
434	0.929389	0.195436	-0.313114	0.208639	0.421615	0.882446	0.304475	-0.885464	0.351069
435	0.929069	0.196214	-0.313578	0.209460	0.419664	0.883181	0.304890	-0.886218	0.348798
436	0.928851	0.196810	-0.313850	0.210170	0.417704	0.883941	0.305065	-0.887011	0.346621
437	0.928529	0.197631	-0.314286	0.210937	0.415797	0.884657	0.305514	-0.887725	0.344392
438	0.928165	0.198545	-0.314785	0.211695	0.413997	0.885320	0.306095	-0.888362	0.342227
439	0.927908	0.199167	-0.315151	0.212410	0.412276	0.885952	0.306381	-0.889023	0.340249
440	0.927643	0.199641	-0.315630	0.213276	0.410591	0.886526	0.306582	-0.889696	0.338304
441	0.927297	0.200085	-0.316363	0.214387	0.408933	0.887024	0.306851	-0.890359	0.336307
442	0.926942	0.200562	-0.317102	0.215512	0.407220	0.887539	0.307137	-0.891037	0.334246
443	0.926687	0.200877	-0.317647	0.216469	0.405633	0.888033	0.307234	-0.891690	0.332411
444	0.926440	0.201138	-0.318202	0.217447	0.404067	0.888508	0.307288	-0.892341	0.330607
445	0.926083	0.201620	-0.318936	0.218533	0.402465	0.888969	0.307594	-0.892957	0.328655
446	0.925741	0.202161	-0.319586	0.219525	0.400841	0.889458	0.307917	-0.893564	0.326696
447	0.925480	0.202683	-0.320009	0.220301	0.399241	0.889986	0.308145	-0.894163	0.324838
448	0.925162	0.203231	-0.320583	0.221206	0.397661	0.890468	0.308454	-0.894742	0.322944
449	0.924723	0.203868	-0.321443	0.222388	0.395996	0.890916	0.308919	-0.895335	0.320849
450	0.924312	0.204411	-0.322278	0.223584	0.394324	0.891358	0.309286	-0.895949	0.318775
451	0.923822	0.205054	-0.323273	0.224940	0.392539	0.891804	0.309765	-0.896586	0.316512
452	0.923404	0.205730	-0.324038	0.226047	0.390808	0.892285	0.310206	-0.897187	0.314369
