// Start Time: Unknown
// Update Rate: 60.0Hz
//Filter Profile: human (46.1)
// Option Flags: AHS Disabled ICC Disabled
// Firmware Version: 4.0.2
0	sampleTimeFine	Year	Month	Day	Second	UTC_Nano	UTC_Year	UTC_Month	UTC_Day	UTC_Hour	UTC_Minute	UTC_Second	UTC_Valid	Acc_X	Acc_Y	Acc_Z	Mat[1][1]	Mat[2][1]	Mat[3][1]	Mat[1][2]	Mat[2][2]	Mat[3][2]	Mat[1][3]	Mat[2][3]	Mat[3][3]
0	1906769													0.793653	-0.182230	-0.435859	0.369810	-0.885749	-0.280516	-0.031225	-0.313598	0.949042	-0.928582	-0.342206	-0.143630
1	1906936													9.098093	-0.243547	3.677128	0.369994	-0.885166	-0.282109	-0.030747	-0.315159	0.948541	-0.928525	-0.342280	-0.143823
2	1907103													9.103607	-0.268866	3.714138	0.370927	-0.884479	-0.283037	-0.029592	-0.315882	0.948337	-0.928190	-0.343388	-0.143342
3	1907269													9.105734	-0.290694	3.712170	0.372192	-0.883822	-0.283430	-0.028921	-0.316264	0.948230	-0.927705	-0.344727	-0.143272
4	1907769													9.125075	-0.277570	3.606830	0.373179	-0.883130	-0.284287	-0.028781	-0.317296	0.947890	-0.927313	-0.345550	-0.143825
5	1907936													9.102062	-0.267420	3.628513	0.372794	-0.883080	-0.284945	-0.028831	-0.317957	0.947667	-0.927466	-0.345069	-0.143993
6	1908103													9.110219	-0.237331	3.624165	0.372451	-0.883079	-0.285398	-0.028967	-0.318436	0.947502	-0.927600	-0.344631	-0.144182
7	1908269													9.145102	-0.282399	3.587656	0.372256	-0.883138	-0.285470	-0.029064	-0.318517	0.947472	-0.927675	-0.344405	-0.144237
8	1908436													9.138232	-0.299804	3.619481	0.372101	-0.883136	-0.285678	-0.029235	-0.318778	0.947379	-0.927732	-0.344169	-0.144436
9	1908603													9.153830	-0.272112	3.656955	0.372062	-0.883035	-0.286041	-0.029426	-0.319230	0.947220	-0.927741	-0.344007	-0.144757
10	1908769													9.106214	-0.312629	3.650226	0.372075	-0.882940	-0.286316	-0.029584	-0.319586	0.947095	-0.927731	-0.343920	-0.145030
11	1908936													9.024257	-0.323577	3.664946	0.371985	-0.882942	-0.286427	-0.029814	-0.319776	0.947024	-0.927760	-0.343739	-0.145276
12	1909103													9.138673	-0.243750	3.732670	0.371780	-0.882969	-0.286611	-0.029817	-0.319940	0.946969	-0.927842	-0.343519	-0.145274
13	1909269													9.184260	-0.259260	3.657766	0.371565	-0.882980	-0.286856	-0.029673	-0.320114	0.946914	-0.927933	-0.343329	-0.145144
14	1909436													9.096843	-0.348751	3.670373	0.371324	-0.883051	-0.286948	-0.029779	-0.320211	0.946878	-0.928026	-0.343054	-0.145198
15	1909603													9.052418	-0.304927	3.709720	0.370951	-0.883054	-0.287423	-0.029965	-0.320726	0.946698	-0.928169	-0.342566	-0.145434
16	1909769													9.125284	-0.248582	3.647359	0.370678	-0.882987	-0.287979	-0.030027	-0.321299	0.946502	-0.928276	-0.342200	-0.145612
17	1909936													9.064273	-0.302558	3.618811	0.370572	-0.882962	-0.288191	-0.030074	-0.321526	0.946423	-0.928317	-0.342051	-0.145703
18	1910103													9.068912	-0.352243	3.652997	0.370395	-0.883007	-0.288282	-0.030246	-0.321657	0.946373	-0.928382	-0.341813	-0.145848
19	1910269													9.111020	-0.343725	3.615413	0.370099	-0.883087	-0.288416	-0.030433	-0.321820	0.946312	-0.928494	-0.341452	-0.145980
20	1910436													9.117077	-0.301802	3.604176	0.369985	-0.883041	-0.288704	-0.030564	-0.322157	0.946193	-0.928535	-0.341253	-0.146182
21	1910603													9.113190	-0.297683	3.642913	0.369977	-0.882971	-0.288929	-0.030703	-0.322448	0.946089	-0.928534	-0.341160	-0.146408
22	1910769													9.135412	-0.318310	3.654341	0.369958	-0.882902	-0.289164	-0.030920	-0.322776	0.945970	-0.928534	-0.341028	-0.146713
23	1910936													9.137671	-0.304437	3.678164	0.370025	-0.882765	-0.289493	-0.031120	-0.323214	0.945814	-0.928500	-0.340966	-0.147069
24	1911103													9.109944	-0.287796	3.674075	0.369979	-0.882721	-0.289689	-0.031283	-0.323476	0.945719	-0.928513	-0.340834	-0.147293
25	1911269													9.084706	-0.331937	3.625072	0.369868	-0.882693	-0.289914	-0.031530	-0.323789	0.945604	-0.928549	-0.340608	-0.147590
26	1911436													9.064636	-0.319831	3.658073	0.369637	-0.882733	-0.290089	-0.031645	-0.323979	0.945535	-0.928637	-0.340324	-0.147689
27	1911603													9.135934	-0.276280	3.609576	0.369364	-0.882788	-0.290270	-0.031709	-0.324149	0.945474	-0.928744	-0.340020	-0.147722
28	1911769													9.124035	-0.307135	3.592912	0.369424	-0.882775	-0.290231	-0.031901	-0.324188	0.945455	-0.928713	-0.340015	-0.147925
29	1911936													9.119781	-0.354748	3.596311	0.369308	-0.882933	-0.289899	-0.032139	-0.323900	0.945545	-0.928751	-0.339881	-0.147996
30	1912103													9.150681	-0.315286	3.635830	0.369212	-0.882973	-0.289900	-0.032268	-0.323931	0.945530	-0.928785	-0.339747	-0.148091
31	1912269													9.116958	-0.295702	3.625301	0.369079	-0.883016	-0.289936	-0.032357	-0.323980	0.945510	-0.928834	-0.339587	-0.148147
32	1912436													9.102238	-0.306992	3.636384	0.368955	-0.883050	-0.289993	-0.032419	-0.324043	0.945487	-0.928882	-0.339440	-0.148185
33	1912603													9.112498	-0.307239	3.631141	0.368885	-0.883042	-0.290106	-0.032474	-0.324171	0.945441	-0.928908	-0.339338	-0.148257
34	1912769													9.110939	-0.307504	3.635258	0.368827	-0.883058	-0.290131	-0.032468	-0.324187	0.945436	-0.928931	-0.339282	-0.148240
35	1912936													9.127336	-0.286730	3.641466	0.368793	-0.883041	-0.290224	-0.032436	-0.324269	0.945409	-0.928945	-0.339246	-0.148231
36	1913103													9.130093	-0.295885	3.632851	0.368851	-0.882978	-0.290341	-0.032379	-0.324383	0.945371	-0.928924	-0.339300	-0.148239
37	1913269													9.120877	-0.294676	3.655828	0.368824	-0.882981	-0.290367	-0.032298	-0.324377	0.945376	-0.928938	-0.339299	-0.148156
38	1913436													9.127000	-0.292512	3.622569	0.368745	-0.883000	-0.290411	-0.032216	-0.324380	0.945378	-0.928972	-0.339248	-0.148060
39	1913603													9.095513	-0.301740	3.626595	0.368607	-0.883045	-0.290447	-0.032166	-0.324377	0.945381	-0.929029	-0.339132	-0.147971
40	1913770													9.112108	-0.310375	3.641198	0.368463	-0.883030	-0.290678	-0.032176	-0.324603	0.945303	-0.929086	-0.338956	-0.148017
41	1913936													9.125308	-0.319749	3.658832	0.368397	-0.883111	-0.290514	-0.032220	-0.324433	0.945360	-0.929110	-0.338907	-0.147974
42	1914103													9.125637	-0.318880	3.621911	0.368339	-0.883088	-0.290658	-0.032176	-0.324561	0.945317	-0.929135	-0.338845	-0.147963
43	1914270													9.141018	-0.310054	3.624222	0.368250	-0.883099	-0.290737	-0.032142	-0.324618	0.945299	-0.929171	-0.338761	-0.147925
44	1914436													9.119496	-0.309953	3.614641	0.368185	-0.883170	-0.290604	-0.032165	-0.324472	0.945348	-0.929196	-0.338715	-0.147873
45	1914603													9.107996	-0.298864	3.643647	0.368069	-0.883164	-0.290768	-0.032222	-0.324649	0.945285	-0.929240	-0.338561	-0.147950
46	1914770													9.127682	-0.271204	3.603205	0.368013	-0.883173	-0.290810	-0.032231	-0.324689	0.945272	-0.929262	-0.338500	-0.147955
47	1914936													9.097911	-0.269116	3.624700	0.367964	-0.883189	-0.290827	-0.032291	-0.324720	0.945259	-0.929279	-0.338430	-0.148005
48	1915103													9.144155	-0.275536	3.646512	0.367912	-0.883229	-0.290771	-0.032349	-0.324672	0.945273	-0.929298	-0.338371	-0.148023
49	1915270													9.146923	-0.306813	3.656997	0.367806	-0.883311	-0.290655	-0.032463	-0.324572	0.945304	-0.929336	-0.338253	-0.148055
50	1915436													9.074655	-0.317074	3.633998	0.367692	-0.883336	-0.290722	-0.032598	-0.324673	0.945264	-0.929376	-0.338090	-0.148174
51	1915603													9.081736	-0.302551	3.611676	0.367554	-0.883347	-0.290865	-0.032645	-0.324820	0.945212	-0.929429	-0.337921	-0.148226
52	1915770													9.185591	-0.262325	3.590168	0.367459	-0.883340	-0.291006	-0.032437	-0.324879	0.945199	-0.929474	-0.337882	-0.148033
53	1915936													9.189619	-0.290942	3.602413	0.367542	-0.883267	-0.291123	-0.032333	-0.324980	0.945168	-0.929445	-0.337976	-0.148002
54	1916103													9.046525	-0.319597	3.702624	0.367663	-0.883268	-0.290968	-0.032529	-0.324905	0.945187	-0.929390	-0.338045	-0.148188
55	1916270													9.073383	-0.278659	3.726110	0.367452	-0.883381	-0.290891	-0.032627	-0.324823	0.945212	-0.929470	-0.337829	-0.148179
56	1916436													9.094484	-0.258070	3.636391	0.367340	-0.883435	-0.290869	-0.032640	-0.324786	0.945224	-0.929514	-0.337724	-0.148142
57	1916603													9.093091	-0.301545	3.648679	0.367251	-0.883550	-0.290631	-0.032648	-0.324518	0.945316	-0.929549	-0.337680	-0.148026
58	1916770													9.094855	-0.330753	3.639781	0.367064	-0.883646	-0.290574	-0.032734	-0.324457	0.945334	-0.929620	-0.337486	-0.148022
59	1916936													9.113499	-0.311291	3.599622	0.366823	-0.883709	-0.290688	-0.032823	-0.324570	0.945292	-0.929712	-0.337213	-0.148065
60	1917103													9.128677	-0.260995	3.619609	0.366801	-0.883759	-0.290562	-0.032835	-0.324436	0.945338	-0.929720	-0.337210	-0.148022
61	1917270													9.112844	-0.287352	3.633115	0.366815	-0.883749	-0.290577	-0.032886	-0.324472	0.945323	-0.929712	-0.337203	-0.148084
62	1917436													9.137232	-0.302862	3.594455	0.366834	-0.883729	-0.290612	-0.032999	-0.324555	0.945291	-0.929701	-0.337175	-0.148220
63	1917603													9.130142	-0.288883	3.628105	0.366854	-0.883745	-0.290540	-0.033120	-0.324524	0.945297	-0.929689	-0.337164	-0.148322
64	1917770													9.085612	-0.296510	3.616264	0.366726	-0.883777	-0.290605	-0.033307	-0.324640	0.945251	-0.929733	-0.336969	-0.148490
65	1917936													9.113574	-0.294291	3.646462	0.366519	-0.883913	-0.290451	-0.033441	-0.324489	0.945298	-0.929809	-0.336757	-0.148490
66	1918103													9.138265	-0.232647	3.593495	0.366430	-0.883980	-0.290358	-0.033444	-0.324375	0.945337	-0.929844	-0.336689	-0.148424
67	1918270													9.132715	-0.288074	3.617248	0.366521	-0.884016	-0.290136	-0.033585	-0.324204	0.945391	-0.929803	-0.336761	-0.148517
68	1918436													9.113279	-0.304465	3.658136	0.366492	-0.884067	-0.290017	-0.033798	-0.324149	0.945402	-0.929807	-0.336680	-0.148677
69	1918603													9.132845	-0.290536	3.642366	0.366366	-0.884173	-0.289852	-0.033926	-0.323997	0.945450	-0.929852	-0.336547	-0.148698
70	1918770													9.140323	-0.289146	3.628477	0.366229	-0.884336	-0.289526	-0.034048	-0.323669	0.945558	-0.929901	-0.336433	-0.148647
71	1918936													9.090152	-0.305216	3.614700	0.366136	-0.884524	-0.289070	-0.034161	-0.323207	0.945712	-0.929934	-0.336384	-0.148554
72	1919103													9.119929	-0.300799	3.604156	0.366104	-0.884601	-0.288875	-0.034255	-0.323027	0.945769	-0.929943	-0.336355	-0.148563
73	1919270													9.128662	-0.283014	3.612563	0.366153	-0.884578	-0.288885	-0.034340	-0.323076	0.945750	-0.929921	-0.336369	-0.148672
74	1919436													9.107017	-0.307128	3.642518	0.366205	-0.884526	-0.288976	-0.034421	-0.323212	0.945700	-0.929897	-0.336374	-0.148809
75	1919603													9.103602	-0.315448	3.666900	0.366088	-0.884587	-0.288938	-0.034498	-0.323180	0.945709	-0.929941	-0.336245	-0.148829
76	1919770													9.117998	-0.313102	3.657240	0.365908	-0.884607	-0.289105	-0.034567	-0.323352	0.945647	-0.930009	-0.336026	-0.148896
77	1919936													9.134608	-0.279833	3.665861	0.365801	-0.884644	-0.289127	-0.034632	-0.323381	0.945635	-0.930048	-0.335901	-0.148930
78	1920103													9.122987	-0.312081	3.611762	0.365716	-0.884701	-0.289060	-0.034705	-0.323321	0.945653	-0.930079	-0.335808	-0.148947
79	1920270													9.110793	-0.298531	3.643965	0.365720	-0.884816	-0.288703	-0.034788	-0.322970	0.945770	-0.930075	-0.335843	-0.148897
80	1920436													9.094964	-0.326890	3.642185	0.365700	-0.884863	-0.288584	-0.034898	-0.322880	0.945796	-0.930078	-0.335806	-0.148958
81	1920603													9.083433	-0.317979	3.629301	0.365580	-0.884877	-0.288694	-0.034984	-0.323007	0.945750	-0.930122	-0.335647	-0.149041
82	1920770													9.138438	-0.323895	3.611082	0.365484	-0.884961	-0.288557	-0.035092	-0.322883	0.945788	-0.930156	-0.335545	-0.149063
83	1920936													9.142653	-0.304021	3.613375	0.365483	-0.884954	-0.288582	-0.035177	-0.322941	0.945765	-0.930153	-0.335509	-0.149160
84	1921103													9.121684	-0.296019	3.620702	0.365544	-0.884938	-0.288550	-0.035276	-0.322953	0.945757	-0.930125	-0.335537	-0.149271
85	1921270													9.110229	-0.302348	3.645655	0.365721	-0.884880	-0.288507	-0.035349	-0.322964	0.945751	-0.930053	-0.335682	-0.149394
86	1921436													9.129028	-0.325935	3.623699	0.365838	-0.884814	-0.288561	-0.035475	-0.323086	0.945704	-0.930002	-0.335738	-0.149586
87	1921603													9.131397	-0.334254	3.631757	0.365983	-0.884790	-0.288450	-0.035606	-0.323040	0.945715	-0.929940	-0.335845	-0.149731
88	1921770													9.133969	-0.299979	3.653600	0.366039	-0.884808	-0.288323	-0.035663	-0.322935	0.945749	-0.929916	-0.335899	-0.149761
89	1921936													9.110761	-0.314840	3.638258	0.366077	-0.884815	-0.288254	-0.035761	-0.322902	0.945756	-0.929897	-0.335912	-0.149849
90	1922103													9.048255	-0.337794	3.608486	0.366160	-0.884882	-0.287941	-0.035886	-0.322628	0.945845	-0.929860	-0.335997	-0.149889
91	1922270													9.147263	-0.286540	3.659329	0.366177	-0.884855	-0.288004	-0.035771	-0.322657	0.945840	-0.929857	-0.336043	-0.149802
92	1922436													9.227335	-0.301350	3.597550	0.366283	-0.884785	-0.288085	-0.035563	-0.322686	0.945838	-0.929824	-0.336199	-0.149660
93	1922603													9.121886	-0.343579	3.675600	0.366578	-0.884648	-0.288130	-0.035644	-0.322814	0.945791	-0.929704	-0.336436	-0.149869
94	1922770													9.058036	-0.309426	3.748985	0.366569	-0.884543	-0.288464	-0.035722	-0.323198	0.945657	-0.929705	-0.336344	-0.150072
95	1922936													9.081526	-0.244381	3.717782	0.366400	-0.884548	-0.288660	-0.035703	-0.323372	0.945598	-0.929772	-0.336161	-0.150065
96	1923103													9.053023	-0.276149	3.655109	0.366240	-0.884639	-0.288587	-0.035754	-0.323284	0.945626	-0.929833	-0.336008	-0.150029
97	1923270													9.077835	-0.337667	3.633130	0.365978	-0.884735	-0.288623	-0.035919	-0.323338	0.945602	-0.929930	-0.335703	-0.150113
98	1923436													9.111884	-0.322008	3.560698	0.365831	-0.884817	-0.288559	-0.036137	-0.323322	0.945599	-0.929979	-0.335502	-0.150256
99	1923603													9.130683	-0.300032	3.567131	0.365870	-0.884821	-0.288498	-0.036304	-0.323324	0.945592	-0.929958	-0.335490	-0.150417
100	1923770													9.109999	-0.304979	3.570035	0.366054	-0.884865	-0.288128	-0.036404	-0.322997	0.945700	-0.929881	-0.335688	-0.150447
101	1923936													9.145286	-0.319424	3.591758	0.366315	-0.884764	-0.288108	-0.036552	-0.323073	0.945668	-0.929773	-0.335881	-0.150687
102	1924103													9.139874	-0.332035	3.606423	0.366660	-0.884634	-0.288068	-0.036733	-0.323156	0.945633	-0.929629	-0.336145	-0.150983
103	1924270													9.101154	-0.347164	3.640853	0.366937	-0.884577	-0.287889	-0.036998	-0.323109	0.945638	-0.929510	-0.336338	-0.151288
104	1924436													9.099373	-0.311177	3.693511	0.367058	-0.884514	-0.287930	-0.037172	-0.323236	0.945588	-0.929455	-0.336383	-0.151525
105	1924603													9.103928	-0.254354	3.660304	0.367068	-0.884534	-0.287854	-0.037134	-0.323144	0.945621	-0.929453	-0.336418	-0.151462
106	1924770													9.117805	-0.285682	3.664968	0.367155	-0.884563	-0.287657	-0.037145	-0.322952	0.945686	-0.929418	-0.336528	-0.151431
107	1924936													9.107904	-0.332743	3.653270	0.367097	-0.884602	-0.287611	-0.037306	-0.322951	0.945680	-0.929434	-0.336427	-0.151555
108	1925103													9.146794	-0.332166	3.635910	0.366999	-0.884651	-0.287584	-0.037397	-0.322938	0.945681	-0.929469	-0.336309	-0.151601
109	1925270													9.110531	-0.271012	3.607610	0.366937	-0.884718	-0.287457	-0.037459	-0.322813	0.945721	-0.929491	-0.336253	-0.151593
110	1925436													9.085201	-0.287945	3.628656	0.366813	-0.884878	-0.287123	-0.037505	-0.322452	0.945842	-0.929538	-0.336179	-0.151467
111	1925603													9.088240	-0.317245	3.584039	0.366821	-0.884932	-0.286946	-0.037582	-0.322292	0.945894	-0.929532	-0.336190	-0.151481
112	1925770													9.093083	-0.299297	3.606646	0.366978	-0.884893	-0.286866	-0.037646	-0.322257	0.945903	-0.929468	-0.336326	-0.151574
113	1925936													9.108558	-0.285038	3.648500	0.367189	-0.884838	-0.286765	-0.037657	-0.322190	0.945926	-0.929384	-0.336535	-0.151625
114	1926103													9.109381	-0.334607	3.703320	0.367346	-0.884780	-0.286741	-0.037603	-0.322172	0.945934	-0.929324	-0.336703	-0.151619
115	1926270													9.093733	-0.330327	3.734921	0.367348	-0.884686	-0.287028	-0.037529	-0.322452	0.945841	-0.929326	-0.336681	-0.151654
116	1926436													9.128990	-0.329292	3.693632	0.367241	-0.884706	-0.287105	-0.037478	-0.322497	0.945828	-0.929371	-0.336586	-0.151591
117	1926603													9.104483	-0.319721	3.693320	0.367178	-0.884710	-0.287173	-0.037489	-0.322563	0.945805	-0.929395	-0.336513	-0.151605
118	1926770													9.100157	-0.312878	3.681175	0.367094	-0.884783	-0.287055	-0.037562	-0.322448	0.945842	-0.929425	-0.336431	-0.151603
119	1926936													9.090112	-0.337423	3.672894	0.366963	-0.884803	-0.287163	-0.037644	-0.322570	0.945797	-0.929474	-0.336263	-0.151679
120	1927103													9.068716	-0.347239	3.667218	0.366874	-0.884883	-0.287030	-0.037672	-0.322423	0.945846	-0.929508	-0.336193	-0.151624
121	1927270													9.088963	-0.327280	3.607213	0.366819	-0.884959	-0.286865	-0.037716	-0.322254	0.945902	-0.929528	-0.336155	-0.151586
122	1927436													9.108865	-0.341596	3.624257	0.366789	-0.885015	-0.286730	-0.037809	-0.322137	0.945938	-0.929535	-0.336119	-0.151618
123	1927603													9.130970	-0.357628	3.631689	0.366784	-0.884998	-0.286789	-0.037859	-0.322218	0.945908	-0.929536	-0.336086	-0.151689
124	1927770													9.124623	-0.319431	3.628006	0.366861	-0.884948	-0.286844	-0.037899	-0.322304	0.945877	-0.929503	-0.336135	-0.151779
125	1927936													9.074021	-0.318017	3.663588	0.366986	-0.884931	-0.286737	-0.037978	-0.322240	0.945896	-0.929451	-0.336241	-0.151866
126	1928103													9.083264	-0.315693	3.660258	0.366936	-0.884924	-0.286822	-0.038059	-0.322352	0.945854	-0.929467	-0.336152	-0.151962
127	1928270													9.156028	-0.290452	3.675951	0.367031	-0.884922	-0.286709	-0.038124	-0.322272	0.945879	-0.929427	-0.336236	-0.152021
128	1928436													9.155047	-0.362118	3.646257	0.367090	-0.884902	-0.286693	-0.038238	-0.322306	0.945863	-0.929399	-0.336254	-0.152152
129	1928603													9.056561	-0.344100	3.610641	0.367034	-0.884894	-0.286789	-0.038366	-0.322445	0.945810	-0.929416	-0.336141	-0.152298
130	1928770													9.096417	-0.273692	3.673282	0.366884	-0.884967	-0.286757	-0.038313	-0.322366	0.945840	-0.929477	-0.336027	-0.152177
131	1928936													9.209345	-0.262972	3.692193	0.366796	-0.884992	-0.286793	-0.038063	-0.322297	0.945873	-0.929523	-0.336026	-0.151903
132	1929103													9.174960	-0.354009	3.613693	0.366901	-0.884988	-0.286670	-0.038027	-0.322172	0.945917	-0.929483	-0.336156	-0.151859
133	1929270													9.038678	-0.359718	3.715191	0.367141	-0.884857	-0.286767	-0.038119	-0.322351	0.945852	-0.929384	-0.336330	-0.152078
134	1929436													9.068839	-0.298880	3.728184	0.367018	-0.884842	-0.286971	-0.038004	-0.322506	0.945804	-0.929437	-0.336221	-0.151993
135	1929603													9.076425	-0.253261	3.666302	0.366852	-0.884955	-0.286835	-0.037876	-0.322285	0.945885	-0.929508	-0.336136	-0.151749
136	1929770													9.053260	-0.300337	3.684046	0.366664	-0.885052	-0.286775	-0.037777	-0.322152	0.945934	-0.929586	-0.336006	-0.151556
137	1929936													9.070796	-0.359293	3.663222	0.366403	-0.885170	-0.286745	-0.037756	-0.322067	0.945964	-0.929690	-0.335778	-0.151427
138	1930103													9.123421	-0.362241	3.584419	0.366299	-0.885237	-0.286670	-0.037830	-0.321996	0.945985	-0.929728	-0.335669	-0.151435
139	1930270													9.155370	-0.283750	3.614973	0.366292	-0.885282	-0.286542	-0.037804	-0.321848	0.946036	-0.929732	-0.335693	-0.151358
140	1930437													9.111617	-0.286898	3.662740	0.366220	-0.885355	-0.286409	-0.037722	-0.321664	0.946102	-0.929764	-0.335677	-0.151197
141	1930603													9.125270	-0.333395	3.673006	0.366055	-0.885370	-0.286571	-0.037666	-0.321788	0.946062	-0.929831	-0.335517	-0.151140
142	1930770													9.115202	-0.353775	3.583334	0.365876	-0.885450	-0.286554	-0.037759	-0.321773	0.946064	-0.929897	-0.335322	-0.151162
143	1930937													9.148110	-0.304636	3.647081	0.365897	-0.885505	-0.286356	-0.037887	-0.321611	0.946113	-0.929884	-0.335331	-0.151226
144	1931103													9.097607	-0.279341	3.640887	0.365940	-0.885513	-0.286277	-0.037820	-0.321510	0.946151	-0.929869	-0.335408	-0.151144
145	1931270													9.125868	-0.317410	3.616074	0.365874	-0.885573	-0.286176	-0.037735	-0.321359	0.946205	-0.929899	-0.335393	-0.150994
146	1931437													9.083672	-0.310367	3.639966	0.365800	-0.885568	-0.286288	-0.037796	-0.321488	0.946159	-0.929926	-0.335284	-0.151071
147	1931603													9.146715	-0.337041	3.677202	0.365731	-0.885594	-0.286293	-0.037887	-0.321515	0.946146	-0.929949	-0.335188	-0.151141
148	1931770													9.087762	-0.315012	3.661065	0.365770	-0.885645	-0.286086	-0.038014	-0.321346	0.946198	-0.929929	-0.335216	-0.151205
149	1931937													9.077209	-0.319981	3.665126	0.365747	-0.885645	-0.286116	-0.038062	-0.321391	0.946181	-0.929936	-0.335173	-0.151257
150	1932103													9.073658	-0.294360	3.658611	0.365580	-0.885763	-0.285962	-0.038094	-0.321210	0.946242	-0.930000	-0.335034	-0.151170
151	1932270													9.102278	-0.306270	3.608741	0.365459	-0.885905	-0.285679	-0.038135	-0.320901	0.946345	-0.930046	-0.334955	-0.151060
152	1932437													9.123971	-0.293818	3.642489	0.365460	-0.885946	-0.285550	-0.038164	-0.320773	0.946387	-0.930044	-0.334969	-0.151041
153	1932603													9.116427	-0.313301	3.638848	0.365529	-0.885953	-0.285438	-0.038203	-0.320680	0.946417	-0.930016	-0.335038	-0.151064
154	1932770													9.108904	-0.299321	3.669575	0.365577	-0.885907	-0.285521	-0.038158	-0.320760	0.946391	-0.929999	-0.335084	-0.151067
155	1932937													9.128874	-0.279513	3.668162	0.365533	-0.885912	-0.285563	-0.038105	-0.320778	0.946388	-0.930018	-0.335054	-0.151012
156	1933103													9.108903	-0.291843	3.667449	0.365362	-0.885988	-0.285544	-0.038065	-0.320715	0.946410	-0.930087	-0.334914	-0.150902
157	1933270													9.114321	-0.284724	3.666034	0.365201	-0.886019	-0.285655	-0.038052	-0.320801	0.946382	-0.930150	-0.334750	-0.150872
158	1933437													9.122834	-0.304887	3.636777	0.365058	-0.886115	-0.285540	-0.038119	-0.320677	0.946421	-0.930204	-0.334614	-0.150844
159	1933603													9.123670	-0.319416	3.597765	0.364996	-0.886183	-0.285407	-0.038166	-0.320541	0.946465	-0.930226	-0.334563	-0.150818
160	1933770													9.131406	-0.325828	3.614355	0.365001	-0.886224	-0.285275	-0.038189	-0.320409	0.946509	-0.930224	-0.334582	-0.150793
161	1933937													9.108110	-0.334876	3.609688	0.364941	-0.886332	-0.285015	-0.038165	-0.320113	0.946610	-0.930248	-0.334580	-0.150649
162	1934103													9.082672	-0.314206	3.621439	0.364838	-0.886407	-0.284914	-0.038165	-0.319987	0.946653	-0.930288	-0.334501	-0.150573
163	1934270													9.126539	-0.330099	3.592852	0.364767	-0.886462	-0.284832	-0.038230	-0.319910	0.946676	-0.930314	-0.334427	-0.150582
164	1934437													9.163076	-0.304424	3.617139	0.364793	-0.886419	-0.284933	-0.038312	-0.320052	0.946625	-0.930300	-0.334406	-0.150713
165	1934603													9.167038	-0.358457	3.621837	0.364835	-0.886434	-0.284834	-0.038457	-0.320006	0.946635	-0.930278	-0.334411	-0.150839
166	1934770													9.090826	-0.337943	3.615578	0.364819	-0.886407	-0.284938	-0.038561	-0.320152	0.946581	-0.930280	-0.334343	-0.150979
167	1934937													9.075777	-0.258732	3.643109	0.364571	-0.886537	-0.284850	-0.038637	-0.320042	0.946615	-0.930374	-0.334103	-0.150931
168	1935103													9.210984	-0.278806	3.680076	0.364414	-0.886640	-0.284733	-0.038509	-0.319844	0.946687	-0.930441	-0.334021	-0.150699
169	1935270													9.214655	-0.349859	3.598650	0.364346	-0.886671	-0.284720	-0.038532	-0.319827	0.946692	-0.930466	-0.333952	-0.150693
170	1935437													9.067880	-0.363401	3.678234	0.364494	-0.886570	-0.284847	-0.038759	-0.320070	0.946601	-0.930399	-0.333990	-0.151026
171	1935603													9.044165	-0.293476	3.684915	0.364287	-0.886593	-0.285041	-0.038859	-0.320276	0.946527	-0.930476	-0.333731	-0.151124
172	1935770													9.094009	-0.262671	3.642225	0.364087	-0.886702	-0.284956	-0.038900	-0.320166	0.946562	-0.930552	-0.333546	-0.151061
173	1935937													9.071865	-0.318082	3.605010	0.363988	-0.886746	-0.284946	-0.038895	-0.320136	0.946573	-0.930591	-0.333459	-0.151016
174	1936103													9.112944	-0.339790	3.601978	0.364022	-0.886770	-0.284828	-0.038986	-0.320049	0.946599	-0.930574	-0.333478	-0.151076
175	1936270													9.115605	-0.348261	3.595778	0.364234	-0.886724	-0.284700	-0.039115	-0.319996	0.946611	-0.930486	-0.333651	-0.151238
176	1936437													9.132265	-0.340921	3.626611	0.364517	-0.886641	-0.284595	-0.039111	-0.319930	0.946633	-0.930375	-0.333933	-0.151298
177	1936603													9.133427	-0.354763	3.627272	0.364649	-0.886596	-0.284568	-0.039064	-0.319907	0.946643	-0.930325	-0.334076	-0.151288
178	1936770													9.167893	-0.323826	3.619726	0.364845	-0.886551	-0.284457	-0.039040	-0.319814	0.946676	-0.930249	-0.334285	-0.151293
179	1936937													9.127227	-0.341395	3.593942	0.365087	-0.886441	-0.284490	-0.039069	-0.319903	0.946645	-0.930153	-0.334493	-0.151425
180	1937103													9.094032	-0.328967	3.641896	0.365294	-0.886330	-0.284569	-0.039160	-0.320056	0.946589	-0.930068	-0.334639	-0.151623
181	1937270													9.154203	-0.296189	3.608758	0.365332	-0.886338	-0.284496	-0.039108	-0.319965	0.946622	-0.930055	-0.334706	-0.151557
182	1937437													9.174191	-0.315110	3.578043	0.365248	-0.886353	-0.284557	-0.039003	-0.319978	0.946622	-0.930093	-0.334653	-0.151442
183	1937603													9.094155	-0.301113	3.634056	0.365297	-0.886299	-0.284661	-0.039033	-0.320109	0.946576	-0.930072	-0.334670	-0.151530
184	1937770													9.137413	-0.336589	3.592665	0.365268	-0.886333	-0.284593	-0.039055	-0.320039	0.946599	-0.930083	-0.334648	-0.151515
185	1937937													9.135457	-0.330273	3.602056	0.365353	-0.886336	-0.284474	-0.039059	-0.319928	0.946636	-0.930049	-0.334745	-0.151506
186	1938103													9.095562	-0.331604	3.614955	0.365557	-0.886253	-0.284472	-0.038994	-0.319938	0.946636	-0.929972	-0.334956	-0.151514
187	1938270													9.088852	-0.333020	3.625133	0.365670	-0.886229	-0.284402	-0.038959	-0.319870	0.946660	-0.929929	-0.335085	-0.151493
188	1938437													9.104183	-0.328889	3.615599	0.365740	-0.886186	-0.284446	-0.038950	-0.319926	0.946642	-0.929902	-0.335145	-0.151527
189	1938603													9.109362	-0.304865	3.645321	0.365924	-0.886125	-0.284397	-0.038954	-0.319908	0.946648	-0.929829	-0.335323	-0.151580
190	1938770													9.118752	-0.332705	3.660799	0.366106	-0.886075	-0.284319	-0.038855	-0.319820	0.946681	-0.929761	-0.335539	-0.151517
191	1938937													9.124485	-0.329987	3.662319	0.366321	-0.885980	-0.284339	-0.038751	-0.319842	0.946678	-0.929681	-0.335770	-0.151497
192	1939103													9.117508	-0.307482	3.680922	0.366486	-0.885929	-0.284285	-0.038602	-0.319758	0.946712	-0.929623	-0.335983	-0.151386
193	1939270													9.116879	-0.308030	3.669750	0.366616	-0.885882	-0.284263	-0.038483	-0.319715	0.946732	-0.929576	-0.336148	-0.151304
194	1939437													9.102218	-0.312884	3.655513	0.366732	-0.885817	-0.284318	-0.038415	-0.319769	0.946717	-0.929533	-0.336269	-0.151298
195	1939603													9.108646	-0.311867	3.664783	0.366878	-0.885734	-0.284387	-0.038393	-0.319861	0.946686	-0.929476	-0.336400	-0.151356
196	1939770													9.100231	-0.330256	3.669017	0.367015	-0.885681	-0.284374	-0.038360	-0.319858	0.946689	-0.929424	-0.336541	-0.151367
197	1939937													9.102399	-0.332362	3.623496	0.366972	-0.885720	-0.284310	-0.038303	-0.319761	0.946724	-0.929443	-0.336532	-0.151269
198	1940103													9.161807	-0.326565	3.606981	0.367025	-0.885744	-0.284166	-0.038288	-0.319611	0.946775	-0.929423	-0.336610	-0.151218
199	1940270													9.129839	-0.317754	3.644634	0.367222	-0.885652	-0.284197	-0.038232	-0.319659	0.946761	-0.929347	-0.336806	-0.151246
200	1940437													9.094181	-0.332902	3.658800	0.367320	-0.885587	-0.284275	-0.038196	-0.319745	0.946733	-0.929310	-0.336896	-0.151274
201	1940603													9.113931	-0.334092	3.625551	0.367276	-0.885576	-0.284365	-0.038190	-0.319832	0.946704	-0.929328	-0.336841	-0.151287
202	1940770													9.121637	-0.319291	3.604679	0.367202	-0.885582	-0.284442	-0.038178	-0.319898	0.946682	-0.929357	-0.336765	-0.151277
203	1940937													9.141984	-0.273219	3.650177	0.367258	-0.885559	-0.284441	-0.038163	-0.319900	0.946682	-0.929336	-0.336821	-0.151281
204	1941103													9.132942	-0.345881	3.615370	0.367286	-0.885545	-0.284449	-0.038187	-0.319922	0.946674	-0.929324	-0.336837	-0.151319
205	1941270													9.032897	-0.334328	3.573088	0.367224	-0.885540	-0.284545	-0.038217	-0.320026	0.946638	-0.929347	-0.336753	-0.151363
206	1941437													9.169992	-0.267293	3.663606	0.367263	-0.885517	-0.284565	-0.038105	-0.320013	0.946646	-0.929336	-0.336825	-0.151271
207	1941603													9.203959	-0.288017	3.613929	0.367475	-0.885443	-0.284522	-0.037923	-0.319938	0.946679	-0.929260	-0.337091	-0.151148
208	1941770													9.102421	-0.373418	3.720138	0.367924	-0.885251	-0.284540	-0.037965	-0.320050	0.946640	-0.929080	-0.337489	-0.151363
209	1941937													8.995459	-0.318098	3.793996	0.368044	-0.885098	-0.284859	-0.037957	-0.320410	0.946518	-0.929033	-0.337548	-0.151521
210	1942103													9.073063	-0.253361	3.744114	0.367855	-0.885178	-0.284856	-0.037864	-0.320340	0.946546	-0.929112	-0.337406	-0.151355
211	1942270													9.091184	-0.302833	3.678415	0.367760	-0.885208	-0.284883	-0.037818	-0.320336	0.946549	-0.929151	-0.337330	-0.151283
212	1942437													9.100555	-0.316029	3.642987	0.367701	-0.885206	-0.284967	-0.037781	-0.320402	0.946528	-0.929176	-0.337273	-0.151256
213	1942603													9.117326	-0.305909	3.642138	0.367681	-0.885242	-0.284882	-0.037797	-0.320313	0.946557	-0.929184	-0.337263	-0.151233
214	1942770													9.129722	-0.281712	3.634789	0.367716	-0.885258	-0.284788	-0.037798	-0.320219	0.946589	-0.929170	-0.337311	-0.151211
215	1942937													9.145288	-0.321780	3.621643	0.367819	-0.885257	-0.284657	-0.037715	-0.320067	0.946644	-0.929132	-0.337458	-0.151114
216	1943103													9.120670	-0.341127	3.621576	0.367962	-0.885195	-0.284665	-0.037673	-0.320085	0.946640	-0.929077	-0.337603	-0.151127
217	1943270													9.154264	-0.321485	3.618295	0.368142	-0.885088	-0.284763	-0.037654	-0.320214	0.946597	-0.929007	-0.337760	-0.151211
218	1943437													9.102005	-0.324452	3.603649	0.368313	-0.885041	-0.284688	-0.037718	-0.320187	0.946603	-0.928936	-0.337908	-0.151312
219	1943603													9.115496	-0.324466	3.684198	0.368534	-0.884994	-0.284550	-0.037762	-0.320093	0.946633	-0.928847	-0.338121	-0.151384
220	1943770													9.127425	-0.299067	3.659472	0.368611	-0.884941	-0.284615	-0.037649	-0.320136	0.946623	-0.928821	-0.338221	-0.151322
221	1943937													9.142677	-0.330907	3.638158	0.368664	-0.884905	-0.284657	-0.037608	-0.320175	0.946612	-0.928801	-0.338277	-0.151317
222	1944103													9.106694	-0.301584	3.657579	0.368724	-0.884884	-0.284646	-0.037721	-0.320215	0.946594	-0.928773	-0.338295	-0.151450
223	1944270													9.176804	-0.306379	3.657469	0.368663	-0.884892	-0.284699	-0.037782	-0.320283	0.946568	-0.928795	-0.338209	-0.151509
224	1944437													9.099830	-0.311051	3.619239	0.368682	-0.884848	-0.284811	-0.037772	-0.320403	0.946528	-0.928788	-0.338210	-0.151549
225	1944603													9.094169	-0.325458	3.647658	0.368717	-0.884805	-0.284901	-0.037817	-0.320521	0.946486	-0.928772	-0.338211	-0.151642
226	1944770													9.095270	-0.320893	3.644650	0.368845	-0.884795	-0.284765	-0.037958	-0.320450	0.946505	-0.928715	-0.338305	-0.151781
227	1944937													9.097048	-0.308398	3.660567	0.368991	-0.884750	-0.284715	-0.038015	-0.320442	0.946505	-0.928655	-0.338428	-0.151874
228	1945103													9.139816	-0.296285	3.655342	0.369054	-0.884747	-0.284645	-0.038012	-0.320377	0.946527	-0.928630	-0.338499	-0.151867
229	1945270													9.145356	-0.289408	3.608948	0.369241	-0.884692	-0.284573	-0.037986	-0.320323	0.946546	-0.928557	-0.338694	-0.151882
230	1945437													9.112340	-0.312556	3.714238	0.369590	-0.884490	-0.284747	-0.037948	-0.320557	0.946469	-0.928420	-0.339000	-0.152040
231	1945603													9.082083	-0.306709	3.699098	0.369891	-0.884280	-0.285009	-0.037976	-0.320901	0.946351	-0.928299	-0.339223	-0.152280
232	1945770													9.126755	-0.311532	3.701241	0.370218	-0.884120	-0.285080	-0.037956	-0.321026	0.946310	-0.928169	-0.339520	-0.152407
233	1945937													9.127835	-0.292558	3.697601	0.370477	-0.884034	-0.285010	-0.037897	-0.320975	0.946329	-0.928068	-0.339792	-0.152416
234	1946103													9.096423	-0.310011	3.698378	0.370586	-0.884008	-0.284950	-0.037808	-0.320897	0.946359	-0.928028	-0.339934	-0.152343
235	1946270													9.085036	-0.358354	3.631356	0.370597	-0.883990	-0.284989	-0.037776	-0.320930	0.946349	-0.928025	-0.339949	-0.152330
236	1946437													9.156247	-0.360350	3.588205	0.370745	-0.883941	-0.284949	-0.037771	-0.320911	0.946356	-0.927966	-0.340094	-0.152363
237	1946603													9.158180	-0.339423	3.609020	0.371102	-0.883754	-0.285063	-0.037731	-0.321081	0.946300	-0.927825	-0.340418	-0.152499
238	1946770													9.108723	-0.300139	3.643831	0.371512	-0.883590	-0.285039	-0.037632	-0.321091	0.946300	-0.927665	-0.340835	-0.152541
239	1946937													9.112537	-0.271539	3.712973	0.372053	-0.883326	-0.285153	-0.037461	-0.321246	0.946254	-0.927455	-0.341375	-0.152611
240	1947104													9.090376	-0.254150	3.742075	0.372644	-0.882920	-0.285638	-0.037281	-0.321803	0.946072	-0.927225	-0.341899	-0.152835
241	1947270													9.103859	-0.295513	3.797602	0.372951	-0.882437	-0.286727	-0.036982	-0.322915	0.945705	-0.927114	-0.342098	-0.153066
242	1947437													9.102350	-0.368347	3.678379	0.372923	-0.881953	-0.288250	-0.036530	-0.324375	0.945223	-0.927143	-0.341966	-0.153185
243	1947604													9.117494	-0.302297	3.591804	0.372982	-0.881561	-0.289369	-0.036067	-0.325414	0.944883	-0.927137	-0.341988	-0.153169
244	1947770													9.166608	-0.248496	3.725837	0.373213	-0.881249	-0.290019	-0.035460	-0.325928	0.944729	-0.927068	-0.342302	-0.152889
245	1947937													9.097143	-0.341591	3.769793	0.373029	-0.880965	-0.291120	-0.034747	-0.326812	0.944450	-0.927169	-0.342192	-0.152521
246	1948104													9.057804	-0.459007	3.723488	0.372015	-0.880583	-0.293560	-0.034193	-0.329045	0.943695	-0.927597	-0.341031	-0.152519
247	1948270													9.095867	-0.353878	3.639495	0.371197	-0.880160	-0.295857	-0.033765	-0.331205	0.942955	-0.927940	-0.340032	-0.152660
248	1948437													9.170842	-0.219371	3.604010	0.370101	-0.879847	-0.298150	-0.033160	-0.333247	0.942256	-0.928399	-0.338843	-0.152511
249	1948604													9.130724	-0.248616	3.547295	0.369697	-0.879534	-0.299572	-0.032594	-0.334492	0.941835	-0.928580	-0.338430	-0.152328
250	1948770													9.147108	-0.296865	3.663651	0.369811	-0.879206	-0.300393	-0.032251	-0.335267	0.941571	-0.928547	-0.338516	-0.152341
251	1948937													9.123105	-0.314044	3.700149	0.370139	-0.878878	-0.300949	-0.032195	-0.335899	0.941348	-0.928418	-0.338740	-0.152625
252	1949104													9.142395	-0.298776	3.760186	0.370684	-0.878429	-0.301591	-0.032101	-0.336648	0.941083	-0.928204	-0.339163	-0.152989
253	1949270													9.041378	-0.180208	3.900668	0.371070	-0.877741	-0.303114	-0.031659	-0.338187	0.940546	-0.928065	-0.339412	-0.153280
254	1949437													9.017391	-0.120305	3.852050	0.370351	-0.877123	-0.305771	-0.031073	-0.340692	0.939661	-0.928372	-0.338504	-0.153431
255	1949604													9.194219	-0.297771	3.576373	0.370454	-0.876450	-0.307570	-0.030573	-0.342455	0.939037	-0.928348	-0.338466	-0.153660
256	1949770													9.217011	-0.331386	3.578090	0.371484	-0.875588	-0.308780	-0.030129	-0.343774	0.938569	-0.927950	-0.339360	-0.154087
257	1949937													9.070804	-0.286149	3.658605	0.372782	-0.874729	-0.309648	-0.029776	-0.344806	0.938202	-0.927441	-0.340525	-0.154583
258	1950104													9.014431	-0.230931	3.707231	0.373867	-0.874151	-0.309972	-0.029266	-0.345160	0.938087	-0.927020	-0.341649	-0.154627
259	1950270													9.124301	-0.238968	3.644004	0.374935	-0.873746	-0.309826	-0.028758	-0.345008	0.938159	-0.926605	-0.342839	-0.154483
260	1950437													9.166576	-0.232848	3.707561	0.376890	-0.873194	-0.309008	-0.028565	-0.344407	0.938386	-0.925817	-0.344842	-0.154746
261	1950604													9.143698	-0.246348	3.704461	0.379913	-0.872590	-0.307006	-0.028597	-0.342811	0.938969	-0.924580	-0.347947	-0.155191
262	1950770													9.012585	-0.217527	3.983683	0.382849	-0.871861	-0.305425	-0.028486	-0.341598	0.939414	-0.923371	-0.350954	-0.155616
263	1950937													8.852405	-0.301578	3.987499	0.383741	-0.871282	-0.305957	-0.027994	-0.342147	0.939229	-0.923016	-0.351856	-0.155687
264	1951104													9.026004	-0.269090	3.643295	0.384590	-0.870924	-0.305911	-0.027512	-0.342067	0.939273	-0.922677	-0.352819	-0.155516
265	1951270													9.351188	-0.183909	3.520687	0.387032	-0.870413	-0.304283	-0.027343	-0.340690	0.939778	-0.921661	-0.355404	-0.155658
266	1951437													9.304091	-0.173278	3.668043	0.391173	-0.869334	-0.302061	-0.027201	-0.338992	0.940396	-0.919915	-0.359641	-0.156252
267	1951604													8.790421	-0.235155	4.233997	0.393649	-0.868138	-0.302286	-0.026483	-0.339409	0.940266	-0.918879	-0.362129	-0.156599
268	1951770													8.774274	-0.281445	3.928216	0.392116	-0.868056	-0.304507	-0.025692	-0.341221	0.939632	-0.919557	-0.360621	-0.156100
269	1951937													9.266975	-0.235046	3.353119	0.392265	-0.867969	-0.304562	-0.024926	-0.341008	0.939730	-0.919515	-0.361031	-0.155401
270	1952104													9.565249	-0.103819	3.452219	0.395036	-0.867093	-0.303474	-0.024490	-0.340164	0.940047	-0.918339	-0.363920	-0.155613
271	1952270													9.118225	-0.147259	3.722071	0.399814	-0.865430	-0.301960	-0.024169	-0.339276	0.940376	-0.916278	-0.368677	-0.156564
272	1952437													8.859054	-0.189876	4.042656	0.404804	-0.863858	-0.299806	-0.024018	-0.337803	0.940910	-0.914088	-0.373683	-0.157492
273	1952604													8.824865	-0.230257	4.145822	0.409338	-0.862322	-0.298066	-0.023832	-0.336684	0.941316	-0.912072	-0.378213	-0.158369
274	1952770													8.879171	-0.165501	4.087823	0.413487	-0.860790	-0.296764	-0.023670	-0.335984	0.941570	-0.910202	-0.382302	-0.159300
275	1952937													8.981483	-0.187881	4.140434	0.418145	-0.859179	-0.294900	-0.023509	-0.334770	0.942006	-0.908076	-0.386962	-0.160181
276	1953104													8.915960	-0.200698	4.208243	0.423231	-0.857283	-0.293158	-0.023248	-0.333735	0.942380	-0.905723	-0.392030	-0.161177
277	1953270													8.759542	-0.136763	4.309548	0.427560	-0.855520	-0.292022	-0.022882	-0.333177	0.942587	-0.903697	-0.396331	-0.162029
278	1953437													8.775982	-0.138211	4.389147	0.430910	-0.854250	-0.290815	-0.022541	-0.332359	0.942883	-0.902113	-0.399742	-0.162473
279	1953604													8.876126	-0.192871	4.374565	0.433817	-0.853142	-0.289745	-0.022078	-0.331550	0.943179	-0.900730	-0.402771	-0.162667
280	1953770													8.861116	-0.193187	4.376996	0.436794	-0.851912	-0.288888	-0.021656	-0.331009	0.943379	-0.899301	-0.405806	-0.163032
281	1953937													8.780625	-0.238271	4.208924	0.439324	-0.850677	-0.288692	-0.021238	-0.331111	0.943353	-0.898078	-0.408306	-0.163532
282	1954104													8.845047	-0.215157	4.063181	0.441438	-0.849546	-0.288798	-0.020627	-0.331378	0.943273	-0.897055	-0.410439	-0.163806
