// Start Time: Unknown
// Update Rate: 60.0Hz
//Filter Profile: human (46.1)
// Option Flags: AHS Disabled ICC Disabled
// Firmware Version: 4.0.2
0	sampleTimeFine	Year	Month	Day	Second	UTC_Nano	UTC_Year	UTC_Month	UTC_Day	UTC_Hour	UTC_Minute	UTC_Second	UTC_Valid	Acc_X	Acc_Y	Acc_Z	Mat[1][1]	Mat[2][1]	Mat[3][1]	Mat[1][2]	Mat[2][2]	Mat[3][2]	Mat[1][3]	Mat[2][3]	Mat[3][3]
0	1906769													0.578091	0.380696	-0.712672	-0.338083	-0.899376	0.277169	-0.107210	0.329399	0.938084	-0.934990	0.287435	-0.207786
1	1906936													9.200878	-1.000097	-3.286884	-0.337546	-0.899555	0.277242	-0.106769	0.329216	0.938199	-0.935234	0.287084	-0.207170
2	1907103													9.198915	-1.004058	-3.253445	-0.336578	-0.899563	0.278392	-0.106021	0.329963	0.938021	-0.935668	0.286202	-0.206431
3	1907269													9.142903	-1.014794	-3.278918	-0.335216	-0.900064	0.278416	-0.105506	0.329518	0.938236	-0.936215	0.285137	-0.205422
4	1907769													9.079063	-1.020468	-3.269429	-0.334481	-0.900505	0.277872	-0.105410	0.328754	0.938515	-0.936489	0.284625	-0.204884
5	1907936													9.029862	-1.032379	-3.278210	-0.334247	-0.900605	0.277829	-0.105591	0.328711	0.938509	-0.936552	0.284358	-0.204966
6	1908103													9.038150	-1.019484	-3.262070	-0.334484	-0.900694	0.277257	-0.105868	0.328252	0.938639	-0.936436	0.284607	-0.205149
7	1908269													9.059804	-1.040221	-3.267945	-0.334886	-0.900678	0.276822	-0.106074	0.327953	0.938720	-0.936269	0.285001	-0.205365
8	1908436													9.076486	-1.072255	-3.273811	-0.335356	-0.900568	0.276610	-0.106353	0.327925	0.938698	-0.936069	0.285379	-0.205750
9	1908603													9.135902	-1.064011	-3.284274	-0.335823	-0.900479	0.276333	-0.106726	0.327858	0.938679	-0.935859	0.285738	-0.206207
10	1908769													9.188418	-1.057025	-3.281211	-0.336152	-0.900558	0.275676	-0.107132	0.327373	0.938802	-0.935695	0.286047	-0.206526
11	1908936													9.184640	-1.068812	-3.315396	-0.336278	-0.900562	0.275509	-0.107580	0.327364	0.938754	-0.935598	0.286043	-0.206968
12	1909103													9.165516	-1.106572	-3.321122	-0.336244	-0.900645	0.275278	-0.108076	0.327268	0.938731	-0.935553	0.285891	-0.207380
13	1909269													9.162254	-1.041032	-3.321856	-0.336146	-0.900826	0.274805	-0.108496	0.326880	0.938817	-0.935540	0.285764	-0.207615
14	1909436													9.112897	-1.031234	-3.324990	-0.336018	-0.900908	0.274694	-0.108679	0.326791	0.938827	-0.935564	0.285609	-0.207717
15	1909603													9.130458	-1.069471	-3.248730	-0.335909	-0.901009	0.274496	-0.108842	0.326608	0.938872	-0.935585	0.285498	-0.207778
16	1909769													9.143206	-1.066698	-3.258831	-0.335727	-0.901116	0.274367	-0.109085	0.326507	0.938879	-0.935622	0.285277	-0.207915
17	1909936													9.141292	-1.045246	-3.237355	-0.335506	-0.901197	0.274370	-0.109370	0.326545	0.938832	-0.935668	0.284976	-0.208122
18	1910103													9.114124	-1.054397	-3.214665	-0.335239	-0.901283	0.274414	-0.109638	0.326611	0.938778	-0.935732	0.284629	-0.208308
19	1910269													9.033010	-1.096741	-3.223867	-0.335060	-0.901370	0.274349	-0.109961	0.326600	0.938744	-0.935758	0.284368	-0.208546
20	1910436													9.059258	-1.085674	-3.244422	-0.335075	-0.901421	0.274163	-0.110349	0.326528	0.938724	-0.935707	0.284289	-0.208882
21	1910603													9.101413	-1.070671	-3.240434	-0.335261	-0.901416	0.273951	-0.110692	0.326454	0.938709	-0.935600	0.284389	-0.209227
22	1910769													9.158460	-1.099034	-3.225782	-0.335445	-0.901402	0.273771	-0.111018	0.326409	0.938687	-0.935495	0.284484	-0.209564
23	1910936													9.195109	-1.128081	-3.266472	-0.335584	-0.901457	0.273421	-0.111292	0.326161	0.938740	-0.935413	0.284597	-0.209780
24	1911103													9.223084	-1.079899	-3.229968	-0.335631	-0.901557	0.273032	-0.111587	0.325856	0.938811	-0.935361	0.284627	-0.209970
25	1911269													9.088447	-1.081937	-3.246505	-0.335614	-0.901681	0.272643	-0.111921	0.325548	0.938878	-0.935327	0.284586	-0.210176
26	1911436													9.072814	-1.069568	-3.266667	-0.335695	-0.901777	0.272225	-0.112305	0.325249	0.938936	-0.935252	0.284624	-0.210458
27	1911603													9.035537	-1.028866	-3.240541	-0.335916	-0.901769	0.271980	-0.112641	0.325148	0.938931	-0.935132	0.284766	-0.210798
28	1911769													9.101795	-1.049015	-3.255320	-0.336305	-0.901673	0.271815	-0.112864	0.325136	0.938908	-0.934965	0.285082	-0.211112
29	1911936													9.123741	-1.113685	-3.269506	-0.336704	-0.901533	0.271788	-0.113067	0.325263	0.938840	-0.934797	0.285381	-0.211451
30	1912103													9.155233	-1.148073	-3.288001	-0.337076	-0.901419	0.271704	-0.113331	0.325344	0.938780	-0.934631	0.285647	-0.211825
31	1912269													9.142368	-1.140988	-3.273834	-0.337364	-0.901335	0.271626	-0.113627	0.325421	0.938717	-0.934491	0.285826	-0.212201
32	1912436													9.103293	-1.118354	-3.302070	-0.337575	-0.901305	0.271464	-0.113865	0.325375	0.938704	-0.934386	0.285973	-0.212465
33	1912603													9.076632	-1.091385	-3.308292	-0.337829	-0.901243	0.271354	-0.114001	0.325362	0.938692	-0.934278	0.286183	-0.212660
34	1912769													9.085122	-1.081555	-3.323266	-0.338098	-0.901166	0.271275	-0.114037	0.325355	0.938690	-0.934176	0.286434	-0.212768
35	1912936													9.126074	-1.085897	-3.339052	-0.338356	-0.901083	0.271227	-0.114002	0.325355	0.938695	-0.934087	0.286693	-0.212811
36	1913103													9.144627	-1.064426	-3.344759	-0.338552	-0.900963	0.271384	-0.113958	0.325552	0.938632	-0.934022	0.286849	-0.212888
37	1913269													9.152920	-1.058214	-3.328480	-0.338629	-0.900896	0.271510	-0.113905	0.325685	0.938592	-0.934000	0.286908	-0.212903
38	1913436													9.124807	-1.041849	-3.321821	-0.338596	-0.900835	0.271752	-0.113848	0.325913	0.938520	-0.934019	0.286840	-0.212911
39	1913603													9.089703	-1.045796	-3.322775	-0.338509	-0.900795	0.271991	-0.113714	0.326100	0.938471	-0.934067	0.286752	-0.212821
40	1913770													9.114444	-1.052680	-3.355339	-0.338484	-0.900728	0.272244	-0.113607	0.326324	0.938406	-0.934089	0.286707	-0.212784
41	1913936													9.158752	-1.086865	-3.299964	-0.338425	-0.900655	0.272560	-0.113542	0.326620	0.938311	-0.934118	0.286601	-0.212798
42	1914103													9.144494	-1.101261	-3.292852	-0.338242	-0.900680	0.272705	-0.113575	0.326737	0.938266	-0.934180	0.286388	-0.212811
43	1914270													9.150117	-1.073534	-3.300120	-0.338011	-0.900693	0.272947	-0.113650	0.326958	0.938180	-0.934255	0.286095	-0.212880
44	1914436													9.084960	-1.079317	-3.307010	-0.337729	-0.900783	0.273001	-0.113751	0.326978	0.938161	-0.934344	0.285790	-0.212895
45	1914603													9.073956	-1.073573	-3.320413	-0.337518	-0.900868	0.272981	-0.113861	0.326940	0.938161	-0.934408	0.285564	-0.212922
46	1914770													9.080716	-1.052310	-3.294556	-0.337355	-0.900961	0.272876	-0.113917	0.326810	0.938200	-0.934459	0.285421	-0.212886
47	1914936													9.088198	-1.036546	-3.303879	-0.337239	-0.901037	0.272766	-0.113908	0.326665	0.938251	-0.934502	0.285345	-0.212799
48	1915103													9.133122	-1.035137	-3.312255	-0.337161	-0.901065	0.272772	-0.113874	0.326643	0.938263	-0.934535	0.285284	-0.212739
49	1915270													9.170057	-1.041252	-3.292332	-0.337029	-0.901080	0.272886	-0.113863	0.326726	0.938235	-0.934584	0.285140	-0.212716
50	1915436													9.135242	-1.022234	-3.271160	-0.336862	-0.901115	0.272976	-0.113937	0.326802	0.938200	-0.934635	0.284942	-0.212757
51	1915603													9.125633	-1.049526	-3.262493	-0.336694	-0.901174	0.272987	-0.114099	0.326824	0.938172	-0.934676	0.284730	-0.212863
52	1915770													9.081756	-1.070775	-3.289854	-0.336594	-0.901232	0.272920	-0.114307	0.326794	0.938157	-0.934686	0.284582	-0.213014
53	1915936													9.126805	-1.015657	-3.265646	-0.336549	-0.901209	0.273052	-0.114369	0.326940	0.938099	-0.934695	0.284488	-0.213101
54	1916103													9.142009	-1.048676	-3.255175	-0.336486	-0.901188	0.273197	-0.114300	0.327054	0.938068	-0.934726	0.284420	-0.213055
55	1916270													9.150963	-1.091763	-3.264273	-0.336356	-0.901215	0.273268	-0.114347	0.327112	0.938042	-0.934767	0.284269	-0.213077
56	1916436													9.183751	-1.054812	-3.264378	-0.336139	-0.901262	0.273382	-0.114493	0.327224	0.937985	-0.934827	0.283993	-0.213181
57	1916603													9.155632	-1.023661	-3.246598	-0.335851	-0.901347	0.273455	-0.114643	0.327277	0.937948	-0.934912	0.283661	-0.213250
58	1916770													9.089861	-1.044863	-3.241510	-0.335563	-0.901430	0.273536	-0.114796	0.327338	0.937908	-0.934997	0.283326	-0.213323
59	1916936													9.067050	-1.082158	-3.237582	-0.335388	-0.901490	0.273553	-0.115016	0.327381	0.937866	-0.935033	0.283086	-0.213485
60	1917103													9.089205	-1.087386	-3.236829	-0.335349	-0.901537	0.273443	-0.115317	0.327349	0.937840	-0.935010	0.282971	-0.213739
61	1917270													9.116271	-1.072587	-3.241463	-0.335345	-0.901585	0.273291	-0.115604	0.327277	0.937830	-0.934976	0.282903	-0.213977
62	1917436													9.101447	-1.059282	-3.244379	-0.335388	-0.901631	0.273087	-0.115854	0.327150	0.937844	-0.934929	0.282903	-0.214179
63	1917603													9.122442	-1.054618	-3.270352	-0.335522	-0.901675	0.272779	-0.116059	0.326924	0.937897	-0.934856	0.283026	-0.214338
64	1917770													9.086108	-1.065973	-3.259931	-0.335660	-0.901671	0.272621	-0.116248	0.326850	0.937900	-0.934783	0.283124	-0.214528
65	1917936													9.100064	-1.082445	-3.282126	-0.335896	-0.901682	0.272292	-0.116573	0.326662	0.937925	-0.934658	0.283303	-0.214836
66	1918103													9.107403	-1.041786	-3.261378	-0.336182	-0.901681	0.271943	-0.116934	0.326477	0.937944	-0.934510	0.283520	-0.215193
67	1918270													9.139270	-1.014415	-3.283600	-0.336527	-0.901612	0.271743	-0.117168	0.326423	0.937934	-0.934356	0.283801	-0.215490
68	1918436													9.156047	-1.050888	-3.288726	-0.336806	-0.901529	0.271676	-0.117293	0.326458	0.937906	-0.934240	0.284027	-0.215696
69	1918603													9.133788	-1.075665	-3.311122	-0.337035	-0.901501	0.271484	-0.117377	0.326339	0.937937	-0.934147	0.284251	-0.215802
70	1918770													9.120056	-1.082324	-3.306868	-0.337226	-0.901415	0.271533	-0.117479	0.326467	0.937879	-0.934065	0.284378	-0.215991
71	1918936													9.079531	-1.087954	-3.312596	-0.337444	-0.901352	0.271470	-0.117595	0.326489	0.937858	-0.933972	0.284551	-0.216166
72	1919103													9.063882	-1.082542	-3.297232	-0.337681	-0.901291	0.271377	-0.117715	0.326486	0.937843	-0.933871	0.284747	-0.216343
73	1919270													9.087436	-1.079135	-3.309234	-0.337950	-0.901207	0.271324	-0.117837	0.326533	0.937812	-0.933758	0.284962	-0.216547
74	1919436													9.119546	-1.070354	-3.337008	-0.338201	-0.901141	0.271227	-0.117914	0.326516	0.937808	-0.933657	0.285186	-0.216685
75	1919603													9.145298	-1.079238	-3.318212	-0.338384	-0.901078	0.271209	-0.117986	0.326564	0.937782	-0.933582	0.285332	-0.216819
76	1919770													9.168594	-1.094734	-3.322161	-0.338462	-0.901089	0.271077	-0.118100	0.326480	0.937797	-0.933539	0.285395	-0.216920
77	1919936													9.160498	-1.078384	-3.313642	-0.338440	-0.901132	0.270961	-0.118273	0.326407	0.937800	-0.933526	0.285341	-0.217049
78	1920103													9.133863	-1.081513	-3.298196	-0.338346	-0.901142	0.271044	-0.118478	0.326533	0.937731	-0.933534	0.285164	-0.217247
79	1920270													9.109848	-1.071631	-3.293557	-0.338250	-0.901208	0.270944	-0.118748	0.326488	0.937712	-0.933534	0.285007	-0.217452
80	1920436													9.108313	-1.079717	-3.303461	-0.338166	-0.901271	0.270840	-0.118990	0.326434	0.937701	-0.933534	0.284871	-0.217631
81	1920603													9.093828	-1.090771	-3.277124	-0.338070	-0.901344	0.270718	-0.119252	0.326364	0.937692	-0.933535	0.284722	-0.217821
82	1920770													9.077846	-1.100891	-3.301595	-0.338036	-0.901403	0.270562	-0.119538	0.326280	0.937684	-0.933511	0.284629	-0.218047
83	1920936													9.101571	-1.114617	-3.291362	-0.338048	-0.901432	0.270452	-0.119764	0.326237	0.937670	-0.933477	0.284587	-0.218243
84	1921103													9.098813	-1.096848	-3.303648	-0.338048	-0.901459	0.270360	-0.119943	0.326196	0.937662	-0.933454	0.284547	-0.218394
85	1921270													9.131034	-1.082579	-3.313667	-0.338055	-0.901516	0.270162	-0.120036	0.326020	0.937711	-0.933440	0.284569	-0.218428
86	1921436													9.136726	-1.084546	-3.289878	-0.338011	-0.901589	0.269974	-0.120104	0.325834	0.937767	-0.933447	0.284551	-0.218420
87	1921603													9.087318	-1.110462	-3.319289	-0.337955	-0.901596	0.270021	-0.120224	0.325906	0.937727	-0.933452	0.284447	-0.218535
88	1921770													9.141814	-1.077328	-3.311803	-0.337910	-0.901658	0.269870	-0.120462	0.325811	0.937729	-0.933438	0.284359	-0.218710
89	1921936													9.148021	-1.074606	-3.314342	-0.337796	-0.901696	0.269886	-0.120697	0.325872	0.937678	-0.933448	0.284170	-0.218910
90	1922103													9.122115	-1.102471	-3.311282	-0.337637	-0.901756	0.269882	-0.120982	0.325915	0.937626	-0.933469	0.283927	-0.219137
91	1922270													9.088306	-1.150380	-3.325532	-0.337373	-0.901868	0.269841	-0.121327	0.325913	0.937582	-0.933520	0.283576	-0.219375
92	1922436													9.120494	-1.079410	-3.353637	-0.337144	-0.901993	0.269708	-0.121488	0.325768	0.937612	-0.933582	0.283343	-0.219412
93	1922603													9.154824	-1.088656	-3.335794	-0.336878	-0.902084	0.269736	-0.121485	0.325731	0.937625	-0.933678	0.283096	-0.219322
94	1922770													9.206546	-1.123344	-3.303022	-0.336520	-0.902227	0.269706	-0.121471	0.325609	0.937669	-0.933809	0.282783	-0.219168
95	1922936													9.221965	-1.083293	-3.273714	-0.335973	-0.902416	0.269754	-0.121607	0.325566	0.937666	-0.933988	0.282226	-0.219122
96	1923103													9.160926	-1.028419	-3.244004	-0.335240	-0.902619	0.269986	-0.121791	0.325684	0.937602	-0.934227	0.281440	-0.219113
97	1923270													9.105125	-1.021801	-3.220171	-0.334456	-0.902856	0.270166	-0.121930	0.325721	0.937571	-0.934490	0.280635	-0.219025
98	1923436													9.029426	-1.082181	-3.234788	-0.333780	-0.903026	0.270436	-0.122098	0.325888	0.937491	-0.934710	0.279896	-0.219033
99	1923603													9.010891	-1.126616	-3.232060	-0.333277	-0.903155	0.270626	-0.122378	0.326046	0.937399	-0.934853	0.279295	-0.219190
100	1923770													9.035418	-1.102474	-3.240669	-0.332968	-0.903314	0.270474	-0.122731	0.325919	0.937397	-0.934917	0.278928	-0.219385
101	1923936													9.107118	-1.094326	-3.254313	-0.332852	-0.903360	0.270462	-0.123025	0.325966	0.937343	-0.934919	0.278723	-0.219634
102	1924103													9.144205	-1.101181	-3.260336	-0.332763	-0.903471	0.270202	-0.123287	0.325753	0.937382	-0.934917	0.278614	-0.219785
103	1924270													9.134646	-1.138278	-3.256967	-0.332651	-0.903597	0.269918	-0.123537	0.325505	0.937436	-0.934924	0.278494	-0.219907
104	1924436													9.162875	-1.181300	-3.259875	-0.332569	-0.903753	0.269497	-0.123903	0.325157	0.937508	-0.934904	0.278394	-0.220115
105	1924603													9.170796	-1.116454	-3.282908	-0.332403	-0.903990	0.268907	-0.124349	0.324638	0.937629	-0.934904	0.278232	-0.220321
106	1924770													9.148288	-1.060375	-3.252570	-0.332211	-0.904212	0.268394	-0.124684	0.324158	0.937750	-0.934927	0.278067	-0.220430
107	1924936													9.160554	-1.062108	-3.251109	-0.332003	-0.904376	0.268101	-0.124950	0.323882	0.937810	-0.934966	0.277857	-0.220531
108	1925103													9.148137	-1.085483	-3.257074	-0.331809	-0.904514	0.267875	-0.125245	0.323688	0.937838	-0.934995	0.277633	-0.220689
109	1925270													9.133534	-1.088911	-3.242111	-0.331642	-0.904621	0.267722	-0.125563	0.323583	0.937831	-0.935012	0.277408	-0.220900
110	1925436													9.082383	-1.073518	-3.241963	-0.331488	-0.904688	0.267684	-0.125870	0.323598	0.937785	-0.935025	0.277171	-0.221142
111	1925603													9.066743	-1.074009	-3.235585	-0.331414	-0.904688	0.267776	-0.126058	0.323730	0.937714	-0.935026	0.277016	-0.221332
112	1925770													9.069405	-1.122961	-3.223167	-0.331444	-0.904630	0.267934	-0.126155	0.323930	0.937632	-0.935003	0.276971	-0.221488
113	1925936													9.115271	-1.150980	-3.248486	-0.331508	-0.904551	0.268123	-0.126196	0.324154	0.937549	-0.934974	0.276969	-0.221610
114	1926103													9.178046	-1.157929	-3.256941	-0.331537	-0.904487	0.268305	-0.126234	0.324360	0.937473	-0.934959	0.276937	-0.221714
115	1926270													9.222871	-1.157872	-3.229212	-0.331487	-0.904503	0.268309	-0.126257	0.324360	0.937470	-0.934973	0.276884	-0.221721
116	1926436													9.234445	-1.134458	-3.233471	-0.331245	-0.904553	0.268441	-0.126258	0.324437	0.937443	-0.935059	0.276631	-0.221675
117	1926603													9.210128	-1.115423	-3.217525	-0.330828	-0.904694	0.268480	-0.126276	0.324381	0.937460	-0.935204	0.276235	-0.221556
118	1926770													9.147768	-1.119627	-3.222751	-0.330314	-0.904873	0.268511	-0.126324	0.324301	0.937481	-0.935379	0.275744	-0.221428
119	1926936													9.071960	-1.123871	-3.238571	-0.329827	-0.905030	0.268579	-0.126443	0.324287	0.937470	-0.935535	0.275243	-0.221393
120	1927103													9.078397	-1.124851	-3.199196	-0.329430	-0.905189	0.268529	-0.126625	0.324191	0.937479	-0.935650	0.274832	-0.221418
121	1927270													9.089193	-1.133366	-3.198468	-0.329168	-0.905317	0.268420	-0.126875	0.324087	0.937481	-0.935709	0.274533	-0.221541
122	1927436													9.128992	-1.149567	-3.196393	-0.328924	-0.905464	0.268222	-0.127182	0.323913	0.937499	-0.935753	0.274253	-0.221702
123	1927603													9.132771	-1.188116	-3.200006	-0.328690	-0.905620	0.267984	-0.127517	0.323707	0.937525	-0.935790	0.273983	-0.221881
124	1927770													9.120758	-1.167954	-3.210771	-0.328496	-0.905773	0.267706	-0.127843	0.323466	0.937564	-0.935813	0.273761	-0.222055
125	1927936													9.115970	-1.163016	-3.206222	-0.328363	-0.905944	0.267287	-0.128089	0.323073	0.937666	-0.935826	0.273658	-0.222127
126	1928103													9.081326	-1.158862	-3.198781	-0.328303	-0.906059	0.266971	-0.128270	0.322784	0.937741	-0.935823	0.273618	-0.222191
127	1928270													9.180358	-1.132784	-3.224627	-0.328322	-0.906138	0.266680	-0.128427	0.322533	0.937806	-0.935794	0.273654	-0.222267
128	1928436													9.193373	-1.135831	-3.189108	-0.328232	-0.906228	0.266484	-0.128581	0.322353	0.937846	-0.935805	0.273566	-0.222330
129	1928603													9.155614	-1.142821	-3.205896	-0.328039	-0.906331	0.266372	-0.128747	0.322238	0.937863	-0.935850	0.273361	-0.222394
130	1928770													9.100241	-1.147741	-3.237871	-0.327866	-0.906438	0.266222	-0.128950	0.322100	0.937883	-0.935882	0.273171	-0.222491
131	1928936													9.134133	-1.122428	-3.242083	-0.327758	-0.906507	0.266119	-0.129045	0.321994	0.937906	-0.935907	0.273065	-0.222516
132	1929103													9.188242	-1.130089	-3.218172	-0.327661	-0.906531	0.266158	-0.128900	0.321968	0.937935	-0.935961	0.273017	-0.222348
133	1929270													9.218107	-1.188835	-3.186354	-0.327464	-0.906557	0.266312	-0.128758	0.322038	0.937930	-0.936049	0.272848	-0.222183
134	1929436													9.224714	-1.193108	-3.199581	-0.327083	-0.906694	0.266314	-0.128781	0.321953	0.937956	-0.936180	0.272493	-0.222070
135	1929603													9.213995	-1.159780	-3.166475	-0.326532	-0.906887	0.266332	-0.128869	0.321862	0.937975	-0.936360	0.271956	-0.221968
136	1929770													9.129770	-1.089346	-3.169763	-0.325846	-0.907100	0.266446	-0.128888	0.321818	0.937988	-0.936596	0.271298	-0.221778
137	1929936													9.100340	-1.120746	-3.129338	-0.325258	-0.907233	0.266711	-0.128835	0.321932	0.937956	-0.936808	0.270716	-0.221594
138	1930103													9.105852	-1.182907	-3.145532	-0.324770	-0.907383	0.266799	-0.128917	0.321927	0.937946	-0.936966	0.270222	-0.221530
139	1930270													9.167740	-1.168795	-3.134213	-0.324364	-0.907526	0.266806	-0.129093	0.321886	0.937936	-0.937082	0.269790	-0.221563
140	1930437													9.182671	-1.139093	-3.162747	-0.323958	-0.907673	0.266798	-0.129244	0.321822	0.937937	-0.937202	0.269370	-0.221568
141	1930603													9.151936	-1.116959	-3.149423	-0.323640	-0.907768	0.266859	-0.129326	0.321831	0.937923	-0.937300	0.269038	-0.221556
142	1930770													9.121380	-1.157080	-3.107805	-0.323357	-0.907831	0.266989	-0.129260	0.321878	0.937916	-0.937407	0.268770	-0.221428
143	1930937													9.081803	-1.212810	-3.128005	-0.323295	-0.907868	0.266940	-0.129308	0.321825	0.937928	-0.937422	0.268710	-0.221439
144	1931103													9.132715	-1.175131	-3.145770	-0.323309	-0.907912	0.266772	-0.129453	0.321696	0.937952	-0.937397	0.268714	-0.221539
145	1931270													9.147902	-1.118185	-3.129797	-0.323425	-0.907899	0.266673	-0.129525	0.321644	0.937960	-0.937347	0.268819	-0.221624
146	1931437													9.185534	-1.090253	-3.127286	-0.323592	-0.907845	0.266656	-0.129493	0.321658	0.937959	-0.937294	0.268986	-0.221646
147	1931603													9.163049	-1.123666	-3.121822	-0.323780	-0.907769	0.266689	-0.129436	0.321721	0.937945	-0.937237	0.269168	-0.221665
148	1931770													9.174882	-1.174835	-3.125874	-0.323988	-0.907692	0.266697	-0.129495	0.321798	0.937911	-0.937157	0.269336	-0.221801
149	1931937													9.157427	-1.188018	-3.123605	-0.324208	-0.907655	0.266556	-0.129625	0.321743	0.937912	-0.937063	0.269527	-0.221966
150	1932103													9.132895	-1.131576	-3.133432	-0.324453	-0.907621	0.266372	-0.129757	0.321651	0.937925	-0.936960	0.269749	-0.222131
151	1932270													9.124642	-1.161464	-3.143099	-0.324714	-0.907564	0.266250	-0.129794	0.321599	0.937938	-0.936864	0.270004	-0.222224
152	1932437													9.142367	-1.159066	-3.153265	-0.325026	-0.907502	0.266078	-0.129736	0.321481	0.937986	-0.936764	0.270350	-0.222226
153	1932603													9.147661	-1.163680	-3.161624	-0.325345	-0.907405	0.266022	-0.129619	0.321467	0.938007	-0.936669	0.270694	-0.222204
154	1932770													9.172409	-1.166497	-3.176282	-0.325701	-0.907327	0.265852	-0.129496	0.321344	0.938067	-0.936563	0.271103	-0.222157
155	1932937													9.210045	-1.094031	-3.191201	-0.326007	-0.907219	0.265845	-0.129357	0.321371	0.938076	-0.936475	0.271431	-0.222124
156	1933103													9.177052	-1.083652	-3.175830	-0.326276	-0.907090	0.265954	-0.129212	0.321508	0.938050	-0.936402	0.271699	-0.222107
157	1933270													9.164215	-1.080910	-3.181743	-0.326554	-0.906926	0.266172	-0.128995	0.321739	0.938000	-0.936335	0.271973	-0.222054
158	1933437													9.146206	-1.112606	-3.182884	-0.326837	-0.906712	0.266553	-0.128788	0.322142	0.937890	-0.936264	0.272209	-0.222061
159	1933603													9.142694	-1.150020	-3.183069	-0.327153	-0.906536	0.266765	-0.128719	0.322419	0.937804	-0.936164	0.272467	-0.222169
160	1933770													9.128865	-1.175478	-3.186031	-0.327501	-0.906380	0.266868	-0.128751	0.322620	0.937731	-0.936038	0.272748	-0.222356
161	1933937													9.097900	-1.167904	-3.205573	-0.327871	-0.906252	0.266847	-0.128887	0.322729	0.937675	-0.935889	0.273043	-0.222618
162	1934103													9.111835	-1.176997	-3.209730	-0.328293	-0.906150	0.266674	-0.129078	0.322709	0.937655	-0.935715	0.273404	-0.222907
163	1934270													9.128740	-1.157060	-3.218550	-0.328761	-0.906042	0.266467	-0.129174	0.322639	0.937666	-0.935538	0.273847	-0.223108
164	1934437													9.158477	-1.157047	-3.237429	-0.329244	-0.905953	0.266171	-0.129232	0.322469	0.937717	-0.935359	0.274340	-0.223249
165	1934603													9.164077	-1.169438	-3.239541	-0.329692	-0.905893	0.265821	-0.129299	0.322237	0.937787	-0.935193	0.274810	-0.223370
166	1934770													9.137608	-1.160434	-3.279600	-0.330038	-0.905903	0.265357	-0.129428	0.321881	0.937892	-0.935052	0.275195	-0.223482
167	1934937													9.079906	-1.120009	-3.262046	-0.330432	-0.905893	0.264899	-0.129602	0.321555	0.937980	-0.934889	0.275607	-0.223658
168	1935103													9.165267	-1.118511	-3.265894	-0.330912	-0.905833	0.264506	-0.129716	0.321300	0.938051	-0.934704	0.276102	-0.223823
169	1935270													9.252357	-1.095960	-3.272413	-0.331300	-0.905756	0.264286	-0.129648	0.321148	0.938113	-0.934576	0.276533	-0.223826
170	1935437													9.208734	-1.132302	-3.249435	-0.331481	-0.905712	0.264209	-0.129506	0.321072	0.938158	-0.934531	0.276765	-0.223725
171	1935603													9.145846	-1.152708	-3.238317	-0.331493	-0.905718	0.264174	-0.129495	0.321036	0.938172	-0.934529	0.276788	-0.223707
172	1935770													9.075249	-1.117810	-3.236988	-0.331445	-0.905744	0.264145	-0.129594	0.321022	0.938163	-0.934532	0.276718	-0.223780
173	1935937													9.083167	-1.098217	-3.228204	-0.331459	-0.905715	0.264227	-0.129695	0.321141	0.938109	-0.934513	0.276675	-0.223912
174	1936103													9.104390	-1.129151	-3.223437	-0.331504	-0.905656	0.264371	-0.129708	0.321305	0.938050	-0.934495	0.276676	-0.223984
175	1936270													9.122149	-1.194643	-3.222967	-0.331515	-0.905622	0.264474	-0.129804	0.321443	0.937990	-0.934478	0.276628	-0.224116
176	1936437													9.124417	-1.201393	-3.250374	-0.331502	-0.905639	0.264434	-0.129986	0.321452	0.937962	-0.934457	0.276563	-0.224283
177	1936603													9.083096	-1.185642	-3.246599	-0.331511	-0.905691	0.264242	-0.130233	0.321329	0.937970	-0.934420	0.276534	-0.224474
178	1936770													9.111314	-1.180532	-3.257748	-0.331623	-0.905722	0.263994	-0.130479	0.321173	0.937989	-0.934345	0.276613	-0.224686
179	1936937													9.144485	-1.197100	-3.255402	-0.331775	-0.905779	0.263610	-0.130607	0.320851	0.938081	-0.934273	0.276803	-0.224752
180	1937103													9.139475	-1.214643	-3.233573	-0.331947	-0.905833	0.263207	-0.130691	0.320501	0.938189	-0.934201	0.277030	-0.224774
181	1937270													9.189328	-1.225210	-3.261484	-0.332040	-0.905918	0.262795	-0.130841	0.320142	0.938291	-0.934147	0.277166	-0.224831
182	1937437													9.132252	-1.108059	-3.256966	-0.332101	-0.906006	0.262415	-0.130905	0.319782	0.938405	-0.934116	0.277294	-0.224801
183	1937603													9.095426	-1.080658	-3.235177	-0.332246	-0.906003	0.262242	-0.130856	0.319625	0.938465	-0.934072	0.277485	-0.224750
184	1937770													9.066268	-1.107130	-3.250222	-0.332466	-0.905909	0.262290	-0.130743	0.319696	0.938457	-0.934009	0.277712	-0.224729
185	1937937													9.106835	-1.150878	-3.252154	-0.332785	-0.905751	0.262429	-0.130699	0.319907	0.938391	-0.933902	0.277983	-0.224841
186	1938103													9.107625	-1.176753	-3.260058	-0.333116	-0.905591	0.262562	-0.130706	0.320129	0.938314	-0.933783	0.278249	-0.225006
187	1938270													9.130602	-1.193262	-3.254504	-0.333390	-0.905453	0.262688	-0.130710	0.320329	0.938245	-0.933684	0.278466	-0.225147
188	1938437													9.095978	-1.218358	-3.271981	-0.333566	-0.905361	0.262785	-0.130672	0.320462	0.938205	-0.933627	0.278615	-0.225200
189	1938603													9.115069	-1.208247	-3.274036	-0.333702	-0.905314	0.262774	-0.130588	0.320460	0.938218	-0.933590	0.278770	-0.225161
190	1938770													9.147095	-1.210156	-3.286731	-0.333755	-0.905316	0.262698	-0.130458	0.320355	0.938271	-0.933589	0.278882	-0.225026
191	1938937													9.158953	-1.188127	-3.276210	-0.333726	-0.905358	0.262592	-0.130332	0.320201	0.938342	-0.933617	0.278925	-0.224857
192	1939103													9.180682	-1.142226	-3.293433	-0.333586	-0.905415	0.262571	-0.130229	0.320113	0.938386	-0.933681	0.278838	-0.224696
193	1939270													9.184163	-1.124780	-3.278747	-0.333327	-0.905528	0.262513	-0.130143	0.319962	0.938449	-0.933786	0.278646	-0.224500
194	1939437													9.167063	-1.115381	-3.259519	-0.332939	-0.905630	0.262652	-0.130062	0.319986	0.938452	-0.933936	0.278286	-0.224323
195	1939603													9.133910	-1.107083	-3.264621	-0.332498	-0.905743	0.262821	-0.130026	0.320041	0.938439	-0.934098	0.277855	-0.224183
196	1939770													9.101247	-1.127455	-3.260313	-0.332017	-0.905847	0.263068	-0.130041	0.320182	0.938388	-0.934267	0.277351	-0.224103
197	1939937													9.076015	-1.162023	-3.253647	-0.331587	-0.905932	0.263320	-0.130145	0.320366	0.938311	-0.934405	0.276862	-0.224132
198	1940103													9.096295	-1.188694	-3.247375	-0.331262	-0.905994	0.263517	-0.130280	0.320530	0.938236	-0.934501	0.276471	-0.224213
199	1940270													9.156551	-1.176996	-3.232083	-0.331003	-0.906052	0.263642	-0.130377	0.320624	0.938191	-0.934579	0.276171	-0.224256
200	1940437													9.171930	-1.184003	-3.232050	-0.330698	-0.906147	0.263698	-0.130381	0.320607	0.938196	-0.934687	0.275879	-0.224168
201	1940603													9.147025	-1.186127	-3.220613	-0.330325	-0.906294	0.263658	-0.130354	0.320465	0.938248	-0.934822	0.275558	-0.223997
202	1940770													9.046375	-1.161451	-3.191346	-0.330044	-0.906418	0.263585	-0.130322	0.320310	0.938306	-0.934926	0.275331	-0.223843
203	1940937													9.109355	-1.151485	-3.216366	-0.329948	-0.906482	0.263488	-0.130250	0.320165	0.938365	-0.934970	0.275292	-0.223707
204	1941103													9.125143	-1.152200	-3.218140	-0.329907	-0.906534	0.263358	-0.130205	0.320007	0.938425	-0.934991	0.275302	-0.223608
205	1941270													9.084947	-1.142022	-3.191061	-0.329910	-0.906565	0.263248	-0.130198	0.319892	0.938465	-0.934991	0.275335	-0.223569
206	1941437													9.108340	-1.138415	-3.256071	-0.330033	-0.906551	0.263144	-0.130263	0.319833	0.938477	-0.934939	0.275450	-0.223645
207	1941603													9.158828	-1.121978	-3.252478	-0.330186	-0.906503	0.263115	-0.130188	0.319820	0.938492	-0.934895	0.275622	-0.223615
208	1941770													9.208676	-1.156016	-3.220729	-0.330272	-0.906450	0.263188	-0.130010	0.319864	0.938501	-0.934889	0.275744	-0.223490
209	1941937													9.213680	-1.188363	-3.216201	-0.330148	-0.906479	0.263245	-0.129935	0.319870	0.938509	-0.934943	0.275642	-0.223388
210	1942103													9.207392	-1.173163	-3.198663	-0.329780	-0.906600	0.263291	-0.129932	0.319826	0.938525	-0.935074	0.275297	-0.223269
211	1942270													9.182317	-1.133914	-3.195201	-0.329304	-0.906751	0.263365	-0.129902	0.319776	0.938546	-0.935246	0.274856	-0.223092
212	1942437													9.130092	-1.124841	-3.167792	-0.328766	-0.906887	0.263568	-0.129842	0.319836	0.938534	-0.935443	0.274336	-0.222904
213	1942603													9.092825	-1.135465	-3.156738	-0.328315	-0.906993	0.263767	-0.129763	0.319907	0.938521	-0.935613	0.273903	-0.222725
214	1942770													9.078835	-1.151246	-3.191190	-0.328019	-0.907060	0.263903	-0.129718	0.319963	0.938508	-0.935723	0.273616	-0.222616
215	1942937													9.091692	-1.131057	-3.169226	-0.327850	-0.907082	0.264039	-0.129648	0.320041	0.938491	-0.935792	0.273452	-0.222527
216	1943103													9.107970	-1.137152	-3.187495	-0.327811	-0.907047	0.264207	-0.129595	0.320190	0.938447	-0.935813	0.273394	-0.222510
217	1943270													9.149752	-1.157439	-3.176252	-0.327865	-0.906994	0.264322	-0.129527	0.320302	0.938418	-0.935803	0.273437	-0.222496
218	1943437													9.104649	-1.169112	-3.172933	-0.327894	-0.906956	0.264418	-0.129456	0.320387	0.938399	-0.935803	0.273465	-0.222464
219	1943603													9.123967	-1.210407	-3.192111	-0.328057	-0.906898	0.264414	-0.129498	0.320436	0.938377	-0.935740	0.273600	-0.222563
220	1943770													9.173828	-1.186489	-3.230357	-0.328212	-0.906894	0.264233	-0.129600	0.320317	0.938403	-0.935671	0.273751	-0.222666
221	1943937													9.155864	-1.137507	-3.205966	-0.328316	-0.906913	0.264040	-0.129599	0.320143	0.938463	-0.935635	0.273893	-0.222643
222	1944103													9.153488	-1.157614	-3.234866	-0.328413	-0.906947	0.263804	-0.129659	0.319940	0.938524	-0.935593	0.274019	-0.222666
223	1944270													9.123383	-1.154322	-3.230261	-0.328524	-0.906969	0.263588	-0.129771	0.319776	0.938564	-0.935538	0.274135	-0.222753
224	1944437													9.140919	-1.131763	-3.232171	-0.328671	-0.906977	0.263380	-0.129917	0.319640	0.938590	-0.935466	0.274270	-0.222888
225	1944603													9.127553	-1.127146	-3.214195	-0.328774	-0.906975	0.263256	-0.130020	0.319568	0.938601	-0.935416	0.274359	-0.222990
226	1944770													9.140616	-1.167744	-3.228604	-0.328856	-0.906982	0.263128	-0.130108	0.319481	0.938618	-0.935375	0.274436	-0.223069
227	1944937													9.135036	-1.192412	-3.243818	-0.328854	-0.906998	0.263078	-0.130262	0.319474	0.938599	-0.935354	0.274393	-0.223208
228	1945103													9.118016	-1.181540	-3.236887	-0.328810	-0.907050	0.262954	-0.130352	0.319361	0.938625	-0.935357	0.274352	-0.223245
229	1945270													9.117248	-1.141357	-3.248487	-0.328762	-0.907110	0.262806	-0.130376	0.319203	0.938675	-0.935370	0.274337	-0.223207
230	1945437													9.178357	-1.130675	-3.257199	-0.328673	-0.907127	0.262857	-0.130203	0.319183	0.938706	-0.935426	0.274303	-0.223018
231	1945603													9.211014	-1.165960	-3.248606	-0.328436	-0.907183	0.262964	-0.129971	0.319167	0.938744	-0.935541	0.274139	-0.222734
232	1945770													9.216377	-1.175154	-3.226407	-0.328031	-0.907292	0.263091	-0.129824	0.319156	0.938768	-0.935704	0.273789	-0.222481
233	1945937													9.204165	-1.152636	-3.246598	-0.327440	-0.907484	0.263164	-0.129809	0.319082	0.938795	-0.935913	0.273238	-0.222280
234	1946103													9.156331	-1.117721	-3.233449	-0.326746	-0.907685	0.263334	-0.129828	0.319093	0.938789	-0.936153	0.272557	-0.222106
235	1946270													9.142306	-1.118354	-3.219962	-0.326011	-0.907859	0.263646	-0.129816	0.319232	0.938743	-0.936411	0.271815	-0.221928
236	1946437													9.107895	-1.179059	-3.197280	-0.325353	-0.908009	0.263943	-0.129821	0.319379	0.938692	-0.936639	0.271140	-0.221790
237	1946603													9.099566	-1.225334	-3.223822	-0.324735	-0.908179	0.264117	-0.129903	0.319431	0.938663	-0.936842	0.270507	-0.221706
238	1946770													9.121901	-1.230615	-3.225654	-0.324121	-0.908357	0.264259	-0.130025	0.319463	0.938636	-0.937037	0.269871	-0.221654
239	1946937													9.185130	-1.175171	-3.269895	-0.323465	-0.908575	0.264313	-0.130076	0.319374	0.938659	-0.937257	0.269242	-0.221490
240	1947104													9.211521	-1.174254	-3.308302	-0.322567	-0.908816	0.264583	-0.129930	0.319391	0.938673	-0.937587	0.268408	-0.221107
241	1947270													9.258030	-1.191537	-3.318683	-0.321338	-0.909120	0.265034	-0.129636	0.319474	0.938686	-0.938049	0.267278	-0.220514
242	1947437													9.241323	-1.192026	-3.313834	-0.319722	-0.909502	0.265675	-0.129274	0.319642	0.938678	-0.938651	0.265771	-0.219771
243	1947604													9.250546	-1.173542	-3.281551	-0.317749	-0.909978	0.266414	-0.128969	0.319843	0.938652	-0.939363	0.263897	-0.218988
244	1947770													9.261583	-1.154818	-3.246061	-0.315498	-0.910523	0.267223	-0.128720	0.320068	0.938609	-0.940155	0.261732	-0.218183
245	1947937													9.260489	-1.087409	-3.192064	-0.312942	-0.911141	0.268123	-0.128446	0.320309	0.938565	-0.941047	0.259277	-0.217271
246	1948104													9.163439	-1.144943	-3.131510	-0.310213	-0.911762	0.269179	-0.128111	0.320658	0.938491	-0.941996	0.256647	-0.216279
247	1948270													9.127061	-1.236858	-3.041029	-0.307527	-0.912410	0.270065	-0.127976	0.320900	0.938427	-0.942894	0.254030	-0.215452
248	1948437													9.072064	-1.209623	-2.993796	-0.304993	-0.913098	0.270613	-0.128069	0.320894	0.938417	-0.943704	0.251553	-0.214810
249	1948604													9.193572	-1.150413	-2.975919	-0.302667	-0.913763	0.270981	-0.128223	0.320770	0.938438	-0.944432	0.249288	-0.214251
250	1948770													9.356849	-1.096866	-2.921074	-0.300251	-0.914419	0.271454	-0.128186	0.320684	0.938472	-0.945208	0.246981	-0.213501
251	1948937													9.525622	-1.100430	-2.953357	-0.297362	-0.915131	0.272233	-0.127780	0.320711	0.938518	-0.946175	0.244294	-0.212303
252	1949104													9.585621	-1.178249	-2.980818	-0.293740	-0.915965	0.273359	-0.126904	0.320812	0.938603	-0.947424	0.241015	-0.210475
253	1949270													9.459938	-1.276573	-2.969336	-0.289342	-0.916963	0.274701	-0.125705	0.320889	0.938738	-0.948936	0.237085	-0.208114
254	1949437													9.239253	-1.229290	-2.908680	-0.284594	-0.918076	0.275940	-0.124396	0.320776	0.938951	-0.950543	0.232894	-0.205496
255	1949604													9.230815	-1.141061	-2.833644	-0.279987	-0.919126	0.277156	-0.123063	0.320684	0.939158	-0.952083	0.228844	-0.202898
256	1949770													9.394661	-1.070450	-2.792431	-0.275307	-0.920119	0.278544	-0.121661	0.320757	0.939316	-0.953627	0.224712	-0.200249
257	1949937													9.491011	-1.102444	-2.754900	-0.270238	-0.921185	0.279983	-0.120276	0.320824	0.939471	-0.955251	0.220205	-0.197495
258	1950104													9.606745	-1.140051	-2.730665	-0.264514	-0.922427	0.281354	-0.119191	0.320779	0.939625	-0.956988	0.215009	-0.194795
259	1950270													9.619699	-1.079913	-2.705101	-0.258009	-0.923851	0.282718	-0.118379	0.320651	0.939771	-0.958863	0.209002	-0.192095
260	1950437													9.745702	-1.026995	-2.696288	-0.250659	-0.925432	0.284158	-0.117704	0.320485	0.939912	-0.960893	0.202151	-0.189259
261	1950604													9.870286	-1.079371	-2.656533	-0.242166	-0.927191	0.285786	-0.117035	0.320318	0.940053	-0.963150	0.194202	-0.186084
262	1950770													9.747893	-1.166677	-2.656418	-0.232248	-0.929231	0.287385	-0.116514	0.319916	0.940255	-0.965653	0.184888	-0.182568
263	1950937													9.486232	-1.141166	-2.530036	-0.221588	-0.931447	0.288627	-0.116397	0.319134	0.940535	-0.968169	0.174816	-0.179134
264	1951104													9.599116	-1.004731	-2.379840	-0.210549	-0.933662	0.289731	-0.116499	0.318226	0.940829	-0.970617	0.164337	-0.175773
265	1951270													9.790112	-1.004146	-2.290981	-0.198827	-0.935836	0.290997	-0.116526	0.317393	0.941108	-0.973083	0.153209	-0.172155
266	1951437													9.943232	-1.063314	-2.220776	-0.185948	-0.938020	0.292476	-0.116364	0.316596	0.941396	-0.975645	0.141017	-0.168022
267	1951604													9.660603	-1.122878	-2.047564	-0.171646	-0.940268	0.293997	-0.116119	0.315655	0.941742	-0.978291	0.127508	-0.163364
268	1951770													9.319963	-1.123252	-1.804111	-0.157310	-0.942377	0.295263	-0.116046	0.314553	0.942120	-0.980707	0.113940	-0.158842
269	1951937													9.395176	-1.057134	-1.614332	-0.143535	-0.944280	0.296197	-0.116045	0.313290	0.942541	-0.982818	0.100916	-0.154547
270	1952104													9.564362	-1.009810	-1.484936	-0.130159	-0.945939	0.297082	-0.115705	0.312075	0.942985	-0.984719	0.088364	-0.150069
271	1952270													9.688678	-1.087481	-1.390571	-0.116798	-0.947409	0.297949	-0.115060	0.310891	0.943455	-0.986468	0.075912	-0.145321
272	1952437													9.771725	-1.136248	-1.314044	-0.103149	-0.948776	0.298637	-0.114300	0.309556	0.943987	-0.988077	0.063237	-0.140375
273	1952604													9.775179	-1.145877	-1.208806	-0.088903	-0.950087	0.299051	-0.113498	0.307947	0.944609	-0.989553	0.050037	-0.135210
274	1952770													9.851024	-1.059162	-1.092911	-0.074205	-0.951310	0.299169	-0.112673	0.306073	0.945317	-0.990857	0.036439	-0.129899
275	1952937													10.007344	-1.025622	-1.023570	-0.058722	-0.952364	0.299256	-0.111629	0.304157	0.946059	-0.992013	0.022148	-0.124172
276	1953104													10.077433	-1.050796	-0.866144	-0.042101	-0.953231	0.299296	-0.110376	0.302165	0.946844	-0.992998	0.006828	-0.117935
277	1953270													10.122123	-1.084622	-0.723882	-0.024098	-0.953895	0.299170	-0.109111	0.299979	0.947685	-0.993737	-0.009805	-0.111310
278	1953437													9.949833	-1.051402	-0.643074	-0.004767	-0.954323	0.298738	-0.107950	0.297487	0.948603	-0.994145	-0.027727	-0.104437
279	1953604													9.788446	-0.915721	-0.535753	0.015283	-0.954429	0.298046	-0.106865	0.294815	0.949560	-0.994156	-0.046363	-0.097490
280	1953770													9.713779	-0.792683	-0.304411	0.035903	-0.954102	0.297324	-0.105628	0.292226	0.950498	-0.993757	-0.065531	-0.090288
281	1953937													9.697547	-0.831194	0.003060	0.057050	-0.953251	0.296747	-0.104261	0.289917	0.951356	-0.992912	-0.085214	-0.082847
282	1954104													9.630205	-0.953635	0.231348	0.078524	-0.951948	0.296022	-0.103070	0.287595	0.952190	-0.991570	-0.105281	-0.075534
283	1954270													9.563972	-0.945672	0.449380	0.099890	-0.950315	0.294828	-0.102195	0.284944	0.953081	-0.989736	-0.125333	-0.068654
284	1954437													9.580502	-0.816445	0.635460	0.120955	-0.948287	0.293463	-0.101338	0.282293	0.953961	-0.987472	-0.145125	-0.061953
