// Start Time: Unknown
// Update Rate: 60.0Hz
//Filter Profile: human (46.1)
// Option Flags: AHS Disabled ICC Disabled
// Firmware Version: 4.0.2
0	sampleTimeFine	Year	Month	Day	Second	UTC_Nano	UTC_Year	UTC_Month	UTC_Day	UTC_Hour	UTC_Minute	UTC_Second	UTC_Valid	Acc_X	Acc_Y	Acc_Z	Mat[1][1]	Mat[2][1]	Mat[3][1]	Mat[1][2]	Mat[2][2]	Mat[3][2]	Mat[1][3]	Mat[2][3]	Mat[3][3]
0	1042416													0.000000	0.000000	0.000000	-0.096695	-0.876308	0.471947	-0.044073	0.477474	0.877540	-0.994338	0.064053	-0.084791
1	1042582													9.739916	-0.390337	-0.948596	-0.096568	-0.875669	0.473159	-0.043861	0.478663	0.876903	-0.994360	0.063927	-0.084631
2	1042749													9.720866	-0.427667	-0.932941	-0.096427	-0.875921	0.472719	-0.043092	0.478161	0.877214	-0.994407	0.064217	-0.083853
3	1042916													9.715961	-0.445991	-0.956553	-0.096124	-0.875446	0.473660	-0.042937	0.479067	0.876727	-0.994443	0.063937	-0.083639
4	1043082													9.726230	-0.492176	-0.952174	-0.096042	-0.875062	0.474386	-0.043242	0.479807	0.876308	-0.994438	0.063649	-0.083921
5	1043249													9.728296	-0.494841	-0.952855	-0.096003	-0.875057	0.474403	-0.044038	0.479872	0.876233	-0.994406	0.063229	-0.084605
6	1043416													9.724352	-0.482774	-0.932268	-0.096017	-0.875113	0.474297	-0.044872	0.479820	0.876219	-0.994368	0.062850	-0.085339
7	1043582													9.733582	-0.478482	-0.964314	-0.095938	-0.875107	0.474324	-0.045537	0.479881	0.876151	-0.994345	0.062457	-0.085889
8	1043749													9.739635	-0.486836	-0.957516	-0.095968	-0.875147	0.474245	-0.046184	0.479845	0.876137	-0.994312	0.062179	-0.086467
9	1043916													9.716839	-0.458461	-0.947728	-0.096062	-0.875117	0.474281	-0.046751	0.479926	0.876063	-0.994277	0.061983	-0.087015
10	1044082													9.761472	-0.426204	-0.962593	-0.096243	-0.875304	0.473898	-0.047124	0.479582	0.876231	-0.994242	0.062000	-0.087404
11	1044249													9.721966	-0.416342	-0.943411	-0.096428	-0.875207	0.474040	-0.047359	0.479754	0.876124	-0.994213	0.062032	-0.087711
12	1044416													9.748741	-0.441118	-0.982617	-0.096658	-0.875162	0.474077	-0.047519	0.479822	0.876078	-0.994183	0.062153	-0.087965
13	1044582													9.758304	-0.430010	-0.964396	-0.096837	-0.875091	0.474171	-0.047635	0.479939	0.876008	-0.994160	0.062243	-0.088161
14	1044749													9.746663	-0.425687	-0.958306	-0.096967	-0.875005	0.474303	-0.047733	0.480089	0.875920	-0.994142	0.062295	-0.088320
15	1044916													9.723992	-0.423934	-0.972904	-0.097063	-0.874935	0.474412	-0.047814	0.480212	0.875848	-0.994129	0.062329	-0.088445
16	1045082													9.726186	-0.438068	-0.981959	-0.097142	-0.874842	0.474569	-0.047881	0.480380	0.875753	-0.994118	0.062350	-0.088553
17	1045249													9.738835	-0.466924	-0.970922	-0.097225	-0.874701	0.474810	-0.047931	0.480632	0.875612	-0.994108	0.062373	-0.088654
18	1045416													9.741689	-0.493023	-0.961081	-0.097263	-0.874739	0.474732	-0.047974	0.480560	0.875649	-0.994102	0.062393	-0.088706
19	1045582													9.727745	-0.481547	-0.973326	-0.097278	-0.874650	0.474894	-0.048033	0.480726	0.875554	-0.994097	0.062362	-0.088776
20	1045749													9.702014	-0.439376	-0.983779	-0.097333	-0.874628	0.474924	-0.048000	0.480760	0.875538	-0.994094	0.062422	-0.088776
21	1045916													9.727716	-0.424324	-0.949969	-0.097464	-0.874605	0.474939	-0.047869	0.480778	0.875534	-0.994087	0.062598	-0.088725
22	1046082													9.769830	-0.432968	-0.956821	-0.097519	-0.874546	0.475037	-0.047676	0.480869	0.875495	-0.994091	0.062730	-0.088588
23	1046249													9.758178	-0.402650	-0.948327	-0.097550	-0.874341	0.475407	-0.047477	0.481230	0.875308	-0.994098	0.062815	-0.088455
24	1046416													9.752869	-0.418415	-0.946363	-0.097489	-0.874206	0.475667	-0.047267	0.481472	0.875186	-0.994114	0.062837	-0.088259
25	1046582													9.752234	-0.424197	-0.969374	-0.097360	-0.874081	0.475924	-0.047061	0.481704	0.875069	-0.994136	0.062799	-0.088034
26	1046749													9.740497	-0.445060	-0.975691	-0.097173	-0.873820	0.476441	-0.046886	0.482194	0.874809	-0.994163	0.062669	-0.087826
27	1046916													9.754412	-0.440944	-0.940354	-0.096960	-0.873676	0.476749	-0.046773	0.482477	0.874659	-0.994189	0.062508	-0.087645
28	1047082													9.786872	-0.433816	-0.948054	-0.096650	-0.873571	0.477003	-0.046749	0.482702	0.874536	-0.994220	0.062225	-0.087492
29	1047249													9.728741	-0.419341	-0.930975	-0.096318	-0.873608	0.477003	-0.046752	0.482673	0.874552	-0.994252	0.061934	-0.087333
30	1047416													9.720613	-0.401258	-0.922630	-0.096038	-0.873622	0.477034	-0.046796	0.482682	0.874545	-0.994277	0.061667	-0.087238
31	1047582													9.693704	-0.407220	-0.909752	-0.095842	-0.873588	0.477135	-0.046911	0.482773	0.874488	-0.994290	0.061430	-0.087251
32	1047749													9.739557	-0.437187	-0.915575	-0.095770	-0.873680	0.476982	-0.047097	0.482625	0.874560	-0.994289	0.061292	-0.087369
33	1047916													9.733016	-0.421528	-0.913328	-0.095711	-0.873766	0.476836	-0.047271	0.482485	0.874628	-0.994286	0.061171	-0.087483
34	1048082													9.700624	-0.441295	-0.898177	-0.095755	-0.873888	0.476603	-0.047438	0.482265	0.874740	-0.994274	0.061152	-0.087635
35	1048249													9.754873	-0.445584	-0.943474	-0.095874	-0.873937	0.476490	-0.047604	0.482173	0.874782	-0.994255	0.061186	-0.087830
36	1048416													9.715849	-0.406409	-0.918781	-0.096024	-0.874077	0.476203	-0.047726	0.481907	0.874922	-0.994234	0.061286	-0.087991
37	1048582													9.743203	-0.352216	-0.929525	-0.096246	-0.874110	0.476098	-0.047704	0.481819	0.874971	-0.994214	0.061501	-0.088072
38	1048749													9.773574	-0.354635	-0.918023	-0.096368	-0.874087	0.476114	-0.047652	0.481844	0.874960	-0.994204	0.061631	-0.088086
39	1048916													9.765106	-0.354989	-0.926166	-0.096407	-0.874053	0.476169	-0.047674	0.481903	0.874927	-0.994200	0.061648	-0.088129
40	1049082													9.775791	-0.352979	-0.913678	-0.096359	-0.873915	0.476432	-0.047735	0.482166	0.874778	-0.994201	0.061550	-0.088178
41	1049249													9.736265	-0.364235	-0.918749	-0.096221	-0.873826	0.476624	-0.047842	0.482352	0.874670	-0.994210	0.061359	-0.088218
42	1049749													9.750710	-0.396456	-0.906244	-0.096063	-0.873632	0.477010	-0.047916	0.482729	0.874458	-0.994221	0.061147	-0.088234
43	1049916													9.736402	-0.415974	-0.909690	-0.095907	-0.873494	0.477294	-0.047977	0.483004	0.874303	-0.994233	0.060952	-0.088231
44	1050082													9.705482	-0.450476	-0.927975	-0.095810	-0.873376	0.477531	-0.048067	0.483238	0.874169	-0.994238	0.060800	-0.088280
45	1050249													9.732483	-0.454775	-0.921306	-0.095824	-0.873337	0.477598	-0.048234	0.483316	0.874116	-0.994229	0.060725	-0.088438
46	1050416													9.737035	-0.430507	-0.918646	-0.095830	-0.873305	0.477656	-0.048416	0.483386	0.874067	-0.994220	0.060636	-0.088605
47	1050582													9.760540	-0.397789	-0.897886	-0.095882	-0.873337	0.477587	-0.048543	0.483329	0.874092	-0.994208	0.060626	-0.088737
48	1050749													9.738910	-0.425065	-0.918308	-0.095987	-0.873516	0.477239	-0.048705	0.483000	0.874265	-0.994190	0.060674	-0.088907
49	1050916													9.741892	-0.417799	-0.939356	-0.096113	-0.873521	0.477204	-0.048895	0.482989	0.874260	-0.994169	0.060694	-0.089133
50	1051082													9.744234	-0.374821	-0.961380	-0.096339	-0.873562	0.477083	-0.049084	0.482899	0.874300	-0.994138	0.060812	-0.089400
51	1051249													9.722392	-0.390821	-0.958975	-0.096589	-0.873505	0.477136	-0.049207	0.482982	0.874246	-0.994107	0.060964	-0.089633
52	1051416													9.749443	-0.400531	-0.956842	-0.096882	-0.873427	0.477221	-0.049334	0.483101	0.874173	-0.994072	0.061149	-0.089894
53	1051582													9.779384	-0.410386	-0.968014	-0.097082	-0.873339	0.477340	-0.049468	0.483246	0.874086	-0.994046	0.061245	-0.090117
54	1051749													9.742267	-0.398841	-0.966135	-0.097200	-0.873223	0.477529	-0.049664	0.483458	0.873957	-0.994025	0.061232	-0.090360
55	1051916													9.733850	-0.411171	-0.980601	-0.097276	-0.873178	0.477596	-0.049844	0.483544	0.873900	-0.994009	0.061204	-0.090560
56	1052082													9.720571	-0.417281	-0.988534	-0.097341	-0.873163	0.477610	-0.050030	0.483575	0.873872	-0.993993	0.061169	-0.090756
57	1052249													9.723968	-0.441706	-0.959883	-0.097428	-0.873245	0.477442	-0.050277	0.483430	0.873938	-0.993972	0.061142	-0.091003
58	1052416													9.758985	-0.471835	-0.983193	-0.097497	-0.873257	0.477406	-0.050550	0.483418	0.873929	-0.993951	0.061073	-0.091275
59	1052582													9.771030	-0.457436	-0.979987	-0.097545	-0.873352	0.477223	-0.050793	0.483253	0.874006	-0.993934	0.061015	-0.091499
60	1052749													9.746967	-0.436827	-0.957584	-0.097537	-0.873548	0.476865	-0.051021	0.482908	0.874183	-0.993923	0.060935	-0.091671
61	1052916													9.741255	-0.419850	-0.975054	-0.097507	-0.873594	0.476787	-0.051191	0.482838	0.874212	-0.993917	0.060834	-0.091800
62	1053083													9.766546	-0.402914	-0.975574	-0.097448	-0.873694	0.476615	-0.051360	0.482671	0.874294	-0.993914	0.060719	-0.091909
63	1053249													9.776829	-0.401186	-0.954053	-0.097322	-0.873708	0.476616	-0.051556	0.482672	0.874282	-0.993917	0.060514	-0.092019
64	1053416													9.744419	-0.392318	-0.943879	-0.097107	-0.873695	0.476684	-0.051726	0.482731	0.874240	-0.993929	0.060238	-0.092069
65	1053583													9.711830	-0.408334	-0.937522	-0.096920	-0.873571	0.476949	-0.051952	0.482992	0.874082	-0.993935	0.059938	-0.092195
66	1053749													9.732316	-0.427352	-0.931999	-0.096783	-0.873619	0.476889	-0.052150	0.482931	0.874104	-0.993938	0.059728	-0.092299
67	1053916													9.736912	-0.443652	-0.923742	-0.096640	-0.873549	0.477045	-0.052325	0.483085	0.874009	-0.993943	0.059503	-0.092394
68	1054083													9.735614	-0.473044	-0.914192	-0.096481	-0.873538	0.477097	-0.052512	0.483133	0.873971	-0.993949	0.059268	-0.092485
69	1054249													9.758147	-0.478429	-0.910232	-0.096285	-0.873492	0.477222	-0.052699	0.483251	0.873894	-0.993958	0.058994	-0.092562
70	1054416													9.768823	-0.470750	-0.920093	-0.096049	-0.873526	0.477208	-0.052868	0.483224	0.873899	-0.993972	0.058708	-0.092595
71	1054583													9.741862	-0.470585	-0.918708	-0.095833	-0.873562	0.477185	-0.053029	0.483191	0.873907	-0.993984	0.058445	-0.092630
72	1054749													9.732141	-0.445463	-0.915672	-0.095666	-0.873506	0.477322	-0.053180	0.483321	0.873826	-0.993992	0.058211	-0.092691
73	1054916													9.730747	-0.431812	-0.900728	-0.095571	-0.873513	0.477328	-0.053352	0.483329	0.873812	-0.993992	0.058045	-0.092796
74	1055083													9.726061	-0.459538	-0.907519	-0.095606	-0.873580	0.477197	-0.053564	0.483213	0.873863	-0.993977	0.057986	-0.092990
75	1055249													9.743808	-0.453433	-0.917547	-0.095645	-0.873552	0.477241	-0.053770	0.483273	0.873817	-0.993962	0.057915	-0.093193
76	1055416													9.684687	-0.463001	-0.925438	-0.095726	-0.873596	0.477144	-0.053936	0.483193	0.873851	-0.993945	0.057915	-0.093372
77	1055583													9.736279	-0.510287	-0.921679	-0.095958	-0.873616	0.477061	-0.054101	0.483142	0.873869	-0.993914	0.058045	-0.093625
78	1055749													9.726809	-0.467536	-0.955324	-0.096217	-0.873572	0.477089	-0.054153	0.483198	0.873835	-0.993886	0.058242	-0.093799
79	1055916													9.761972	-0.443005	-0.955413	-0.096447	-0.873464	0.477240	-0.053939	0.483358	0.873760	-0.993876	0.058529	-0.093732
80	1056083													9.814904	-0.445817	-0.934184	-0.096522	-0.873315	0.477498	-0.053761	0.483612	0.873630	-0.993878	0.058653	-0.093629
81	1056249													9.795393	-0.429971	-0.962669	-0.096398	-0.873334	0.477489	-0.053674	0.483586	0.873649	-0.993895	0.058589	-0.093492
82	1056416													9.771910	-0.394000	-0.924405	-0.096130	-0.873195	0.477797	-0.053573	0.483863	0.873502	-0.993926	0.058373	-0.093293
83	1056583													9.745268	-0.380297	-0.909669	-0.095790	-0.873008	0.478207	-0.053500	0.484237	0.873300	-0.993963	0.058069	-0.093091
84	1056749													9.702019	-0.412268	-0.903734	-0.095480	-0.872814	0.478622	-0.053399	0.484617	0.873095	-0.993998	0.057805	-0.092878
85	1056916													9.693811	-0.449953	-0.890703	-0.095275	-0.872574	0.479101	-0.053313	0.485072	0.872848	-0.994022	0.057619	-0.092735
86	1057083													9.705444	-0.474194	-0.913555	-0.095203	-0.872351	0.479521	-0.053274	0.485483	0.872621	-0.994031	0.057530	-0.092694
87	1057249													9.723061	-0.475576	-0.890673	-0.095226	-0.872193	0.479804	-0.053308	0.485771	0.872459	-0.994027	0.057504	-0.092753
88	1057416													9.751531	-0.454071	-0.908078	-0.095280	-0.872055	0.480044	-0.053290	0.486015	0.872324	-0.994023	0.057533	-0.092779
89	1057583													9.747214	-0.448427	-0.929467	-0.095328	-0.871951	0.480223	-0.053225	0.486194	0.872228	-0.994022	0.057587	-0.092757
90	1057749													9.762589	-0.457958	-0.948603	-0.095421	-0.871892	0.480312	-0.053225	0.486292	0.872174	-0.994013	0.057659	-0.092809
91	1057916													9.738831	-0.437438	-0.926309	-0.095504	-0.871863	0.480348	-0.053219	0.486336	0.872150	-0.994005	0.057730	-0.092847
92	1058083													9.754241	-0.396698	-0.926002	-0.095651	-0.871760	0.480505	-0.053114	0.486500	0.872065	-0.993997	0.057893	-0.092837
93	1058249													9.728313	-0.413016	-0.949834	-0.095786	-0.871681	0.480621	-0.053019	0.486624	0.872001	-0.993989	0.058043	-0.092827
94	1058416													9.742011	-0.403370	-0.948199	-0.095959	-0.871467	0.480976	-0.052890	0.486987	0.871806	-0.993979	0.058218	-0.092823
95	1058583													9.783134	-0.425501	-0.960140	-0.096060	-0.871308	0.481243	-0.052806	0.487259	0.871660	-0.993974	0.058319	-0.092817
96	1058749													9.750443	-0.408532	-0.954672	-0.096065	-0.871193	0.481450	-0.052710	0.487461	0.871552	-0.993978	0.058348	-0.092749
97	1058916													9.762055	-0.415967	-0.942506	-0.096032	-0.871130	0.481572	-0.052636	0.487575	0.871493	-0.993986	0.058344	-0.092675
98	1059083													9.752128	-0.418967	-0.952741	-0.095909	-0.871021	0.481792	-0.052531	0.487778	0.871386	-0.994003	0.058265	-0.092538
99	1059249													9.711835	-0.420759	-0.951525	-0.095828	-0.870916	0.481998	-0.052395	0.487968	0.871287	-0.994018	0.058240	-0.092392
100	1059416													9.742915	-0.417547	-0.935715	-0.095747	-0.870851	0.482132	-0.052267	0.488088	0.871228	-0.994032	0.058218	-0.092250
101	1059583													9.734840	-0.392972	-0.928326	-0.095653	-0.870860	0.482134	-0.052151	0.488074	0.871243	-0.994048	0.058193	-0.092102
102	1059749													9.750010	-0.370137	-0.944180	-0.095561	-0.870808	0.482247	-0.052032	0.488171	0.871195	-0.994063	0.058160	-0.091959
103	1059916													9.764623	-0.350372	-0.938855	-0.095455	-0.870733	0.482403	-0.051906	0.488311	0.871125	-0.994079	0.058114	-0.091808
104	1060083													9.757124	-0.355765	-0.961149	-0.095300	-0.870666	0.482555	-0.051787	0.488441	0.871059	-0.994101	0.058022	-0.091638
105	1060249													9.732609	-0.341635	-0.933440	-0.095149	-0.870624	0.482660	-0.051683	0.488526	0.871017	-0.994120	0.057931	-0.091479
106	1060416													9.736631	-0.362836	-0.932434	-0.095011	-0.870572	0.482781	-0.051585	0.488629	0.870965	-0.994139	0.057847	-0.091334
107	1060583													9.765454	-0.385988	-0.917142	-0.094845	-0.870474	0.482990	-0.051550	0.488821	0.870860	-0.994156	0.057698	-0.091235
108	1060749													9.745783	-0.367853	-0.901459	-0.094632	-0.870383	0.483196	-0.051536	0.489007	0.870756	-0.994177	0.057499	-0.091132
109	1060916													9.756075	-0.384118	-0.873500	-0.094409	-0.870239	0.483499	-0.051549	0.489290	0.870596	-0.994198	0.057269	-0.091053
110	1061083													9.759839	-0.387989	-0.882392	-0.094125	-0.870138	0.483736	-0.051559	0.489501	0.870477	-0.994224	0.056993	-0.090938
111	1061249													9.754884	-0.382836	-0.876912	-0.093849	-0.870089	0.483878	-0.051597	0.489620	0.870408	-0.994248	0.056721	-0.090845
112	1061416													9.730805	-0.392186	-0.855269	-0.093608	-0.870085	0.483932	-0.051660	0.489656	0.870384	-0.994268	0.056475	-0.090784
113	1061583													9.719315	-0.403511	-0.866536	-0.093508	-0.870112	0.483903	-0.051778	0.489625	0.870395	-0.994271	0.056333	-0.090836
114	1061749													9.702189	-0.367001	-0.858833	-0.093466	-0.870172	0.483803	-0.051884	0.489527	0.870443	-0.994270	0.056255	-0.090902
115	1061916													9.695000	-0.383641	-0.877263	-0.093584	-0.870186	0.483754	-0.051964	0.489493	0.870457	-0.994254	0.056323	-0.091027
116	1062083													9.758520	-0.422306	-0.912510	-0.093767	-0.870141	0.483801	-0.052156	0.489568	0.870404	-0.994227	0.056382	-0.091289
117	1062249													9.752888	-0.372821	-0.890293	-0.093968	-0.870175	0.483699	-0.052270	0.489491	0.870440	-0.994202	0.056511	-0.091481
118	1062416													9.776294	-0.375666	-0.907269	-0.094200	-0.870263	0.483496	-0.052230	0.489307	0.870546	-0.994182	0.056752	-0.091547
119	1062583													9.755393	-0.379296	-0.896459	-0.094328	-0.870237	0.483518	-0.052256	0.489342	0.870525	-0.994169	0.056848	-0.091634
120	1062749													9.755742	-0.386098	-0.900650	-0.094445	-0.870209	0.483545	-0.052320	0.489384	0.870498	-0.994154	0.056915	-0.091749
121	1062916													9.773277	-0.358998	-0.903911	-0.094439	-0.870221	0.483524	-0.052374	0.489366	0.870505	-0.994152	0.056885	-0.091792
122	1063083													9.778599	-0.356634	-0.907126	-0.094361	-0.870141	0.483684	-0.052419	0.489521	0.870415	-0.994157	0.056779	-0.091803
123	1063249													9.737588	-0.379875	-0.911166	-0.094192	-0.870091	0.483807	-0.052495	0.489632	0.870348	-0.994169	0.056583	-0.091795
124	1063416													9.708917	-0.401973	-0.880774	-0.094040	-0.870031	0.483945	-0.052568	0.489761	0.870271	-0.994180	0.056400	-0.091793
125	1063583													9.697371	-0.433911	-0.891027	-0.094027	-0.869965	0.484066	-0.052714	0.489889	0.870190	-0.994173	0.056304	-0.091922
126	1063749													9.715132	-0.451076	-0.899354	-0.094073	-0.869950	0.484085	-0.052885	0.489921	0.870161	-0.994160	0.056258	-0.092096
127	1063916													9.735103	-0.421425	-0.915079	-0.094208	-0.870003	0.483962	-0.053007	0.489818	0.870212	-0.994140	0.056327	-0.092261
128	1064083													9.742392	-0.429052	-0.929838	-0.094334	-0.870082	0.483795	-0.053112	0.489669	0.870289	-0.994123	0.056402	-0.092404
129	1064249													9.774428	-0.432984	-0.948142	-0.094489	-0.870121	0.483696	-0.053295	0.489594	0.870320	-0.994098	0.056457	-0.092634
130	1064416													9.765534	-0.403822	-0.955058	-0.094576	-0.870156	0.483616	-0.053436	0.489531	0.870347	-0.994083	0.056471	-0.092795
131	1064583													9.776312	-0.384248	-0.946122	-0.094707	-0.870162	0.483580	-0.053493	0.489510	0.870356	-0.994067	0.056561	-0.092907
132	1064749													9.762613	-0.387922	-0.955856	-0.094782	-0.870104	0.483670	-0.053565	0.489610	0.870294	-0.994056	0.056580	-0.093013
133	1064916													9.735678	-0.397006	-0.955419	-0.094893	-0.870100	0.483654	-0.053623	0.489609	0.870292	-0.994042	0.056649	-0.093117
134	1065083													9.761718	-0.410260	-0.938981	-0.094978	-0.870095	0.483646	-0.053718	0.489614	0.870283	-0.994029	0.056677	-0.093242
135	1065249													9.763109	-0.413640	-0.935709	-0.094960	-0.870050	0.483731	-0.053828	0.489704	0.870226	-0.994025	0.056598	-0.093335
136	1065416													9.766458	-0.422243	-0.967264	-0.094879	-0.869958	0.483912	-0.053884	0.489880	0.870123	-0.994029	0.056481	-0.093357
137	1065583													9.748330	-0.422132	-0.957826	-0.094731	-0.869969	0.483922	-0.053935	0.489879	0.870120	-0.994041	0.056327	-0.093329
138	1065749													9.746424	-0.425987	-0.942431	-0.094592	-0.869991	0.483909	-0.053957	0.489855	0.870133	-0.994053	0.056198	-0.093278
139	1065916													9.730326	-0.431571	-0.922805	-0.094447	-0.870045	0.483841	-0.053998	0.489775	0.870175	-0.994064	0.056059	-0.093238
140	1066083													9.760263	-0.424574	-0.905164	-0.094313	-0.870090	0.483785	-0.054036	0.489709	0.870210	-0.994075	0.055930	-0.093202
141	1066249													9.727815	-0.397430	-0.909585	-0.094185	-0.870179	0.483651	-0.054050	0.489563	0.870291	-0.994086	0.055827	-0.093142
142	1066416													9.759873	-0.382325	-0.917808	-0.094088	-0.870242	0.483555	-0.053995	0.489456	0.870355	-0.994099	0.055780	-0.093040
143	1066583													9.755591	-0.372054	-0.892854	-0.093989	-0.870322	0.483431	-0.053952	0.489319	0.870434	-0.994110	0.055729	-0.092946
144	1066749													9.735413	-0.353955	-0.894481	-0.093898	-0.870286	0.483514	-0.053904	0.489391	0.870397	-0.994122	0.055665	-0.092864
145	1066916													9.714410	-0.370270	-0.911361	-0.093880	-0.870201	0.483670	-0.053897	0.489545	0.870311	-0.994124	0.055636	-0.092860
146	1067083													9.767756	-0.379643	-0.875681	-0.093867	-0.870017	0.484004	-0.053889	0.489878	0.870124	-0.994125	0.055593	-0.092868
147	1067249													9.756991	-0.386899	-0.880401	-0.093810	-0.869935	0.484162	-0.053871	0.490030	0.870039	-0.994132	0.055536	-0.092834
148	1067416													9.753658	-0.422887	-0.892464	-0.093732	-0.869898	0.484244	-0.053860	0.490104	0.869998	-0.994140	0.055465	-0.092791
149	1067583													9.665937	-0.450316	-0.872798	-0.093731	-0.869912	0.484218	-0.053904	0.490080	0.870009	-0.994137	0.055445	-0.092827
150	1067749													9.671241	-0.495024	-0.884592	-0.093947	-0.869909	0.484181	-0.053986	0.490068	0.870011	-0.994112	0.055596	-0.093003
151	1067916													9.703874	-0.493839	-0.902413	-0.094271	-0.870134	0.483715	-0.053995	0.489633	0.870255	-0.994081	0.055922	-0.093141
152	1068083													9.722707	-0.426581	-0.888287	-0.094665	-0.870327	0.483290	-0.053839	0.489236	0.870488	-0.994052	0.056385	-0.093171
153	1068249													9.795493	-0.423193	-0.919428	-0.095137	-0.870523	0.482844	-0.053651	0.488823	0.870732	-0.994017	0.056934	-0.093209
154	1068416													9.804583	-0.335516	-0.933713	-0.095485	-0.870765	0.482339	-0.053485	0.488341	0.871012	-0.993993	0.057371	-0.093202
155	1068583													9.781363	-0.253954	-0.949255	-0.095825	-0.870808	0.482193	-0.053170	0.488209	0.871106	-0.993977	0.057836	-0.093083
156	1068749													9.794647	-0.273525	-0.953867	-0.096081	-0.870729	0.482285	-0.052921	0.488310	0.871064	-0.993966	0.058170	-0.092997
157	1068916													9.757401	-0.309142	-0.938878	-0.096240	-0.870562	0.482555	-0.052839	0.488590	0.870912	-0.993955	0.058319	-0.093022
158	1069083													9.776306	-0.346840	-0.951498	-0.096285	-0.870410	0.482820	-0.052815	0.488858	0.870763	-0.993952	0.058341	-0.093040
159	1069249													9.784941	-0.356377	-0.934585	-0.096120	-0.870190	0.483249	-0.052828	0.489273	0.870529	-0.993967	0.058146	-0.092999
160	1069416													9.806409	-0.375644	-0.896107	-0.095784	-0.869976	0.483701	-0.052818	0.489693	0.870294	-0.994000	0.057812	-0.092855
161	1069583													9.791027	-0.400799	-0.941035	-0.095194	-0.869847	0.484050	-0.052701	0.489980	0.870139	-0.994063	0.057322	-0.092485
162	1069750													9.635081	-0.427230	-0.946269	-0.094617	-0.869804	0.484240	-0.052589	0.490110	0.870073	-0.994124	0.056858	-0.092115
163	1069916													9.561413	-0.443765	-0.939931	-0.094459	-0.869808	0.484264	-0.052584	0.490119	0.870068	-0.994139	0.056722	-0.092034
164	1070083													9.667266	-0.454307	-0.927936	-0.094711	-0.869785	0.484256	-0.052604	0.490136	0.870057	-0.994114	0.056931	-0.092175
165	1070250													9.764981	-0.413540	-0.913720	-0.095074	-0.869826	0.484111	-0.052551	0.490022	0.870125	-0.994082	0.057286	-0.092298
166	1070416													9.797188	-0.442562	-0.910059	-0.095449	-0.869869	0.483961	-0.052579	0.489907	0.870187	-0.994045	0.057612	-0.092497
167	1070583													9.815439	-0.435776	-0.929860	-0.095717	-0.870001	0.483671	-0.052641	0.489646	0.870331	-0.994016	0.057844	-0.092665
168	1070750													9.734591	-0.398637	-0.937929	-0.095957	-0.870181	0.483298	-0.052696	0.489299	0.870523	-0.993990	0.058065	-0.092807
169	1070916													9.678173	-0.367123	-0.941018	-0.096336	-0.870301	0.483007	-0.052697	0.489043	0.870666	-0.993953	0.058423	-0.092974
170	1071083													9.664066	-0.367920	-0.945590	-0.096907	-0.870354	0.482798	-0.052691	0.488887	0.870755	-0.993898	0.058943	-0.093236
171	1071250													9.722260	-0.361421	-0.936933	-0.097627	-0.870368	0.482627	-0.052666	0.488782	0.870815	-0.993829	0.059597	-0.093557
172	1071416													9.750259	-0.363964	-0.941044	-0.098305	-0.870332	0.482554	-0.052687	0.488774	0.870818	-0.993761	0.060182	-0.093905
173	1071583													9.751575	-0.355926	-0.943922	-0.098935	-0.870257	0.482561	-0.052727	0.488843	0.870777	-0.993696	0.060706	-0.094250
174	1071750													9.748783	-0.388660	-0.971245	-0.099477	-0.870175	0.482597	-0.052784	0.488934	0.870722	-0.993639	0.061144	-0.094569
175	1071916													9.749398	-0.418056	-0.977737	-0.100004	-0.870102	0.482620	-0.052870	0.489013	0.870673	-0.993581	0.061555	-0.094906
176	1072083													9.780498	-0.435700	-0.996174	-0.100426	-0.870031	0.482659	-0.052937	0.489097	0.870621	-0.993535	0.061882	-0.095175
177	1072250													9.778341	-0.444090	-0.987989	-0.100720	-0.870091	0.482491	-0.052993	0.488960	0.870695	-0.993502	0.062128	-0.095357
178	1072416													9.814746	-0.433414	-0.994098	-0.100895	-0.870159	0.482331	-0.052982	0.488817	0.870776	-0.993485	0.062302	-0.095422
179	1072583													9.818604	-0.406102	-0.996939	-0.100820	-0.870311	0.482072	-0.052901	0.488545	0.870934	-0.993497	0.062305	-0.095295
180	1072750													9.782574	-0.378520	-1.000435	-0.100577	-0.870413	0.481940	-0.052835	0.488385	0.871027	-0.993525	0.062142	-0.095109
181	1072916													9.746762	-0.366530	-1.019549	-0.100257	-0.870519	0.481814	-0.052767	0.488224	0.871121	-0.993561	0.061912	-0.094883
182	1073083													9.734534	-0.368998	-1.016264	-0.099872	-0.870516	0.481900	-0.052686	0.488268	0.871102	-0.993604	0.061610	-0.094628
183	1073250													9.717792	-0.391076	-1.016297	-0.099447	-0.870586	0.481861	-0.052607	0.488184	0.871154	-0.993651	0.061284	-0.094347
184	1073416													9.748514	-0.381206	-1.006785	-0.098965	-0.870600	0.481935	-0.052500	0.488206	0.871148	-0.993705	0.060912	-0.094022
185	1073583													9.770111	-0.386684	-1.007063	-0.098382	-0.870575	0.482099	-0.052364	0.488307	0.871099	-0.993770	0.060456	-0.093628
186	1073750													9.801353	-0.404490	-0.983501	-0.097642	-0.870508	0.482371	-0.052195	0.488499	0.871002	-0.993852	0.059869	-0.093134
187	1073916													9.747705	-0.394338	-0.947310	-0.096798	-0.870500	0.482555	-0.052033	0.488595	0.870958	-0.993943	0.059198	-0.092589
188	1074083													9.714508	-0.383498	-0.920742	-0.095988	-0.870410	0.482880	-0.051890	0.488836	0.870831	-0.994029	0.058533	-0.092088
189	1074250													9.711288	-0.392025	-0.902827	-0.095372	-0.870403	0.483014	-0.051791	0.488907	0.870797	-0.994093	0.058034	-0.091707
190	1074416													9.733616	-0.370154	-0.879719	-0.094850	-0.870371	0.483175	-0.051751	0.489018	0.870737	-0.994145	0.057585	-0.091426
191	1074583													9.681470	-0.374536	-0.878686	-0.094474	-0.870319	0.483341	-0.051725	0.489148	0.870665	-0.994183	0.057254	-0.091229
192	1074750													9.691045	-0.410989	-0.903228	-0.094348	-0.870245	0.483500	-0.051745	0.489296	0.870581	-0.994194	0.057119	-0.091195
193	1074916													9.650142	-0.394636	-0.882505	-0.094440	-0.870231	0.483506	-0.051795	0.489314	0.870568	-0.994182	0.057173	-0.091285
194	1075083													9.692251	-0.372930	-0.902622	-0.094805	-0.870137	0.483605	-0.051661	0.489439	0.870506	-0.994154	0.057545	-0.091353
195	1075250													9.742412	-0.379111	-0.906575	-0.095268	-0.870041	0.483686	-0.051472	0.489552	0.870454	-0.994120	0.058030	-0.091422
196	1075416													9.767447	-0.385492	-0.914699	-0.095632	-0.869962	0.483756	-0.051409	0.489652	0.870401	-0.994088	0.058368	-0.091551
197	1075583													9.779387	-0.379425	-0.928626	-0.095876	-0.869926	0.483772	-0.051313	0.489685	0.870388	-0.994070	0.058626	-0.091587
198	1075750													9.786222	-0.320017	-0.944999	-0.095927	-0.869919	0.483776	-0.051233	0.489688	0.870391	-0.994069	0.058709	-0.091543
199	1075916													9.788476	-0.330585	-0.944208	-0.095831	-0.869839	0.483939	-0.051115	0.489836	0.870315	-0.994084	0.058667	-0.091403
200	1076083													9.768113	-0.347375	-0.934079	-0.095600	-0.869762	0.484122	-0.050996	0.489990	0.870235	-0.994113	0.058507	-0.091197
201	1076250													9.729951	-0.384657	-0.926547	-0.095324	-0.869676	0.484332	-0.050947	0.490172	0.870135	-0.994142	0.058269	-0.091033
202	1076416													9.705351	-0.409647	-0.917219	-0.095085	-0.869602	0.484511	-0.050961	0.490330	0.870046	-0.994164	0.058037	-0.090939
203	1076583													9.711604	-0.399362	-0.887488	-0.094897	-0.869614	0.484527	-0.051042	0.490334	0.870039	-0.994178	0.057833	-0.090918
204	1076750													9.755768	-0.379760	-0.901776	-0.094756	-0.869609	0.484563	-0.051096	0.490360	0.870021	-0.994188	0.057680	-0.090898
205	1076916													9.713937	-0.408755	-0.913979	-0.094690	-0.869609	0.484577	-0.051168	0.490372	0.870010	-0.994191	0.057586	-0.090929
206	1077083													9.730263	-0.419743	-0.927696	-0.094680	-0.869693	0.484427	-0.051308	0.490229	0.870082	-0.994185	0.057525	-0.091037
207	1077250													9.730969	-0.380739	-0.915618	-0.094735	-0.869827	0.484175	-0.051426	0.489989	0.870210	-0.994173	0.057541	-0.091151
208	1077416													9.772014	-0.368789	-0.929835	-0.094793	-0.869904	0.484027	-0.051469	0.489849	0.870287	-0.994166	0.057585	-0.091207
209	1077583													9.745495	-0.375349	-0.936800	-0.094879	-0.869950	0.483927	-0.051536	0.489760	0.870333	-0.994154	0.057637	-0.091301
210	1077750													9.765673	-0.374509	-0.943089	-0.094992	-0.869963	0.483882	-0.051573	0.489728	0.870349	-0.994141	0.057721	-0.091386
211	1077916													9.750937	-0.358340	-0.959329	-0.095079	-0.869993	0.483810	-0.051604	0.489666	0.870382	-0.994131	0.057789	-0.091453
212	1078083													9.759614	-0.372219	-0.953365	-0.095150	-0.869961	0.483854	-0.051594	0.489716	0.870354	-0.994125	0.057850	-0.091481
213	1078250													9.757396	-0.389124	-0.943263	-0.095145	-0.869918	0.483931	-0.051576	0.489791	0.870313	-0.994126	0.057847	-0.091469
214	1078416													9.758009	-0.396854	-0.952187	-0.095091	-0.869860	0.484047	-0.051519	0.489899	0.870255	-0.994135	0.057816	-0.091399
215	1078583													9.758097	-0.416462	-0.984509	-0.094982	-0.869773	0.484225	-0.051471	0.490064	0.870166	-0.994147	0.057727	-0.091315
216	1078750													9.735631	-0.381581	-0.971105	-0.094853	-0.869773	0.484250	-0.051418	0.490074	0.870163	-0.994163	0.057638	-0.091207
217	1078916													9.761484	-0.394713	-0.982570	-0.094727	-0.869716	0.484377	-0.051336	0.490185	0.870105	-0.994179	0.057556	-0.091082
218	1079083													9.774523	-0.374080	-0.946894	-0.094529	-0.869705	0.484435	-0.051237	0.490220	0.870092	-0.994203	0.057428	-0.090902
219	1079250													9.733653	-0.369436	-0.946769	-0.094307	-0.869628	0.484617	-0.051130	0.490375	0.870010	-0.994229	0.057269	-0.090710
220	1079416													9.756600	-0.373772	-0.956309	-0.094102	-0.869564	0.484771	-0.051063	0.490507	0.869940	-0.994252	0.057109	-0.090560
221	1079583													9.765030	-0.376515	-0.945841	-0.093862	-0.869503	0.484927	-0.051077	0.490642	0.869863	-0.994274	0.056879	-0.090464
222	1079750													9.755765	-0.390345	-0.915262	-0.093584	-0.869449	0.485078	-0.051125	0.490770	0.869788	-0.994298	0.056598	-0.090378
223	1079916													9.765077	-0.408006	-0.912635	-0.093283	-0.869391	0.485239	-0.051233	0.490910	0.869703	-0.994321	0.056268	-0.090335
224	1080083													9.775467	-0.408937	-0.920379	-0.092908	-0.869342	0.485400	-0.051357	0.491044	0.869620	-0.994349	0.055866	-0.090269
225	1080250													9.753937	-0.429994	-0.890260	-0.092480	-0.869345	0.485475	-0.051497	0.491088	0.869587	-0.994382	0.055419	-0.090184
226	1080416													9.749075	-0.432541	-0.901248	-0.092009	-0.869387	0.485491	-0.051617	0.491068	0.869591	-0.994419	0.054951	-0.090058
227	1080583													9.707783	-0.432928	-0.865657	-0.091598	-0.869457	0.485443	-0.051753	0.490990	0.869626	-0.994450	0.054533	-0.089971
228	1080750													9.740292	-0.442030	-0.863398	-0.091303	-0.869547	0.485337	-0.051877	0.490864	0.869690	-0.994471	0.054228	-0.089927
229	1080916													9.711919	-0.419213	-0.856045	-0.091025	-0.869636	0.485229	-0.051961	0.490735	0.869758	-0.994492	0.053957	-0.089856
230	1081083													9.708549	-0.442027	-0.852771	-0.090911	-0.869762	0.485026	-0.052007	0.490524	0.869874	-0.994500	0.053856	-0.089828
231	1081250													9.744406	-0.423604	-0.857631	-0.090893	-0.869880	0.484816	-0.052068	0.490317	0.869988	-0.994499	0.053832	-0.089859
232	1081416													9.771636	-0.352997	-0.847336	-0.090892	-0.869949	0.484693	-0.051955	0.490187	0.870067	-0.994505	0.053900	-0.089753
233	1081583													9.795164	-0.360142	-0.854159	-0.090864	-0.869896	0.484793	-0.051717	0.490272	0.870034	-0.994520	0.053983	-0.089536
234	1081750													9.748827	-0.388923	-0.848334	-0.090765	-0.869816	0.484955	-0.051593	0.490418	0.869959	-0.994535	0.053941	-0.089389
235	1081916													9.755177	-0.376108	-0.860017	-0.090653	-0.869722	0.485145	-0.051462	0.490591	0.869869	-0.994552	0.053890	-0.089231
236	1082083													9.757997	-0.375392	-0.837775	-0.090491	-0.869580	0.485431	-0.051335	0.490855	0.869727	-0.994573	0.053783	-0.089057
237	1082250													9.736640	-0.394916	-0.849713	-0.090331	-0.869444	0.485703	-0.051131	0.491103	0.869600	-0.994598	0.053717	-0.088817
238	1082416													9.714145	-0.422414	-0.849934	-0.090186	-0.869295	0.485997	-0.050913	0.491372	0.869460	-0.994623	0.053669	-0.088573
239	1082583													9.716129	-0.438457	-0.830724	-0.090098	-0.869213	0.486160	-0.050697	0.491515	0.869392	-0.994642	0.053683	-0.088351
240	1082750													9.723664	-0.423777	-0.829980	-0.090047	-0.869128	0.486320	-0.050578	0.491665	0.869315	-0.994652	0.053682	-0.088232
241	1082916													9.720490	-0.412866	-0.871550	-0.090067	-0.869117	0.486337	-0.050528	0.491681	0.869308	-0.994653	0.053723	-0.088199
242	1083083													9.758350	-0.373792	-0.840573	-0.090131	-0.869089	0.486375	-0.050404	0.491718	0.869295	-0.994654	0.053835	-0.088125
243	1083250													9.726394	-0.412126	-0.882811	-0.090247	-0.869065	0.486396	-0.050335	0.491745	0.869283	-0.994647	0.053968	-0.088123
244	1083416													9.759820	-0.401017	-0.901776	-0.090411	-0.869050	0.486392	-0.050367	0.491758	0.869274	-0.994630	0.054094	-0.088232
245	1083583													9.752912	-0.381875	-0.899840	-0.090553	-0.869045	0.486375	-0.050347	0.491752	0.869279	-0.994618	0.054228	-0.088283
246	1083750													9.763947	-0.377744	-0.928316	-0.090693	-0.868996	0.486437	-0.050282	0.491823	0.869242	-0.994609	0.054375	-0.088300
247	1083916													9.744523	-0.401291	-0.907310	-0.090818	-0.868954	0.486489	-0.050296	0.491887	0.869205	-0.994597	0.054471	-0.088377
248	1084083													9.796464	-0.397573	-0.906577	-0.090908	-0.868913	0.486544	-0.050347	0.491953	0.869165	-0.994586	0.054519	-0.088469
249	1084250													9.754595	-0.408186	-0.906472	-0.090955	-0.868882	0.486591	-0.050451	0.492009	0.869127	-0.994576	0.054502	-0.088586
250	1084416													9.764710	-0.425085	-0.908492	-0.090998	-0.868903	0.486547	-0.050548	0.491974	0.869141	-0.994567	0.054496	-0.088690
251	1084583													9.745210	-0.447165	-0.870967	-0.091019	-0.868920	0.486512	-0.050571	0.491942	0.869158	-0.994564	0.054507	-0.088718
252	1084750													9.723375	-0.456925	-0.902027	-0.091099	-0.868967	0.486412	-0.050508	0.491847	0.869216	-0.994560	0.054617	-0.088697
253	1084916													9.741395	-0.450409	-0.874875	-0.091246	-0.869032	0.486269	-0.050418	0.491711	0.869298	-0.994551	0.054803	-0.088681
254	1085083													9.791460	-0.431630	-0.853426	-0.091446	-0.869121	0.486073	-0.050290	0.491526	0.869410	-0.994539	0.055060	-0.088656
255	1085250													9.760657	-0.417125	-0.846372	-0.091661	-0.869228	0.485841	-0.050101	0.491302	0.869547	-0.994529	0.055363	-0.088582
256	1085416													9.723268	-0.400519	-0.828592	-0.091944	-0.869276	0.485702	-0.049888	0.491177	0.869630	-0.994514	0.055727	-0.088527
257	1085583													9.721894	-0.390034	-0.848592	-0.092321	-0.869299	0.485588	-0.049640	0.491082	0.869698	-0.994491	0.056187	-0.088489
258	1085750													9.725448	-0.388613	-0.877284	-0.092766	-0.869300	0.485503	-0.049415	0.491024	0.869743	-0.994461	0.056691	-0.088507
259	1085916													9.728273	-0.381625	-0.866934	-0.093196	-0.869290	0.485437	-0.049180	0.490983	0.869780	-0.994432	0.057187	-0.088509
260	1086083													9.714387	-0.384352	-0.907247	-0.093646	-0.869249	0.485424	-0.048950	0.490997	0.869785	-0.994401	0.057691	-0.088530
261	1086250													9.754158	-0.373062	-0.921633	-0.094021	-0.869252	0.485346	-0.048740	0.490940	0.869829	-0.994376	0.058126	-0.088526
262	1086417													9.746438	-0.367435	-0.981535	-0.094293	-0.869192	0.485400	-0.048555	0.491007	0.869801	-0.994360	0.058448	-0.088502
263	1086583													9.702775	-0.345727	-1.002907	-0.094509	-0.869210	0.485327	-0.048421	0.490946	0.869843	-0.994346	0.058708	-0.088487
264	1086750													9.726863	-0.337902	-1.013203	-0.094748	-0.869155	0.485379	-0.048354	0.491015	0.869808	-0.994326	0.058943	-0.088550
265	1086917													9.772475	-0.333362	-1.015453	-0.094888	-0.869087	0.485473	-0.048346	0.491121	0.869749	-0.994313	0.059058	-0.088618
266	1087083													9.799187	-0.356660	-1.031977	-0.094880	-0.869011	0.485611	-0.048365	0.491259	0.869670	-0.994313	0.059028	-0.088641
267	1087250													9.733923	-0.419470	-1.007213	-0.094808	-0.868952	0.485731	-0.048480	0.491380	0.869595	-0.994314	0.058897	-0.088714
268	1087417													9.777844	-0.406239	-0.988085	-0.094717	-0.868910	0.485823	-0.048588	0.491471	0.869538	-0.994318	0.058754	-0.088769
269	1087583													9.815817	-0.417846	-0.970603	-0.094495	-0.868845	0.485982	-0.048447	0.491601	0.869472	-0.994346	0.058616	-0.088547
270	1087750													9.821091	-0.432412	-0.946433	-0.094063	-0.868870	0.486022	-0.048276	0.491593	0.869486	-0.994395	0.058324	-0.088187
271	1087917													9.798542	-0.399617	-0.919859	-0.093477	-0.868915	0.486055	-0.048099	0.491563	0.869513	-0.994459	0.057900	-0.087744
272	1088083													9.765133	-0.351253	-0.909976	-0.092759	-0.868964	0.486104	-0.047836	0.491534	0.869543	-0.994539	0.057405	-0.087162
273	1088250													9.670130	-0.306863	-0.852955	-0.092081	-0.869013	0.486145	-0.047556	0.491500	0.869578	-0.994615	0.056952	-0.086584
274	1088417													9.662884	-0.291070	-0.843524	-0.091626	-0.868876	0.486477	-0.047220	0.491773	0.869442	-0.994673	0.056692	-0.086087
275	1088583													9.696321	-0.295687	-0.828496	-0.091387	-0.868676	0.486878	-0.046911	0.492137	0.869253	-0.994710	0.056598	-0.085726
276	1088750													9.695785	-0.333745	-0.836533	-0.091294	-0.868485	0.487237	-0.046689	0.492475	0.869073	-0.994729	0.056592	-0.085509
277	1088917													9.732651	-0.348470	-0.846209	-0.091369	-0.868230	0.487676	-0.046470	0.492908	0.868839	-0.994732	0.056723	-0.085383
278	1089083													9.736762	-0.319193	-0.855506	-0.091476	-0.867967	0.488125	-0.046078	0.493344	0.868613	-0.994741	0.056965	-0.085124
279	1089250													9.731737	-0.349527	-0.882999	-0.091635	-0.867659	0.488642	-0.045499	0.493842	0.868360	-0.994753	0.057339	-0.084731
280	1089417													9.810126	-0.360332	-0.893555	-0.091783	-0.867300	0.489251	-0.044886	0.494429	0.868058	-0.994767	0.057712	-0.084310
281	1089583													9.792870	-0.317476	-0.911312	-0.091791	-0.866922	0.489918	-0.044138	0.495054	0.867740	-0.994800	0.058027	-0.083706
282	1089750													9.783998	-0.311191	-0.903940	-0.091648	-0.866522	0.490653	-0.043276	0.495727	0.867400	-0.994851	0.058262	-0.082932
283	1089917													9.728120	-0.297004	-0.900125	-0.091456	-0.866087	0.491457	-0.042508	0.496471	0.867012	-0.994901	0.058403	-0.082221
284	1090083													9.779753	-0.299365	-0.896396	-0.091226	-0.865670	0.492233	-0.041948	0.497196	0.866624	-0.994946	0.058411	-0.081670
