// Start Time: Unknown
// Update Rate: 60.0Hz
//Filter Profile: human (46.1)
// Option Flags: AHS Disabled ICC Disabled
// Firmware Version: 4.0.2
0	sampleTimeFine	Year	Month	Day	Second	UTC_Nano	UTC_Year	UTC_Month	UTC_Day	UTC_Hour	UTC_Minute	UTC_Second	UTC_Valid	Acc_X	Acc_Y	Acc_Z	Mat[1][1]	Mat[2][1]	Mat[3][1]	Mat[1][2]	Mat[2][2]	Mat[3][2]	Mat[1][3]	Mat[2][3]	Mat[3][3]
0	1042416													0.000000	0.000000	0.000000	0.301796	-0.886638	-0.350417	-0.029878	-0.376171	0.926069	-0.952904	-0.269014	-0.140018
1	1042582													9.321005	-0.340609	2.998575	0.302783	-0.886473	-0.349983	-0.030841	-0.376142	0.926049	-0.952560	-0.269598	-0.141229
2	1042749													9.334634	-0.324423	3.025711	0.303663	-0.886602	-0.348892	-0.031961	-0.375456	0.926289	-0.952243	-0.270129	-0.142349
3	1042916													9.291551	-0.303441	3.017393	0.304654	-0.886140	-0.349201	-0.032634	-0.376125	0.925994	-0.951904	-0.270712	-0.143506
4	1043082													9.316651	-0.322249	3.027968	0.305437	-0.886219	-0.348316	-0.032795	-0.375370	0.926295	-0.951647	-0.271502	-0.143716
5	1043249													9.326269	-0.355822	3.001540	0.306020	-0.886240	-0.347750	-0.032905	-0.374902	0.926480	-0.951456	-0.272079	-0.143889
6	1043416													9.349061	-0.352332	2.993997	0.306388	-0.885977	-0.348098	-0.033209	-0.375410	0.926264	-0.951327	-0.272236	-0.144444
7	1043582													9.303779	-0.340051	2.997209	0.306545	-0.886299	-0.347138	-0.033514	-0.374519	0.926613	-0.951266	-0.272415	-0.144510
8	1043749													9.316951	-0.359344	2.983912	0.306585	-0.886326	-0.347033	-0.033806	-0.374500	0.926611	-0.951243	-0.272353	-0.144779
9	1043916													9.318895	-0.348541	3.003692	0.306618	-0.886562	-0.346400	-0.034074	-0.373920	0.926835	-0.951222	-0.272381	-0.144859
10	1044082													9.337566	-0.372448	2.971825	0.306452	-0.886878	-0.345737	-0.034357	-0.373281	0.927082	-0.951266	-0.272228	-0.144863
11	1044249													9.391399	-0.391309	3.002172	0.306461	-0.887049	-0.345291	-0.034616	-0.372891	0.927229	-0.951254	-0.272207	-0.144983
12	1044416													9.349669	-0.332426	2.954044	0.306323	-0.887137	-0.345188	-0.034879	-0.372836	0.927241	-0.951288	-0.271996	-0.145151
13	1044582													9.361434	-0.340863	2.960663	0.306261	-0.887211	-0.345051	-0.035040	-0.372729	0.927278	-0.951302	-0.271899	-0.145241
14	1044749													9.390498	-0.348938	2.972157	0.306063	-0.887297	-0.345007	-0.035202	-0.372698	0.927285	-0.951360	-0.271662	-0.145303
15	1044916													9.352948	-0.343248	2.974157	0.305942	-0.887401	-0.344846	-0.035369	-0.372558	0.927335	-0.951393	-0.271514	-0.145368
16	1045082													9.315838	-0.324945	2.988626	0.305769	-0.887549	-0.344619	-0.035519	-0.372336	0.927418	-0.951443	-0.271335	-0.145373
17	1045249													9.336090	-0.327634	3.021856	0.305557	-0.887695	-0.344430	-0.035663	-0.372146	0.927489	-0.951506	-0.271118	-0.145369
18	1045416													9.345753	-0.344578	2.977847	0.305380	-0.887725	-0.344510	-0.035765	-0.372230	0.927451	-0.951559	-0.270904	-0.145421
19	1045582													9.338551	-0.343252	3.006403	0.305225	-0.888059	-0.343786	-0.035846	-0.371472	0.927752	-0.951605	-0.270850	-0.145215
20	1045749													9.320029	-0.346992	2.987370	0.305099	-0.888147	-0.343669	-0.035918	-0.371351	0.927798	-0.951643	-0.270727	-0.145199
21	1045916													9.355449	-0.337000	2.985049	0.304963	-0.888242	-0.343545	-0.035964	-0.371212	0.927851	-0.951685	-0.270605	-0.145150
22	1046082													9.353002	-0.334651	3.039565	0.304866	-0.888459	-0.343072	-0.036063	-0.370731	0.928040	-0.951712	-0.270555	-0.145064
23	1046249													9.344458	-0.318179	2.996189	0.304719	-0.888655	-0.342694	-0.036102	-0.370323	0.928201	-0.951758	-0.270468	-0.144927
24	1046416													9.347362	-0.319852	3.001600	0.304637	-0.888739	-0.342549	-0.036121	-0.370165	0.928264	-0.951783	-0.270410	-0.144868
25	1046582													9.360272	-0.332591	2.989473	0.304593	-0.888790	-0.342456	-0.036111	-0.370058	0.928307	-0.951798	-0.270389	-0.144812
26	1046749													9.360587	-0.326626	2.963735	0.304556	-0.888782	-0.342508	-0.036023	-0.370080	0.928301	-0.951813	-0.270382	-0.144727
27	1046916													9.356954	-0.317549	2.984989	0.304520	-0.888766	-0.342582	-0.035907	-0.370120	0.928290	-0.951829	-0.270382	-0.144622
28	1047082													9.352462	-0.320332	3.013788	0.304501	-0.888837	-0.342414	-0.035812	-0.369914	0.928375	-0.951839	-0.270429	-0.144470
29	1047249													9.321949	-0.333717	3.024019	0.304497	-0.888786	-0.342550	-0.035729	-0.370032	0.928332	-0.951843	-0.270435	-0.144429
30	1047416													9.336687	-0.343938	2.987278	0.304477	-0.888740	-0.342687	-0.035657	-0.370151	0.928287	-0.951852	-0.270422	-0.144392
31	1047582													9.321589	-0.334075	3.009865	0.304461	-0.888743	-0.342694	-0.035614	-0.370145	0.928291	-0.951859	-0.270424	-0.144347
32	1047749													9.310406	-0.344653	3.000002	0.304366	-0.888835	-0.342541	-0.035619	-0.369970	0.928361	-0.951889	-0.270360	-0.144266
33	1047916													9.328147	-0.343706	2.981706	0.304262	-0.888883	-0.342507	-0.035640	-0.369925	0.928378	-0.951921	-0.270264	-0.144234
34	1048082													9.352894	-0.330842	2.978240	0.304158	-0.888904	-0.342546	-0.035701	-0.369966	0.928359	-0.951952	-0.270139	-0.144263
35	1048249													9.360476	-0.333421	2.973384	0.304146	-0.888937	-0.342470	-0.035726	-0.369892	0.928387	-0.951955	-0.270131	-0.144260
36	1048416													9.316579	-0.315850	2.987621	0.304101	-0.888885	-0.342645	-0.035744	-0.370073	0.928315	-0.951969	-0.270054	-0.144312
37	1048582													9.346979	-0.352281	2.979885	0.304085	-0.888870	-0.342699	-0.035832	-0.370152	0.928280	-0.951971	-0.269997	-0.144407
38	1048749													9.381092	-0.334596	2.989658	0.304278	-0.888725	-0.342905	-0.035885	-0.370412	0.928174	-0.951907	-0.270118	-0.144600
39	1048916													9.336341	-0.251037	3.022772	0.304414	-0.888586	-0.343143	-0.035846	-0.370671	0.928072	-0.951865	-0.270218	-0.144689
40	1049082													9.334707	-0.279007	3.039958	0.304588	-0.888571	-0.343027	-0.035841	-0.370576	0.928110	-0.951810	-0.270397	-0.144721
41	1049249													9.325075	-0.335166	3.029155	0.304698	-0.888405	-0.343360	-0.035852	-0.370945	0.927962	-0.951774	-0.270438	-0.144877
42	1049749													9.310966	-0.273283	3.035288	0.304647	-0.888332	-0.343594	-0.035926	-0.371202	0.927857	-0.951787	-0.270325	-0.145000
43	1049916													9.321842	-0.325685	3.022353	0.304561	-0.888377	-0.343553	-0.035935	-0.371148	0.927878	-0.951815	-0.270250	-0.144961
44	1050082													9.329467	-0.330183	3.004732	0.304397	-0.888407	-0.343622	-0.035973	-0.371205	0.927854	-0.951866	-0.270075	-0.144952
45	1050249													9.335767	-0.318718	3.010696	0.304303	-0.888335	-0.343890	-0.036031	-0.371486	0.927739	-0.951894	-0.269923	-0.145052
46	1050416													9.318752	-0.313387	3.046882	0.304190	-0.888360	-0.343924	-0.036104	-0.371525	0.927721	-0.951927	-0.269787	-0.145088
47	1050582													9.339898	-0.328718	3.038954	0.304066	-0.888395	-0.343946	-0.036125	-0.371534	0.927716	-0.951966	-0.269662	-0.145064
48	1050749													9.306802	-0.312158	3.000885	0.303787	-0.888560	-0.343766	-0.036221	-0.371328	0.927795	-0.952051	-0.269401	-0.144989
49	1050916													9.411814	-0.352698	2.965976	0.303581	-0.888587	-0.343878	-0.036297	-0.371434	0.927750	-0.952114	-0.269166	-0.145013
50	1051082													9.355032	-0.304657	3.006261	0.303384	-0.888570	-0.344095	-0.036321	-0.371636	0.927668	-0.952176	-0.268942	-0.145023
51	1051249													9.360662	-0.270601	2.977424	0.303248	-0.888564	-0.344231	-0.036386	-0.371775	0.927610	-0.952217	-0.268771	-0.145072
52	1051416													9.335029	-0.315009	3.000180	0.303002	-0.888623	-0.344294	-0.036458	-0.371822	0.927588	-0.952292	-0.268508	-0.145060
53	1051582													9.381746	-0.318904	2.970600	0.302757	-0.888702	-0.344306	-0.036565	-0.371826	0.927582	-0.952366	-0.268242	-0.145069
54	1051749													9.342391	-0.304761	2.995437	0.302555	-0.888812	-0.344201	-0.036691	-0.371720	0.927620	-0.952425	-0.268027	-0.145077
55	1051916													9.338010	-0.307616	2.982245	0.302241	-0.888902	-0.344244	-0.036835	-0.371755	0.927600	-0.952520	-0.267678	-0.145102
56	1052082													9.355161	-0.325973	2.999393	0.301963	-0.888965	-0.344324	-0.037009	-0.371843	0.927558	-0.952601	-0.267345	-0.145183
57	1052249													9.319880	-0.329059	2.972431	0.301634	-0.889031	-0.344442	-0.037160	-0.371957	0.927506	-0.952699	-0.266968	-0.145231
58	1052416													9.365440	-0.334660	2.947659	0.301304	-0.889116	-0.344512	-0.037352	-0.372031	0.927469	-0.952796	-0.266582	-0.145305
59	1052582													9.371834	-0.330491	2.982548	0.301059	-0.889207	-0.344492	-0.037564	-0.372030	0.927460	-0.952865	-0.266280	-0.145405
60	1052749													9.367735	-0.322998	2.980642	0.300863	-0.889251	-0.344550	-0.037712	-0.372100	0.927426	-0.952921	-0.266035	-0.145486
61	1052916													9.358903	-0.298895	2.999959	0.300694	-0.889311	-0.344543	-0.037873	-0.372111	0.927415	-0.952968	-0.265820	-0.145572
62	1053083													9.351324	-0.321917	3.005781	0.300510	-0.889340	-0.344627	-0.038032	-0.372214	0.927367	-0.953020	-0.265577	-0.145677
63	1053249													9.361280	-0.322249	3.004122	0.300404	-0.889351	-0.344691	-0.038193	-0.372308	0.927323	-0.953047	-0.265407	-0.145810
64	1053416													9.353792	-0.314850	2.996119	0.300291	-0.889412	-0.344631	-0.038399	-0.372286	0.927324	-0.953074	-0.265234	-0.145947
65	1053583													9.345638	-0.320612	3.012702	0.300151	-0.889493	-0.344546	-0.038593	-0.372229	0.927338	-0.953111	-0.265044	-0.146053
66	1053749													9.356435	-0.331064	2.989074	0.299996	-0.889546	-0.344544	-0.038759	-0.372248	0.927324	-0.953153	-0.264840	-0.146151
67	1053916													9.353541	-0.322585	2.967114	0.299844	-0.889645	-0.344421	-0.038913	-0.372138	0.927362	-0.953194	-0.264661	-0.146202
68	1054083													9.357603	-0.350633	2.970292	0.299757	-0.889673	-0.344423	-0.039092	-0.372176	0.927339	-0.953214	-0.264512	-0.146342
69	1054249													9.328917	-0.357769	2.988202	0.299638	-0.889767	-0.344283	-0.039304	-0.372070	0.927372	-0.953243	-0.264345	-0.146458
70	1054416													9.322968	-0.355233	2.995873	0.299535	-0.889861	-0.344131	-0.039487	-0.371946	0.927414	-0.953268	-0.264204	-0.146548
71	1054583													9.337491	-0.354889	2.989794	0.299394	-0.889943	-0.344043	-0.039617	-0.371867	0.927440	-0.953307	-0.264040	-0.146592
72	1054749													9.343241	-0.381845	2.992082	0.299216	-0.890011	-0.344021	-0.039780	-0.371861	0.927436	-0.953356	-0.263819	-0.146671
73	1054916													9.346007	-0.362492	2.972950	0.299029	-0.890048	-0.344088	-0.039960	-0.371950	0.927392	-0.953407	-0.263567	-0.146790
74	1055083													9.350161	-0.357486	2.988337	0.298840	-0.890238	-0.343761	-0.040147	-0.371631	0.927512	-0.953458	-0.263376	-0.146798
75	1055249													9.355092	-0.351795	2.999041	0.298694	-0.890355	-0.343583	-0.040280	-0.371459	0.927575	-0.953498	-0.263222	-0.146816
76	1055416													9.355200	-0.334228	2.974902	0.298481	-0.890513	-0.343361	-0.040358	-0.371215	0.927670	-0.953562	-0.263034	-0.146740
77	1055583													9.364768	-0.361871	2.885954	0.298313	-0.890523	-0.343480	-0.040496	-0.371350	0.927609	-0.953609	-0.262808	-0.146841
78	1055749													9.382684	-0.359945	2.948862	0.298325	-0.890496	-0.343540	-0.040577	-0.371437	0.927571	-0.953602	-0.262777	-0.146942
79	1055916													9.370955	-0.292133	2.966142	0.298345	-0.890536	-0.343417	-0.040519	-0.371296	0.927630	-0.953598	-0.262839	-0.146858
80	1056083													9.384983	-0.361661	2.987529	0.298483	-0.890480	-0.343443	-0.040482	-0.371335	0.927616	-0.953556	-0.262975	-0.146885
81	1056249													9.285151	-0.390212	3.019316	0.298562	-0.890439	-0.343482	-0.040486	-0.371390	0.927594	-0.953531	-0.263038	-0.146933
82	1056416													9.290158	-0.358123	3.013674	0.298452	-0.890465	-0.343509	-0.040462	-0.371394	0.927593	-0.953567	-0.262943	-0.146873
83	1056583													9.319874	-0.325248	3.017773	0.298343	-0.890507	-0.343495	-0.040379	-0.371339	0.927619	-0.953604	-0.262878	-0.146744
84	1056749													9.310900	-0.329306	2.992725	0.298113	-0.890716	-0.343152	-0.040336	-0.370932	0.927784	-0.953678	-0.262743	-0.146507
85	1056916													9.343951	-0.381604	2.966623	0.297859	-0.890853	-0.343017	-0.040273	-0.370734	0.927866	-0.953760	-0.262559	-0.146304
86	1057083													9.344705	-0.358864	2.954108	0.297705	-0.890933	-0.342943	-0.040236	-0.370622	0.927912	-0.953810	-0.262445	-0.146183
87	1057249													9.316431	-0.334010	2.958014	0.297586	-0.891031	-0.342792	-0.040236	-0.370446	0.927982	-0.953847	-0.262362	-0.146091
88	1057416													9.340570	-0.353204	2.960992	0.297525	-0.891193	-0.342424	-0.040240	-0.370053	0.928139	-0.953866	-0.262365	-0.145961
89	1057583													9.342101	-0.347758	2.986255	0.297527	-0.891284	-0.342185	-0.040183	-0.369789	0.928246	-0.953868	-0.262428	-0.145836
90	1057749													9.331437	-0.363892	2.943885	0.297317	-0.891461	-0.341908	-0.040216	-0.369476	0.928370	-0.953932	-0.262270	-0.145702
91	1057916													9.410661	-0.367853	2.949949	0.297279	-0.891516	-0.341796	-0.040220	-0.369355	0.928418	-0.953943	-0.262252	-0.145658
92	1058083													9.377838	-0.325117	2.922319	0.297125	-0.891649	-0.341583	-0.040136	-0.369086	0.928528	-0.953995	-0.262179	-0.145452
93	1058249													9.375371	-0.301077	2.947367	0.297168	-0.891668	-0.341497	-0.040054	-0.368980	0.928574	-0.953985	-0.262264	-0.145364
94	1058416													9.356911	-0.357310	2.960116	0.297070	-0.891735	-0.341406	-0.040002	-0.368856	0.928625	-0.954017	-0.262210	-0.145247
95	1058583													9.360394	-0.356344	2.947210	0.297028	-0.891774	-0.341341	-0.039948	-0.368767	0.928663	-0.954033	-0.262203	-0.145159
96	1058749													9.332645	-0.313594	2.959730	0.296964	-0.891829	-0.341253	-0.039916	-0.368656	0.928709	-0.954054	-0.262171	-0.145076
97	1058916													9.346584	-0.316344	2.951000	0.296877	-0.891892	-0.341165	-0.039879	-0.368541	0.928756	-0.954083	-0.262121	-0.144979
98	1059083													9.338969	-0.336253	2.955049	0.296767	-0.891970	-0.341054	-0.039799	-0.368386	0.928821	-0.954120	-0.262070	-0.144824
99	1059249													9.357401	-0.330381	2.947352	0.296643	-0.892062	-0.340922	-0.039709	-0.368204	0.928897	-0.954162	-0.262013	-0.144648
100	1059416													9.356903	-0.311133	2.943599	0.296569	-0.892141	-0.340782	-0.039613	-0.368019	0.928974	-0.954190	-0.262005	-0.144483
101	1059583													9.359121	-0.319062	2.956050	0.296529	-0.892137	-0.340825	-0.039519	-0.368032	0.928973	-0.954206	-0.261999	-0.144389
102	1059749													9.342777	-0.304875	2.942332	0.296559	-0.892176	-0.340698	-0.039411	-0.367875	0.929040	-0.954201	-0.262088	-0.144259
103	1059916													9.354968	-0.307507	2.966786	0.296583	-0.892179	-0.340669	-0.039293	-0.367816	0.929068	-0.954199	-0.262160	-0.144144
104	1060083													9.380384	-0.316190	2.953282	0.296625	-0.892165	-0.340668	-0.039177	-0.367791	0.929083	-0.954190	-0.262242	-0.144049
105	1060249													9.370740	-0.308223	2.954827	0.296683	-0.892262	-0.340364	-0.039073	-0.367454	0.929220	-0.954176	-0.262385	-0.143880
106	1060416													9.363461	-0.298102	2.962459	0.296777	-0.892292	-0.340204	-0.038958	-0.367271	0.929298	-0.954152	-0.262541	-0.143759
107	1060583													9.339029	-0.317099	2.959455	0.296911	-0.892309	-0.340041	-0.038910	-0.367109	0.929364	-0.954112	-0.262707	-0.143719
108	1060749													9.342205	-0.306416	2.982081	0.296993	-0.892337	-0.339897	-0.038863	-0.366959	0.929425	-0.954089	-0.262823	-0.143663
109	1060916													9.347573	-0.305480	2.971485	0.297094	-0.892352	-0.339768	-0.038834	-0.366833	0.929476	-0.954058	-0.262947	-0.143637
110	1061083													9.316482	-0.305941	2.977765	0.297189	-0.892433	-0.339473	-0.038848	-0.366543	0.929590	-0.954028	-0.263076	-0.143602
111	1061249													9.350487	-0.308001	2.998221	0.297253	-0.892419	-0.339455	-0.038881	-0.366544	0.929588	-0.954007	-0.263124	-0.143655
112	1061416													9.326516	-0.325953	2.996365	0.297283	-0.892422	-0.339419	-0.038924	-0.366523	0.929594	-0.953996	-0.263141	-0.143698
113	1061583													9.358995	-0.299972	2.972411	0.297302	-0.892463	-0.339296	-0.038999	-0.366419	0.929632	-0.953987	-0.263149	-0.143742
114	1061749													9.334302	-0.314302	2.995946	0.297337	-0.892486	-0.339205	-0.039042	-0.366341	0.929661	-0.953974	-0.263179	-0.143771
115	1061916													9.330207	-0.303731	2.945954	0.297355	-0.892530	-0.339072	-0.039084	-0.366217	0.929708	-0.953967	-0.263201	-0.143780
116	1062083													9.363233	-0.319910	2.903913	0.297382	-0.892492	-0.339150	-0.039201	-0.366335	0.929657	-0.953954	-0.263168	-0.143928
117	1062249													9.381146	-0.312331	2.987139	0.297574	-0.892510	-0.338933	-0.039326	-0.366174	0.929715	-0.953888	-0.263330	-0.144063
118	1062416													9.397980	-0.273229	2.976724	0.297639	-0.892470	-0.338980	-0.039314	-0.366230	0.929694	-0.953869	-0.263386	-0.144090
119	1062583													9.375458	-0.322738	3.006424	0.297958	-0.892347	-0.339024	-0.039358	-0.366338	0.929649	-0.953767	-0.263653	-0.144275
120	1062749													9.273910	-0.347782	3.024285	0.298069	-0.892363	-0.338884	-0.039437	-0.366231	0.929688	-0.953729	-0.263747	-0.144355
121	1062916													9.331241	-0.316423	3.012862	0.298091	-0.892402	-0.338763	-0.039510	-0.366128	0.929725	-0.953720	-0.263758	-0.144398
122	1063083													9.325376	-0.288571	3.023365	0.298130	-0.892383	-0.338779	-0.039569	-0.366168	0.929707	-0.953705	-0.263768	-0.144477
123	1063249													9.308648	-0.311481	3.009625	0.298071	-0.892415	-0.338747	-0.039622	-0.366140	0.929716	-0.953721	-0.263700	-0.144495
124	1063416													9.352983	-0.344900	2.986391	0.297944	-0.892465	-0.338725	-0.039662	-0.366108	0.929727	-0.953759	-0.263572	-0.144477
125	1063583													9.332328	-0.344156	2.981243	0.297908	-0.892480	-0.338718	-0.039734	-0.366115	0.929721	-0.953767	-0.263513	-0.144530
126	1063749													9.319660	-0.346416	2.957384	0.297901	-0.892524	-0.338609	-0.039826	-0.366026	0.929752	-0.953766	-0.263489	-0.144585
127	1063916													9.345757	-0.345233	2.983798	0.297921	-0.892664	-0.338222	-0.039930	-0.365654	0.929894	-0.953755	-0.263530	-0.144581
128	1064083													9.342916	-0.352879	2.984385	0.298002	-0.892653	-0.338180	-0.039971	-0.365635	0.929900	-0.953728	-0.263594	-0.144640
129	1064249													9.356539	-0.361595	2.948152	0.297954	-0.892724	-0.338034	-0.040084	-0.365506	0.929945	-0.953738	-0.263531	-0.144688
130	1064416													9.368260	-0.347818	2.992212	0.298151	-0.892636	-0.338094	-0.040144	-0.365617	0.929899	-0.953674	-0.263678	-0.144842
131	1064583													9.390194	-0.314281	2.960932	0.298093	-0.892664	-0.338071	-0.040121	-0.365577	0.929916	-0.953693	-0.263638	-0.144790
132	1064749													9.379610	-0.313273	2.998112	0.298235	-0.892613	-0.338079	-0.040131	-0.365611	0.929902	-0.953648	-0.263762	-0.144860
133	1064916													9.372177	-0.355479	2.964408	0.298278	-0.892617	-0.338032	-0.040175	-0.365581	0.929912	-0.953633	-0.263792	-0.144906
134	1065083													9.367957	-0.332609	2.961851	0.298349	-0.892575	-0.338079	-0.040215	-0.365652	0.929883	-0.953609	-0.263834	-0.144987
135	1065249													9.332103	-0.310551	2.957599	0.298444	-0.892549	-0.338063	-0.040226	-0.365653	0.929881	-0.953579	-0.263919	-0.145030
136	1065416													9.348456	-0.321716	2.969936	0.298497	-0.892593	-0.337901	-0.040272	-0.365506	0.929937	-0.953561	-0.263975	-0.145049
137	1065583													9.337907	-0.349939	2.978137	0.298555	-0.892636	-0.337737	-0.040249	-0.365338	0.930005	-0.953543	-0.264064	-0.145001
138	1065749													9.351542	-0.325016	2.980747	0.298617	-0.892693	-0.337531	-0.040238	-0.365129	0.930087	-0.953524	-0.264158	-0.144954
139	1065916													9.347036	-0.342990	2.982010	0.298689	-0.892705	-0.337434	-0.040226	-0.365037	0.930124	-0.953502	-0.264245	-0.144943
140	1066083													9.346603	-0.344621	2.969071	0.298757	-0.892612	-0.337623	-0.040205	-0.365238	0.930045	-0.953482	-0.264283	-0.145005
141	1066249													9.347702	-0.328725	3.004357	0.298795	-0.892632	-0.337535	-0.040200	-0.365152	0.930080	-0.953470	-0.264334	-0.144989
142	1066416													9.354107	-0.326232	3.017428	0.298876	-0.892578	-0.337606	-0.040134	-0.365220	0.930056	-0.953447	-0.264422	-0.144979
143	1066583													9.368143	-0.312078	3.005766	0.298955	-0.892497	-0.337750	-0.040061	-0.365363	0.930003	-0.953426	-0.264499	-0.144981
144	1066749													9.348618	-0.303116	2.979674	0.299061	-0.892438	-0.337814	-0.040006	-0.365430	0.929979	-0.953395	-0.264606	-0.144988
145	1066916													9.332831	-0.319059	3.030921	0.299150	-0.892421	-0.337777	-0.039956	-0.365393	0.929996	-0.953369	-0.264712	-0.144965
146	1067083													9.334982	-0.308162	2.999015	0.299223	-0.892472	-0.337579	-0.039903	-0.365183	0.930080	-0.953348	-0.264831	-0.144883
147	1067249													9.334309	-0.328825	3.007211	0.299315	-0.892448	-0.337560	-0.039858	-0.365165	0.930089	-0.953322	-0.264935	-0.144871
148	1067416													9.333325	-0.318865	3.011477	0.299374	-0.892437	-0.337537	-0.039841	-0.365146	0.930097	-0.953304	-0.264999	-0.144871
149	1067583													9.317833	-0.325346	3.022428	0.299343	-0.892470	-0.337478	-0.039827	-0.365075	0.930126	-0.953314	-0.264986	-0.144827
150	1067749													9.323948	-0.339889	2.996698	0.299205	-0.892524	-0.337458	-0.039885	-0.365049	0.930134	-0.953355	-0.264841	-0.144823
151	1067916													9.357672	-0.344725	2.978480	0.299125	-0.892589	-0.337356	-0.039892	-0.364932	0.930179	-0.953380	-0.264782	-0.144767
152	1068083													9.326134	-0.354728	3.000606	0.299055	-0.892595	-0.337402	-0.039810	-0.364946	0.930177	-0.953405	-0.264742	-0.144673
153	1068249													9.358991	-0.334160	2.952077	0.299066	-0.892533	-0.337557	-0.039796	-0.365105	0.930115	-0.953402	-0.264732	-0.144710
154	1068416													9.396928	-0.340514	2.962364	0.299211	-0.892375	-0.337847	-0.039712	-0.365407	0.930000	-0.953360	-0.264849	-0.144772
155	1068583													9.358437	-0.273796	3.033710	0.299312	-0.892221	-0.338164	-0.039569	-0.365714	0.929886	-0.953335	-0.264945	-0.144767
156	1068749													9.392838	-0.278959	2.985135	0.299466	-0.892091	-0.338368	-0.039421	-0.365910	0.929815	-0.953292	-0.265109	-0.144745
157	1068916													9.312678	-0.317176	3.033891	0.299557	-0.891983	-0.338574	-0.039386	-0.366129	0.929730	-0.953265	-0.265172	-0.144809
158	1069083													9.333032	-0.305870	2.985090	0.299422	-0.891993	-0.338667	-0.039336	-0.366191	0.929708	-0.953310	-0.265053	-0.144733
159	1069249													9.350906	-0.276813	3.004432	0.299441	-0.891908	-0.338873	-0.039242	-0.366383	0.929636	-0.953307	-0.265073	-0.144711
160	1069416													9.305523	-0.276627	3.043006	0.299437	-0.891930	-0.338819	-0.039213	-0.366317	0.929663	-0.953310	-0.265089	-0.144664
161	1069583													9.288312	-0.324069	2.983551	0.299319	-0.892055	-0.338596	-0.039210	-0.366065	0.929763	-0.953347	-0.265019	-0.144548
162	1069750													9.342455	-0.352689	2.999283	0.299225	-0.892073	-0.338631	-0.039220	-0.366090	0.929753	-0.953376	-0.264924	-0.144530
163	1069916													9.318909	-0.336541	3.051999	0.299216	-0.891948	-0.338966	-0.039223	-0.366439	0.929615	-0.953379	-0.264861	-0.144630
164	1070083													9.288681	-0.342611	2.998848	0.299140	-0.891908	-0.339140	-0.039175	-0.366594	0.929556	-0.953405	-0.264781	-0.144603
165	1070250													9.373939	-0.304248	2.955895	0.299157	-0.891862	-0.339244	-0.039106	-0.366686	0.929523	-0.953402	-0.264807	-0.144574
166	1070416													9.358360	-0.308976	2.984788	0.299206	-0.891819	-0.339314	-0.039054	-0.366753	0.929498	-0.953389	-0.264860	-0.144564
167	1070583													9.406241	-0.372543	2.977187	0.299280	-0.891759	-0.339406	-0.039051	-0.366860	0.929456	-0.953366	-0.264914	-0.144618
168	1070750													9.328468	-0.331135	3.006494	0.299295	-0.891686	-0.339585	-0.039005	-0.367035	0.929389	-0.953363	-0.264916	-0.144632
169	1070916													9.389153	-0.295545	2.966951	0.299274	-0.891571	-0.339907	-0.038908	-0.367341	0.929272	-0.953374	-0.264882	-0.144624
170	1071083													9.340202	-0.322367	3.008789	0.299254	-0.891507	-0.340091	-0.038872	-0.367519	0.929203	-0.953381	-0.264848	-0.144636
171	1071250													9.340406	-0.301173	2.968926	0.299220	-0.891435	-0.340310	-0.038818	-0.367727	0.929123	-0.953394	-0.264802	-0.144635
172	1071416													9.334762	-0.313614	2.984540	0.299262	-0.891407	-0.340345	-0.038801	-0.367766	0.929109	-0.953382	-0.264841	-0.144646
173	1071583													9.326366	-0.289126	2.975646	0.299211	-0.891360	-0.340514	-0.038839	-0.367945	0.929036	-0.953396	-0.264753	-0.144713
174	1071750													9.330089	-0.320861	2.982728	0.299179	-0.891394	-0.340454	-0.038853	-0.367880	0.929061	-0.953406	-0.264728	-0.144695
175	1071916													9.320762	-0.338009	3.020171	0.299153	-0.891413	-0.340427	-0.038858	-0.367850	0.929073	-0.953414	-0.264706	-0.144682
176	1072083													9.309909	-0.320902	2.983150	0.299077	-0.891403	-0.340519	-0.038879	-0.367940	0.929037	-0.953437	-0.264615	-0.144699
177	1072250													9.342870	-0.312339	3.000109	0.299033	-0.891429	-0.340490	-0.038875	-0.367901	0.929052	-0.953451	-0.264580	-0.144669
178	1072416													9.370761	-0.317750	3.006278	0.299013	-0.891437	-0.340487	-0.038884	-0.367898	0.929053	-0.953456	-0.264560	-0.144669
179	1072583													9.356603	-0.326029	2.990807	0.299040	-0.891441	-0.340452	-0.038880	-0.367864	0.929067	-0.953448	-0.264591	-0.144665
180	1072750													9.360301	-0.310737	3.021462	0.299078	-0.891419	-0.340477	-0.038852	-0.367888	0.929058	-0.953437	-0.264632	-0.144661
181	1072916													9.355301	-0.303395	3.012014	0.299111	-0.891355	-0.340617	-0.038826	-0.368032	0.929002	-0.953428	-0.264650	-0.144690
182	1073083													9.329141	-0.282810	2.997577	0.299096	-0.891391	-0.340534	-0.038774	-0.367928	0.929045	-0.953435	-0.264670	-0.144609
183	1073250													9.356911	-0.293768	2.970065	0.299115	-0.891470	-0.340312	-0.038722	-0.367686	0.929143	-0.953431	-0.264743	-0.144500
184	1073416													9.344952	-0.308555	2.958975	0.299241	-0.891482	-0.340167	-0.038637	-0.367531	0.929208	-0.953395	-0.264914	-0.144425
185	1073583													9.348170	-0.305376	3.007100	0.299443	-0.891398	-0.340210	-0.038525	-0.367577	0.929195	-0.953336	-0.265134	-0.144410
186	1073750													9.315881	-0.294429	3.003642	0.299572	-0.891431	-0.340010	-0.038411	-0.367357	0.929286	-0.953300	-0.265328	-0.144291
187	1073916													9.337724	-0.317374	3.027163	0.299708	-0.891464	-0.339805	-0.038253	-0.367121	0.929386	-0.953264	-0.265546	-0.144131
188	1074083													9.337792	-0.313715	3.003704	0.299746	-0.891479	-0.339730	-0.038125	-0.367013	0.929434	-0.953257	-0.265642	-0.143998
189	1074250													9.351778	-0.310200	2.999655	0.299743	-0.891474	-0.339748	-0.038018	-0.367002	0.929443	-0.953262	-0.265678	-0.143898
190	1074416													9.381518	-0.317178	2.983769	0.299845	-0.891513	-0.339556	-0.037916	-0.366789	0.929531	-0.953234	-0.265841	-0.143782
191	1074583													9.336740	-0.316491	2.992416	0.299957	-0.891570	-0.339307	-0.037800	-0.366514	0.929644	-0.953204	-0.266027	-0.143640
192	1074750													9.337356	-0.297845	2.947378	0.299967	-0.891638	-0.339118	-0.037797	-0.366318	0.929722	-0.953201	-0.266068	-0.143584
193	1074916													9.396613	-0.344013	2.930791	0.300137	-0.891589	-0.339096	-0.037801	-0.366323	0.929720	-0.953147	-0.266225	-0.143650
194	1075083													9.341676	-0.259039	2.995370	0.300344	-0.891505	-0.339135	-0.037715	-0.366373	0.929704	-0.953085	-0.266441	-0.143661
195	1075250													9.368864	-0.282191	2.970977	0.300601	-0.891421	-0.339127	-0.037646	-0.366385	0.929702	-0.953007	-0.266703	-0.143694
196	1075416													9.333529	-0.332723	3.007488	0.300888	-0.891275	-0.339257	-0.037599	-0.366553	0.929637	-0.952918	-0.266961	-0.143802
197	1075583													9.315311	-0.303777	3.031161	0.300973	-0.891225	-0.339314	-0.037588	-0.366623	0.929610	-0.952892	-0.267033	-0.143843
198	1075750													9.319743	-0.267629	3.032835	0.301103	-0.891187	-0.339296	-0.037509	-0.366602	0.929622	-0.952854	-0.267186	-0.143812
199	1075916													9.294004	-0.270844	3.065074	0.301232	-0.891199	-0.339152	-0.037500	-0.366470	0.929674	-0.952813	-0.267329	-0.143812
200	1076083													9.304486	-0.299371	3.066898	0.301277	-0.891266	-0.338936	-0.037420	-0.366229	0.929772	-0.952802	-0.267436	-0.143687
201	1076250													9.326198	-0.302501	3.050884	0.301291	-0.891288	-0.338865	-0.037385	-0.366147	0.929806	-0.952799	-0.267474	-0.143637
202	1076416													9.309419	-0.302018	3.038664	0.301288	-0.891253	-0.338960	-0.037370	-0.366241	0.929769	-0.952801	-0.267462	-0.143650
203	1076583													9.325233	-0.304932	3.008070	0.301293	-0.891395	-0.338580	-0.037411	-0.365858	0.929919	-0.952797	-0.267512	-0.143578
204	1076750													9.302702	-0.307028	3.043810	0.301342	-0.891424	-0.338461	-0.037453	-0.365752	0.929958	-0.952780	-0.267559	-0.143603
205	1076916													9.306246	-0.286565	3.008842	0.301320	-0.891513	-0.338245	-0.037532	-0.365546	0.930036	-0.952784	-0.267544	-0.143607
206	1077083													9.394133	-0.343198	2.952356	0.301323	-0.891500	-0.338277	-0.037635	-0.365609	0.930007	-0.952779	-0.267502	-0.143718
207	1077250													9.335031	-0.290455	3.036077	0.301450	-0.891490	-0.338191	-0.037717	-0.365562	0.930022	-0.952736	-0.267600	-0.143823
208	1077416													9.369864	-0.260734	2.977346	0.301564	-0.891446	-0.338205	-0.037741	-0.365601	0.930006	-0.952699	-0.267692	-0.143896
209	1077583													9.335378	-0.301607	3.010766	0.301593	-0.891481	-0.338088	-0.037787	-0.365497	0.930045	-0.952688	-0.267720	-0.143918
210	1077750													9.380332	-0.320329	2.989074	0.301524	-0.891541	-0.337991	-0.037868	-0.365407	0.930077	-0.952706	-0.267641	-0.143940
211	1077916													9.356012	-0.284893	3.010869	0.301481	-0.891559	-0.337982	-0.037912	-0.365404	0.930077	-0.952718	-0.267587	-0.143963
212	1078083													9.339128	-0.278692	3.029691	0.301366	-0.891614	-0.337939	-0.037943	-0.365349	0.930097	-0.952753	-0.267477	-0.143934
213	1078250													9.347334	-0.304164	2.998289	0.301202	-0.891660	-0.337964	-0.037939	-0.365348	0.930097	-0.952805	-0.267325	-0.143872
214	1078416													9.357267	-0.320198	2.996521	0.301051	-0.891749	-0.337863	-0.037932	-0.365217	0.930149	-0.952853	-0.267207	-0.143774
215	1078583													9.349620	-0.290215	2.991354	0.300927	-0.891766	-0.337931	-0.037941	-0.365271	0.930128	-0.952892	-0.267079	-0.143755
216	1078750													9.344774	-0.293321	2.971340	0.300747	-0.891822	-0.337942	-0.037922	-0.365250	0.930137	-0.952950	-0.266920	-0.143667
217	1078916													9.361046	-0.305953	2.950493	0.300640	-0.891800	-0.338095	-0.037859	-0.365375	0.930090	-0.952986	-0.266822	-0.143609
218	1079083													9.368192	-0.300205	2.973442	0.300575	-0.891818	-0.338105	-0.037814	-0.365362	0.930097	-0.953008	-0.266779	-0.143542
219	1079250													9.356917	-0.302651	2.994437	0.300510	-0.891879	-0.338003	-0.037797	-0.365241	0.930145	-0.953029	-0.266743	-0.143469
220	1079416													9.369098	-0.307364	2.987846	0.300429	-0.891887	-0.338053	-0.037789	-0.365277	0.930131	-0.953055	-0.266664	-0.143443
221	1079583													9.365793	-0.287459	2.974729	0.300374	-0.891851	-0.338196	-0.037776	-0.365414	0.930078	-0.953073	-0.266596	-0.143452
222	1079750													9.351821	-0.314041	2.966521	0.300351	-0.891912	-0.338057	-0.037819	-0.365279	0.930130	-0.953079	-0.266581	-0.143443
223	1079916													9.363520	-0.308959	3.013222	0.300347	-0.891956	-0.337943	-0.037911	-0.365185	0.930163	-0.953076	-0.266560	-0.143497
224	1080083													9.362999	-0.325978	2.988369	0.300366	-0.891963	-0.337909	-0.038026	-0.365184	0.930158	-0.953066	-0.266538	-0.143607
225	1080250													9.346103	-0.332408	3.014149	0.300421	-0.891982	-0.337809	-0.038124	-0.365116	0.930181	-0.953044	-0.266568	-0.143695
226	1080416													9.337419	-0.333224	2.989297	0.300415	-0.891907	-0.338013	-0.038219	-0.365354	0.930084	-0.953042	-0.266493	-0.143846
227	1080583													9.332995	-0.336998	2.993053	0.300349	-0.891976	-0.337890	-0.038356	-0.365253	0.930118	-0.953058	-0.266400	-0.143916
228	1080750													9.344090	-0.322577	2.974891	0.300326	-0.892000	-0.337846	-0.038473	-0.365237	0.930119	-0.953060	-0.266341	-0.144008
229	1080916													9.328053	-0.314191	3.024874	0.300357	-0.891997	-0.337826	-0.038513	-0.365232	0.930119	-0.953049	-0.266357	-0.144054
230	1081083													9.319378	-0.305330	2.937564	0.300314	-0.891985	-0.337896	-0.038543	-0.365307	0.930089	-0.953061	-0.266295	-0.144086
231	1081250													9.371067	-0.355227	2.959502	0.300412	-0.891921	-0.337980	-0.038600	-0.365426	0.930040	-0.953028	-0.266349	-0.144207
232	1081416													9.360733	-0.272425	3.040769	0.300654	-0.891828	-0.338009	-0.038566	-0.365484	0.930018	-0.952953	-0.266578	-0.144278
233	1081583													9.384527	-0.265274	3.005766	0.300818	-0.891753	-0.338062	-0.038469	-0.365539	0.930001	-0.952906	-0.266756	-0.144265
234	1081750													9.333474	-0.340323	3.063524	0.301051	-0.891646	-0.338137	-0.038445	-0.365647	0.929959	-0.952833	-0.266966	-0.144358
235	1081916													9.279538	-0.329619	3.061585	0.301058	-0.891593	-0.338269	-0.038408	-0.365776	0.929910	-0.952832	-0.266965	-0.144364
236	1082083													9.308982	-0.314620	3.053863	0.301049	-0.891585	-0.338298	-0.038360	-0.365790	0.929906	-0.952837	-0.266971	-0.144322
237	1082250													9.296788	-0.283636	3.053312	0.300990	-0.891618	-0.338264	-0.038302	-0.365730	0.929932	-0.952858	-0.266944	-0.144232
238	1082416													9.306150	-0.322309	3.042369	0.300864	-0.891688	-0.338191	-0.038199	-0.365605	0.929986	-0.952902	-0.266881	-0.144059
239	1082583													9.326901	-0.349980	2.994498	0.300748	-0.891691	-0.338287	-0.038087	-0.365656	0.929971	-0.952943	-0.266803	-0.143932
240	1082750													9.301872	-0.323603	3.006916	0.300717	-0.891640	-0.338448	-0.038042	-0.365806	0.929913	-0.952955	-0.266765	-0.143923
241	1082916													9.306940	-0.328550	3.003985	0.300628	-0.891682	-0.338417	-0.038031	-0.365756	0.929933	-0.952983	-0.266694	-0.143868
242	1083083													9.331432	-0.328732	3.023129	0.300576	-0.891766	-0.338242	-0.037962	-0.365547	0.930018	-0.953002	-0.266701	-0.143728
243	1083250													9.321264	-0.318656	2.992838	0.300461	-0.891801	-0.338251	-0.037944	-0.365533	0.930025	-0.953039	-0.266601	-0.143667
244	1083416													9.397063	-0.355141	2.949947	0.300296	-0.891918	-0.338090	-0.037977	-0.365348	0.930096	-0.953090	-0.266465	-0.143585
245	1083583													9.356027	-0.325821	2.998267	0.300311	-0.891924	-0.338060	-0.037940	-0.365308	0.930113	-0.953086	-0.266497	-0.143546
246	1083750													9.404420	-0.280861	2.952903	0.300337	-0.891912	-0.338070	-0.037899	-0.365311	0.930114	-0.953080	-0.266535	-0.143519
247	1083916													9.329002	-0.334230	2.959442	0.300291	-0.891953	-0.338001	-0.037942	-0.365245	0.930138	-0.953093	-0.266488	-0.143522
248	1084083													9.382124	-0.348245	2.949593	0.300195	-0.891981	-0.338012	-0.038012	-0.365261	0.930129	-0.953120	-0.266371	-0.143555
249	1084250													9.362689	-0.332387	2.993906	0.300132	-0.892019	-0.337969	-0.038107	-0.365232	0.930136	-0.953136	-0.266285	-0.143610
250	1084416													9.337343	-0.312001	3.002152	0.300015	-0.892122	-0.337800	-0.038208	-0.365066	0.930197	-0.953169	-0.266167	-0.143612
251	1084583													9.347997	-0.336235	2.991220	0.299895	-0.892252	-0.337564	-0.038273	-0.364819	0.930291	-0.953204	-0.266070	-0.143557
252	1084750													9.343004	-0.337513	2.978612	0.299732	-0.892326	-0.337513	-0.038281	-0.364743	0.930321	-0.953255	-0.265927	-0.143485
253	1084916													9.332729	-0.323069	2.983441	0.299555	-0.892379	-0.337531	-0.038254	-0.364726	0.930329	-0.953312	-0.265773	-0.143393
254	1085083													9.336911	-0.316870	2.967868	0.299357	-0.892468	-0.337469	-0.038198	-0.364615	0.930374	-0.953376	-0.265624	-0.143241
255	1085250													9.351325	-0.335504	2.977957	0.299144	-0.892540	-0.337467	-0.038111	-0.364556	0.930401	-0.953446	-0.265463	-0.143070
256	1085416													9.345936	-0.332870	3.002926	0.298846	-0.892703	-0.337302	-0.038046	-0.364319	0.930497	-0.953543	-0.265243	-0.142839
257	1085583													9.357492	-0.338357	3.000844	0.298495	-0.892877	-0.337152	-0.037952	-0.364081	0.930594	-0.953656	-0.264982	-0.142562
258	1085750													9.327351	-0.350270	2.998932	0.298171	-0.893035	-0.337020	-0.037870	-0.363871	0.930679	-0.953761	-0.264739	-0.142315
259	1085916													9.309312	-0.330130	2.984051	0.297848	-0.893135	-0.337040	-0.037756	-0.363809	0.930708	-0.953866	-0.264484	-0.142081
260	1086083													9.323976	-0.321254	2.985342	0.297503	-0.893237	-0.337074	-0.037556	-0.363736	0.930745	-0.953982	-0.264240	-0.141759
261	1086250													9.358044	-0.325588	2.983671	0.297269	-0.893267	-0.337201	-0.037364	-0.363779	0.930736	-0.954062	-0.264080	-0.141517
262	1086417													9.349236	-0.329038	2.976990	0.297161	-0.893285	-0.337251	-0.037217	-0.363774	0.930744	-0.954102	-0.264029	-0.141344
263	1086583													9.359067	-0.307232	2.951219	0.297185	-0.893259	-0.337297	-0.037055	-0.363780	0.930748	-0.954101	-0.264106	-0.141209
264	1086750													9.379319	-0.306932	2.939886	0.297309	-0.893177	-0.337404	-0.036930	-0.363877	0.930715	-0.954067	-0.264250	-0.141169
265	1086917													9.380152	-0.305766	2.934882	0.297505	-0.893145	-0.337316	-0.036822	-0.363785	0.930755	-0.954010	-0.264483	-0.141115
266	1087083													9.372342	-0.299103	2.877255	0.297731	-0.893104	-0.337226	-0.036703	-0.363693	0.930795	-0.953944	-0.264749	-0.141062
267	1087250													9.397730	-0.325557	2.848259	0.297898	-0.893083	-0.337136	-0.036712	-0.363627	0.930821	-0.953892	-0.264913	-0.141111
268	1087417													9.426824	-0.310184	2.943796	0.298350	-0.892931	-0.337137	-0.036700	-0.363696	0.930795	-0.953751	-0.265330	-0.141279
269	1087583													9.410337	-0.286926	2.962877	0.298728	-0.892820	-0.337097	-0.036563	-0.363674	0.930808	-0.953638	-0.265734	-0.141284
270	1087750													9.391081	-0.337492	3.001549	0.299373	-0.892615	-0.337068	-0.036418	-0.363703	0.930803	-0.953441	-0.266382	-0.141390
271	1087917													9.287017	-0.336293	3.024636	0.299805	-0.892461	-0.337091	-0.036316	-0.363765	0.930782	-0.953309	-0.266812	-0.141469
272	1088083													9.318301	-0.289126	3.005191	0.299991	-0.892401	-0.337086	-0.036110	-0.363731	0.930804	-0.953258	-0.267061	-0.141341
273	1088250													9.333303	-0.256022	2.988748	0.300122	-0.892302	-0.337230	-0.035856	-0.363830	0.930775	-0.953227	-0.267254	-0.141187
274	1088417													9.308846	-0.260745	2.995224	0.300161	-0.892248	-0.337339	-0.035617	-0.363883	0.930764	-0.953224	-0.267363	-0.141002
275	1088583													9.358999	-0.284784	2.979249	0.300152	-0.892242	-0.337360	-0.035357	-0.363831	0.930794	-0.953236	-0.267452	-0.140752
276	1088750													9.363379	-0.271280	2.943808	0.300296	-0.892146	-0.337488	-0.035190	-0.363939	0.930758	-0.953197	-0.267626	-0.140684
277	1088917													9.316396	-0.262336	2.987131	0.300465	-0.892081	-0.337508	-0.035083	-0.363956	0.930755	-0.953147	-0.267818	-0.140653
278	1089083													9.346404	-0.272947	3.022341	0.300580	-0.892206	-0.337075	-0.035078	-0.363521	0.930926	-0.953111	-0.267993	-0.140564
279	1089250													9.330814	-0.269349	2.993071	0.300713	-0.892235	-0.336880	-0.035100	-0.363344	0.930994	-0.953068	-0.268138	-0.140579
280	1089417													9.383321	-0.288539	2.964200	0.300796	-0.892247	-0.336775	-0.035208	-0.363278	0.931015	-0.953038	-0.268188	-0.140687
281	1089583													9.343056	-0.288796	3.034913	0.301101	-0.892140	-0.336786	-0.035237	-0.363344	0.930988	-0.952941	-0.268454	-0.140840
282	1089750													9.408485	-0.248609	3.003067	0.301313	-0.892000	-0.336966	-0.035140	-0.363537	0.930917	-0.952878	-0.268657	-0.140883
