// General information: 
//  MT Manager version: 2022.2.0 
//  XDA version: 2022.2.0 build 7381 rev 124627 built on 2023-07-19
// Device information: 
//  DeviceId: 00B4D200
//  ProductCode: MTW2-3A7G6
//  Firmware Version: 4.6.0
//  Hardware Version: 2.0.0
// Device settings: 
//  Filter Profile: human(46.1)
//  Option Flags: Orientation Smoother Disabled, Position/Velocity Smoother Disabled, Continuous Zero Rotation Update Disabled, AHS Disabled, ICC Disabled
// Coordinate system: ENU
PacketCounter	SampleTimeFine	Year	Month	Day	Second	UTC_Nano	UTC_Year	UTC_Month	UTC_Day	UTC_Hour	UTC_Minute	UTC_Second	UTC_Valid	Acc_X	Acc_Y	Acc_Z	VelInc_X	VelInc_Y	VelInc_Z	OriInc_q0	OriInc_q1	OriInc_q2	OriInc_q3	Quat_q0	Quat_q1	Quat_q2	Quat_q3	Roll	Pitch	Yaw	Mat[1][1]	Mat[2][1]	Mat[3][1]	Mat[1][2]	Mat[2][2]	Mat[3][2]	Mat[1][3]	Mat[2][3]	Mat[3][3]
47059														9.581144	0.813136	-0.429690	0.159685	0.013560	-0.007157	1.000000	0.000278	-0.000003	0.000033	-0.349127	-0.654182	0.311523	-0.594230	120.015029	-84.263262	4.210104	0.099688	0.007338	0.994992	-0.822509	-0.562128	0.086553	0.559948	-0.827018	-0.050002
47060														9.583723	0.781556	-0.441359	0.159728	0.013033	-0.007351	1.000000	0.000311	-0.000008	0.000031	-0.348917	-0.654307	0.311362	-0.594301	120.089080	-84.261658	4.170046	0.099721	0.007271	0.994989	-0.822176	-0.562621	0.086512	0.560431	-0.826683	-0.050127
47061														9.582271	0.735096	-0.433531	0.159704	0.012263	-0.007207	1.000000	0.000358	-0.000088	0.000053	-0.348641	-0.654487	0.311219	-0.594339	120.260066	-84.257645	4.037442	0.099807	0.007045	0.994982	-0.821799	-0.563185	0.086422	0.560968	-0.826301	-0.050420
47062														9.599552	0.637512	-0.438294	0.159992	0.010647	-0.007278	1.000000	0.000518	-0.000133	0.000114	-0.348205	-0.654732	0.311032	-0.594422	120.528783	-84.257022	3.825832	0.099843	0.006677	0.994981	-0.821247	-0.564025	0.086194	0.561769	-0.825731	-0.050831
47063														9.669541	0.615089	-0.431108	0.161158	0.010286	-0.007154	1.000000	0.000739	-0.000143	0.000182	-0.347591	-0.655036	0.310768	-0.594585	120.870699	-84.262162	3.564591	0.099783	0.006216	0.994990	-0.820473	-0.565208	0.085813	0.562909	-0.824925	-0.051298
47064														9.678768	0.684317	-0.443569	0.161311	0.011444	-0.007362	1.000000	0.000935	-0.000127	0.000196	-0.346839	-0.655395	0.310388	-0.594826	121.229799	-84.269590	3.309387	0.099681	0.005764	0.995003	-0.819473	-0.566723	0.085379	0.564383	-0.823888	-0.051768
47065														9.591338	0.672446	-0.448084	0.159854	0.011254	-0.007440	0.999999	0.001069	-0.000102	0.000243	-0.345980	-0.655770	0.309951	-0.595142	121.607613	-84.283100	3.050782	0.099472	0.005302	0.995026	-0.818327	-0.568457	0.084836	0.566079	-0.822696	-0.052207
47066														9.641636	0.653207	-0.462580	0.160693	0.010939	-0.007665	0.999999	0.001300	-0.000190	0.000261	-0.344927	-0.656272	0.309415	-0.595479	122.110840	-84.292803	2.693327	0.099335	0.004673	0.995043	-0.816914	-0.570576	0.084232	0.568141	-0.821232	-0.052861
47067														9.585810	0.677173	-0.489358	0.159762	0.011346	-0.008101	0.999999	0.001461	-0.000243	0.000297	-0.343728	-0.656849	0.308823	-0.595842	122.708063	-84.302400	2.260157	0.099201	0.003915	0.995060	-0.815316	-0.572958	0.083536	0.570455	-0.819575	-0.053646
47068														9.611343	0.724093	-0.506220	0.160188	0.012126	-0.008370	0.999999	0.001604	-0.000295	0.000277	-0.342433	-0.657510	0.308153	-0.596207	123.360474	-84.306536	1.787623	0.099158	0.003095	0.995067	-0.813548	-0.575563	0.082860	0.572980	-0.817751	-0.054554
47069														9.595119	0.736577	-0.493820	0.159918	0.012334	-0.008158	0.999999	0.001652	-0.000326	0.000274	-0.341104	-0.658203	0.307465	-0.596559	124.044986	-84.307449	1.287328	0.099165	0.002228	0.995068	-0.811726	-0.578226	0.082189	0.575558	-0.815874	-0.055531
47070														9.658853	0.727461	-0.481592	0.160980	0.012181	-0.007950	0.999998	0.001693	-0.000347	0.000268	-0.339739	-0.658923	0.306752	-0.596910	124.751526	-84.306144	0.770518	0.099204	0.001334	0.995066	-0.809839	-0.580962	0.081517	0.578204	-0.813930	-0.056553
47071														9.738192	0.774634	-0.489705	0.162302	0.012973	-0.008093	0.999998	0.001697	-0.000286	0.000299	-0.338370	-0.659598	0.306036	-0.597309	125.422126	-84.311028	0.290140	0.099127	0.000502	0.995075	-0.807945	-0.583695	0.080780	0.580860	-0.811973	-0.057454
47072														9.730150	0.815112	-0.517563	0.162167	0.013645	-0.008578	0.999999	0.001630	-0.000160	0.000281	-0.337093	-0.660177	0.305304	-0.597766	125.956465	-84.322390	-0.060765	0.098931	-0.000105	0.995094	-0.806115	-0.586316	0.080081	0.583431	-0.810083	-0.058089
47073														9.741884	0.850716	-0.480980	0.162361	0.014236	-0.007986	0.999999	0.001513	-0.000052	0.000277	-0.335935	-0.660650	0.304608	-0.598250	126.373416	-84.340140	-0.308479	0.098621	-0.000531	0.995125	-0.804425	-0.588723	0.079408	0.585811	-0.808335	-0.058488
47074														9.692447	0.857780	-0.494250	0.161537	0.014348	-0.008225	0.999999	0.001352	0.000044	0.000254	-0.334926	-0.661016	0.303959	-0.598741	126.668916	-84.362236	-0.452524	0.098236	-0.000776	0.995163	-0.802912	-0.590867	0.078797	0.587948	-0.806768	-0.058667
47075														9.636873	0.882761	-0.495664	0.160611	0.014754	-0.008260	0.999999	0.001149	0.000102	0.000199	-0.334101	-0.661296	0.303376	-0.599189	126.850632	-84.383121	-0.505661	0.097872	-0.000864	0.995199	-0.801621	-0.592679	0.078321	0.589766	-0.805438	-0.058699
47076														9.617319	0.883686	-0.495874	0.160285	0.014763	-0.008265	1.000000	0.000934	0.000087	0.000169	-0.333430	-0.661521	0.302906	-0.599552	127.001043	-84.400375	-0.551936	0.097572	-0.000940	0.995228	-0.800574	-0.594145	0.077927	0.591237	-0.804357	-0.058724
47077														9.607710	0.882769	-0.506459	0.160126	0.014737	-0.008439	1.000000	0.000729	0.000052	0.000110	-0.332917	-0.661719	0.302528	-0.599809	127.120263	-84.409504	-0.590008	0.097413	-0.001003	0.995244	-0.799750	-0.595286	0.077678	0.592377	-0.803513	-0.058791
47078														9.631658	0.889313	-0.486092	0.160526	0.014838	-0.008098	1.000000	0.000488	0.000024	0.000078	-0.332576	-0.661862	0.302284	-0.599963	127.215281	-84.413874	-0.631859	0.097336	-0.001073	0.995251	-0.799208	-0.596034	0.077520	0.593120	-0.802958	-0.058874
47079														9.621736	0.890611	-0.476395	0.160362	0.014854	-0.007934	1.000000	0.000250	-0.000013	0.000056	-0.332389	-0.661957	0.302176	-0.600017	127.303172	-84.413639	-0.692889	0.097339	-0.001177	0.995251	-0.798933	-0.596415	0.077433	0.593491	-0.802676	-0.058995
47080														9.594015	0.866877	-0.477029	0.159900	0.014454	-0.007942	1.000000	0.000037	-0.000053	0.000035	-0.332352	-0.662007	0.302203	-0.599969	127.387078	-84.408740	-0.776013	0.097422	-0.001320	0.995242	-0.798922	-0.596431	0.077414	0.593491	-0.802663	-0.059160
47081														9.616332	0.829287	-0.508423	0.160272	0.013824	-0.008464	1.000000	-0.000171	-0.000076	0.000025	-0.332444	-0.662010	0.302349	-0.599841	127.463322	-84.401184	-0.874007	0.097551	-0.001488	0.995229	-0.799142	-0.596133	0.077439	0.593174	-0.802884	-0.059343
47082														9.604519	0.787338	-0.509096	0.160077	0.013113	-0.008472	1.000000	-0.000297	-0.000105	-0.000042	-0.332650	-0.662005	0.302536	-0.599637	127.503822	-84.385923	-0.950663	0.097814	-0.001623	0.995203	-0.799500	-0.595631	0.077608	0.592649	-0.803256	-0.059559
47083														9.616459	0.755086	-0.510415	0.160277	0.012569	-0.008487	1.000000	-0.000423	-0.000157	-0.000075	-0.332944	-0.662002	0.302795	-0.599347	127.554265	-84.363710	-1.051891	0.098197	-0.001803	0.995165	-0.800000	-0.594926	0.077861	0.591910	-0.803778	-0.059862
47084														9.612234	0.743606	-0.512477	0.160207	0.012365	-0.008523	1.000000	-0.000465	-0.000148	-0.000152	-0.333314	-0.662002	0.303024	-0.599026	127.537256	-84.335292	-1.089984	0.098689	-0.001878	0.995117	-0.800532	-0.594156	0.078270	0.591108	-0.804347	-0.060140
47085														9.613966	0.716725	-0.503764	0.160236	0.011908	-0.008378	1.000000	-0.000500	-0.000147	-0.000208	-0.333756	-0.661999	0.303249	-0.598669	127.472081	-84.301734	-1.086297	0.099272	-0.001882	0.995059	-0.801120	-0.593294	0.078801	0.590213	-0.804984	-0.060405
47086														9.629768	0.701233	-0.547096	0.160500	0.011646	-0.009098	1.000000	-0.000476	-0.000160	-0.000230	-0.334177	-0.662027	0.303436	-0.598308	127.409863	-84.265117	-1.080246	0.099908	-0.001884	0.994995	-0.801647	-0.592505	0.079372	0.589390	-0.805565	-0.060706
47087														9.638964	0.704411	-0.476765	0.160653	0.011699	-0.007929	1.000000	-0.000439	-0.000140	-0.000233	-0.334583	-0.662053	0.303596	-0.597972	127.331700	-84.229934	-1.054432	0.100519	-0.001850	0.994933	-0.802135	-0.591768	0.079940	0.588621	-0.806107	-0.060968
47088														9.652423	0.720550	-0.488942	0.160877	0.011969	-0.008138	1.000000	-0.000409	-0.000102	-0.000231	-0.334979	-0.662066	0.303725	-0.597670	127.224814	-84.197532	-0.996138	0.101084	-0.001758	0.994876	-0.802585	-0.591080	0.080502	0.587910	-0.806611	-0.061159
47089														9.665918	0.736298	-0.500678	0.161102	0.012238	-0.008335	1.000000	-0.000357	-0.000090	-0.000193	-0.335325	-0.662075	0.303847	-0.597403	127.138704	-84.169455	-0.953358	0.101573	-0.001690	0.994827	-0.802988	-0.590468	0.080982	0.587276	-0.807059	-0.061333
47090														9.661801	0.725610	-0.522204	0.161032	0.012066	-0.008698	1.000000	-0.000312	-0.000060	-0.000151	-0.335627	-0.662070	0.303960	-0.597182	127.059828	-84.146975	-0.912771	0.101964	-0.001625	0.994787	-0.803346	-0.589926	0.081378	0.586718	-0.807456	-0.061456
47091														9.685316	0.737558	-0.501957	0.161424	0.012269	-0.008364	1.000000	-0.000265	-0.000031	-0.000134	-0.335889	-0.662060	0.304043	-0.597004	126.974575	-84.128307	-0.859429	0.102290	-0.001534	0.994753	-0.803643	-0.589473	0.081729	0.586255	-0.807787	-0.061530
47092														9.659113	0.762052	-0.533275	0.160986	0.012683	-0.008891	1.000000	-0.000234	0.000000	-0.000098	-0.336118	-0.662032	0.304118	-0.596867	126.889947	-84.114947	-0.802771	0.102523	-0.001437	0.994730	-0.803907	-0.589075	0.082005	0.585852	-0.808077	-0.061549
47093														9.628976	0.772028	-0.522840	0.160484	0.012857	-0.008715	1.000000	-0.000212	-0.000009	-0.000054	-0.336304	-0.662003	0.304213	-0.596747	126.844209	-84.105037	-0.782952	0.102696	-0.001403	0.994712	-0.804157	-0.588708	0.082192	0.585479	-0.808345	-0.061586
47094														9.561324	0.760755	-0.543544	0.159356	0.012676	-0.009060	1.000000	-0.000188	-0.000009	-0.000011	-0.336449	-0.661968	0.304323	-0.596647	126.830541	-84.099023	-0.792612	0.102800	-0.001422	0.994701	-0.804387	-0.588379	0.082290	0.585145	-0.808584	-0.061629
47095														9.559015	0.792013	-0.554590	0.159318	0.013198	-0.009235	1.000000	-0.000164	-0.000062	-0.000006	-0.336562	-0.661970	0.304443	-0.596520	126.869024	-84.089839	-0.852517	0.102958	-0.001532	0.994685	-0.804596	-0.588082	0.082376	0.584829	-0.808800	-0.061780
47096														9.493579	0.749119	-0.566309	0.158227	0.012486	-0.009421	1.000000	-0.000147	-0.000122	0.000013	-0.336636	-0.662008	0.304585	-0.596363	126.974347	-84.078145	-0.977915	0.103157	-0.001761	0.994664	-0.804791	-0.587808	0.082425	0.584526	-0.808999	-0.062054
47097														9.599462	0.704587	-0.558720	0.159993	0.011751	-0.009272	1.000000	-0.000100	-0.000259	0.000057	-0.336611	-0.662128	0.304776	-0.596147	127.234277	-84.061281	-1.253345	0.103440	-0.002263	0.994633	-0.804941	-0.587609	0.082375	0.584269	-0.809142	-0.062604
47098														9.630912	0.740091	-0.605078	0.160517	0.012345	-0.010046	1.000000	-0.000035	-0.000242	0.000067	-0.336537	-0.662260	0.304924	-0.595966	127.492864	-84.046108	-1.519060	0.103692	-0.002750	0.994606	-0.805007	-0.587529	0.082301	0.584133	-0.809199	-0.063135
47099														9.639928	0.812882	-0.599994	0.160668	0.013549	-0.009960	1.000000	-0.000037	-0.000253	0.000008	-0.336499	-0.662416	0.305041	-0.595755	127.719949	-84.024592	-1.753877	0.104053	-0.003186	0.994567	-0.805069	-0.587438	0.082345	0.583984	-0.809263	-0.063690
47100														9.685701	0.785788	-0.593773	0.161431	0.013086	-0.009863	1.000000	-0.000095	-0.000216	-0.000060	-0.336553	-0.662550	0.305136	-0.595526	127.860747	-83.999358	-1.908984	0.104482	-0.003482	0.994521	-0.805188	-0.587248	0.082535	0.583743	-0.809400	-0.064161
47101														9.671510	0.775779	-0.607886	0.161195	0.012916	-0.010101	1.000000	-0.000083	-0.000194	-0.000082	-0.336617	-0.662681	0.305201	-0.595312	127.968723	-83.974052	-2.029378	0.104913	-0.003718	0.994474	-0.805285	-0.587083	0.082760	0.583531	-0.809518	-0.064586
47102														9.661198	0.779988	-0.600700	0.161022	0.012990	-0.009989	1.000000	-0.000071	-0.000144	-0.000054	-0.336667	-0.662779	0.305256	-0.595145	128.053627	-83.954757	-2.124348	0.105241	-0.003904	0.994439	-0.805366	-0.586949	0.082928	0.583361	-0.809615	-0.064915
47103														9.668697	0.809321	-0.602705	0.161146	0.013480	-0.010037	1.000000	-0.000097	-0.000057	-0.000045	-0.336760	-0.662814	0.305307	-0.595029	128.066154	-83.942163	-2.150267	0.105458	-0.003960	0.994416	-0.805486	-0.586762	0.083086	0.583156	-0.809750	-0.065068
47104														9.660139	0.858457	-0.582422	0.161003	0.014297	-0.009713	1.000000	-0.000156	0.000026	-0.000058	-0.336924	-0.662782	0.305357	-0.594945	127.993642	-83.934489	-2.097540	0.105595	-0.003867	0.994402	-0.805673	-0.586479	0.083273	0.582873	-0.809955	-0.065045
47105														9.614708	0.811662	-0.591225	0.160246	0.013511	-0.009868	1.000000	-0.000246	0.000069	-0.000089	-0.337179	-0.662703	0.305425	-0.594853	127.853525	-83.927040	-1.987047	0.105731	-0.003668	0.994388	-0.805956	-0.586052	0.083534	0.582457	-0.810265	-0.064920
47106														9.559324	0.767769	-0.609819	0.159322	0.012781	-0.010180	1.000000	-0.000239	0.000085	-0.000079	-0.337428	-0.662616	0.305489	-0.594777	127.707361	-83.921524	-1.869513	0.105834	-0.003455	0.994378	-0.806232	-0.585638	0.083775	0.582056	-0.810565	-0.064766
47107														9.545417	0.758106	-0.577441	0.159091	0.012624	-0.009628	1.000000	-0.000217	0.000009	-0.000057	-0.337630	-0.662572	0.305584	-0.594662	127.642774	-83.912566	-1.832265	0.105992	-0.003391	0.994361	-0.806494	-0.585249	0.083971	0.581664	-0.810846	-0.064766
47108														9.575353	0.750652	-0.608547	0.159590	0.012508	-0.010137	1.000000	-0.000187	-0.000051	-0.000008	-0.337773	-0.662556	0.305719	-0.594529	127.663104	-83.903772	-1.878157	0.106142	-0.003481	0.994345	-0.806743	-0.584891	0.084069	0.581291	-0.811104	-0.064889
47109														9.625236	0.737315	-0.599284	0.160421	0.012289	-0.009974	1.000000	-0.000133	-0.000099	0.000009	-0.337843	-0.662586	0.305840	-0.594393	127.743222	-83.893333	-1.976043	0.106317	-0.003668	0.994326	-0.806914	-0.584648	0.084121	0.581022	-0.811279	-0.065118
47110														9.656654	0.774123	-0.601166	0.160945	0.012905	-0.010005	1.000000	-0.000080	-0.000096	0.000022	-0.337876	-0.662626	0.305943	-0.594277	127.835093	-83.884262	-2.080554	0.106467	-0.003868	0.994309	-0.807036	-0.584477	0.084141	0.580825	-0.811401	-0.065349
47111														9.612753	0.770256	-0.603160	0.160213	0.012845	-0.010034	1.000000	-0.000061	-0.000122	0.000048	-0.337860	-0.662686	0.306050	-0.594165	127.970584	-83.875803	-2.224501	0.106604	-0.004141	0.994293	-0.807118	-0.584369	0.084102	0.580686	-0.811478	-0.065638
47112														9.686551	0.764035	-0.615319	0.161442	0.012748	-0.010244	1.000000	-0.000031	-0.000074	0.000091	-0.337821	-0.662711	0.306157	-0.594103	128.095207	-83.874402	-2.355419	0.106618	-0.004386	0.994290	-0.807188	-0.584290	0.083978	0.580585	-0.811533	-0.065836
47113														9.648960	0.741905	-0.606113	0.160815	0.012385	-0.010093	1.000000	-0.000009	-0.000058	0.000124	-0.337753	-0.662723	0.306268	-0.594072	128.230991	-83.877258	-2.494986	0.106558	-0.004643	0.994296	-0.807240	-0.584246	0.083783	0.580525	-0.811563	-0.066004
47114														9.636754	0.773369	-0.628171	0.160612	0.012905	-0.010459	1.000000	0.000026	-0.000064	0.000098	-0.337677	-0.662759	0.306344	-0.594036	128.357951	-83.877106	-2.622051	0.106550	-0.004879	0.994295	-0.807249	-0.584255	0.083638	0.580514	-0.811556	-0.066191
47115														9.622991	0.760349	-0.598130	0.160383	0.012686	-0.009961	1.000000	0.000045	-0.000043	0.000079	-0.337603	-0.662796	0.306386	-0.594015	128.457789	-83.876660	-2.718949	0.106549	-0.005060	0.994295	-0.807225	-0.584304	0.083529	0.580547	-0.811519	-0.066342
47116														9.609209	0.747544	-0.609029	0.160153	0.012468	-0.010148	1.000000	0.000051	-0.000012	0.000055	-0.337546	-0.662826	0.306394	-0.594009	128.516854	-83.876235	-2.773510	0.106552	-0.005162	0.994294	-0.807182	-0.584371	0.083466	0.580606	-0.811470	-0.066432
47117														9.623151	0.757750	-0.578452	0.160385	0.012642	-0.009636	1.000000	0.000082	-0.000023	0.000077	-0.337455	-0.662865	0.306406	-0.594011	128.602413	-83.876997	-2.851958	0.106531	-0.005307	0.994295	-0.807117	-0.584478	0.083357	0.580701	-0.811392	-0.066549
47118														9.620965	0.787013	-0.589539	0.160349	0.013132	-0.009821	1.000000	0.000051	-0.000027	0.000089	-0.337375	-0.662891	0.306445	-0.594008	128.696152	-83.878774	-2.941813	0.106492	-0.005473	0.994299	-0.807086	-0.584539	0.083224	0.580751	-0.811347	-0.066666
47119														9.603347	0.759447	-0.621112	0.160055	0.012674	-0.010346	1.000000	0.000037	-0.000032	0.000101	-0.337304	-0.662908	0.306509	-0.593996	128.798913	-83.881069	-3.043912	0.106442	-0.005660	0.994303	-0.807089	-0.584556	0.083073	0.580756	-0.811333	-0.066790
47120														9.601216	0.788582	-0.590928	0.160019	0.013160	-0.009842	1.000000	0.000026	-0.000039	0.000105	-0.337226	-0.662930	0.306576	-0.593982	128.910910	-83.883176	-3.154820	0.106395	-0.005864	0.994307	-0.807089	-0.584580	0.082914	0.580765	-0.811315	-0.066929
47121														9.601323	0.786742	-0.571354	0.160022	0.013128	-0.009510	1.000000	-0.000000	-0.000078	0.000096	-0.337162	-0.662966	0.306669	-0.593929	129.045427	-83.881779	-3.292024	0.106404	-0.006120	0.994304	-0.807123	-0.584552	0.082775	0.580716	-0.811333	-0.067139
47122														9.617476	0.765223	-0.593430	0.160291	0.012769	-0.009879	1.000000	-0.000024	-0.000075	0.000094	-0.337116	-0.662994	0.306772	-0.593871	129.173571	-83.880259	-3.425457	0.106416	-0.006370	0.994301	-0.807183	-0.584487	0.082645	0.580630	-0.811378	-0.067340
47123														9.637494	0.757692	-0.615646	0.160624	0.012646	-0.010247	1.000000	-0.000007	-0.000084	0.000110	-0.337047	-0.663027	0.306881	-0.593817	129.322145	-83.879554	-3.577678	0.106411	-0.006653	0.994300	-0.807229	-0.584446	0.082480	0.580566	-0.811405	-0.067562
47124														9.623709	0.744240	-0.606784	0.160395	0.012422	-0.010100	1.000000	0.000011	-0.000078	0.000109	-0.336967	-0.663064	0.306976	-0.593772	129.467301	-83.879151	-3.724197	0.106401	-0.006926	0.994299	-0.807253	-0.584438	0.082314	0.580536	-0.811409	-0.067775
47125														9.651529	0.765362	-0.587438	0.160858	0.012768	-0.009783	1.000000	0.000006	-0.000047	0.000072	-0.336929	-0.663088	0.307044	-0.593732	129.558907	-83.877811	-3.818539	0.106412	-0.007102	0.994297	-0.807285	-0.584406	0.082223	0.580489	-0.811430	-0.067922
47126														9.647701	0.750010	-0.588119	0.160795	0.012509	-0.009797	1.000000	0.000007	-0.000031	0.000055	-0.336902	-0.663111	0.307090	-0.593697	129.626810	-83.875804	-3.888312	0.106438	-0.007234	0.994293	-0.807306	-0.584385	0.082170	0.580455	-0.811444	-0.068041
47127														9.651594	0.763168	-0.609281	0.160860	0.012725	-0.010154	1.000000	0.000002	-0.000007	0.000034	-0.336897	-0.663127	0.307116	-0.593669	129.660612	-83.873556	-3.924050	0.106473	-0.007303	0.994289	-0.807325	-0.584360	0.082159	0.580423	-0.811462	-0.068115
47128														9.641681	0.765527	-0.598527	0.160694	0.012761	-0.009983	1.000000	-0.000024	0.000046	0.000012	-0.336938	-0.663107	0.307127	-0.593663	129.633412	-83.873576	-3.901571	0.106475	-0.007262	0.994289	-0.807371	-0.584292	0.082192	0.580358	-0.811511	-0.068076
47129														9.625641	0.784695	-0.618418	0.160427	0.013082	-0.010314	1.000000	-0.000013	0.000045	0.000025	-0.336968	-0.663085	0.307144	-0.593661	129.616065	-83.874716	-3.888468	0.106457	-0.007236	0.994291	-0.807415	-0.584231	0.082197	0.580300	-0.811555	-0.068038
47130														9.621872	0.770461	-0.596563	0.160364	0.012841	-0.009953	1.000000	-0.000068	0.000059	0.000002	-0.337047	-0.663045	0.307169	-0.593648	129.565584	-83.874911	-3.847518	0.106459	-0.007160	0.994291	-0.807509	-0.584093	0.082254	0.580169	-0.811655	-0.067963
47131														9.594215	0.747486	-0.595364	0.159903	0.012462	-0.009930	1.000000	-0.000048	0.000041	0.000028	-0.337092	-0.663016	0.307204	-0.593636	129.550021	-83.875912	-3.839197	0.106443	-0.007143	0.994293	-0.807583	-0.583989	0.082259	0.580069	-0.811730	-0.067930
47132														9.628145	0.752877	-0.604798	0.160468	0.012551	-0.010089	1.000000	-0.000070	0.000053	0.000026	-0.337155	-0.662974	0.307247	-0.593626	129.521622	-83.877651	-3.820368	0.106415	-0.007106	0.994296	-0.807681	-0.583852	0.082270	0.579937	-0.811829	-0.067870
47133														9.634364	0.735310	-0.613863	0.160571	0.012262	-0.010242	1.000000	-0.000036	0.000066	0.000048	-0.337190	-0.662926	0.307283	-0.593640	129.500121	-83.882266	-3.805255	0.106337	-0.007073	0.994305	-0.807751	-0.583760	0.082233	0.579854	-0.811895	-0.067788
47134														9.642308	0.762773	-0.591915	0.160704	0.012720	-0.009877	1.000000	-0.000018	0.000072	0.000047	-0.337212	-0.662883	0.307303	-0.593666	129.475653	-83.887372	-3.784509	0.106251	-0.007028	0.994314	-0.807795	-0.583705	0.082194	0.579809	-0.811935	-0.067697
47135														9.614681	0.738961	-0.631882	0.160243	0.012323	-0.010542	1.000000	0.000016	0.000067	0.000044	-0.337214	-0.662855	0.307303	-0.593696	129.457089	-83.891613	-3.765935	0.106180	-0.006989	0.994322	-0.807799	-0.583704	0.082159	0.579815	-0.811937	-0.067623
47136														9.592624	0.774863	-0.600214	0.159877	0.012919	-0.010005	1.000000	0.000032	0.000014	0.000029	-0.337194	-0.662870	0.307299	-0.593693	129.474318	-83.890796	-3.781026	0.106192	-0.007018	0.994321	-0.807778	-0.583735	0.082150	0.579844	-0.811914	-0.067657
47137														9.642586	0.760904	-0.610172	0.160710	0.012680	-0.010174	1.000000	0.000027	0.000029	-0.000016	-0.337212	-0.662885	0.307266	-0.593683	129.447928	-83.887240	-3.753378	0.106257	-0.006971	0.994314	-0.807758	-0.583751	0.082228	0.579859	-0.811903	-0.067658
47138														9.632635	0.763702	-0.599346	0.160544	0.012731	-0.009993	1.000000	0.000014	0.000024	0.000013	-0.337223	-0.662890	0.307264	-0.593671	129.442936	-83.885573	-3.749283	0.106286	-0.006965	0.994311	-0.807764	-0.583739	0.082257	0.579845	-0.811912	-0.067670
47139														9.626609	0.780320	-0.588371	0.160443	0.013008	-0.009814	1.000000	0.000008	0.000050	0.000017	-0.337243	-0.662876	0.307259	-0.593678	129.418652	-83.886365	-3.726321	0.106276	-0.006922	0.994313	-0.807777	-0.583718	0.082275	0.579829	-0.811927	-0.067626
47140														9.616720	0.782288	-0.618514	0.160278	0.013046	-0.010316	1.000000	0.000020	0.000050	0.000047	-0.337231	-0.662861	0.307261	-0.593702	129.417443	-83.889747	-3.724089	0.106217	-0.006914	0.994319	-0.807772	-0.583732	0.082231	0.579847	-0.811917	-0.067587
47141														9.620746	0.795770	-0.596781	0.160345	0.013267	-0.009957	1.000000	-0.000020	0.000063	0.000030	-0.337263	-0.662826	0.307275	-0.593715	129.388112	-83.892700	-3.698958	0.106169	-0.006864	0.994324	-0.807817	-0.583670	0.082226	0.579793	-0.811962	-0.067512
47142														9.531490	0.743636	-0.626714	0.158857	0.012400	-0.010450	1.000000	-0.000039	0.000024	0.000041	-0.337287	-0.662806	0.307318	-0.593701	129.396894	-83.893710	-3.713768	0.106150	-0.006890	0.994326	-0.807880	-0.583586	0.082202	0.579709	-0.812022	-0.067514
47143														9.615349	0.734909	-0.605876	0.160255	0.012258	-0.010095	1.000000	0.000016	-0.000015	0.000057	-0.337257	-0.662820	0.307358	-0.593682	129.455039	-83.893545	-3.772781	0.106146	-0.007000	0.994326	-0.807893	-0.583578	0.082135	0.579692	-0.812027	-0.067599
47144														9.639280	0.742367	-0.626810	0.160654	0.012381	-0.010447	1.000000	0.000021	0.000000	0.000050	-0.337227	-0.662833	0.307379	-0.593674	129.497252	-83.893572	-3.814161	0.106140	-0.007076	0.994326	-0.807887	-0.583593	0.082085	0.579701	-0.812016	-0.067659
47145														9.651005	0.784593	-0.606001	0.160850	0.013072	-0.010105	1.000000	-0.000001	0.000032	-0.000027	-0.337271	-0.662842	0.307354	-0.593652	129.457147	-83.889155	-3.775890	0.106221	-0.007010	0.994318	-0.807897	-0.583564	0.082192	0.579672	-0.812037	-0.067651
47146														9.662643	0.828114	-0.605359	0.161045	0.013787	-0.010098	1.000000	-0.000048	0.000051	-0.000089	-0.337386	-0.662843	0.307306	-0.593610	129.354143	-83.880647	-3.679296	0.106380	-0.006841	0.994302	-0.807943	-0.583467	0.082427	0.579579	-0.812108	-0.067596
47147														9.654769	0.801727	-0.624770	0.160914	0.013344	-0.010424	1.000000	-0.000065	0.000061	-0.000105	-0.337523	-0.662839	0.307254	-0.593563	129.231027	-83.871320	-3.564134	0.106555	-0.006637	0.994285	-0.808002	-0.583347	0.082698	0.579464	-0.812196	-0.067521
47148														9.650833	0.789342	-0.602565	0.160847	0.013146	-0.010056	1.000000	-0.000084	0.000075	-0.000056	-0.337650	-0.662805	0.307242	-0.593536	129.127721	-83.867353	-3.471475	0.106635	-0.006469	0.994277	-0.808098	-0.583190	0.082873	0.579316	-0.812310	-0.067416
47149														9.617042	0.784332	-0.569433	0.160283	0.013070	-0.009511	1.000000	-0.000105	0.000122	-0.000009	-0.337777	-0.662720	0.307259	-0.593550	129.014400	-83.871063	-3.371119	0.106581	-0.006278	0.994284	-0.808227	-0.582998	0.082956	0.579145	-0.812449	-0.067211
47150														9.611113	0.801237	-0.597815	0.160184	0.013354	-0.009989	1.000000	-0.000107	0.000148	0.000005	-0.337910	-0.662614	0.307280	-0.593581	128.887516	-83.877565	-3.258234	0.106481	-0.006062	0.994296	-0.808371	-0.582791	0.083017	0.578963	-0.812600	-0.066956
47151														9.599665	0.758695	-0.594420	0.159992	0.012648	-0.009936	1.000000	-0.000096	0.000173	0.000025	-0.338027	-0.662492	0.307296	-0.593642	128.755566	-83.887817	-3.138072	0.106316	-0.005829	0.994315	-0.808497	-0.582614	0.083032	0.578818	-0.812728	-0.066654
47152														9.576049	0.749438	-0.591258	0.159599	0.012498	-0.009878	1.000000	-0.000060	0.000144	0.000050	-0.338100	-0.662389	0.307321	-0.593702	128.666872	-83.898277	-3.058008	0.106143	-0.005670	0.994335	-0.808594	-0.582485	0.082993	0.578714	-0.812822	-0.066412
47153														9.592388	0.728600	-0.588514	0.159871	0.012156	-0.009829	1.000000	0.000009	0.000128	0.000080	-0.338106	-0.662311	0.307329	-0.593782	128.618912	-83.910024	-3.011021	0.105944	-0.005573	0.994357	-0.808617	-0.582467	0.082890	0.578717	-0.812836	-0.066215
47154														9.636528	0.729902	-0.606934	0.160607	0.012181	-0.010132	1.000000	0.000084	0.000111	0.000095	-0.338045	-0.662264	0.307308	-0.593881	128.604733	-83.922188	-2.989034	0.105735	-0.005521	0.994379	-0.808555	-0.582575	0.082741	0.578843	-0.812758	-0.066063
47155														9.664584	0.750535	-0.604814	0.161074	0.012528	-0.010099	1.000000	0.000139	0.000129	0.000109	-0.337950	-0.662218	0.307260	-0.594010	128.589660	-83.936721	-2.960483	0.105486	-0.005455	0.994406	-0.808437	-0.582763	0.082561	0.579052	-0.812624	-0.065883
47156														9.706529	0.782764	-0.591741	0.161773	0.013059	-0.009889	1.000000	0.000136	0.000178	0.000071	-0.337885	-0.662159	0.307165	-0.594162	128.509779	-83.951255	-2.865710	0.105243	-0.005268	0.994433	-0.808302	-0.582966	0.082456	0.579286	-0.812479	-0.065611
47157														9.640916	0.814824	-0.598473	0.160679	0.013589	-0.010013	1.000000	0.000096	0.000249	0.000050	-0.337876	-0.662053	0.307053	-0.594344	128.351500	-83.969125	-2.695898	0.104948	-0.004942	0.994465	-0.808200	-0.583116	0.082393	0.579481	-0.812374	-0.065191
47158														9.687458	0.785442	-0.624229	0.161454	0.013104	-0.010449	1.000000	0.000065	0.000288	0.000077	-0.337899	-0.661896	0.306977	-0.594545	128.170091	-83.992195	-2.508950	0.104564	-0.004582	0.994508	-0.808165	-0.583179	0.082285	0.579599	-0.812331	-0.064682
47159														9.664114	0.775197	-0.618145	0.161064	0.012934	-0.010359	1.000000	0.000019	0.000353	0.000088	-0.337955	-0.661688	0.306903	-0.594782	127.935053	-84.020610	-2.271582	0.104089	-0.004129	0.994559	-0.808168	-0.583193	0.082160	0.579681	-0.812323	-0.064041
47160														9.642595	0.810216	-0.621683	0.160705	0.013514	-0.010423	1.000000	-0.000016	0.000381	0.000063	-0.338062	-0.661455	0.306829	-0.595019	127.651199	-84.048876	-1.989992	0.103618	-0.003600	0.994611	-0.808214	-0.583139	0.082088	0.579701	-0.812364	-0.063333
47161														9.623289	0.815250	-0.634550	0.160384	0.013584	-0.010647	1.000000	-0.000093	0.000437	-0.000014	-0.338286	-0.661188	0.306730	-0.595239	127.254981	-84.073346	-1.604496	0.103215	-0.002891	0.994655	-0.808335	-0.582958	0.082186	0.579605	-0.812497	-0.062507
47162														9.639977	0.796443	-0.646293	0.160662	0.013262	-0.010847	1.000000	-0.000171	0.000453	-0.000064	-0.338590	-0.660900	0.306638	-0.595434	126.799754	-84.094687	-1.168052	0.102863	-0.002097	0.994693	-0.808530	-0.582659	0.082383	0.579395	-0.812714	-0.061630
47163														9.752053	0.812675	-0.635691	0.162529	0.013532	-0.010685	1.000000	-0.000218	0.000535	-0.000064	-0.338962	-0.660543	0.306554	-0.595661	126.261120	-84.120761	-0.654976	0.102425	-0.001171	0.994740	-0.808797	-0.582259	0.082594	0.579099	-0.813003	-0.060585
47164														9.764875	0.780491	-0.623199	0.162742	0.012995	-0.010501	1.000000	-0.000264	0.000683	-0.000066	-0.339402	-0.660088	0.306438	-0.595975	125.578064	-84.156056	-0.000541	0.101819	-0.000001	0.994803	-0.809102	-0.581804	0.082812	0.578780	-0.813329	-0.059240
47165														9.745585	0.787232	-0.587169	0.162418	0.013115	-0.009930	1.000000	-0.000319	0.000861	-0.000016	-0.339898	-0.659493	0.306324	-0.596409	124.749253	-84.207105	0.794774	0.100923	0.001400	0.994893	-0.809473	-0.581270	0.082932	0.578418	-0.813709	-0.057530
47166														9.661533	0.750402	-0.600707	0.161015	0.012505	-0.010174	0.999999	-0.000297	0.000985	0.000011	-0.340404	-0.658820	0.306176	-0.596940	123.807563	-84.267622	1.705317	0.099838	0.002972	0.994999	-0.809832	-0.580762	0.082993	0.578105	-0.814068	-0.055575
47167														9.642500	0.755981	-0.560249	0.160698	0.012600	-0.009509	0.999999	-0.000285	0.001043	0.000022	-0.340917	-0.658113	0.306009	-0.597513	122.797900	-84.330957	2.685101	0.098674	0.004628	0.995109	-0.810181	-0.580269	0.083035	0.577815	-0.814412	-0.053508
47168														9.646049	0.724704	-0.549771	0.160757	0.012082	-0.009338	0.999999	-0.000229	0.001070	0.000036	-0.341391	-0.657403	0.305808	-0.598125	121.754296	-84.395622	3.705337	0.097455	0.006311	0.995220	-0.810468	-0.579867	0.083041	0.577619	-0.814687	-0.051396
47169														9.623355	0.715869	-0.529553	0.160380	0.011931	-0.008995	0.999999	-0.000190	0.001039	0.000012	-0.341844	-0.656734	0.305578	-0.598720	120.709574	-84.454142	4.731214	0.096313	0.007971	0.995319	-0.810704	-0.579529	0.083090	0.577479	-0.814912	-0.049354
47170														9.643996	0.710483	-0.487873	0.160725	0.011839	-0.008305	0.999999	-0.000100	0.001076	-0.000010	-0.342263	-0.656076	0.305269	-0.599359	119.600956	-84.511031	5.831247	0.095159	0.009718	0.995415	-0.810836	-0.579334	0.083170	0.577486	-0.815032	-0.047249
47171														9.654794	0.783660	-0.477480	0.160904	0.013066	-0.008127	0.999999	-0.000074	0.001042	0.000037	-0.342620	-0.655437	0.304979	-0.600002	118.537174	-84.568559	6.890288	0.093971	0.011356	0.995510	-0.810934	-0.579199	0.083155	0.577542	-0.815107	-0.045219
47172														9.665071	0.780155	-0.425501	0.161076	0.013010	-0.007268	0.999999	-0.000081	0.001086	0.000048	-0.342996	-0.654761	0.304693	-0.600670	117.407404	-84.627576	8.013281	0.092715	0.013052	0.995607	-0.811057	-0.579032	0.083120	0.577573	-0.815200	-0.043099
47173														9.650553	0.798902	-0.425489	0.160834	0.013323	-0.007268	0.999999	-0.000091	0.001088	0.000052	-0.343375	-0.654079	0.304414	-0.601338	116.252311	-84.684968	9.160670	0.091450	0.014747	0.995700	-0.811190	-0.578852	0.083077	0.577588	-0.815299	-0.040973
47174														9.680587	0.789663	-0.372138	0.161335	0.013169	-0.006384	0.999999	-0.000104	0.001116	0.000054	-0.343767	-0.653377	0.304130	-0.602020	115.041561	-84.741592	10.362893	0.090153	0.016486	0.995791	-0.811332	-0.578659	0.083033	0.577592	-0.815403	-0.038792
47175														9.657641	0.779881	-0.350898	0.160953	0.013010	-0.006033	0.999999	-0.000086	0.001140	0.000077	-0.344142	-0.652657	0.303844	-0.602730	113.790600	-84.799396	11.607089	0.088789	0.018237	0.995883	-0.811461	-0.578490	0.082941	0.577622	-0.815485	-0.036565
47176														9.651453	0.795139	-0.297591	0.160850	0.013267	-0.005149	0.999999	-0.000098	0.001169	0.000096	-0.344520	-0.651908	0.303568	-0.603464	112.485358	-84.858245	12.904405	0.087357	0.020014	0.995976	-0.811607	-0.578305	0.082807	0.577635	-0.815575	-0.034275
47177														9.682603	0.784879	-0.283516	0.161369	0.013099	-0.004926	0.999999	-0.000088	0.001236	0.000113	-0.344904	-0.651116	0.303274	-0.604247	111.079434	-84.918851	14.303533	0.085821	0.021881	0.996070	-0.811747	-0.578133	0.082640	0.577669	-0.815649	-0.031854
47178														9.687370	0.796906	-0.259007	0.161449	0.013299	-0.004522	0.999999	-0.000099	0.001263	0.000107	-0.345298	-0.650306	0.302969	-0.605047	109.603776	-84.977139	15.772398	0.084257	0.023798	0.996160	-0.811887	-0.577959	0.082478	0.577702	-0.815719	-0.029375
47179														9.653958	0.788532	-0.225093	0.160892	0.013168	-0.003962	0.999999	-0.000084	0.001298	0.000163	-0.345659	-0.649465	0.302676	-0.605890	108.076690	-85.038890	17.294618	0.082570	0.025709	0.996254	-0.812017	-0.577814	0.082211	0.577763	-0.815763	-0.026834
47180														9.641331	0.774003	-0.210978	0.160682	0.012928	-0.003724	0.999999	-0.000099	0.001285	0.000174	-0.346021	-0.648619	0.302406	-0.606724	106.529571	-85.098179	18.834625	0.080873	0.027586	0.996343	-0.812171	-0.577640	0.081917	0.577787	-0.815826	-0.024311
47181														9.645114	0.784344	-0.165247	0.160745	0.013107	-0.002960	0.999999	-0.000078	0.001277	0.000218	-0.346339	-0.647772	0.302154	-0.607572	104.975861	-85.158217	20.383633	0.079119	0.029398	0.996432	-0.812306	-0.577504	0.081538	0.577840	-0.815858	-0.021811
47182														9.666819	0.774168	-0.160303	0.161107	0.012945	-0.002877	0.999999	-0.000066	0.001270	0.000265	-0.346622	-0.646918	0.301929	-0.608431	103.410822	-85.219474	21.944727	0.077301	0.031145	0.996521	-0.812438	-0.577384	0.081067	0.577900	-0.815878	-0.019329
47183														9.670506	0.782882	-0.114673	0.161169	0.013095	-0.002118	0.999999	-0.000085	0.001275	0.000291	-0.346900	-0.646045	0.301730	-0.609299	101.803149	-85.280403	23.546519	0.075428	0.032870	0.996609	-0.812594	-0.577239	0.080540	0.577929	-0.815913	-0.016830
47184														9.715050	0.779675	-0.087142	0.161911	0.013050	-0.001666	0.999999	-0.000094	0.001313	0.000344	-0.347162	-0.645132	0.301553	-0.610204	100.117017	-85.343851	25.226191	0.073434	0.034597	0.996700	-0.812763	-0.577088	0.079914	0.577949	-0.815949	-0.014259
47185														9.737056	0.812192	-0.049140	0.162278	0.013597	-0.001045	0.999999	-0.000132	0.001380	0.000374	-0.347453	-0.644150	0.301400	-0.611150	98.289936	-85.408030	27.042008	0.071307	0.036398	0.996790	-0.812986	-0.576868	0.079223	0.577900	-0.816026	-0.011543
47186														9.585190	0.756893	-0.041201	0.159747	0.012675	-0.000915	0.999999	-0.000196	0.001416	0.000378	-0.347786	-0.643127	0.301269	-0.612103	96.358344	-85.468239	28.956444	0.069134	0.038253	0.996874	-0.813270	-0.576564	0.078526	0.577765	-0.816156	-0.008750
47187														9.697194	0.718655	-0.038390	0.161614	0.012039	-0.000865	0.999999	-0.000187	0.001382	0.000384	-0.348104	-0.642122	0.301152	-0.613035	94.427382	-85.523531	30.870237	0.066992	0.040047	0.996949	-0.813551	-0.576263	0.077817	0.577622	-0.816282	-0.006025
47188														9.689847	0.682831	-0.011763	0.161492	0.011446	-0.000424	0.999999	-0.000177	0.001399	0.000405	-0.348407	-0.641100	0.301036	-0.613988	92.425155	-85.576325	32.856364	0.064793	0.041846	0.997021	-0.813824	-0.575980	0.077062	0.577488	-0.816392	-0.003264
47189														9.695715	0.734645	0.026490	0.161591	0.012301	0.000214	0.999999	-0.000162	0.001395	0.000353	-0.348730	-0.640102	0.300877	-0.614923	90.386410	-85.617534	34.880971	0.062686	0.043699	0.997076	-0.814068	-0.575721	0.076412	0.577377	-0.816478	-0.000515
47190														9.714737	0.753978	0.044984	0.161910	0.012610	0.000519	0.999999	-0.000180	0.001412	0.000268	-0.349122	-0.639109	0.300672	-0.615832	88.286086	-85.643536	36.964694	0.060694	0.045677	0.997111	-0.814326	-0.575420	0.075927	0.577225	-0.816582	0.002272
47191														9.675963	0.698693	0.111178	0.161266	0.011676	0.001623	0.999999	-0.000162	0.001414	0.000192	-0.349546	-0.638147	0.300400	-0.616722	86.173314	-85.654764	39.063792	0.058828	0.047747	0.997126	-0.814545	-0.575154	0.075597	0.577110	-0.816651	0.005057
47192														9.680985	0.678215	0.149323	0.161351	0.011331	0.002261	0.999999	-0.000127	0.001400	0.000166	-0.349956	-0.637212	0.300094	-0.617604	84.080684	-85.657525	41.147058	0.057017	0.049822	0.997129	-0.814716	-0.574949	0.075314	0.577051	-0.816671	0.007809
47193														9.674354	0.646734	0.155347	0.161241	0.010809	0.002359	0.999999	-0.000072	0.001420	0.000182	-0.350332	-0.636276	0.299761	-0.618518	81.960585	-85.655974	43.263149	0.055159	0.051912	0.997127	-0.814835	-0.574821	0.075001	0.577063	-0.816631	0.010593
47194														9.662296	0.677241	0.182305	0.161041	0.011314	0.002805	0.999999	-0.000017	0.001446	0.000164	-0.350690	-0.635347	0.299372	-0.619457	79.817984	-85.645953	45.408377	0.053299	0.054064	0.997114	-0.814885	-0.574785	0.074724	0.577166	-0.816516	0.013421
47195														9.650158	0.708034	0.209504	0.160839	0.011825	0.003257	0.999999	-0.000020	0.001455	0.000154	-0.351060	-0.634415	0.298975	-0.620394	77.680821	-85.628294	47.547733	0.051451	0.056243	0.997091	-0.814939	-0.574742	0.074471	0.577258	-0.816400	0.016264
47196														9.636691	0.693786	0.225989	0.160615	0.011590	0.003533	0.999999	0.000001	0.001453	0.000165	-0.351401	-0.633487	0.298567	-0.621345	75.560119	-85.606250	49.674126	0.049577	0.058406	0.997061	-0.814958	-0.574751	0.074190	0.577395	-0.816242	0.019104
47197														9.657950	0.684667	0.234861	0.160969	0.011443	0.003685	0.999999	-0.000009	0.001423	0.000196	-0.351726	-0.632563	0.298198	-0.622279	73.495158	-85.582274	51.742628	0.047695	0.060485	0.997029	-0.815001	-0.574734	0.073854	0.577494	-0.816102	0.021883
47198														9.677361	0.674847	0.263720	0.161293	0.011284	0.004174	0.999999	-0.000005	0.001374	0.000226	-0.352014	-0.631659	0.297864	-0.623194	71.505351	-85.557930	53.736164	0.045813	0.062449	0.996996	-0.815042	-0.574727	0.073451	0.577588	-0.815959	0.024569
47199														9.744432	0.681257	0.296929	0.162411	0.011393	0.004725	0.999999	0.000017	0.001381	0.000236	-0.352283	-0.630757	0.297517	-0.624120	69.533668	-85.528865	55.714322	0.043915	0.064411	0.996957	-0.815056	-0.574761	0.073036	0.577716	-0.815783	0.027258
47200														9.736989	0.693794	0.334130	0.162288	0.011598	0.005336	0.999999	0.000010	0.001433	0.000213	-0.352584	-0.629825	0.297143	-0.625069	67.530029	-85.489967	57.723827	0.041990	0.066484	0.996904	-0.815075	-0.574781	0.072664	0.577832	-0.815602	0.030054
47201														9.695482	0.656001	0.347572	0.161597	0.010970	0.005557	0.999999	0.000007	0.001461	0.000228	-0.352883	-0.628869	0.296767	-0.626040	65.515828	-85.446018	59.744183	0.040006	0.068583	0.996843	-0.815093	-0.574806	0.072258	0.577947	-0.815411	0.032906
47202														9.730952	0.594410	0.389961	0.162189	0.009952	0.006261	0.999999	0.000061	0.001473	0.000279	-0.353124	-0.627906	0.296388	-0.627050	63.500352	-85.401008	61.771396	0.037925	0.070645	0.996780	-0.815060	-0.574916	0.071757	0.578135	-0.815157	0.035776
47203														9.683353	0.634611	0.372029	0.161395	0.010623	0.005963	0.999999	0.000100	0.001478	0.000289	-0.353327	-0.626951	0.295985	-0.628081	61.515399	-85.351471	63.773514	0.035815	0.072700	0.996711	-0.814972	-0.575106	0.071233	0.578393	-0.814842	0.038651
