// General information: 
//  MT Manager version: 2022.2.0 
//  XDA version: 2022.2.0 build 7381 rev 124627 built on 2023-07-19
// Device information: 
//  DeviceId: 00B4D200
//  ProductCode: MTW2-3A7G6
//  Firmware Version: 4.6.0
//  Hardware Version: 2.0.0
// Device settings: 
//  Filter Profile: human(46.1)
//  Option Flags: Orientation Smoother Disabled, Position/Velocity Smoother Disabled, Continuous Zero Rotation Update Disabled, AHS Disabled, ICC Disabled
// Coordinate system: ENU
PacketCounter	SampleTimeFine	Acc_X	Acc_Y	Acc_Z	Quat_q0	Quat_q1	Quat_q2	Quat_q3	Roll	Pitch	Yaw	Mat[1][1]	Mat[2][1]	Mat[3][1]	Mat[1][2]	Mat[2][2]	Mat[3][2]	Mat[1][3]	Mat[2][3]	Mat[3][3]	Latitude	Longitude	Altitude	Vel_E	Vel_N	Vel_U
32691		8.786233	0.710592	-3.560713	0.513407	0.401207	-0.722258	0.231926	168.103987	-68.082938	-113.844351	-0.150893	-0.341405	0.927725	-0.817695	0.570486	0.076943	-0.555523	-0.746986	-0.365248						
32692		8.786856	0.709817	-3.559329	0.513444	0.401158	-0.722249	0.231955	168.109395	-68.089999	-113.852312	-0.150894	-0.341279	0.927771	-0.817664	0.570538	0.076885	-0.555568	-0.747004	-0.365143						
32693		8.787419	0.709200	-3.558062	0.513477	0.401122	-0.722236	0.231987	168.113727	-68.096452	-113.857719	-0.150884	-0.341170	0.927813	-0.817649	0.570567	0.076836	-0.555593	-0.747032	-0.365047						
32694		8.791426	0.702293	-3.598638	0.513491	0.401111	-0.722218	0.232028	168.119445	-68.101161	-113.861019	-0.150873	-0.341091	0.927844	-0.817669	0.570545	0.076784	-0.555567	-0.747084	-0.364980						
32695		8.816919	0.737393	-3.529494	0.513503	0.401108	-0.722201	0.232061	168.122682	-68.104897	-113.861860	-0.150854	-0.341034	0.927868	-0.817690	0.570519	0.076751	-0.555541	-0.747130	-0.364925						
32696		8.802973	0.722594	-3.541926	0.513522	0.401137	-0.722164	0.232085	168.116728	-68.108221	-113.851403	-0.150770	-0.341012	0.927890	-0.817735	0.570452	0.076778	-0.555499	-0.747192	-0.364864						
32697		8.830053	0.769338	-3.531551	0.513533	0.401180	-0.722120	0.232122	168.111885	-68.111492	-113.839404	-0.150677	-0.340995	0.927911	-0.817805	0.570348	0.076798	-0.555420	-0.747279	-0.364806						
32698		8.830408	0.769586	-3.530612	0.513561	0.401218	-0.722074	0.232140	168.101005	-68.115185	-113.823728	-0.150559	-0.340981	0.927935	-0.817854	0.570270	0.076855	-0.555380	-0.747344	-0.364733						
32699		8.830888	0.769877	-3.529345	0.513612	0.401219	-0.722029	0.232165	168.092756	-68.122544	-113.813860	-0.150453	-0.340898	0.927983	-0.817868	0.570246	0.076882	-0.555388	-0.747401	-0.364605						
32700		8.795509	0.781919	-3.547193	0.513648	0.401249	-0.721985	0.232168	168.078861	-68.126253	-113.797237	-0.150329	-0.340887	0.928007	-0.817897	0.570195	0.076958	-0.555379	-0.747445	-0.364527						
32701		8.790463	0.806311	-3.521549	0.513698	0.401267	-0.721946	0.232150	168.060792	-68.130167	-113.779531	-0.150199	-0.340875	0.928033	-0.817896	0.570183	0.077060	-0.555416	-0.747460	-0.364441						
32702		8.776500	0.792376	-3.533875	0.513737	0.401260	-0.721931	0.232120	168.047931	-68.132423	-113.770281	-0.150129	-0.340866	0.928047	-0.817862	0.570221	0.077135	-0.555485	-0.747434	-0.364388						
32703		8.771288	0.816653	-3.508646	0.513761	0.401271	-0.721918	0.232092	168.035660	-68.132700	-113.759732	-0.150064	-0.340890	0.928049	-0.817848	0.570231	0.077212	-0.555523	-0.747416	-0.364367						
32704		8.758971	0.785255	-3.504451	0.513777	0.401266	-0.721922	0.232049	168.025555	-68.131526	-113.753796	-0.150037	-0.340923	0.928041	-0.817810	0.570277	0.077280	-0.555587	-0.747366	-0.364372						
32705		8.807297	0.806046	-3.488874	0.513793	0.401241	-0.721941	0.231999	168.018511	-68.129999	-113.753636	-0.150046	-0.340946	0.928031	-0.817744	0.570364	0.077330	-0.555681	-0.747289	-0.364387						
32706		8.818165	0.759082	-3.537900	0.513799	0.401220	-0.721964	0.231950	168.012999	-68.127524	-113.754351	-0.150066	-0.340981	0.928015	-0.817684	0.570443	0.077373	-0.555763	-0.747213	-0.364419						
32707		8.778702	0.777305	-3.515429	0.513797	0.401201	-0.721990	0.231907	168.010031	-68.124433	-113.756918	-0.150101	-0.341020	0.927995	-0.817632	0.570515	0.077402	-0.555831	-0.747140	-0.364464						
32708		8.819853	0.742083	-3.521169	0.513771	0.401191	-0.722027	0.231868	168.011678	-68.118888	-113.762475	-0.150171	-0.341087	0.927959	-0.817595	0.570566	0.077411	-0.555865	-0.747070	-0.364554						
32709		8.817825	0.759146	-3.538734	0.513742	0.401165	-0.722067	0.231850	168.020556	-68.114861	-113.774987	-0.150271	-0.341114	0.927933	-0.817559	0.570624	0.077368	-0.555892	-0.747014	-0.364629						
32710		8.785531	0.735854	-3.524149	0.513711	0.401168	-0.722096	0.231823	168.022741	-68.109482	-113.778868	-0.150330	-0.341184	0.927898	-0.817545	0.570644	0.077372	-0.555897	-0.746967	-0.364718						
32711		8.833588	0.756176	-3.509368	0.513681	0.401168	-0.722131	0.231784	168.023595	-68.103320	-113.782802	-0.150393	-0.341265	0.927858	-0.817517	0.570681	0.077387	-0.555921	-0.746901	-0.364816						
32712		8.783229	0.753194	-3.542329	0.513653	0.401177	-0.722153	0.231762	168.024715	-68.098500	-113.784663	-0.150436	-0.341331	0.927826	-0.817512	0.570687	0.077396	-0.555916	-0.746866	-0.364894						
32713		8.804669	0.726760	-3.536856	0.513624	0.401188	-0.722169	0.231757	168.028496	-68.094777	-113.787514	-0.150477	-0.341379	0.927802	-0.817522	0.570674	0.077385	-0.555890	-0.746854	-0.364958						
32714		8.793982	0.677020	-3.516377	0.513573	0.401209	-0.722188	0.231775	168.039469	-68.090113	-113.794432	-0.150549	-0.341430	0.927772	-0.817562	0.570624	0.077330	-0.555812	-0.746869	-0.365047						
32715		8.802495	0.743180	-3.554903	0.513529	0.401229	-0.722208	0.231774	168.045897	-68.084898	-113.798601	-0.150608	-0.341496	0.927738	-0.817586	0.570593	0.077307	-0.555761	-0.746863	-0.365138						
32716		8.932999	0.789327	-3.522408	0.513508	0.401283	-0.722184	0.231803	168.045045	-68.083792	-113.789882	-0.150563	-0.341536	0.927731	-0.817665	0.570478	0.077316	-0.555657	-0.746932	-0.365155						
32717		8.899350	0.784120	-3.523461	0.513567	0.401355	-0.722090	0.231840	168.023308	-68.091772	-113.758818	-0.150326	-0.341499	0.927783	-0.817759	0.570328	0.077428	-0.555582	-0.747064	-0.364999						
32718		8.803515	0.744245	-3.552153	0.513644	0.401393	-0.722001	0.231879	168.004445	-68.102493	-113.733895	-0.150107	-0.341405	0.927852	-0.817819	0.570232	0.077512	-0.555554	-0.747180	-0.364804						
32719		8.816611	0.776766	-3.554155	0.513682	0.401444	-0.721932	0.231923	167.992776	-68.108979	-113.714040	-0.149947	-0.341361	0.927895	-0.817900	0.570109	0.077564	-0.555478	-0.747294	-0.364685						
32720		8.867317	0.780103	-3.520193	0.513722	0.401488	-0.721862	0.231976	167.983498	-68.116447	-113.696534	-0.149794	-0.341296	0.927943	-0.817980	0.569989	0.077598	-0.555401	-0.747415	-0.364554						
32721		8.905551	0.779502	-3.558129	0.513763	0.401525	-0.721789	0.232045	167.978109	-68.125422	-113.682117	-0.149650	-0.341201	0.928002	-0.818066	0.569865	0.077602	-0.555313	-0.747554	-0.364405						
32722		8.899065	0.820409	-3.548646	0.513834	0.401542	-0.721706	0.232119	167.970319	-68.138259	-113.667188	-0.149477	-0.341049	0.928085	-0.818132	0.569769	0.077608	-0.555262	-0.747696	-0.364191						
32723		8.894549	0.843785	-3.521801	0.513909	0.401497	-0.721660	0.232174	167.970232	-68.151219	-113.667531	-0.149395	-0.340856	0.928169	-0.818121	0.569791	0.077565	-0.555301	-0.747767	-0.363985						
32724		8.875940	0.852404	-3.507834	0.514029	0.401444	-0.721584	0.232235	167.962087	-68.169699	-113.660431	-0.149233	-0.340600	0.928289	-0.818102	0.569819	0.077554	-0.555372	-0.747862	-0.363682						
32725		8.847007	0.811870	-3.472266	0.514173	0.401364	-0.721508	0.232292	167.952922	-68.190874	-113.655506	-0.149066	-0.340299	0.928427	-0.818051	0.569895	0.077541	-0.555492	-0.747942	-0.363334						
32726		8.834272	0.796994	-3.481774	0.514338	0.401263	-0.721431	0.232340	167.941292	-68.214200	-113.651101	-0.148888	-0.339964	0.928578	-0.817969	0.570012	0.077536	-0.555660	-0.748004	-0.362948						
32727		8.769709	0.767997	-3.464955	0.514495	0.401160	-0.721356	0.232404	167.934647	-68.237700	-113.650418	-0.148731	-0.339617	0.928730	-0.817899	0.570119	0.077498	-0.555806	-0.748081	-0.362567						
32728		8.771269	0.767314	-3.461155	0.514634	0.401047	-0.721295	0.232479	167.935897	-68.260284	-113.657418	-0.148626	-0.339263	0.928876	-0.817829	0.570230	0.077414	-0.555937	-0.748156	-0.362210						
32729		8.740574	0.743364	-3.442637	0.514765	0.400927	-0.721247	0.232547	167.939492	-68.281543	-113.667917	-0.148549	-0.338921	0.929013	-0.817748	0.570359	0.077319	-0.556077	-0.748213	-0.361878						
32730		8.759894	0.750852	-3.467650	0.514885	0.400831	-0.721196	0.232602	167.938804	-68.300296	-113.672791	-0.148456	-0.338629	0.929134	-0.817683	0.570461	0.077260	-0.556198	-0.748268	-0.361580						
32731		8.730691	0.709731	-3.432727	0.514965	0.400778	-0.721141	0.232689	167.944517	-68.316280	-113.676922	-0.148376	-0.338381	0.929238	-0.817688	0.570465	0.077170	-0.556210	-0.748377	-0.361334						
32732		8.781809	0.740377	-3.473682	0.515031	0.400730	-0.721110	0.232720	167.943185	-68.326581	-113.678260	-0.148317	-0.338225	0.929304	-0.817657	0.570514	0.077143	-0.556273	-0.748410	-0.361169						
32733		8.769964	0.707757	-3.468534	0.515035	0.400719	-0.721094	0.232778	167.953890	-68.331467	-113.685006	-0.148325	-0.338135	0.929335	-0.817691	0.570477	0.077059	-0.556221	-0.748479	-0.361106						
32734		8.802604	0.730081	-3.482500	0.515051	0.400725	-0.721067	0.232821	167.956231	-68.336152	-113.683387	-0.148285	-0.338069	0.929366	-0.817727	0.570429	0.077029	-0.556178	-0.748545	-0.361035						
32735		8.799176	0.736184	-3.440071	0.515063	0.400721	-0.721058	0.232827	167.955231	-68.337999	-113.682269	-0.148267	-0.338045	0.929378	-0.817727	0.570428	0.077029	-0.556182	-0.748557	-0.361004						
32736		8.835265	0.752721	-3.496351	0.515033	0.400775	-0.721042	0.232851	167.955628	-68.335562	-113.675309	-0.148241	-0.338099	0.929362	-0.817802	0.570321	0.077034	-0.556080	-0.748614	-0.361043						
32737		8.867385	0.775902	-3.511455	0.515000	0.400850	-0.721023	0.232851	167.948840	-68.330769	-113.661043	-0.148188	-0.338207	0.929331	-0.817881	0.570200	0.077093	-0.555978	-0.748657	-0.361110						
32738		8.863402	0.782716	-3.470279	0.514957	0.400924	-0.721015	0.232844	167.943413	-68.324303	-113.648730	-0.148158	-0.338335	0.929289	-0.817954	0.570087	0.077150	-0.555878	-0.748686	-0.361205						
32739		8.816744	0.745650	-3.469164	0.514925	0.401027	-0.720981	0.232845	167.931300	-68.319094	-113.626488	-0.148060	-0.338470	0.929256	-0.818061	0.569921	0.077244	-0.555747	-0.748751	-0.361272						
32740		8.836294	0.737090	-3.480766	0.514878	0.401087	-0.720981	0.232845	167.930635	-68.313035	-113.619682	-0.148059	-0.338578	0.929217	-0.818125	0.569825	0.077268	-0.555653	-0.748775	-0.361367						
32741		8.844708	0.775626	-3.443547	0.514819	0.401183	-0.720963	0.232864	167.928960	-68.306299	-113.606679	-0.148026	-0.338711	0.929173	-0.818242	0.569653	0.077302	-0.555489	-0.748846	-0.361471						
32742		8.774696	0.781603	-3.465715	0.514767	0.401240	-0.720965	0.232874	167.932182	-68.300436	-113.603099	-0.148043	-0.338808	0.929135	-0.818312	0.569553	0.077301	-0.555382	-0.748878	-0.361569						
32743		8.806619	0.804505	-3.481368	0.514711	0.401293	-0.720977	0.232872	167.934851	-68.293231	-113.600315	-0.148074	-0.338922	0.929089	-0.818369	0.569469	0.077309	-0.555289	-0.748890	-0.361687						
32744		8.786516	0.813596	-3.471053	0.514662	0.401338	-0.720995	0.232847	167.933554	-68.285302	-113.596400	-0.148102	-0.339050	0.929038	-0.818400	0.569420	0.077344	-0.555236	-0.748870	-0.361811						
32745		8.791631	0.790163	-3.496563	0.514604	0.401381	-0.721025	0.232806	167.932050	-68.275264	-113.593667	-0.148151	-0.339206	0.928973	-0.818418	0.569389	0.077387	-0.555197	-0.748823	-0.361968						
32746		8.828926	0.789542	-3.537079	0.514549	0.401406	-0.721058	0.232783	167.936578	-68.267185	-113.597277	-0.148225	-0.339317	0.928921	-0.818430	0.569371	0.077386	-0.555159	-0.748786	-0.362102						
32747		8.810511	0.781129	-3.509940	0.514483	0.401420	-0.721111	0.232741	167.942518	-68.256638	-113.604778	-0.148338	-0.339454	0.928852	-0.818419	0.569387	0.077384	-0.555145	-0.748711	-0.362277						
32748		8.813807	0.774543	-3.552705	0.514434	0.401422	-0.721154	0.232710	167.948761	-68.248982	-113.612914	-0.148435	-0.339547	0.928803	-0.818403	0.569413	0.077371	-0.555143	-0.748650	-0.362407						
32749		8.851072	0.745085	-3.517186	0.514367	0.401424	-0.721199	0.232716	167.965280	-68.242063	-113.628052	-0.148570	-0.339610	0.928758	-0.818416	0.569404	0.077290	-0.555087	-0.748628	-0.362539						
32750		8.867065	0.769802	-3.563215	0.514336	0.401401	-0.721232	0.232724	167.978496	-68.239580	-113.642336	-0.148671	-0.339610	0.928742	-0.818403	0.569433	0.077214	-0.555079	-0.748606	-0.362596						
32751		8.849095	0.760725	-3.535120	0.514310	0.401373	-0.721266	0.232725	167.990493	-68.237282	-113.656688	-0.148771	-0.339607	0.928727	-0.818378	0.569478	0.077146	-0.555089	-0.748573	-0.362649						
32752		8.815134	0.754369	-3.537365	0.514288	0.401367	-0.721279	0.232740	167.999075	-68.236095	-113.664281	-0.148824	-0.339605	0.928720	-0.818387	0.569473	0.077096	-0.555063	-0.748578	-0.362679						
32753		8.815237	0.753851	-3.537219	0.514278	0.401367	-0.721282	0.232757	168.004440	-68.236209	-113.668137	-0.148846	-0.339593	0.928720	-0.818400	0.569458	0.077062	-0.555037	-0.748595	-0.362685						
32754		8.815393	0.753301	-3.536946	0.514264	0.401364	-0.721284	0.232785	168.013128	-68.236727	-113.674524	-0.148880	-0.339569	0.928724	-0.818421	0.569437	0.077005	-0.554998	-0.748622	-0.362688						
32755		8.833507	0.761126	-3.564958	0.514258	0.401368	-0.721283	0.232795	168.015270	-68.236834	-113.675365	-0.148885	-0.339565	0.928724	-0.818433	0.569421	0.076991	-0.554978	-0.748636	-0.362689						
32756		8.810176	0.776423	-3.511827	0.514260	0.401376	-0.721275	0.232799	168.013733	-68.237144	-113.672700	-0.148867	-0.339567	0.928726	-0.818444	0.569403	0.077000	-0.554966	-0.748648	-0.362682						
32757		8.828361	0.784713	-3.539563	0.514276	0.401392	-0.721250	0.232814	168.009322	-68.239702	-113.665715	-0.148809	-0.339548	0.928743	-0.818470	0.569364	0.077019	-0.554944	-0.748687	-0.362636						
32758		8.824891	0.791100	-3.497287	0.514282	0.401397	-0.721239	0.232826	168.008968	-68.241158	-113.663877	-0.148788	-0.339531	0.928752	-0.818484	0.569344	0.077016	-0.554929	-0.748710	-0.362612						
32759		8.828948	0.784671	-3.538109	0.514314	0.401402	-0.721210	0.232840	168.002949	-68.245614	-113.656603	-0.148716	-0.339483	0.928781	-0.818495	0.569324	0.077039	-0.554931	-0.748746	-0.362533						
32760		8.841830	0.816621	-3.540824	0.514348	0.401382	-0.721191	0.232857	168.001512	-68.250919	-113.655937	-0.148678	-0.339406	0.928815	-0.818485	0.569340	0.077031	-0.554957	-0.748769	-0.362447						
32761		8.844114	0.799192	-3.522469	0.514388	0.401368	-0.721164	0.232877	167.997836	-68.256948	-113.652281	-0.148617	-0.339326	0.928854	-0.818483	0.569344	0.077033	-0.554977	-0.748803	-0.362347						
32762		8.821326	0.842719	-3.544270	0.514442	0.401331	-0.721144	0.232881	167.992947	-68.263808	-113.651129	-0.148565	-0.339227	0.928899	-0.818443	0.569399	0.077041	-0.555049	-0.748805	-0.362231						
32763		8.820019	0.831564	-3.483887	0.514514	0.401241	-0.721140	0.232890	167.994847	-68.273795	-113.661573	-0.148562	-0.339052	0.928963	-0.818352	0.569536	0.076996	-0.555184	-0.748781	-0.362076						
32764		8.831805	0.783431	-3.531247	0.514563	0.401147	-0.721153	0.232903	168.003648	-68.281708	-113.678564	-0.148611	-0.338890	0.929014	-0.818264	0.569673	0.076913	-0.555300	-0.748749	-0.361962						
32765		8.832514	0.782596	-3.529657	0.514642	0.401012	-0.721175	0.232895	168.009890	-68.291971	-113.699182	-0.148666	-0.338685	0.929081	-0.818114	0.569899	0.076839	-0.555506	-0.748671	-0.361808						
32766		8.836776	0.747168	-3.493723	0.514697	0.400913	-0.721186	0.232909	168.018488	-68.300653	-113.716422	-0.148712	-0.338511	0.929137	-0.818021	0.570043	0.076756	-0.555631	-0.748639	-0.361681						
32767		8.801705	0.757590	-3.511636	0.514732	0.400808	-0.721206	0.232952	168.037740	-68.309314	-113.742323	-0.148808	-0.338315	0.929193	-0.817946	0.570172	0.076605	-0.555717	-0.748630	-0.361570						
32768		8.829447	0.705980	-3.528748	0.514759	0.400717	-0.721219	0.233009	168.058772	-68.317969	-113.767356	-0.148899	-0.338122	0.929248	-0.817896	0.570265	0.076443	-0.555765	-0.748646	-0.361460						
32769		8.846118	0.701751	-3.496816	0.514791	0.400633	-0.721221	0.233073	168.077925	-68.327544	-113.789314	-0.148966	-0.337922	0.929310	-0.817858	0.570340	0.076290	-0.555803	-0.748679	-0.361334						
32770		8.832618	0.685453	-3.508671	0.514812	0.400572	-0.721212	0.233159	168.098984	-68.337084	-113.808995	-0.149020	-0.337730	0.929372	-0.817861	0.570358	0.076126	-0.555784	-0.748753	-0.361211						
32771		8.867306	0.689577	-3.504966	0.514823	0.400564	-0.721177	0.233259	168.114827	-68.345733	-113.817135	-0.149011	-0.337580	0.929427	-0.817929	0.570277	0.075997	-0.555686	-0.748882	-0.361094						
32772		8.864175	0.694552	-3.461897	0.514832	0.400549	-0.721144	0.233368	168.133844	-68.354807	-113.828346	-0.149018	-0.337416	0.929486	-0.817997	0.570200	0.075847	-0.555584	-0.749014	-0.360976						
32773		8.829176	0.704900	-3.479725	0.514848	0.400574	-0.721080	0.233485	168.144558	-68.364740	-113.826859	-0.148944	-0.337273	0.929550	-0.818111	0.570050	0.075746	-0.555437	-0.749193	-0.360832						
32774		8.813963	0.706560	-3.508586	0.514873	0.400588	-0.721025	0.233578	168.151354	-68.373964	-113.824660	-0.148871	-0.337142	0.929609	-0.818193	0.569941	0.075673	-0.555335	-0.749335	-0.360695						
32775		8.823271	0.744270	-3.469276	0.514889	0.400622	-0.720968	0.233662	168.154912	-68.381237	-113.818036	-0.148784	-0.337051	0.929656	-0.818290	0.569809	0.075626	-0.555216	-0.749476	-0.360584						
32776		8.807906	0.746314	-3.498478	0.514902	0.400654	-0.720914	0.233741	168.158444	-68.387960	-113.811880	-0.148704	-0.336967	0.929699	-0.818382	0.569683	0.075581	-0.555102	-0.749610	-0.360482						
32777		8.836833	0.775203	-3.470589	0.514916	0.400673	-0.720876	0.233796	168.160680	-68.393170	-113.807828	-0.148646	-0.336900	0.929733	-0.818441	0.569602	0.075550	-0.555030	-0.749701	-0.360402						
32778		8.817526	0.783809	-3.458405	0.514929	0.400698	-0.720832	0.233862	168.163883	-68.398957	-113.803105	-0.148580	-0.336827	0.929770	-0.818516	0.569500	0.075511	-0.554938	-0.749812	-0.360314						
32779		8.835979	0.791752	-3.485742	0.514929	0.400743	-0.720793	0.233903	168.161702	-68.401257	-113.793184	-0.148507	-0.336818	0.929785	-0.818592	0.569389	0.075517	-0.554845	-0.749900	-0.360275						
32780		8.832429	0.797953	-3.443392	0.514939	0.400736	-0.720779	0.233936	168.166217	-68.404822	-113.795656	-0.148498	-0.336759	0.929807	-0.818609	0.569370	0.075476	-0.554822	-0.749941	-0.360224						
32781		8.836642	0.791176	-3.484191	0.514970	0.400700	-0.720780	0.233926	168.164194	-68.408061	-113.798160	-0.148491	-0.336704	0.929828	-0.818563	0.569436	0.075478	-0.554891	-0.749915	-0.360170						
32782		8.813237	0.806607	-3.430894	0.514981	0.400675	-0.720791	0.233910	168.163847	-68.408625	-113.801710	-0.148508	-0.336687	0.929832	-0.818524	0.569492	0.075479	-0.554944	-0.749881	-0.360161						
32783		8.804782	0.768024	-3.468290	0.515005	0.400605	-0.720827	0.233868	168.164890	-68.409262	-113.813187	-0.148572	-0.336647	0.929836	-0.818420	0.569643	0.075470	-0.555081	-0.749784	-0.360152						
32784		8.824625	0.758899	-3.479226	0.515007	0.400562	-0.720867	0.233814	168.163793	-68.406248	-113.820818	-0.148636	-0.336672	0.929817	-0.818335	0.569763	0.075487	-0.555189	-0.749681	-0.360198						
32785		8.792276	0.736161	-3.464475	0.515017	0.400509	-0.720913	0.233740	168.159301	-68.402857	-113.827738	-0.148699	-0.336705	0.929795	-0.818225	0.569916	0.075526	-0.555335	-0.749550	-0.360246						
32786		8.792170	0.736306	-3.464712	0.515011	0.400465	-0.720961	0.233680	168.159499	-68.398513	-113.837168	-0.148783	-0.336745	0.929767	-0.818135	0.570043	0.075540	-0.555445	-0.749436	-0.360315						
32787		8.806155	0.751248	-3.451856	0.515010	0.400403	-0.721033	0.233568	168.153218	-68.391352	-113.846352	-0.148884	-0.336827	0.929721	-0.817986	0.570248	0.075603	-0.555636	-0.749243	-0.360421						
32788		8.831180	0.718959	-3.488112	0.514996	0.400374	-0.721088	0.233479	168.147339	-68.383755	-113.850623	-0.148959	-0.336929	0.929672	-0.817891	0.570376	0.075665	-0.555757	-0.749099	-0.360534						
32789		8.864853	0.725133	-3.486515	0.514992	0.400342	-0.721139	0.233383	168.138873	-68.376922	-113.853329	-0.149020	-0.337023	0.929628	-0.817786	0.570517	0.075741	-0.555896	-0.748950	-0.360631						
32790		8.866321	0.708370	-3.469862	0.514983	0.400334	-0.721169	0.233324	168.132559	-68.371757	-113.852690	-0.149050	-0.337101	0.929595	-0.817733	0.570584	0.075798	-0.555964	-0.748863	-0.360705						
32791		8.902355	0.725183	-3.526547	0.514988	0.400311	-0.721194	0.233277	168.128234	-68.369258	-113.854650	-0.149078	-0.337133	0.929579	-0.817673	0.570666	0.075834	-0.556045	-0.748787	-0.360739						
32792		8.844787	0.735185	-3.475950	0.514998	0.400295	-0.721202	0.233258	168.125607	-68.369237	-113.855323	-0.149082	-0.337132	0.929579	-0.817641	0.570710	0.075851	-0.556091	-0.748754	-0.360736						
32793		8.852204	0.694142	-3.482905	0.515007	0.400271	-0.721213	0.233244	168.125707	-68.369580	-113.858926	-0.149101	-0.337118	0.929581	-0.817606	0.570760	0.075849	-0.556138	-0.748722	-0.360730						
32794		8.848969	0.728350	-3.516833	0.515003	0.400251	-0.721222	0.233261	168.133686	-68.370694	-113.867274	-0.149143	-0.337079	0.929588	-0.817600	0.570777	0.075795	-0.556136	-0.748727	-0.360723						
32795		8.825531	0.743273	-3.463735	0.514994	0.400257	-0.721215	0.233289	168.139173	-68.371741	-113.869662	-0.149150	-0.337058	0.929595	-0.817629	0.570740	0.075757	-0.556092	-0.748764	-0.360714						
32796		8.859808	0.748541	-3.460789	0.515013	0.400260	-0.721192	0.233316	168.138713	-68.375672	-113.866862	-0.149108	-0.337007	0.929620	-0.817650	0.570711	0.075747	-0.556072	-0.748809	-0.360651						
32797		8.824453	0.759756	-3.479477	0.515003	0.400273	-0.721174	0.233369	168.147184	-68.378207	-113.869452	-0.149106	-0.336962	0.929636	-0.817705	0.570640	0.075685	-0.555991	-0.748883	-0.360622						
32798		8.776551	0.738897	-3.494517	0.515011	0.400259	-0.721170	0.233389	168.151379	-68.380835	-113.873364	-0.149112	-0.336913	0.929653	-0.817705	0.570645	0.075650	-0.555989	-0.748902	-0.360585						
32799		8.748297	0.709058	-3.520955	0.514985	0.400266	-0.721178	0.233409	168.159475	-68.379215	-113.878811	-0.149155	-0.336923	0.929643	-0.817730	0.570614	0.075604	-0.555940	-0.748921	-0.360622						
32800		8.794741	0.746018	-3.522718	0.514929	0.400300	-0.721190	0.233438	168.171114	-68.374711	-113.884190	-0.149216	-0.336976	0.929614	-0.817792	0.570534	0.075546	-0.555833	-0.748958	-0.360709						
32801		8.812595	0.753757	-3.551627	0.514876	0.400320	-0.721220	0.233428	168.178096	-68.367737	-113.889552	-0.149293	-0.337065	0.929569	-0.817810	0.570511	0.075525	-0.555786	-0.748936	-0.360829						
32802		8.958668	0.797450	-3.488048	0.514851	0.400378	-0.721209	0.233416	168.170580	-68.363212	-113.877305	-0.149251	-0.337164	0.929540	-0.817862	0.570429	0.075587	-0.555721	-0.748954	-0.360891						
32803		8.917947	0.736319	-3.510412	0.514891	0.400378	-0.721169	0.233451	168.167030	-68.370171	-113.871157	-0.149169	-0.337077	0.929585	-0.817885	0.570396	0.075587	-0.555710	-0.749018	-0.360775						
32804		8.898681	0.745431	-3.498017	0.514921	0.400414	-0.721117	0.233485	168.158555	-68.375381	-113.856732	-0.149050	-0.337037	0.929618	-0.817943	0.570307	0.075623	-0.555655	-0.749104	-0.360682						
32805		8.947339	0.765892	-3.481130	0.514958	0.400417	-0.721082	0.233505	168.152320	-68.380814	-113.848904	-0.148968	-0.336977	0.929653	-0.817958	0.570283	0.075644	-0.555656	-0.749149	-0.360587						
32806		8.967740	0.756632	-3.490659	0.515013	0.400388	-0.721044	0.233554	168.153158	-68.390886	-113.848951	-0.148902	-0.336827	0.929718	-0.817960	0.570285	0.075605	-0.555670	-0.749215	-0.360428						
32807		8.916456	0.742295	-3.462785	0.515070	0.400371	-0.720991	0.233620	168.153942	-68.402230	-113.846253	-0.148812	-0.336666	0.929791	-0.817989	0.570250	0.075562	-0.555652	-0.749314	-0.360249						
32808		8.895889	0.768039	-3.466689	0.515142	0.400335	-0.720936	0.233692	168.155859	-68.415923	-113.846167	-0.148722	-0.336463	0.929879	-0.818001	0.570240	0.075505	-0.555659	-0.749412	-0.360034						
32809		8.864586	0.744536	-3.449400	0.515225	0.400285	-0.720884	0.233753	168.155797	-68.430376	-113.846434	-0.148629	-0.336248	0.929972	-0.817990	0.570262	0.075457	-0.555700	-0.749492	-0.359804						
32810		8.791978	0.756746	-3.427219	0.515315	0.400243	-0.720834	0.233784	168.147947	-68.443143	-113.840916	-0.148512	-0.336072	0.930053	-0.817962	0.570301	0.075464	-0.555772	-0.749541	-0.359591						
32811		8.774773	0.748212	-3.396702	0.515391	0.400188	-0.720792	0.233837	168.149458	-68.456268	-113.843800	-0.148443	-0.335870	0.930138	-0.817941	0.570339	0.075410	-0.555821	-0.749603	-0.359385						
32812		8.713224	0.712911	-3.423826	0.515455	0.400160	-0.720755	0.233860	168.143549	-68.465396	-113.839373	-0.148357	-0.335746	0.930196	-0.817923	0.570364	0.075417	-0.555871	-0.749640	-0.359232						
32813		8.728038	0.727371	-3.408871	0.515511	0.400084	-0.720758	0.233858	168.144612	-68.472694	-113.848362	-0.148362	-0.335614	0.930243	-0.817840	0.570487	0.075386	-0.555992	-0.749605	-0.359117						
32814		8.728448	0.727140	-3.407873	0.515531	0.400059	-0.720760	0.233848	168.142952	-68.474587	-113.850098	-0.148360	-0.335582	0.930255	-0.817805	0.570536	0.075390	-0.556043	-0.749582	-0.359085						
32815		8.780686	0.740978	-3.433434	0.515523	0.400057	-0.720776	0.233822	168.141055	-68.471841	-113.850580	-0.148381	-0.335621	0.930237	-0.817783	0.570564	0.075411	-0.556070	-0.749543	-0.359126						
32816		8.780575	0.741067	-3.433698	0.515497	0.400065	-0.720800	0.233792	168.140812	-68.466640	-113.851882	-0.148422	-0.335695	0.930204	-0.817771	0.570580	0.075430	-0.556077	-0.749498	-0.359209						
32817		8.835781	0.720593	-3.425755	0.515468	0.400089	-0.720822	0.233745	168.135206	-68.459675	-113.847686	-0.148444	-0.335809	0.930159	-0.817762	0.570585	0.075488	-0.556084	-0.749443	-0.359312						
32818		8.832151	0.755417	-3.460839	0.515425	0.400111	-0.720851	0.233712	168.135614	-68.452164	-113.848284	-0.148496	-0.335919	0.930111	-0.817764	0.570579	0.075511	-0.556067	-0.749398	-0.359432						
32819		8.872906	0.720351	-3.466967	0.515361	0.400145	-0.720904	0.233635	168.131281	-68.438913	-113.846732	-0.148574	-0.336120	0.930026	-0.817744	0.570597	0.075582	-0.556075	-0.749294	-0.359637						
32820		8.884782	0.752831	-3.472285	0.515304	0.400172	-0.720953	0.233563	168.127791	-68.427028	-113.846259	-0.148649	-0.336298	0.929950	-0.817722	0.570622	0.075644	-0.556089	-0.749196	-0.359821						
32821		8.884189	0.753227	-3.473715	0.515244	0.400197	-0.721002	0.233501	168.126755	-68.415503	-113.847487	-0.148732	-0.336466	0.929876	-0.817706	0.570639	0.075689	-0.556090	-0.749107	-0.360002						
32822		8.915974	0.776529	-3.489805	0.515201	0.400220	-0.721041	0.233436	168.121746	-68.405718	-113.845442	-0.148785	-0.336616	0.929813	-0.817683	0.570663	0.075753	-0.556110	-0.749021	-0.360151						
32823		8.897349	0.768808	-3.462770	0.515155	0.400231	-0.721092	0.233360	168.117810	-68.394973	-113.846431	-0.148861	-0.336773	0.929744	-0.817640	0.570716	0.075814	-0.556152	-0.748911	-0.360317						
32824		8.813057	0.760621	-3.499036	0.515126	0.400233	-0.721133	0.233294	168.113237	-68.386937	-113.847131	-0.148918	-0.336891	0.929693	-0.817593	0.570776	0.075869	-0.556206	-0.748812	-0.360438						
32825		8.800099	0.729089	-3.496284	0.515080	0.400244	-0.721183	0.233220	168.109824	-68.376389	-113.848452	-0.148995	-0.337044	0.929625	-0.817553	0.570827	0.075926	-0.556245	-0.748704	-0.360601						
32826		8.847808	0.749553	-3.481735	0.515031	0.400237	-0.721239	0.233169	168.114341	-68.367410	-113.857432	-0.149106	-0.337154	0.929567	-0.817512	0.570885	0.075928	-0.556275	-0.748611	-0.360750						
32827		8.747000	0.715738	-3.472812	0.514977	0.400271	-0.721285	0.233087	168.106713	-68.354917	-113.853029	-0.149162	-0.337350	0.929487	-0.817488	0.570907	0.076017	-0.556295	-0.748505	-0.360938						
32828		8.776945	0.756512	-3.506368	0.514912	0.400297	-0.721342	0.233010	168.104522	-68.341703	-113.854361	-0.149257	-0.337543	0.929401	-0.817461	0.570938	0.076075	-0.556310	-0.748394	-0.361145						
32829		8.792130	0.754573	-3.477463	0.514864	0.400304	-0.721409	0.232894	168.095085	-68.327948	-113.853565	-0.149342	-0.337749	0.929313	-0.817384	0.571033	0.076181	-0.556399	-0.748229	-0.361350						
32830		8.781094	0.734549	-3.534029	0.514821	0.400345	-0.721454	0.232781	168.078751	-68.314337	-113.842577	-0.149367	-0.337980	0.929225	-0.817343	0.571073	0.076329	-0.556454	-0.748094	-0.361545						
32831		8.826348	0.745172	-3.461246	0.514757	0.400394	-0.721505	0.232683	168.068084	-68.299345	-113.835053	-0.149421	-0.338222	0.929128	-0.817322	0.571087	0.076447	-0.556469	-0.747974	-0.361768						
32832		8.840299	0.788850	-3.525406	0.514706	0.400424	-0.721551	0.232601	168.060726	-68.287266	-113.831373	-0.149478	-0.338411	0.929050	-0.817294	0.571116	0.076534	-0.556495	-0.747867	-0.361950						
32833		8.845248	0.765907	-3.551264	0.514654	0.400467	-0.721590	0.232522	168.051433	-68.275133	-113.824211	-0.149515	-0.338609	0.928972	-0.817282	0.571120	0.076633	-0.556503	-0.747774	-0.362130						
32834		8.874839	0.778762	-3.508541	0.514623	0.400488	-0.721624	0.232447	168.042354	-68.265923	-113.819209	-0.149546	-0.338759	0.928912	-0.817248	0.571156	0.076722	-0.556544	-0.747679	-0.362264						
32835		8.874485	0.779277	-3.509321	0.514604	0.400476	-0.721664	0.232385	168.038708	-68.259623	-113.821767	-0.149602	-0.338846	0.928872	-0.817191	0.571232	0.076766	-0.556613	-0.747581	-0.362359						
32836		8.861830	0.747717	-3.505873	0.514607	0.400476	-0.721678	0.232336	168.030051	-68.256343	-113.817327	-0.149598	-0.338906	0.928851	-0.817153	0.571278	0.076832	-0.556671	-0.747519	-0.362400						
32837		8.822204	0.766257	-3.483750	0.514597	0.400506	-0.721675	0.232314	168.022896	-68.253169	-113.809115	-0.149570	-0.338974	0.928830	-0.817167	0.571250	0.076888	-0.556657	-0.747509	-0.362440						
32838		8.772282	0.763822	-3.516436	0.514619	0.400506	-0.721677	0.232261	168.008852	-68.251792	-113.799893	-0.149524	-0.339019	0.928821	-0.817123	0.571300	0.076981	-0.556734	-0.747451	-0.362443						
32839		8.752440	0.773672	-3.505316	0.514615	0.400534	-0.721681	0.232207	167.995516	-68.246909	-113.788406	-0.149488	-0.339121	0.928790	-0.817111	0.571304	0.077082	-0.556762	-0.747401	-0.362503						
32840		8.743582	0.736224	-3.543526	0.514606	0.400561	-0.721696	0.232133	167.979998	-68.240157	-113.776615	-0.149463	-0.339252	0.928746	-0.817081	0.571330	0.077203	-0.556812	-0.747322	-0.362589						
32841		8.753556	0.758506	-3.489227	0.514587	0.400604	-0.721716	0.232040	167.960785	-68.230511	-113.761131	-0.149434	-0.339436	0.928683	-0.817054	0.571348	0.077357	-0.556859	-0.747225	-0.362716						
32842		8.803335	0.791028	-3.533379	0.514553	0.400653	-0.721743	0.231945	167.943593	-68.219153	-113.747024	-0.149425	-0.339641	0.928610	-0.817034	0.571357	0.077504	-0.556892	-0.747125	-0.362873						
32843		8.802695	0.792315	-3.534683	0.514513	0.400689	-0.721788	0.231835	167.927810	-68.206072	-113.736865	-0.149450	-0.339861	0.928525	-0.816989	0.571402	0.077649	-0.556951	-0.746990	-0.363059						
32844		8.823591	0.767139	-3.529953	0.514476	0.400724	-0.721823	0.231747	167.915364	-68.195121	-113.728254	-0.149470	-0.340046	0.928454	-0.816960	0.571428	0.077765	-0.556988	-0.746886	-0.363215						
32845		8.875114	0.781982	-3.556996	0.514445	0.400753	-0.721852	0.231675	167.905177	-68.186047	-113.721126	-0.149487	-0.340200	0.928395	-0.816937	0.571448	0.077860	-0.557017	-0.746801	-0.363345						
32846		8.863629	0.830278	-3.508672	0.514445	0.400763	-0.721871	0.231598	167.890338	-68.180271	-113.711874	-0.149470	-0.340309	0.928358	-0.816888	0.571502	0.077974	-0.557094	-0.746709	-0.363417						
32847		8.847515	0.833820	-3.539365	0.514455	0.400775	-0.721877	0.231537	167.875703	-68.176753	-113.701501	-0.149431	-0.340389	0.928335	-0.816851	0.571540	0.078079	-0.557158	-0.746644	-0.363452						
32848		8.847507	0.834595	-3.539202	0.514483	0.400752	-0.721889	0.231476	167.863395	-68.175792	-113.696830	-0.149409	-0.340415	0.928329	-0.816778	0.571633	0.078160	-0.557270	-0.746561	-0.363451						
32849		8.835145	0.803366	-3.535035	0.514518	0.400733	-0.721895	0.231413	167.848423	-68.175354	-113.689421	-0.149368	-0.340441	0.928326	-0.816707	0.571722	0.078256	-0.557386	-0.746481	-0.363437						
32850		8.781552	0.807317	-3.525607	0.514557	0.400692	-0.721905	0.231366	167.839306	-68.176900	-113.688638	-0.149353	-0.340420	0.928336	-0.816625	0.571831	0.078309	-0.557510	-0.746407	-0.363400						
32851		8.823026	0.772370	-3.530224	0.514589	0.400627	-0.721941	0.231294	167.832372	-68.176191	-113.694298	-0.149392	-0.340416	0.928331	-0.816501	0.572002	0.078355	-0.557680	-0.746278	-0.363402						
32852		8.787421	0.784151	-3.549269	0.514605	0.400589	-0.721960	0.231267	167.831434	-68.176593	-113.699477	-0.149420	-0.340396	0.928334	-0.816440	0.572088	0.078360	-0.557762	-0.746221	-0.363395						
32853		8.791161	0.749465	-3.514414	0.514628	0.400574	-0.721951	0.231270	167.829522	-68.179557	-113.698901	-0.149397	-0.340354	0.928353	-0.816426	0.572108	0.078362	-0.557790	-0.746225	-0.363345						
32854		8.789679	0.766539	-3.530936	0.514636	0.400534	-0.721970	0.231261	167.833849	-68.180534	-113.707880	-0.149444	-0.340316	0.928360	-0.816378	0.572181	0.078331	-0.557847	-0.746186	-0.363335						
32855		8.807616	0.746212	-3.482754	0.514657	0.400491	-0.721980	0.231256	167.836513	-68.183193	-113.715294	-0.149471	-0.340257	0.928377	-0.816328	0.572256	0.078305	-0.557913	-0.746156	-0.363297						
32856		8.827704	0.736779	-3.493189	0.514668	0.400465	-0.721981	0.231273	167.841495	-68.186038	-113.721402	-0.149489	-0.340199	0.928395	-0.816314	0.572281	0.078264	-0.557929	-0.746163	-0.363259						
32857		8.790567	0.765349	-3.528984	0.514689	0.400439	-0.721979	0.231279	167.842656	-68.189243	-113.724743	-0.149487	-0.340143	0.928416	-0.816290	0.572318	0.078246	-0.557964	-0.746160	-0.363210						
32858		8.812447	0.738585	-3.522167	0.514698	0.400433	-0.721963	0.231320	167.848519	-68.193187	-113.727755	-0.149480	-0.340076	0.928442	-0.816315	0.572289	0.078195	-0.557929	-0.746213	-0.363155						
32859		8.836461	0.722694	-3.574068	0.514695	0.400471	-0.721924	0.231382	167.851857	-68.196802	-113.722159	-0.149423	-0.340037	0.928465	-0.816402	0.572171	0.078162	-0.557818	-0.746321	-0.363102						
32860		8.825675	0.769693	-3.524183	0.514705	0.400499	-0.721885	0.231432	167.852483	-68.201057	-113.716015	-0.149359	-0.339990	0.928493	-0.816467	0.572080	0.078143	-0.557740	-0.746412	-0.363036						
32861		8.827795	0.752104	-3.506134	0.514704	0.400557	-0.721833	0.231499	167.852581	-68.204846	-113.704880	-0.149268	-0.339963	0.928517	-0.816577	0.571925	0.078130	-0.557603	-0.746543	-0.362976						
32862		8.858775	0.792206	-3.537008	0.514730	0.400596	-0.721774	0.231557	167.848356	-68.211165	-113.692276	-0.149152	-0.339902	0.928558	-0.816658	0.571808	0.078135	-0.557515	-0.746661	-0.362870						
32863		8.827071	0.769057	-3.520824	0.514748	0.400645	-0.721709	0.231634	167.847522	-68.218006	-113.680415	-0.149037	-0.339831	0.928602	-0.816765	0.571659	0.078117	-0.557390	-0.746807	-0.362761						
32864		8.822017	0.792469	-3.495025	0.514772	0.400668	-0.721661	0.231691	167.846607	-68.224358	-113.672678	-0.148950	-0.339757	0.928644	-0.816829	0.571568	0.078101	-0.557318	-0.746910	-0.362659						
32865		8.820903	0.809519	-3.510692	0.514818	0.400670	-0.721610	0.231743	167.843785	-68.233197	-113.665775	-0.148851	-0.339644	0.928701	-0.816866	0.571518	0.078089	-0.557291	-0.747000	-0.362515						
32866		8.851657	0.821272	-3.465149	0.514859	0.400661	-0.721569	0.231794	167.844106	-68.241515	-113.662993	-0.148781	-0.339528	0.928755	-0.816892	0.571484	0.078058	-0.557271	-0.747079	-0.362383						
32867		8.856227	0.814735	-3.505099	0.514919	0.400662	-0.721516	0.231826	167.835103	-68.250352	-113.651817	-0.148657	-0.339425	0.928812	-0.816911	0.571453	0.078085	-0.557276	-0.747149	-0.362231						
32868		8.837152	0.823674	-3.492208	0.514982	0.400625	-0.721480	0.231860	167.832786	-68.260437	-113.650771	-0.148585	-0.339278	0.928877	-0.816894	0.571481	0.078065	-0.557321	-0.747194	-0.362068						
32869		8.819817	0.815256	-3.462095	0.515049	0.400611	-0.721430	0.231895	167.825495	-68.270426	-113.642550	-0.148472	-0.339151	0.928942	-0.816899	0.571471	0.078077	-0.557343	-0.747260	-0.361900						
32870		8.806363	0.800405	-3.473707	0.515111	0.400549	-0.721415	0.231908	167.824780	-68.279234	-113.647232	-0.148442	-0.339008	0.928998	-0.816841	0.571558	0.078051	-0.557437	-0.747258	-0.361759						
32871		8.808738	0.782844	-3.454907	0.515180	0.400482	-0.721404	0.231907	167.821328	-68.287839	-113.650952	-0.148408	-0.338871	0.929054	-0.816765	0.571667	0.078044	-0.557557	-0.747237	-0.361618						
32872		8.849052	0.764532	-3.475311	0.515248	0.400415	-0.721388	0.231920	167.820383	-68.297416	-113.655855	-0.148375	-0.338716	0.929116	-0.816702	0.571761	0.078017	-0.557658	-0.747235	-0.361465						
32873		8.831653	0.755975	-3.445334	0.515314	0.400366	-0.721362	0.231937	167.816843	-68.306725	-113.656175	-0.148316	-0.338577	0.929176	-0.816659	0.571824	0.078007	-0.557736	-0.747250	-0.361313						
32874		8.830654	0.772931	-3.460793	0.515372	0.400300	-0.721352	0.231953	167.818610	-68.315353	-113.663487	-0.148303	-0.338430	0.929232	-0.816599	0.571916	0.077967	-0.557828	-0.747247	-0.361178						
32875		8.804596	0.725698	-3.469111	0.515405	0.400246	-0.721352	0.231975	167.824906	-68.321448	-113.673331	-0.148322	-0.338314	0.929271	-0.816559	0.571981	0.077906	-0.557882	-0.747249	-0.361090						
32876		8.799435	0.748571	-3.443577	0.515426	0.400186	-0.721361	0.232004	167.836452	-68.326836	-113.688261	-0.148375	-0.338195	0.929306	-0.816519	0.572050	0.077815	-0.557926	-0.747250	-0.361021						
32877		8.784005	0.750426	-3.473266	0.515441	0.400155	-0.721361	0.232024	167.842309	-68.330435	-113.695563	-0.148394	-0.338123	0.929329	-0.816501	0.572082	0.077766	-0.557947	-0.747258	-0.360971						
32878		8.855594	0.726478	-3.433629	0.515439	0.400123	-0.721375	0.232038	167.851111	-68.331774	-113.706147	-0.148448	-0.338075	0.929337	-0.816480	0.572120	0.077706	-0.557963	-0.747251	-0.360962						
32879		8.780493	0.755633	-3.430733	0.515430	0.400116	-0.721381	0.232051	167.856750	-68.331885	-113.711241	-0.148477	-0.338061	0.929338	-0.816484	0.572119	0.077670	-0.557950	-0.747258	-0.360968						
32880		8.770430	0.734240	-3.485523	0.515425	0.400114	-0.721386	0.232052	167.858775	-68.331452	-113.713245	-0.148492	-0.338062	0.929335	-0.816484	0.572121	0.077659	-0.557946	-0.747256	-0.360978						
32881		8.712638	0.743921	-3.435325	0.515394	0.400142	-0.721395	0.232044	167.859176	-68.326943	-113.711377	-0.148510	-0.338134	0.929306	-0.816509	0.572084	0.077671	-0.557904	-0.747252	-0.361050						
32882		8.669881	0.699969	-3.476238	0.515345	0.400170	-0.721426	0.232010	167.859892	-68.318661	-113.711834	-0.148567	-0.338255	0.929253	-0.816516	0.572070	0.077695	-0.557879	-0.747207	-0.361182						
32883		8.823440	0.730810	-3.496172	0.515267	0.400198	-0.721479	0.231968	167.866074	-68.306567	-113.718161	-0.148683	-0.338419	0.929175	-0.816520	0.572065	0.077697	-0.557843	-0.747138	-0.361382						
32884		8.833577	0.780151	-3.518740	0.515175	0.400272	-0.721516	0.231932	167.867522	-68.292682	-113.714783	-0.148754	-0.338634	0.929085	-0.816575	0.571981	0.077736	-0.557743	-0.747105	-0.361604						
32885		8.879393	0.818189	-3.521659	0.515129	0.400288	-0.721565	0.231851	167.861969	-68.281543	-113.714056	-0.148822	-0.338801	0.929013	-0.816535	0.572029	0.077809	-0.557784	-0.746992	-0.361773						
32886		8.989946	0.777596	-3.505569	0.515114	0.400347	-0.721556	0.231813	167.847894	-68.276043	-113.697515	-0.148760	-0.338925	0.928978	-0.816566	0.571970	0.077916	-0.557755	-0.746981	-0.361841						
32887		8.974174	0.781020	-3.535739	0.515157	0.400365	-0.721518	0.231805	167.832850	-68.279903	-113.681903	-0.148643	-0.338909	0.929003	-0.816573	0.571948	0.077998	-0.557776	-0.747005	-0.361760						
