// General information: 
//  MT Manager version: 2022.2.0 
//  XDA version: 2022.2.0 build 7381 rev 124627 built on 2023-07-19
// Device information: 
//  DeviceId: 00B4D204
//  ProductCode: MTW2-3A7G6
//  Firmware Version: 4.6.0
//  Hardware Version: 2.0.0
// Device settings: 
//  Filter Profile: human(46.1)
//  Option Flags: Orientation Smoother Disabled, Position/Velocity Smoother Disabled, Continuous Zero Rotation Update Disabled, AHS Disabled, ICC Disabled
// Coordinate system: ENU
PacketCounter	SampleTimeFine	Acc_X	Acc_Y	Acc_Z	Quat_q0	Quat_q1	Quat_q2	Quat_q3	Roll	Pitch	Yaw	Mat[1][1]	Mat[2][1]	Mat[3][1]	Mat[1][2]	Mat[2][2]	Mat[3][2]	Mat[1][3]	Mat[2][3]	Mat[3][3]	Latitude	Longitude	Altitude	Vel_E	Vel_N	Vel_U
32691		8.077283	-0.059543	5.292634	0.752891	0.243686	-0.407771	0.455516	-0.475753	-56.722230	62.606645	0.252454	0.487172	0.836020	-0.884644	0.466244	-0.004556	-0.392009	-0.738430	0.548680						
32692		8.053229	-0.068395	5.269557	0.752904	0.243692	-0.407774	0.455489	-0.471876	-56.722957	62.600628	0.252501	0.487136	0.836027	-0.884622	0.466287	-0.004519	-0.392030	-0.738427	0.548669						
32693		8.077431	-0.058907	5.292415	0.752921	0.243708	-0.407751	0.455472	-0.464952	-56.721477	62.593848	0.252568	0.487126	0.836013	-0.884614	0.466303	-0.004453	-0.392004	-0.738424	0.548691						
32694		8.064324	-0.043046	5.248176	0.752936	0.243700	-0.407725	0.455475	-0.463187	-56.718115	62.592120	0.252606	0.487162	0.835981	-0.884612	0.466306	-0.004436	-0.391984	-0.738398	0.548741						
32695		8.028290	-0.043622	5.312394	0.752968	0.243686	-0.407701	0.455452	-0.459349	-56.714473	62.585348	0.252688	0.487179	0.835946	-0.884583	0.466361	-0.004400	-0.391996	-0.738352	0.548794						
32696		8.061397	-0.042413	5.303213	0.752977	0.243688	-0.407691	0.455444	-0.457031	-56.713529	62.582543	0.252718	0.487179	0.835937	-0.884577	0.466375	-0.004378	-0.391993	-0.738344	0.548808						
32697		8.037312	-0.051242	5.280187	0.753004	0.243689	-0.407688	0.455403	-0.451679	-56.713226	62.573295	0.252798	0.487142	0.835934	-0.884538	0.466448	-0.004327	-0.392028	-0.738322	0.548813						
32698		8.077035	-0.057533	5.293034	0.753043	0.243685	-0.407674	0.455353	-0.444883	-56.711423	62.561524	0.252911	0.487113	0.835917	-0.884489	0.466542	-0.004262	-0.392067	-0.738281	0.548840						
32699		8.059495	-0.074101	5.292145	0.753040	0.243697	-0.407679	0.455346	-0.442988	-56.712885	62.559894	0.252915	0.487087	0.835931	-0.884488	0.466543	-0.004243	-0.392065	-0.738298	0.548818						
32700		8.077429	-0.057202	5.292437	0.753018	0.243723	-0.407689	0.455360	-0.442205	-56.715707	62.562450	0.252874	0.487062	0.835958	-0.884514	0.466494	-0.004236	-0.392032	-0.738346	0.548777						
32701		8.071297	-0.049222	5.269670	0.752993	0.243774	-0.407684	0.455379	-0.436592	-56.718536	62.563258	0.252848	0.487029	0.835985	-0.884559	0.466409	-0.004181	-0.391948	-0.738421	0.548736						
32702		8.078124	-0.056658	5.291382	0.752966	0.243816	-0.407676	0.455407	-0.432951	-56.720575	62.566248	0.252809	0.487016	0.836004	-0.884608	0.466316	-0.004146	-0.391862	-0.738488	0.548707						
32703		8.029685	-0.041525	5.310302	0.752936	0.243870	-0.407676	0.455428	-0.427970	-56.724136	62.567989	0.252770	0.486977	0.836039	-0.884656	0.466225	-0.004098	-0.391778	-0.738571	0.548655						
32704		8.061168	-0.072824	5.289615	0.752924	0.243906	-0.407663	0.455440	-0.422499	-56.725091	62.567141	0.252771	0.486961	0.836048	-0.884687	0.466168	-0.004046	-0.391709	-0.738618	0.548642						
32705		8.054824	-0.064738	5.267164	0.752900	0.243945	-0.407641	0.455480	-0.419033	-56.725313	62.571362	0.252734	0.486977	0.836050	-0.884745	0.466058	-0.004013	-0.391602	-0.738677	0.548639						
32706		8.063283	-0.039577	5.300368	0.752909	0.243946	-0.407600	0.455500	-0.416177	-56.720831	62.571465	0.252763	0.487035	0.836007	-0.884765	0.466020	-0.003986	-0.391537	-0.738663	0.548704						
32707		8.040889	-0.015701	5.288730	0.752932	0.243942	-0.407563	0.455497	-0.411713	-56.716394	62.567143	0.252829	0.487074	0.835964	-0.884761	0.466028	-0.003943	-0.391504	-0.738632	0.548769						
32708		8.022986	-0.032397	5.288400	0.752961	0.243920	-0.407544	0.455478	-0.410346	-56.712793	62.562294	0.252895	0.487099	0.835930	-0.884731	0.466085	-0.003931	-0.391529	-0.738579	0.548822						
32709		8.051372	-0.063668	5.323027	0.752988	0.243908	-0.407525	0.455458	-0.407147	-56.709881	62.556463	0.252964	0.487111	0.835902	-0.884705	0.466134	-0.003900	-0.391542	-0.738540	0.548865						
32710		8.033610	-0.080310	5.322483	0.753015	0.243900	-0.407510	0.455430	-0.403250	-56.707732	62.549403	0.253039	0.487107	0.835881	-0.884675	0.466193	-0.003863	-0.391564	-0.738506	0.548896						
32711		8.053429	-0.063627	5.269311	0.753054	0.243862	-0.407454	0.455436	-0.402473	-56.698895	62.547076	0.253118	0.487212	0.835797	-0.884661	0.466218	-0.003857	-0.391543	-0.738421	0.549025						
32712		8.024111	-0.032525	5.236111	0.753107	0.243785	-0.407415	0.455425	-0.407054	-56.689341	62.544668	0.253202	0.487325	0.835705	-0.884611	0.466314	-0.003902	-0.391602	-0.738286	0.549164						
32713		8.089644	-0.103984	5.273540	0.753152	0.243707	-0.407386	0.455417	-0.413445	-56.680965	62.544138	0.253263	0.487431	0.835625	-0.884563	0.466404	-0.003964	-0.391671	-0.738159	0.549286						
32714		8.103885	-0.086964	5.330008	0.753209	0.243672	-0.407311	0.455409	-0.408122	-56.670237	62.536417	0.253401	0.487535	0.835522	-0.884537	0.466454	-0.003914	-0.391641	-0.738058	0.549443						
32715		8.041593	-0.056099	5.305784	0.753205	0.243709	-0.407268	0.455434	-0.400576	-56.667898	62.535471	0.253425	0.487561	0.835500	-0.884581	0.466371	-0.003842	-0.391526	-0.738093	0.549478						
32716		8.034577	-0.014277	5.348870	0.753193	0.243799	-0.407225	0.455445	-0.383952	-56.669225	62.528492	0.253475	0.487513	0.835512	-0.884638	0.466265	-0.003682	-0.391365	-0.738192	0.549459						
32717		8.079479	-0.020672	5.252770	0.753184	0.243830	-0.407165	0.455497	-0.378247	-56.664626	62.531920	0.253477	0.487588	0.835468	-0.884705	0.466138	-0.003628	-0.391212	-0.738223	0.549527						
32718		8.067813	-0.044941	5.275040	0.753189	0.243839	-0.407079	0.455561	-0.373649	-56.655613	62.536141	0.253502	0.487723	0.835382	-0.884771	0.466013	-0.003585	-0.391047	-0.738213	0.549658						
32719		8.048860	-0.028745	5.340759	0.753201	0.243813	-0.407015	0.455613	-0.375360	-56.646673	62.541976	0.253512	0.487865	0.835296	-0.884807	0.465945	-0.003602	-0.390959	-0.738162	0.549789						
32720		7.997519	-0.046811	5.350064	0.753217	0.243795	-0.406992	0.455615	-0.375407	-56.642957	62.541086	0.253545	0.487909	0.835260	-0.884799	0.465959	-0.003603	-0.390955	-0.738124	0.549843						
32721		7.999541	-0.014168	5.360919	0.753240	0.243777	-0.407014	0.455568	-0.375073	-56.644172	62.534136	0.253596	0.487863	0.835272	-0.884745	0.466062	-0.003599	-0.391044	-0.738090	0.549825						
32722		7.982127	-0.030763	5.359844	0.753257	0.243800	-0.407011	0.455531	-0.367192	-56.645376	62.524630	0.253669	0.487805	0.835284	-0.884721	0.466107	-0.003524	-0.391050	-0.738099	0.549808						
32723		7.982425	-0.030353	5.359403	0.753258	0.243816	-0.407027	0.455505	-0.364073	-56.648343	62.520087	0.253687	0.487746	0.835312	-0.884706	0.466137	-0.003493	-0.391074	-0.738119	0.549765						
32724		7.983118	-0.030300	5.358371	0.753220	0.243858	-0.407088	0.455490	-0.363924	-56.657964	62.520911	0.253616	0.487626	0.835404	-0.884713	0.466123	-0.003491	-0.391104	-0.738208	0.549625						
32725		8.035624	-0.045741	5.282805	0.753187	0.243874	-0.407178	0.455457	-0.368992	-56.669088	62.522263	0.253529	0.487488	0.835511	-0.884689	0.466168	-0.003539	-0.391214	-0.738270	0.549462						
32726		8.003570	-0.047178	5.290378	0.753164	0.243894	-0.407274	0.455398	-0.371168	-56.681076	62.518417	0.253481	0.487316	0.835626	-0.884643	0.466256	-0.003558	-0.391350	-0.738328	0.549287						
32727		8.042356	-0.086804	5.290713	0.753161	0.243905	-0.407354	0.455326	-0.371234	-56.690796	62.510726	0.253481	0.487156	0.835719	-0.884579	0.466376	-0.003558	-0.391493	-0.738358	0.549146						
32728		7.999132	-0.039586	5.265038	0.753134	0.243945	-0.407411	0.455298	-0.369404	-56.699739	62.508355	0.253441	0.487030	0.835805	-0.884572	0.466390	-0.003540	-0.391535	-0.738433	0.549015						
32729		8.022198	-0.063011	5.275666	0.753106	0.243997	-0.407468	0.455265	-0.365416	-56.709687	62.504577	0.253406	0.486884	0.835900	-0.884568	0.466397	-0.003501	-0.391566	-0.738524	0.548870						
32730		8.040875	-0.045704	5.274810	0.753059	0.244082	-0.407513	0.455258	-0.358295	-56.720357	62.503146	0.253347	0.486740	0.836002	-0.884605	0.466328	-0.003431	-0.391522	-0.738663	0.548715						
32731		8.059497	-0.028440	5.274025	0.753021	0.244137	-0.407558	0.455251	-0.355224	-56.729145	62.503242	0.253287	0.486626	0.836087	-0.884627	0.466288	-0.003401	-0.391512	-0.738763	0.548587						
32732		8.075926	-0.044193	5.262618	0.752986	0.244176	-0.407600	0.455249	-0.354810	-56.736504	62.505225	0.253220	0.486540	0.836157	-0.884645	0.466252	-0.003397	-0.391512	-0.738842	0.548480						
32733		8.098538	-0.067946	5.273928	0.752976	0.244178	-0.407613	0.455254	-0.356653	-56.737963	62.507394	0.253192	0.486531	0.836171	-0.884650	0.466242	-0.003414	-0.391519	-0.738855	0.548458						
32734		8.094258	-0.027463	5.262260	0.752955	0.244214	-0.407597	0.455283	-0.353040	-56.738651	62.510070	0.253165	0.486533	0.836178	-0.884697	0.466154	-0.003379	-0.391432	-0.738908	0.548448						
32735		8.116389	-0.050872	5.274311	0.752951	0.244228	-0.407568	0.455309	-0.350479	-56.736350	62.511936	0.253164	0.486571	0.836156	-0.884730	0.466093	-0.003355	-0.391358	-0.738922	0.548482						
32736		8.085102	-0.019062	5.294736	0.752959	0.244228	-0.407544	0.455317	-0.348340	-56.733683	62.511069	0.253190	0.486602	0.836130	-0.884737	0.466078	-0.003335	-0.391325	-0.738911	0.548521						
32737		8.053817	0.012578	5.315152	0.752960	0.244220	-0.407529	0.455332	-0.349521	-56.731439	62.513359	0.253185	0.486641	0.836108	-0.884748	0.466058	-0.003346	-0.391303	-0.738898	0.548554						
32738		8.034227	-0.037230	5.303460	0.752944	0.244228	-0.407540	0.455344	-0.351167	-56.733280	62.516631	0.253145	0.486632	0.836126	-0.884763	0.466029	-0.003362	-0.391295	-0.738923	0.548527						
32739		8.085872	-0.052711	5.228924	0.752931	0.244222	-0.407571	0.455342	-0.355520	-56.736243	62.519682	0.253099	0.486607	0.836154	-0.884758	0.466038	-0.003403	-0.391336	-0.738933	0.548483						
32740		8.114669	-0.084345	5.262955	0.752945	0.244211	-0.407564	0.455331	-0.354963	-56.734778	62.517161	0.253130	0.486615	0.836140	-0.884742	0.466070	-0.003398	-0.391353	-0.738908	0.548505						
32741		8.092463	-0.060938	5.251023	0.752938	0.244201	-0.407543	0.455367	-0.358007	-56.731761	62.523305	0.253099	0.486681	0.836112	-0.884771	0.466014	-0.003428	-0.391308	-0.738900	0.548549						
32742		8.061305	-0.029655	5.271256	0.752927	0.244194	-0.407555	0.455379	-0.361760	-56.732564	62.527423	0.253058	0.486689	0.836119	-0.884779	0.465999	-0.003463	-0.391316	-0.738904	0.548537						
32743		8.092678	-0.061444	5.250685	0.752912	0.244225	-0.407552	0.455389	-0.358305	-56.734332	62.527733	0.253044	0.486667	0.836136	-0.884805	0.465949	-0.003430	-0.391267	-0.738949	0.548511						
32744		8.037567	-0.038576	5.247690	0.752923	0.244237	-0.407546	0.455369	-0.353514	-56.734525	62.522164	0.253090	0.486640	0.836138	-0.884792	0.465974	-0.003384	-0.391265	-0.738952	0.548509						
32745		8.050597	-0.053950	5.292134	0.752936	0.244226	-0.407526	0.455372	-0.352815	-56.731569	62.521125	0.253118	0.486674	0.836110	-0.884789	0.465980	-0.003378	-0.391255	-0.738925	0.548552						
32746		8.076978	-0.045242	5.260994	0.752967	0.244192	-0.407494	0.455368	-0.353341	-56.725664	62.518973	0.253176	0.486741	0.836053	-0.884768	0.466020	-0.003383	-0.391265	-0.738856	0.548638						
32747		8.038948	-0.078934	5.314438	0.752969	0.244174	-0.407492	0.455375	-0.356400	-56.724192	62.521209	0.253167	0.486770	0.836039	-0.884765	0.466025	-0.003413	-0.391276	-0.738834	0.548659						
32748		8.027993	-0.030885	5.280805	0.752976	0.244171	-0.407494	0.455365	-0.355816	-56.724235	62.519288	0.253183	0.486761	0.836040	-0.884753	0.466047	-0.003407	-0.391292	-0.738826	0.548659						
32749		8.076884	-0.045728	5.261134	0.752982	0.244168	-0.407496	0.455353	-0.355148	-56.724250	62.517195	0.253201	0.486751	0.836040	-0.884741	0.466071	-0.003401	-0.391309	-0.738817	0.548658						
32750		8.054771	-0.022245	5.249063	0.752994	0.244149	-0.407485	0.455354	-0.356496	-56.721763	62.517224	0.253218	0.486784	0.836016	-0.884732	0.466088	-0.003414	-0.391319	-0.738785	0.548695						
32751		8.032426	-0.071644	5.292224	0.753015	0.244133	-0.407471	0.455340	-0.355490	-56.719214	62.513766	0.253264	0.486801	0.835991	-0.884711	0.466128	-0.003405	-0.391336	-0.738748	0.548732						
32752		8.040901	-0.046786	5.325424	0.753012	0.244130	-0.407457	0.455358	-0.356218	-56.717425	62.516288	0.253255	0.486836	0.835974	-0.884726	0.466098	-0.003412	-0.391307	-0.738744	0.548758						
32753		8.034448	-0.038959	5.303112	0.753016	0.244147	-0.407457	0.455344	-0.352131	-56.718520	62.512287	0.253281	0.486804	0.835985	-0.884722	0.466107	-0.003373	-0.391301	-0.738760	0.548742						
32754		8.078951	-0.013008	5.271953	0.753033	0.244150	-0.407462	0.455311	-0.348491	-56.719248	62.505433	0.253335	0.486764	0.835992	-0.884691	0.466166	-0.003338	-0.391336	-0.738749	0.548732						
32755		8.101125	-0.036329	5.283933	0.753050	0.244154	-0.407446	0.455294	-0.344067	-56.717779	62.500066	0.253390	0.486759	0.835978	-0.884677	0.466192	-0.003295	-0.391330	-0.738736	0.548754						
32756		8.061325	-0.029363	5.271226	0.753059	0.244156	-0.407425	0.455298	-0.341560	-56.715555	62.498487	0.253419	0.486781	0.835956	-0.884682	0.466184	-0.003272	-0.391302	-0.738726	0.548786						
32757		8.050118	-0.053865	5.292864	0.753067	0.244158	-0.407403	0.455302	-0.339000	-56.713312	62.496975	0.253447	0.486804	0.835935	-0.884687	0.466174	-0.003247	-0.391272	-0.738718	0.548819						
32758		8.012294	-0.014186	5.291108	0.753073	0.244171	-0.407369	0.455315	-0.334584	-56.710306	62.495661	0.253478	0.486837	0.835906	-0.884706	0.466138	-0.003205	-0.391208	-0.738719	0.548863						
32759		8.045383	-0.013078	5.281899	0.753082	0.244157	-0.407360	0.455315	-0.335457	-56.708469	62.495531	0.253491	0.486860	0.835889	-0.884699	0.466151	-0.003214	-0.391215	-0.738695	0.548890						
32760		8.060934	-0.029176	5.271825	0.753103	0.244125	-0.407370	0.455290	-0.338352	-56.707376	62.492953	0.253521	0.486863	0.835878	-0.884659	0.466228	-0.003242	-0.391288	-0.738645	0.548906						
32761		8.051932	-0.021525	5.304062	0.753109	0.244099	-0.407386	0.455280	-0.342672	-56.707429	62.493677	0.253514	0.486865	0.835879	-0.884635	0.466272	-0.003283	-0.391345	-0.738615	0.548905						
32762		8.043402	-0.046841	5.270945	0.753120	0.244079	-0.407385	0.455273	-0.344586	-56.705998	62.493192	0.253528	0.486881	0.835865	-0.884618	0.466304	-0.003301	-0.391375	-0.738584	0.548925						
32763		8.039028	-0.079781	5.314305	0.753101	0.244064	-0.407428	0.455274	-0.352058	-56.709713	62.498578	0.253457	0.486857	0.835900	-0.884611	0.466318	-0.003373	-0.391437	-0.738592	0.548871						
32764		8.059429	-0.063742	5.260129	0.753102	0.244051	-0.407429	0.455277	-0.354486	-56.709020	62.500238	0.253448	0.486874	0.835894	-0.884608	0.466323	-0.003396	-0.391450	-0.738577	0.548881						
32765		8.050411	-0.055995	5.292397	0.753107	0.244035	-0.407433	0.455275	-0.356927	-56.708301	62.501013	0.253446	0.486886	0.835887	-0.884597	0.466343	-0.003419	-0.391475	-0.738557	0.548891						
32766		8.048382	-0.089153	5.281503	0.753121	0.243996	-0.407446	0.455260	-0.362232	-56.707245	62.501201	0.253452	0.486901	0.835877	-0.884563	0.466408	-0.003470	-0.391550	-0.738506	0.548906						
32767		8.017281	-0.057952	5.301664	0.753121	0.243982	-0.407455	0.455260	-0.365304	-56.707258	62.502909	0.253437	0.486908	0.835877	-0.884556	0.466421	-0.003500	-0.391575	-0.738493	0.548906						
32768		8.066168	-0.073071	5.281982	0.753121	0.243973	-0.407460	0.455260	-0.367235	-56.707214	62.503929	0.253429	0.486913	0.835876	-0.884551	0.466431	-0.003518	-0.391591	-0.738484	0.548906						
32769		8.010975	-0.050616	5.279126	0.753109	0.243989	-0.407454	0.455278	-0.366258	-56.707516	62.506172	0.253407	0.486919	0.835879	-0.884576	0.466383	-0.003509	-0.391549	-0.738509	0.548902						
32770		8.101797	-0.039645	5.282878	0.753071	0.244011	-0.407468	0.455317	-0.369428	-56.710579	62.514823	0.253313	0.486918	0.835909	-0.884624	0.466291	-0.003539	-0.391500	-0.738569	0.548857						
32771		8.062472	-0.033186	5.269448	0.753059	0.244018	-0.407497	0.455305	-0.370668	-56.714276	62.515003	0.253287	0.486871	0.835944	-0.884617	0.466304	-0.003550	-0.391533	-0.738591	0.548803						
32772		8.051711	-0.057665	5.290400	0.753070	0.244042	-0.407496	0.455277	-0.363870	-56.715787	62.507434	0.253341	0.486818	0.835959	-0.884602	0.466334	-0.003485	-0.391532	-0.738608	0.548781						
32773		8.078592	-0.048563	5.258485	0.753065	0.244053	-0.407496	0.455278	-0.362585	-56.716495	62.507259	0.253338	0.486808	0.835965	-0.884609	0.466320	-0.003473	-0.391518	-0.738623	0.548771						
32774		8.045505	-0.049612	5.267710	0.753057	0.244060	-0.407489	0.455294	-0.362528	-56.716215	62.509548	0.253320	0.486822	0.835963	-0.884628	0.466284	-0.003472	-0.391486	-0.738637	0.548775						
32775		8.052098	-0.057506	5.289813	0.753036	0.244074	-0.407476	0.455332	-0.363412	-56.715745	62.515645	0.253272	0.486855	0.835958	-0.884672	0.466201	-0.003481	-0.391419	-0.738667	0.548782						
32776		8.049834	0.015652	5.289099	0.753016	0.244101	-0.407474	0.455353	-0.361808	-56.717235	62.518456	0.253238	0.486848	0.835972	-0.884706	0.466137	-0.003465	-0.391365	-0.738712	0.548760						
32777		8.054507	-0.024895	5.300137	0.753012	0.244100	-0.407481	0.455355	-0.363017	-56.717962	62.519690	0.253222	0.486844	0.835979	-0.884708	0.466133	-0.003477	-0.391371	-0.738717	0.548750						
32778		8.041684	-0.009425	5.255368	0.753025	0.244094	-0.407504	0.455315	-0.361972	-56.720211	62.513694	0.253258	0.486788	0.836001	-0.884666	0.466213	-0.003467	-0.391442	-0.738704	0.548717						
32779		8.037530	-0.042026	5.298416	0.753016	0.244092	-0.407545	0.455295	-0.365090	-56.724679	62.513823	0.253227	0.486731	0.836044	-0.884645	0.466251	-0.003496	-0.391508	-0.738717	0.548652						
32780		8.060084	-0.065906	5.309798	0.753008	0.244099	-0.407568	0.455283	-0.365531	-56.727626	62.513244	0.253212	0.486690	0.836072	-0.884638	0.466266	-0.003500	-0.391535	-0.738735	0.548609						
32781		8.069456	-0.074138	5.276944	0.752987	0.244114	-0.407578	0.455301	-0.366754	-56.729778	62.517329	0.253163	0.486680	0.836093	-0.884662	0.466219	-0.003512	-0.391511	-0.738771	0.548577						
32782		8.080870	-0.049675	5.254974	0.752962	0.244133	-0.407591	0.455320	-0.367909	-56.732458	62.521775	0.253107	0.486665	0.836118	-0.884691	0.466165	-0.003522	-0.391483	-0.738815	0.548538						
32783		8.050006	-0.018166	5.274835	0.752952	0.244139	-0.407597	0.455329	-0.368810	-56.733532	62.523968	0.253081	0.486661	0.836129	-0.884702	0.466143	-0.003531	-0.391474	-0.738831	0.548522						
32784		8.072301	-0.041975	5.286604	0.752953	0.244134	-0.407607	0.455321	-0.369920	-56.734349	62.523550	0.253079	0.486649	0.836136	-0.884691	0.466164	-0.003541	-0.391500	-0.738826	0.548510						
32785		8.072427	-0.042220	5.286410	0.752965	0.244113	-0.407617	0.455303	-0.372055	-56.734035	62.521909	0.253095	0.486646	0.836133	-0.884663	0.466217	-0.003562	-0.391553	-0.738795	0.548515						
32786		8.070432	-0.075159	5.275436	0.752960	0.244113	-0.407615	0.455314	-0.373044	-56.733783	62.524093	0.253078	0.486658	0.836131	-0.884674	0.466196	-0.003571	-0.391539	-0.738800	0.548518						
32787		8.015209	-0.052723	5.272675	0.752946	0.244122	-0.407609	0.455337	-0.373622	-56.733719	62.527773	0.253047	0.486676	0.836130	-0.884700	0.466146	-0.003577	-0.391500	-0.738820	0.548519						
32788		8.044055	-0.084071	5.306627	0.752912	0.244172	-0.407598	0.455376	-0.369830	-56.735928	62.532508	0.252992	0.486668	0.836151	-0.884765	0.466024	-0.003540	-0.391390	-0.738902	0.548487						
32789		8.030726	-0.035375	5.327377	0.752910	0.244179	-0.407587	0.455385	-0.368529	-56.735151	62.532861	0.252995	0.486679	0.836144	-0.884777	0.466002	-0.003528	-0.391362	-0.738908	0.548499						
32790		8.073031	-0.042624	5.285485	0.752891	0.244177	-0.407593	0.455414	-0.372960	-56.735625	62.539775	0.252933	0.486704	0.836149	-0.884803	0.465952	-0.003570	-0.391343	-0.738923	0.548491						
32791		8.046598	-0.051821	5.316765	0.752889	0.244168	-0.407618	0.455398	-0.375433	-56.737875	62.539501	0.252920	0.486673	0.836170	-0.884783	0.465989	-0.003594	-0.391395	-0.738920	0.548458						
32792		8.055928	-0.060196	5.283948	0.752889	0.244158	-0.407644	0.455380	-0.377944	-56.740127	62.538837	0.252910	0.486641	0.836192	-0.884761	0.466032	-0.003618	-0.391452	-0.738915	0.548425						
32793		8.053737	-0.060157	5.338056	0.752899	0.244148	-0.407664	0.455351	-0.378538	-56.741665	62.535235	0.252931	0.486606	0.836206	-0.884727	0.466095	-0.003623	-0.391515	-0.738898	0.548403						
32794		8.003239	-0.077899	5.346272	0.752902	0.244177	-0.407677	0.455320	-0.372332	-56.745007	62.528234	0.252968	0.486531	0.836238	-0.884713	0.466123	-0.003563	-0.391524	-0.738929	0.548355						
32795		7.997299	-0.069730	5.323169	0.752900	0.244205	-0.407726	0.455263	-0.367990	-56.752447	62.519699	0.252990	0.486397	0.836310	-0.884673	0.466199	-0.003521	-0.391600	-0.738969	0.548246						
32796		8.049265	-0.084742	5.247901	0.752854	0.244246	-0.407762	0.455285	-0.369366	-56.759178	62.526056	0.252891	0.486338	0.836374	-0.884715	0.466119	-0.003534	-0.391569	-0.739059	0.548148						
32797		8.076373	-0.076210	5.215541	0.752838	0.244247	-0.407774	0.455301	-0.372455	-56.760617	62.530621	0.252842	0.486340	0.836388	-0.884731	0.466089	-0.003563	-0.391564	-0.739077	0.548127						
32798		8.094192	-0.059931	5.215959	0.752827	0.244222	-0.407794	0.455316	-0.380147	-56.761024	62.537157	0.252784	0.486363	0.836392	-0.884731	0.466087	-0.003637	-0.391600	-0.739063	0.548120						
32799		8.107219	-0.075983	5.260463	0.752836	0.244207	-0.407763	0.455336	-0.380683	-56.756564	62.539042	0.252798	0.486429	0.836349	-0.884743	0.466065	-0.003642	-0.391564	-0.739033	0.548185						
32800		8.066772	-0.036126	5.313621	0.752830	0.244234	-0.407704	0.455384	-0.375269	-56.751780	62.541905	0.252806	0.486504	0.836303	-0.884804	0.465950	-0.003591	-0.391423	-0.739056	0.548255						
32801		8.044584	-0.011922	5.301701	0.752821	0.244285	-0.407681	0.455392	-0.366186	-56.752779	62.538457	0.252828	0.486476	0.836313	-0.884838	0.465886	-0.003504	-0.391331	-0.739115	0.548241						
32802		8.035741	-0.003144	5.333802	0.752800	0.244344	-0.407648	0.455424	-0.357539	-56.753052	62.538806	0.252824	0.486474	0.836315	-0.884899	0.465769	-0.003421	-0.391194	-0.739190	0.548238						
32803		8.066904	-0.034435	5.313432	0.752803	0.244349	-0.407632	0.455431	-0.355607	-56.751543	62.538227	0.252839	0.486491	0.836301	-0.884908	0.465753	-0.003403	-0.391165	-0.739189	0.548260						
32804		8.055753	-0.059315	5.335023	0.752814	0.244315	-0.407631	0.455432	-0.360468	-56.749189	62.540367	0.252836	0.486531	0.836278	-0.884892	0.465783	-0.003450	-0.391203	-0.739144	0.548294						
32805		8.011750	-0.085738	5.365534	0.752780	0.244306	-0.407690	0.455440	-0.369838	-56.755099	62.548565	0.252727	0.486490	0.836335	-0.884895	0.465778	-0.003539	-0.391268	-0.739174	0.548207						
32806		8.023712	-0.061622	5.342720	0.752740	0.244349	-0.407761	0.455419	-0.370324	-56.765939	62.549198	0.252649	0.486353	0.836439	-0.884896	0.465775	-0.003542	-0.391315	-0.739267	0.548049						
32807		8.000684	-0.070647	5.318069	0.752704	0.244407	-0.407835	0.455382	-0.366957	-56.778100	62.545807	0.252596	0.486180	0.836555	-0.884891	0.465784	-0.003509	-0.391360	-0.739374	0.547872						
32808		8.045933	-0.011803	5.350527	0.752661	0.244470	-0.407921	0.455342	-0.364286	-56.791953	62.542827	0.252528	0.485988	0.836687	-0.884885	0.465797	-0.003482	-0.391418	-0.739493	0.547670						
32809		7.999040	-0.030066	5.302467	0.752607	0.244518	-0.408041	0.455297	-0.367197	-56.808584	62.543068	0.252414	0.485773	0.836846	-0.884867	0.465831	-0.003508	-0.391533	-0.739612	0.547427						
32810		8.014200	-0.078845	5.278852	0.752543	0.244590	-0.408160	0.455259	-0.367295	-56.826662	62.543269	0.252290	0.485540	0.837019	-0.884867	0.465830	-0.003508	-0.391612	-0.739766	0.547163						
32811		8.024875	-0.087340	5.243869	0.752496	0.244611	-0.408300	0.455199	-0.374891	-56.843733	62.543918	0.252170	0.485321	0.837182	-0.884820	0.465919	-0.003579	-0.391796	-0.739853	0.546913						
32812		8.061713	-0.054120	5.242826	0.752462	0.244646	-0.408411	0.455138	-0.376497	-56.858447	62.540356	0.252101	0.485115	0.837322	-0.884780	0.465996	-0.003592	-0.391932	-0.739940	0.546698						
32813		8.029724	-0.055231	5.250518	0.752430	0.244690	-0.408463	0.455119	-0.374645	-56.867270	62.539448	0.252049	0.484996	0.837407	-0.884785	0.465987	-0.003574	-0.391954	-0.740024	0.546569						
32814		8.055134	-0.079057	5.206509	0.752405	0.244725	-0.408529	0.455083	-0.373704	-56.876950	62.536672	0.252007	0.484859	0.837499	-0.884768	0.466018	-0.003564	-0.392018	-0.740094	0.546427						
32815		8.058131	-0.046277	5.215996	0.752384	0.244761	-0.408577	0.455056	-0.371525	-56.884693	62.533866	0.251979	0.484746	0.837573	-0.884760	0.466033	-0.003543	-0.392054	-0.740158	0.546314						
32816		8.098620	-0.052719	5.227548	0.752388	0.244792	-0.408607	0.455005	-0.365032	-56.890186	62.524519	0.252021	0.484634	0.837625	-0.884728	0.466094	-0.003480	-0.392099	-0.740194	0.546234						
32817		8.096691	-0.052262	5.281514	0.752395	0.244784	-0.408615	0.454990	-0.365296	-56.890585	62.522399	0.252036	0.484619	0.837629	-0.884709	0.466130	-0.003483	-0.392132	-0.740180	0.546229						
32818		8.112331	-0.068414	5.271144	0.752398	0.244758	-0.408630	0.454986	-0.370347	-56.890435	62.524553	0.252019	0.484630	0.837628	-0.884692	0.466162	-0.003531	-0.392182	-0.740153	0.546230						
32819		8.090240	-0.045087	5.259085	0.752403	0.244753	-0.408626	0.454984	-0.370292	-56.889696	62.523923	0.252029	0.484637	0.837620	-0.884687	0.466171	-0.003530	-0.392186	-0.740143	0.546241						
32820		8.074747	-0.029280	5.269227	0.752415	0.244748	-0.408625	0.454969	-0.369116	-56.889151	62.520788	0.252059	0.484631	0.837615	-0.884670	0.466204	-0.003519	-0.392206	-0.740126	0.546249						
32821		8.094703	-0.052581	5.335574	0.752417	0.244758	-0.408625	0.454959	-0.366568	-56.889879	62.518208	0.252076	0.484610	0.837622	-0.884666	0.466211	-0.003495	-0.392203	-0.740135	0.546239						
32822		8.072798	-0.028809	5.323239	0.752431	0.244759	-0.408644	0.454918	-0.363922	-56.892103	62.511244	0.252120	0.484550	0.837643	-0.884628	0.466285	-0.003469	-0.392262	-0.740128	0.546206						
32823		8.113279	-0.068432	5.269684	0.752433	0.244767	-0.408696	0.454864	-0.362966	-56.898458	62.504597	0.252133	0.484439	0.837704	-0.884580	0.466376	-0.003460	-0.392361	-0.740144	0.546114						
32824		8.091833	-0.045015	5.256634	0.752429	0.244758	-0.408764	0.454814	-0.367029	-56.905410	62.501539	0.252112	0.484335	0.837770	-0.884527	0.466476	-0.003498	-0.392493	-0.740149	0.546012						
32825		8.081627	-0.102893	5.211743	0.752433	0.244755	-0.408806	0.454772	-0.367625	-56.909913	62.496865	0.252121	0.484256	0.837813	-0.884485	0.466556	-0.003503	-0.392583	-0.740150	0.545946						
32826		8.057553	-0.079200	5.253780	0.752423	0.244760	-0.408814	0.454778	-0.368679	-56.911157	62.498784	0.252097	0.484248	0.837825	-0.884493	0.466540	-0.003513	-0.392580	-0.740165	0.545928						
32827		8.053349	-0.038882	5.242003	0.752412	0.244767	-0.408843	0.454766	-0.369906	-56.914851	62.498961	0.252070	0.484201	0.837860	-0.884486	0.466553	-0.003524	-0.392613	-0.740187	0.545873						
32828		8.087015	-0.037458	5.231676	0.752398	0.244837	-0.408846	0.454749	-0.358597	-56.919939	62.491918	0.252095	0.484104	0.837909	-0.884506	0.466516	-0.003416	-0.392552	-0.740274	0.545800						
32829		8.098579	-0.012061	5.209303	0.752385	0.244882	-0.408865	0.454730	-0.352314	-56.925059	62.487298	0.252100	0.484017	0.837957	-0.884511	0.466506	-0.003356	-0.392537	-0.740337	0.545725						
32830		8.072326	-0.020624	5.240604	0.752413	0.244865	-0.408862	0.454696	-0.350311	-56.923664	62.480479	0.252167	0.484006	0.837944	-0.884470	0.466586	-0.003337	-0.392588	-0.740295	0.545746						
32831		8.043731	-0.062337	5.261398	0.752431	0.244832	-0.408879	0.454667	-0.353693	-56.923388	62.477862	0.252191	0.483998	0.837942	-0.884425	0.466670	-0.003369	-0.392673	-0.740247	0.545750						
32832		8.052817	-0.070423	5.228716	0.752438	0.244844	-0.408892	0.454637	-0.350144	-56.925674	62.472155	0.252224	0.483943	0.837963	-0.884403	0.466712	-0.003335	-0.392702	-0.740256	0.545716						
32833		8.073131	-0.093623	5.294590	0.752442	0.244858	-0.408921	0.454599	-0.347287	-56.929772	62.466077	0.252247	0.483863	0.838002	-0.884373	0.466769	-0.003307	-0.392754	-0.740272	0.545657						
32834		8.080004	-0.028131	5.261168	0.752443	0.244887	-0.408931	0.454573	-0.341417	-56.932817	62.459943	0.252279	0.483796	0.838031	-0.884363	0.466788	-0.003251	-0.392756	-0.740304	0.545612						
32835		8.096081	-0.043541	5.250102	0.752433	0.244924	-0.408967	0.454536	-0.336380	-56.939458	62.453799	0.252285	0.483683	0.838095	-0.884347	0.466818	-0.003203	-0.392787	-0.740359	0.545516						
32836		8.061477	-0.076982	5.247790	0.752441	0.244939	-0.409004	0.454481	-0.332508	-56.944583	62.445022	0.252325	0.483578	0.838143	-0.884302	0.466904	-0.003165	-0.392863	-0.740373	0.545441						
32837		8.079816	-0.059665	5.247355	0.752428	0.244992	-0.409045	0.454437	-0.324962	-56.952687	62.436915	0.252338	0.483437	0.838221	-0.884288	0.466932	-0.003093	-0.392887	-0.740448	0.545323						
32838		8.089381	-0.067138	5.213905	0.752411	0.245037	-0.409060	0.454427	-0.319165	-56.957416	62.433792	0.252333	0.483362	0.838266	-0.884302	0.466906	-0.003037	-0.392859	-0.740513	0.545254						
32839		8.105324	-0.049532	5.268283	0.752397	0.245087	-0.409072	0.454412	-0.311924	-56.962148	62.429179	0.252340	0.483281	0.838311	-0.884314	0.466883	-0.002968	-0.392828	-0.740581	0.545185						
32840		8.092423	-0.033334	5.223336	0.752372	0.245146	-0.409056	0.454436	-0.304476	-56.964360	62.429520	0.252322	0.483253	0.838332	-0.884368	0.466782	-0.002897	-0.392718	-0.740662	0.545153						
32841		8.099277	-0.040504	5.245194	0.752367	0.245189	-0.409029	0.454446	-0.296281	-56.964255	62.426536	0.252348	0.483242	0.838331	-0.884400	0.466722	-0.002819	-0.392630	-0.740708	0.545155						
32842		8.099236	-0.039786	5.245263	0.752358	0.245239	-0.408973	0.454485	-0.286826	-56.961311	62.426298	0.252370	0.483279	0.838303	-0.884462	0.466603	-0.002729	-0.392474	-0.740758	0.545198						
32843		8.050482	-0.024524	5.265203	0.752357	0.245257	-0.408955	0.454493	-0.283016	-56.960514	62.425228	0.252384	0.483284	0.838295	-0.884480	0.466571	-0.002693	-0.392425	-0.740775	0.545210						
32844		8.099159	-0.038983	5.245387	0.752364	0.245269	-0.408934	0.454495	-0.278793	-56.959015	62.422666	0.252416	0.483292	0.838281	-0.884488	0.466555	-0.002653	-0.392387	-0.740780	0.545232						
32845		8.081435	-0.055496	5.244907	0.752377	0.245281	-0.408900	0.454496	-0.273090	-56.956019	62.418795	0.252469	0.483314	0.838252	-0.884496	0.466541	-0.002599	-0.392335	-0.740774	0.545276						
32846		8.076812	-0.014640	5.233708	0.752374	0.245303	-0.408883	0.454505	-0.268821	-56.955639	62.417652	0.252481	0.483314	0.838249	-0.884515	0.466504	-0.002558	-0.392283	-0.740798	0.545282						
32847		8.065954	-0.039004	5.255068	0.752382	0.245318	-0.408877	0.454488	-0.264064	-56.955995	62.412683	0.252520	0.483288	0.838252	-0.884508	0.466519	-0.002513	-0.392275	-0.740806	0.545277						
32848		8.057256	-0.030723	5.287196	0.752372	0.245343	-0.408873	0.454495	-0.260967	-56.957186	62.412488	0.252514	0.483271	0.838263	-0.884527	0.466482	-0.002484	-0.392235	-0.740840	0.545260						
32849		8.108200	-0.012673	5.277981	0.752387	0.245335	-0.408881	0.454468	-0.259966	-56.957601	62.407962	0.252549	0.483246	0.838267	-0.884497	0.466539	-0.002474	-0.392280	-0.740820	0.545254						
32850		8.073124	-0.046494	5.276450	0.752396	0.245326	-0.408894	0.454445	-0.260140	-56.958503	62.404883	0.252569	0.483221	0.838276	-0.884471	0.466589	-0.002476	-0.392326	-0.740805	0.545241						
32851		8.082168	-0.054479	5.243787	0.752411	0.245325	-0.408902	0.454414	-0.257570	-56.959282	62.398909	0.252614	0.483184	0.838283	-0.884440	0.466648	-0.002451	-0.392367	-0.740792	0.545229						
32852		8.097839	-0.070345	5.233336	0.752402	0.245324	-0.408903	0.454429	-0.259576	-56.959310	62.402282	0.252586	0.483199	0.838284	-0.884454	0.466622	-0.002470	-0.392355	-0.740799	0.545229						
32853		8.080355	-0.087350	5.232485	0.752398	0.245335	-0.408903	0.454431	-0.258276	-56.960017	62.402100	0.252582	0.483189	0.838290	-0.884461	0.466608	-0.002458	-0.392340	-0.740814	0.545219						
32854		8.082588	-0.054521	5.243140	0.752390	0.245357	-0.408892	0.454440	-0.254922	-56.960302	62.401847	0.252583	0.483184	0.838293	-0.884482	0.466568	-0.002426	-0.392293	-0.740842	0.545215						
32855		8.100199	-0.037460	5.243792	0.752391	0.245364	-0.408864	0.454460	-0.252679	-56.957656	62.402765	0.252593	0.483222	0.838268	-0.884505	0.466525	-0.002405	-0.392235	-0.740844	0.545253						
32856		8.082429	-0.054135	5.243389	0.752429	0.245348	-0.408847	0.454422	-0.248519	-56.954639	62.393790	0.252689	0.483222	0.838239	-0.884460	0.466610	-0.002365	-0.392273	-0.740791	0.545298						
32857		8.099777	-0.037073	5.244447	0.752450	0.245331	-0.408811	0.454429	-0.247203	-56.949468	62.392375	0.252736	0.483283	0.838190	-0.884458	0.466614	-0.002353	-0.392249	-0.740749	0.545373						
32858		8.022187	-0.063630	5.285666	0.752461	0.245349	-0.408760	0.454446	-0.240361	-56.945117	62.389845	0.252787	0.483328	0.838148	-0.884484	0.466565	-0.002288	-0.392156	-0.740751	0.545437						
32859		8.081520	-0.053534	5.244796	0.752477	0.245323	-0.408737	0.454456	-0.242184	-56.940700	62.390788	0.252809	0.483389	0.838106	-0.884479	0.466574	-0.002306	-0.392153	-0.740705	0.545502						
32860		8.047897	-0.054558	5.255109	0.752510	0.245310	-0.408672	0.454466	-0.237213	-56.932596	62.387054	0.252895	0.483478	0.838029	-0.884483	0.466567	-0.002259	-0.392089	-0.740651	0.545621						
32861		8.065036	-0.037325	5.256489	0.752520	0.245318	-0.408627	0.454486	-0.232773	-56.928098	62.386133	0.252934	0.483532	0.837986	-0.884506	0.466523	-0.002217	-0.392012	-0.740643	0.545687						
32862		8.082257	-0.020191	5.257743	0.752541	0.245307	-0.408576	0.454502	-0.229934	-56.921695	62.384906	0.252987	0.483610	0.837925	-0.884516	0.466505	-0.002190	-0.391956	-0.740604	0.545780						
32863		8.092723	0.004705	5.236992	0.752566	0.245297	-0.408522	0.454515	-0.226113	-56.915018	62.382611	0.253052	0.483686	0.837862	-0.884523	0.466491	-0.002154	-0.391897	-0.740563	0.545878						
32864		8.094564	-0.035591	5.303601	0.752587	0.245262	-0.408485	0.454532	-0.228484	-56.908460	62.384364	0.253082	0.483779	0.837799	-0.884521	0.466495	-0.002177	-0.391882	-0.740500	0.545974						
32865		8.069807	-0.044823	5.281536	0.752619	0.245236	-0.408444	0.454530	-0.226852	-56.902207	62.381064	0.253152	0.483845	0.837740	-0.884506	0.466524	-0.002162	-0.391872	-0.740438	0.546065						
32866		8.053908	-0.028970	5.292305	0.752631	0.245227	-0.408416	0.454540	-0.225681	-56.898453	62.380734	0.253180	0.483892	0.837704	-0.884511	0.466514	-0.002151	-0.391842	-0.740414	0.546120						
32867		8.084850	-0.060651	5.272074	0.752621	0.245232	-0.408399	0.454569	-0.226263	-56.896911	62.384963	0.253155	0.483931	0.837689	-0.884542	0.466456	-0.002157	-0.391789	-0.740425	0.546143						
32868		8.064628	-0.004258	5.271173	0.752633	0.245239	-0.408367	0.454574	-0.221955	-56.893887	62.382371	0.253197	0.483959	0.837660	-0.884550	0.466440	-0.002116	-0.391743	-0.740417	0.546187						
32869		8.060239	-0.036499	5.314952	0.752638	0.245246	-0.408357	0.454571	-0.219400	-56.893127	62.380327	0.253220	0.483960	0.837653	-0.884551	0.466439	-0.002092	-0.391726	-0.740417	0.546198						
32870		8.044798	-0.020656	5.325020	0.752615	0.245268	-0.408350	0.454603	-0.219224	-56.893861	62.385310	0.253173	0.483972	0.837660	-0.884593	0.466360	-0.002090	-0.391662	-0.740459	0.546188						
32871		8.045185	-0.053579	5.259270	0.752607	0.245287	-0.408355	0.454602	-0.216988	-56.895666	62.384615	0.253166	0.483946	0.837677	-0.884602	0.466342	-0.002068	-0.391645	-0.740488	0.546161						
32872		8.085310	-0.060189	5.271375	0.752584	0.245319	-0.408361	0.454617	-0.215011	-56.898552	62.386739	0.253129	0.483918	0.837705	-0.884633	0.466283	-0.002049	-0.391600	-0.740543	0.546119						
32873		8.085609	-0.060160	5.270917	0.752561	0.245344	-0.408359	0.454644	-0.214347	-56.899938	62.390873	0.253084	0.483918	0.837718	-0.884671	0.466211	-0.002043	-0.391542	-0.740588	0.546099						
32874		8.094641	-0.068463	5.238306	0.752544	0.245338	-0.408358	0.454676	-0.218834	-56.899508	62.398012	0.253027	0.483955	0.837714	-0.884699	0.466159	-0.002086	-0.391517	-0.740597	0.546105						
32875		8.081299	-0.020070	5.259216	0.752540	0.245360	-0.408351	0.454677	-0.215030	-56.900193	62.396410	0.253036	0.483939	0.837721	-0.884712	0.466134	-0.002049	-0.391482	-0.740622	0.546095						
32876		8.074578	-0.012169	5.237160	0.752554	0.245347	-0.408320	0.454690	-0.214483	-56.895790	62.396636	0.253064	0.483997	0.837679	-0.884717	0.466124	-0.002045	-0.391451	-0.740591	0.546160						
32877		8.094196	-0.035531	5.304163	0.752588	0.245318	-0.408291	0.454674	-0.213167	-56.890673	62.391845	0.253139	0.484042	0.837630	-0.884687	0.466180	-0.002032	-0.391470	-0.740526	0.546235						
32878		8.014282	-0.022019	5.279440	0.752613	0.245304	-0.408267	0.454662	-0.210631	-56.886999	62.387351	0.253202	0.484070	0.837595	-0.884668	0.466217	-0.002008	-0.391473	-0.740485	0.546288						
32879		8.085051	-0.059946	5.271775	0.752632	0.245326	-0.408243	0.454640	-0.202123	-56.885863	62.379109	0.253279	0.484048	0.837584	-0.884659	0.466234	-0.001927	-0.391443	-0.740488	0.546305						
32880		8.089136	-0.027162	5.228460	0.752678	0.245281	-0.408214	0.454614	-0.201810	-56.879600	62.372839	0.253375	0.484102	0.837524	-0.884610	0.466327	-0.001925	-0.391492	-0.740395	0.546397						
32881		8.123816	-0.026888	5.165478	0.752734	0.245171	-0.408173	0.454618	-0.212691	-56.867577	62.375418	0.253434	0.484269	0.837410	-0.884557	0.466427	-0.002029	-0.391573	-0.740222	0.546572						
32882		8.067384	-0.078079	5.220109	0.752816	0.245065	-0.408061	0.454640	-0.216197	-56.848042	62.374155	0.253577	0.484516	0.837223	-0.884523	0.466491	-0.002063	-0.391557	-0.740020	0.546858						
32883		8.100699	-0.011215	5.289490	0.752882	0.245031	-0.407903	0.454690	-0.207350	-56.828024	62.370494	0.253744	0.484759	0.837032	-0.884554	0.466433	-0.001980	-0.391379	-0.739898	0.547150						
32884		8.058995	0.028857	5.344837	0.752946	0.244969	-0.407776	0.454732	-0.205161	-56.809686	62.369551	0.253876	0.484992	0.836857	-0.884562	0.466419	-0.001960	-0.391276	-0.739754	0.547418						
32885		8.071184	-0.019432	5.325728	0.752998	0.244933	-0.407691	0.454740	-0.200712	-56.797878	62.364573	0.253998	0.485123	0.836744	-0.884552	0.466438	-0.001918	-0.391220	-0.739656	0.547591						
32886		8.052679	-0.035981	5.326402	0.753037	0.244914	-0.407617	0.454753	-0.195902	-56.788290	62.360815	0.254095	0.485230	0.836652	-0.884554	0.466433	-0.001873	-0.391151	-0.739589	0.547731						
32887		8.034378	-0.052760	5.326762	0.753053	0.244891	-0.407564	0.454787	-0.196462	-56.780868	62.363810	0.254120	0.485340	0.836581	-0.884575	0.466394	-0.001878	-0.391088	-0.739542	0.547839						
32888		8.031612	-0.052771	5.381952	0.753042	0.244884	-0.407533	0.454836	-0.199300	-56.776883	62.371552	0.254081	0.485426	0.836543	-0.884619	0.466311	-0.001906	-0.391015	-0.739538	0.547897						
32889		8.000632	-0.054368	5.337133	0.753033	0.244884	-0.407522	0.454861	-0.200810	-56.775727	62.375747	0.254054	0.485459	0.836532	-0.884643	0.466266	-0.001920	-0.390979	-0.739544	0.547914						
32890		8.011788	-0.029729	5.315411	0.753028	0.244902	-0.407532	0.454851	-0.198264	-56.777947	62.373562	0.254057	0.485421	0.836553	-0.884642	0.466267	-0.001896	-0.390977	-0.739569	0.547882						
32891		8.036462	-0.020425	5.337594	0.753015	0.244936	-0.407557	0.454832	-0.194481	-56.783083	62.370356	0.254049	0.485340	0.836603	-0.884642	0.466268	-0.001859	-0.390983	-0.739621	0.547807						
32892		8.028473	-0.044821	5.303517	0.753006	0.244993	-0.407588	0.454789	-0.185175	-56.790396	62.361051	0.254079	0.485204	0.836673	-0.884629	0.466291	-0.001770	-0.390992	-0.739695	0.547701						
