// Start Time: Unknown
// Update Rate: 60.0Hz
//Filter Profile: human (46.1)
// Option Flags: AHS Disabled ICC Disabled
// Firmware Version: 4.0.2
0	sampleTimeFine	Year	Month	Day	Second	UTC_Nano	UTC_Year	UTC_Month	UTC_Day	UTC_Hour	UTC_Minute	UTC_Second	UTC_Valid	Acc_X	Acc_Y	Acc_Z	Mat[1][1]	Mat[2][1]	Mat[3][1]	Mat[1][2]	Mat[2][2]	Mat[3][2]	Mat[1][3]	Mat[2][3]	Mat[3][3]
0	896528													0.000000	0.000000	0.000000	-0.056144	-0.907626	0.416007	0.049339	0.413633	0.909106	-0.997203	0.071566	0.021558
1	896695													9.789310	0.564111	-0.512156	-0.055551	-0.907283	0.416835	0.050151	0.414417	0.908704	-0.997196	0.071384	0.022480
2	896862													9.764249	0.603049	-0.509918	-0.054723	-0.906958	0.417650	0.051999	0.415121	0.908279	-0.997147	0.071421	0.024445
3	897028													9.771541	0.591582	-0.512388	-0.054025	-0.907154	0.417317	0.054135	0.414651	0.908369	-0.997071	0.071666	0.026707
4	897195													9.778891	0.581532	-0.509813	-0.053469	-0.907063	0.417585	0.055549	0.414833	0.908200	-0.997023	0.071757	0.028206
5	897362													9.777426	0.577667	-0.482596	-0.053026	-0.906939	0.417910	0.056299	0.415118	0.908024	-0.997005	0.071677	0.029048
6	897528													9.761204	0.565401	-0.506313	-0.052455	-0.907166	0.417491	0.056642	0.414691	0.908198	-0.997016	0.071287	0.029631
7	897695													9.714562	0.496465	-0.485987	-0.052066	-0.907182	0.417504	0.056705	0.414710	0.908185	-0.997032	0.070960	0.029850
8	897862													9.716225	0.459184	-0.497550	-0.051837	-0.907315	0.417243	0.056431	0.414476	0.908309	-0.997060	0.070630	0.029716
9	898028													9.735188	0.441965	-0.508339	-0.051793	-0.907608	0.416613	0.055882	0.413885	0.908612	-0.997093	0.070341	0.029282
10	898195													9.779500	0.468992	-0.519019	-0.051841	-0.907836	0.416108	0.055216	0.413425	0.908862	-0.997128	0.070092	0.028695
11	898362													9.812778	0.537007	-0.502638	-0.051892	-0.908178	0.415354	0.054633	0.412710	0.909223	-0.997157	0.069873	0.028200
12	898528													9.762311	0.535866	-0.531928	-0.051909	-0.908524	0.414596	0.054205	0.411980	0.909579	-0.997180	0.069689	0.027861
13	898695													9.748598	0.562112	-0.525604	-0.052033	-0.908605	0.414404	0.053792	0.411813	0.909679	-0.997196	0.069625	0.027448
14	898862													9.728786	0.571858	-0.543288	-0.052257	-0.908714	0.414135	0.053448	0.411562	0.909813	-0.997202	0.069679	0.027062
15	899028													9.780630	0.590348	-0.537912	-0.052538	-0.908788	0.413938	0.053201	0.411375	0.909912	-0.997201	0.069827	0.026736
16	899195													9.803744	0.565557	-0.530328	-0.052765	-0.908756	0.413978	0.053011	0.411422	0.909902	-0.997199	0.069956	0.026465
17	899362													9.779328	0.538094	-0.556724	-0.052941	-0.908549	0.414410	0.052825	0.411863	0.909714	-0.997199	0.070052	0.026190
18	899528													9.789062	0.528256	-0.537224	-0.053099	-0.908384	0.414752	0.052601	0.412217	0.909566	-0.997203	0.070113	0.025893
19	899695													9.775831	0.500567	-0.538257	-0.053185	-0.908361	0.414791	0.052339	0.412273	0.909556	-0.997212	0.070084	0.025616
20	899862													9.770563	0.504986	-0.523502	-0.053218	-0.908382	0.414742	0.052104	0.412239	0.909585	-0.997223	0.070016	0.025392
21	900028													9.757593	0.487230	-0.548226	-0.053222	-0.908460	0.414570	0.051882	0.412082	0.909669	-0.997234	0.069923	0.025201
22	900195													9.752393	0.483500	-0.540848	-0.053288	-0.908430	0.414627	0.051703	0.412150	0.909648	-0.997240	0.069911	0.025006
23	900362													9.751380	0.489015	-0.526244	-0.053348	-0.908409	0.414666	0.051498	0.412202	0.909636	-0.997247	0.069882	0.024792
24	900528													9.795381	0.524305	-0.532609	-0.053407	-0.908469	0.414526	0.051303	0.412074	0.909705	-0.997254	0.069851	0.024600
25	900695													9.780955	0.547049	-0.522541	-0.053387	-0.908556	0.414338	0.051125	0.411898	0.909794	-0.997264	0.069754	0.024460
26	900862													9.762012	0.553511	-0.520585	-0.053336	-0.908526	0.414409	0.050951	0.411983	0.909766	-0.997276	0.069638	0.024317
27	901028													9.774182	0.567641	-0.514838	-0.053246	-0.908522	0.414431	0.050762	0.412021	0.909759	-0.997290	0.069478	0.024180
28	901195													9.772727	0.536543	-0.510005	-0.053114	-0.908587	0.414306	0.050576	0.411911	0.909819	-0.997307	0.069278	0.024074
29	901362													9.764976	0.504748	-0.497090	-0.052947	-0.908534	0.414443	0.050396	0.412065	0.909760	-0.997325	0.069055	0.023969
30	901529													9.772392	0.491850	-0.512653	-0.052775	-0.908518	0.414499	0.050170	0.412141	0.909738	-0.997345	0.068807	0.023829
31	901695													9.779551	0.493684	-0.505635	-0.052539	-0.908649	0.414242	0.049919	0.411907	0.909858	-0.997370	0.068482	0.023717
32	901862													9.774983	0.486537	-0.482930	-0.052294	-0.908659	0.414252	0.049706	0.411937	0.909855	-0.997394	0.068170	0.023624
33	902029													9.772163	0.489592	-0.459936	-0.052051	-0.908713	0.414163	0.049488	0.411869	0.909898	-0.997417	0.067857	0.023532
34	902195													9.756163	0.484807	-0.468948	-0.051833	-0.908773	0.414059	0.049281	0.411783	0.909948	-0.997439	0.067571	0.023441
35	902362													9.769564	0.494693	-0.486647	-0.051659	-0.908816	0.413987	0.049024	0.411733	0.909985	-0.997461	0.067304	0.023284
36	902529													9.764423	0.517420	-0.485315	-0.051532	-0.908805	0.414027	0.048716	0.411797	0.909973	-0.997482	0.067063	0.023053
37	902695													9.759586	0.512078	-0.482875	-0.051455	-0.908864	0.413907	0.048393	0.411700	0.910034	-0.997502	0.066856	0.022799
38	902862													9.758808	0.511281	-0.517848	-0.051465	-0.908897	0.413832	0.048052	0.411648	0.910075	-0.997518	0.066723	0.022489
39	903029													9.762358	0.498275	-0.468460	-0.051488	-0.908956	0.413701	0.047690	0.411540	0.910143	-0.997534	0.066591	0.022159
40	903195													9.780186	0.489686	-0.481800	-0.051529	-0.908995	0.413610	0.047336	0.411471	0.910193	-0.997549	0.066480	0.021825
41	903362													9.771175	0.490006	-0.498683	-0.051575	-0.909020	0.413549	0.046973	0.411434	0.910228	-0.997564	0.066370	0.021480
42	903529													9.777328	0.491992	-0.497302	-0.051637	-0.909002	0.413580	0.046646	0.411485	0.910222	-0.997576	0.066293	0.021153
43	903695													9.763623	0.481282	-0.488688	-0.051709	-0.909048	0.413470	0.046284	0.411397	0.910280	-0.997589	0.066207	0.020801
44	903862													9.762424	0.466055	-0.489858	-0.051812	-0.909092	0.413361	0.045877	0.411313	0.910339	-0.997603	0.066130	0.020395
45	904029													9.758926	0.466064	-0.516093	-0.051975	-0.909051	0.413430	0.045420	0.411409	0.910318	-0.997615	0.066092	0.019906
46	904195													9.745260	0.457125	-0.502766	-0.052165	-0.909046	0.413418	0.044980	0.411423	0.910334	-0.997625	0.066083	0.019427
47	904362													9.709095	0.436615	-0.527352	-0.052418	-0.909080	0.413311	0.044557	0.411339	0.910393	-0.997631	0.066137	0.018944
48	904529													9.839855	0.432835	-0.534871	-0.052731	-0.909267	0.412859	0.044192	0.410904	0.910607	-0.997630	0.066262	0.018515
49	904695													9.787131	0.453368	-0.511994	-0.052942	-0.909431	0.412470	0.043856	0.410534	0.910790	-0.997634	0.066308	0.018149
50	904862													9.789552	0.502000	-0.503972	-0.053137	-0.909490	0.412316	0.043677	0.410388	0.910865	-0.997632	0.066409	0.017917
51	905029													9.804362	0.517929	-0.490125	-0.053256	-0.909510	0.412257	0.043640	0.410329	0.910893	-0.997627	0.066501	0.017838
52	905195													9.789048	0.525921	-0.506698	-0.053320	-0.909511	0.412245	0.043613	0.410317	0.910899	-0.997625	0.066548	0.017788
53	905362													9.796025	0.505830	-0.520707	-0.053293	-0.909591	0.412074	0.043515	0.410153	0.910978	-0.997630	0.066480	0.017722
54	905529													9.771458	0.524195	-0.489000	-0.053200	-0.909548	0.412181	0.043323	0.410274	0.910932	-0.997644	0.066318	0.017578
55	905695													9.762130	0.505174	-0.498103	-0.053081	-0.909536	0.412222	0.043056	0.410335	0.910918	-0.997662	0.066101	0.017380
56	905862													9.749861	0.481674	-0.487161	-0.052950	-0.909524	0.412265	0.042738	0.410402	0.910903	-0.997682	0.065851	0.017140
57	906029													9.734959	0.418306	-0.493773	-0.052901	-0.909459	0.412414	0.042379	0.410576	0.910841	-0.997700	0.065662	0.016823
58	906195													9.748994	0.415764	-0.517910	-0.052909	-0.909480	0.412367	0.041944	0.410557	0.910870	-0.997718	0.065489	0.016425
59	906362													9.795050	0.429977	-0.496912	-0.052988	-0.909422	0.412486	0.041544	0.410701	0.910823	-0.997731	0.065399	0.016019
60	906529													9.813311	0.484542	-0.493050	-0.053039	-0.909486	0.412338	0.041220	0.410574	0.910895	-0.997741	0.065309	0.015713
61	906695													9.745940	0.485153	-0.516889	-0.053054	-0.909485	0.412337	0.040967	0.410589	0.910900	-0.997751	0.065219	0.015475
62	906862													9.776221	0.469660	-0.533498	-0.053154	-0.909427	0.412452	0.040702	0.410720	0.910853	-0.997756	0.065203	0.015184
63	907029													9.724251	0.503888	-0.523852	-0.053289	-0.909401	0.412493	0.040453	0.410775	0.910839	-0.997759	0.065224	0.014898
64	907195													9.764494	0.517938	-0.537386	-0.053522	-0.909314	0.412654	0.040277	0.410944	0.910771	-0.997754	0.065367	0.014630
65	907362													9.785185	0.500051	-0.525601	-0.053733	-0.909184	0.412914	0.040156	0.411209	0.910656	-0.997748	0.065514	0.014414
66	907529													9.768671	0.458778	-0.541170	-0.053956	-0.909038	0.413206	0.040000	0.411509	0.910528	-0.997742	0.065657	0.014158
67	907695													9.777921	0.437370	-0.536240	-0.054172	-0.908883	0.413518	0.039830	0.411830	0.910390	-0.997737	0.065788	0.013891
68	907862													9.745986	0.461746	-0.543259	-0.054415	-0.908764	0.413747	0.039672	0.412066	0.910290	-0.997730	0.065947	0.013630
69	908029													9.757270	0.449470	-0.519359	-0.054640	-0.908593	0.414092	0.039590	0.412415	0.910136	-0.997721	0.066123	0.013437
70	908195													9.792207	0.445222	-0.539793	-0.054829	-0.908494	0.414286	0.039588	0.412606	0.910049	-0.997711	0.066297	0.013343
71	908362													9.764858	0.446861	-0.556035	-0.055023	-0.908368	0.414536	0.039637	0.412850	0.909936	-0.997698	0.066498	0.013289
72	908529													9.790342	0.435679	-0.542071	-0.055212	-0.908284	0.414695	0.039720	0.413001	0.909864	-0.997684	0.066707	0.013274
73	908695													9.802989	0.469241	-0.552689	-0.055340	-0.908227	0.414802	0.039803	0.413101	0.909815	-0.997674	0.066860	0.013289
74	908862													9.797077	0.470679	-0.556980	-0.055360	-0.908223	0.414808	0.039942	0.413098	0.909810	-0.997667	0.066936	0.013408
75	909029													9.768339	0.505111	-0.572343	-0.055363	-0.908116	0.415042	0.040061	0.413325	0.909702	-0.997662	0.066991	0.013497
76	909195													9.746706	0.519272	-0.583666	-0.055366	-0.908044	0.415199	0.040196	0.413473	0.909629	-0.997657	0.067052	0.013608
77	909362													9.780244	0.517660	-0.543927	-0.055334	-0.907862	0.415601	0.040265	0.413871	0.909445	-0.997656	0.067058	0.013654
78	909529													9.793679	0.491271	-0.548283	-0.055277	-0.907729	0.415899	0.040291	0.414168	0.909308	-0.997658	0.067021	0.013679
79	909695													9.791030	0.479028	-0.522890	-0.055093	-0.907597	0.416211	0.040294	0.414484	0.909164	-0.997668	0.066859	0.013736
80	909862													9.786993	0.472712	-0.538502	-0.054839	-0.907530	0.416392	0.040303	0.414667	0.909080	-0.997681	0.066635	0.013836
81	910029													9.783796	0.463504	-0.536694	-0.054536	-0.907382	0.416754	0.040285	0.415036	0.908913	-0.997699	0.066358	0.013919
82	910195													9.769237	0.472562	-0.526514	-0.054189	-0.907372	0.416821	0.040320	0.415106	0.908879	-0.997716	0.066058	0.014091
83	910362													9.757052	0.478826	-0.510976	-0.053857	-0.907446	0.416702	0.040327	0.414991	0.908931	-0.997734	0.065756	0.014245
84	910529													9.770324	0.489190	-0.501824	-0.053497	-0.907497	0.416639	0.040351	0.414931	0.908958	-0.997752	0.065438	0.014421
85	910695													9.789473	0.500661	-0.495503	-0.053172	-0.907585	0.416488	0.040346	0.414785	0.909025	-0.997770	0.065138	0.014563
86	910862													9.785231	0.491062	-0.489182	-0.052828	-0.907586	0.416530	0.040305	0.414834	0.909004	-0.997790	0.064809	0.014665
87	911029													9.771380	0.495317	-0.501494	-0.052511	-0.907627	0.416481	0.040222	0.414795	0.909025	-0.997810	0.064486	0.014725
88	911195													9.767955	0.515982	-0.472691	-0.052255	-0.907638	0.416488	0.040101	0.414814	0.909022	-0.997828	0.064203	0.014721
89	911362													9.758756	0.517281	-0.489173	-0.052042	-0.907661	0.416465	0.039977	0.414803	0.909033	-0.997844	0.063957	0.014698
90	911529													9.722265	0.502670	-0.490319	-0.051883	-0.907653	0.416502	0.039802	0.414852	0.909018	-0.997860	0.063740	0.014603
91	911695													9.740365	0.496166	-0.506516	-0.051866	-0.907642	0.416528	0.039594	0.414893	0.909008	-0.997869	0.063639	0.014418
92	912029													9.771549	0.472678	-0.494423	-0.051915	-0.907571	0.416677	0.039376	0.415055	0.908944	-0.997875	0.063595	0.014189
93	912195													9.766043	0.449019	-0.506253	-0.051953	-0.907554	0.416710	0.039169	0.415101	0.908932	-0.997881	0.063544	0.013982
94	912362													9.750256	0.449981	-0.517992	-0.052029	-0.907532	0.416747	0.038998	0.415147	0.908918	-0.997884	0.063543	0.013793
95	912529													9.811996	0.452517	-0.529229	-0.052125	-0.907540	0.416717	0.038849	0.415126	0.908934	-0.997885	0.063568	0.013619
96	912695													9.771068	0.481640	-0.531450	-0.052205	-0.907595	0.416589	0.038805	0.414999	0.908994	-0.997882	0.063620	0.013554
97	912862													9.808672	0.514366	-0.506616	-0.052292	-0.907584	0.416601	0.038989	0.414998	0.908986	-0.997870	0.063775	0.013685
98	913029													9.812233	0.511044	-0.506369	-0.052316	-0.907533	0.416711	0.039246	0.415091	0.908933	-0.997859	0.063905	0.013901
99	913195													9.791633	0.520409	-0.511653	-0.052241	-0.907476	0.416842	0.039439	0.415212	0.908870	-0.997855	0.063920	0.014099
100	913362													9.790035	0.515567	-0.491221	-0.052124	-0.907363	0.417104	0.039552	0.415468	0.908747	-0.997857	0.063865	0.014232
101	913529													9.785017	0.529393	-0.506647	-0.051889	-0.907143	0.417612	0.039488	0.415985	0.908514	-0.997872	0.063632	0.014236
102	913695													9.782754	0.508477	-0.465350	-0.051610	-0.906980	0.418000	0.039388	0.416383	0.908336	-0.997890	0.063344	0.014235
103	913862													9.760912	0.464502	-0.466680	-0.051318	-0.906840	0.418338	0.039253	0.416735	0.908180	-0.997911	0.063027	0.014210
104	914029													9.745978	0.413077	-0.476043	-0.051124	-0.906753	0.418550	0.039070	0.416962	0.908084	-0.997928	0.062778	0.014110
105	914195													9.739528	0.407697	-0.473773	-0.051008	-0.906763	0.418543	0.038862	0.416969	0.908089	-0.997942	0.062585	0.013970
106	914362													9.760293	0.441644	-0.456025	-0.050955	-0.906852	0.418357	0.038663	0.416795	0.908178	-0.997952	0.062451	0.013824
107	914529													9.770254	0.462145	-0.469919	-0.050884	-0.906972	0.418107	0.038547	0.416553	0.908294	-0.997960	0.062335	0.013765
108	914695													9.766410	0.474103	-0.458795	-0.050915	-0.907150	0.417717	0.038447	0.416169	0.908474	-0.997963	0.062315	0.013688
109	914862													9.766763	0.502092	-0.497700	-0.050968	-0.907276	0.417436	0.038284	0.415897	0.908606	-0.997966	0.062291	0.013537
110	915029													9.715744	0.543835	-0.486210	-0.051126	-0.907381	0.417189	0.038128	0.415657	0.908722	-0.997964	0.062366	0.013345
111	915195													9.774305	0.548261	-0.478824	-0.051405	-0.907344	0.417234	0.038030	0.415705	0.908704	-0.997954	0.062579	0.013137
112	915362													9.776614	0.541368	-0.507962	-0.051685	-0.907272	0.417355	0.037930	0.415829	0.908652	-0.997943	0.062794	0.012921
113	915529													9.765592	0.483018	-0.489729	-0.051995	-0.907162	0.417557	0.037811	0.416034	0.908563	-0.997931	0.063029	0.012669
114	915695													9.764113	0.479244	-0.512956	-0.052264	-0.907043	0.417782	0.037652	0.416267	0.908463	-0.997923	0.063210	0.012396
115	915862													9.778206	0.475393	-0.521989	-0.052532	-0.906949	0.417953	0.037494	0.416444	0.908388	-0.997915	0.063390	0.012129
116	916029													9.774763	0.444854	-0.526581	-0.052771	-0.906828	0.418185	0.037398	0.416680	0.908284	-0.997906	0.063570	0.011925
117	916195													9.772985	0.430434	-0.539351	-0.053000	-0.906765	0.418293	0.037370	0.416787	0.908236	-0.997895	0.063768	0.011796
118	916362													9.779113	0.427631	-0.544632	-0.053215	-0.906733	0.418334	0.037395	0.416825	0.908217	-0.997883	0.063974	0.011726
119	916529													9.788694	0.447158	-0.550353	-0.053393	-0.906775	0.418219	0.037458	0.416703	0.908270	-0.997871	0.064161	0.011717
120	916695													9.773423	0.462096	-0.541130	-0.053547	-0.906793	0.418162	0.037559	0.416638	0.908296	-0.997859	0.064342	0.011749
121	916862													9.788191	0.489276	-0.567548	-0.053652	-0.906747	0.418247	0.037689	0.416713	0.908256	-0.997848	0.064493	0.011817
122	917029													9.770446	0.504821	-0.541166	-0.053711	-0.906679	0.418387	0.037862	0.416841	0.908190	-0.997838	0.064621	0.011940
123	917195													9.772423	0.525202	-0.555732	-0.053718	-0.906642	0.418467	0.038043	0.416910	0.908151	-0.997831	0.064703	0.012096
124	917362													9.803801	0.531278	-0.531843	-0.053676	-0.906551	0.418669	0.038171	0.417104	0.908057	-0.997829	0.064722	0.012215
125	917529													9.806393	0.514792	-0.537293	-0.053552	-0.906446	0.418913	0.038232	0.417346	0.907943	-0.997833	0.064638	0.012306
126	917695													9.781640	0.531756	-0.533364	-0.053333	-0.906363	0.419121	0.038214	0.417558	0.907846	-0.997845	0.064434	0.012366
127	917862													9.769382	0.500445	-0.511689	-0.053093	-0.906293	0.419303	0.038140	0.417748	0.907762	-0.997861	0.064188	0.012387
128	918029													9.759674	0.493787	-0.514353	-0.052869	-0.906229	0.419469	0.038030	0.417925	0.907685	-0.997877	0.063941	0.012369
129	918196													9.765607	0.471292	-0.503116	-0.052642	-0.906198	0.419565	0.037939	0.418029	0.907641	-0.997893	0.063698	0.012374
130	918362													9.759820	0.472708	-0.507962	-0.052469	-0.906233	0.419510	0.037828	0.417983	0.907667	-0.997906	0.063493	0.012350
131	918529													9.764392	0.465121	-0.493411	-0.052320	-0.906318	0.419344	0.037733	0.417825	0.907743	-0.997917	0.063316	0.012337
132	918696													9.775217	0.473612	-0.497319	-0.052190	-0.906368	0.419254	0.037635	0.417743	0.907786	-0.997928	0.063156	0.012309
133	918862													9.767479	0.490485	-0.486814	-0.052063	-0.906465	0.419060	0.037537	0.417556	0.907876	-0.997938	0.062996	0.012287
134	919029													9.773047	0.503575	-0.499328	-0.051951	-0.906525	0.418944	0.037473	0.417445	0.907929	-0.997946	0.062867	0.012283
135	919196													9.769972	0.507434	-0.471593	-0.051852	-0.906510	0.418987	0.037403	0.417494	0.907909	-0.997954	0.062748	0.012258
136	919362													9.733048	0.507122	-0.497265	-0.051792	-0.906549	0.418911	0.037302	0.417426	0.907945	-0.997961	0.062651	0.012196
137	919529													9.749379	0.509811	-0.497542	-0.051847	-0.906620	0.418750	0.037138	0.417273	0.908022	-0.997964	0.062630	0.012036
138	919696													9.787566	0.480819	-0.489559	-0.051902	-0.906517	0.418966	0.036979	0.417499	0.907924	-0.997967	0.062616	0.011853
139	919862													9.758684	0.458847	-0.513691	-0.051894	-0.906495	0.419016	0.036868	0.417556	0.907903	-0.997972	0.062563	0.011752
140	920029													9.711985	0.447770	-0.514555	-0.051931	-0.906451	0.419105	0.036791	0.417650	0.907863	-0.997973	0.062565	0.011661
141	920196													9.832814	0.456950	-0.517610	-0.051959	-0.906423	0.419162	0.036776	0.417708	0.907837	-0.997972	0.062585	0.011631
142	920362													9.774132	0.491392	-0.489193	-0.051905	-0.906420	0.419177	0.036910	0.417715	0.907828	-0.997970	0.062592	0.011775
143	920529													9.795961	0.528249	-0.496496	-0.051854	-0.906317	0.419405	0.037227	0.417924	0.907719	-0.997961	0.062682	0.012069
144	920696													9.763934	0.540191	-0.496504	-0.051799	-0.906245	0.419566	0.037686	0.418057	0.907639	-0.997946	0.062827	0.012497
145	920862													9.766090	0.537597	-0.482856	-0.051752	-0.906066	0.419960	0.038023	0.418431	0.907452	-0.997936	0.062930	0.012797
146	921029													9.802521	0.538358	-0.478084	-0.051645	-0.905933	0.420259	0.038201	0.418720	0.907311	-0.997935	0.062913	0.012982
147	921196													9.798055	0.525607	-0.479517	-0.051420	-0.905773	0.420632	0.038257	0.419093	0.907137	-0.997944	0.062737	0.013103
148	921362													9.773900	0.523713	-0.470763	-0.051099	-0.905645	0.420947	0.038262	0.419413	0.906989	-0.997960	0.062453	0.013221
149	921529													9.728012	0.463063	-0.477626	-0.050790	-0.905541	0.421208	0.038257	0.419679	0.906866	-0.997976	0.062174	0.013328
150	921696													9.732499	0.419426	-0.486258	-0.050574	-0.905505	0.421312	0.038256	0.419785	0.906817	-0.997987	0.061979	0.013411
151	921862													9.743716	0.413567	-0.477059	-0.050482	-0.905535	0.421258	0.038241	0.419734	0.906841	-0.997993	0.061888	0.013439
152	922029													9.769593	0.446366	-0.476045	-0.050476	-0.905642	0.421028	0.038194	0.419506	0.906949	-0.997995	0.061860	0.013415
153	922196													9.802040	0.484127	-0.450887	-0.050426	-0.905802	0.420689	0.038207	0.419167	0.907105	-0.997997	0.061814	0.013471
154	922362													9.746446	0.525443	-0.478462	-0.050387	-0.905974	0.420324	0.038244	0.418800	0.907273	-0.997997	0.061789	0.013546
155	922529													9.761338	0.532168	-0.470648	-0.050433	-0.906093	0.420061	0.038232	0.418537	0.907395	-0.997995	0.061823	0.013534
156	922696													9.726802	0.566669	-0.496998	-0.050590	-0.906202	0.419809	0.038191	0.418284	0.907513	-0.997989	0.061944	0.013448
157	922862													9.785911	0.573766	-0.491096	-0.050830	-0.906184	0.419817	0.038160	0.418291	0.907511	-0.997978	0.062149	0.013318
158	923029													9.756752	0.557011	-0.485004	-0.051002	-0.906135	0.419902	0.038132	0.418375	0.907473	-0.997970	0.062295	0.013215
159	923196													9.772671	0.533817	-0.519029	-0.051227	-0.906002	0.420161	0.038076	0.418636	0.907356	-0.997961	0.062479	0.013051
160	923362													9.770573	0.498262	-0.503685	-0.051422	-0.905903	0.420352	0.037958	0.418832	0.907270	-0.997955	0.062609	0.012849
161	923529													9.761391	0.461307	-0.530151	-0.051596	-0.905781	0.420593	0.037865	0.419077	0.907161	-0.997950	0.062732	0.012675
162	923696													9.774889	0.470862	-0.513943	-0.051774	-0.905703	0.420739	0.037848	0.419222	0.907094	-0.997941	0.062888	0.012574
163	923862													9.777115	0.453177	-0.494382	-0.051882	-0.905651	0.420838	0.037888	0.419317	0.907049	-0.997934	0.063004	0.012558
164	924029													9.770069	0.456185	-0.518589	-0.051974	-0.905624	0.420884	0.038005	0.419354	0.907027	-0.997925	0.063138	0.012623
165	924196													9.771020	0.489990	-0.533230	-0.052101	-0.905673	0.420764	0.038140	0.419224	0.907081	-0.997913	0.063307	0.012701
166	924362													9.788709	0.513908	-0.530119	-0.052209	-0.905697	0.420698	0.038293	0.419147	0.907111	-0.997902	0.063469	0.012799
167	924529													9.781610	0.545965	-0.499489	-0.052267	-0.905656	0.420780	0.038485	0.419216	0.907071	-0.997891	0.063604	0.012942
168	924696													9.784589	0.560470	-0.517377	-0.052269	-0.905630	0.420835	0.038658	0.419260	0.907043	-0.997884	0.063679	0.013096
169	924862													9.787979	0.560138	-0.535652	-0.052213	-0.905493	0.421136	0.038833	0.419552	0.906900	-0.997881	0.063706	0.013257
170	925029													9.795786	0.545994	-0.507396	-0.052073	-0.905409	0.421334	0.038956	0.419743	0.906806	-0.997883	0.063634	0.013414
171	925196													9.770441	0.538777	-0.523035	-0.051901	-0.905308	0.421572	0.039025	0.419980	0.906694	-0.997889	0.063510	0.013532
172	925362													9.786509	0.513797	-0.497716	-0.051700	-0.905243	0.421737	0.039039	0.420147	0.906616	-0.997899	0.063336	0.013618
173	925529													9.769650	0.493767	-0.530405	-0.051511	-0.905126	0.422011	0.039056	0.420423	0.906487	-0.997908	0.063176	0.013694
174	925696													9.750791	0.479853	-0.513318	-0.051344	-0.905044	0.422207	0.039019	0.420624	0.906396	-0.997919	0.063012	0.013718
175	925862													9.767283	0.481380	-0.478324	-0.051235	-0.905042	0.422225	0.038960	0.420647	0.906387	-0.997926	0.062889	0.013708
176	926029													9.770429	0.490219	-0.485417	-0.051135	-0.905103	0.422106	0.038892	0.420533	0.906443	-0.997934	0.062768	0.013697
177	926196													9.771198	0.499560	-0.494164	-0.051041	-0.905144	0.422030	0.038829	0.420463	0.906478	-0.997941	0.062655	0.013685
178	926362													9.781980	0.521171	-0.478592	-0.050959	-0.905223	0.421871	0.038721	0.420312	0.906553	-0.997950	0.062533	0.013633
179	926529													9.767723	0.529717	-0.507707	-0.050864	-0.905293	0.421732	0.038584	0.420182	0.906619	-0.997960	0.062387	0.013557
180	926696													9.744385	0.513264	-0.490363	-0.050846	-0.905349	0.421613	0.038416	0.420074	0.906677	-0.997967	0.062297	0.013421
181	926862													9.769013	0.506663	-0.475958	-0.050892	-0.905450	0.421391	0.038203	0.419864	0.906783	-0.997973	0.062246	0.013223
182	927029													9.806263	0.490991	-0.476092	-0.050924	-0.905489	0.421303	0.038021	0.419786	0.906826	-0.997979	0.062197	0.013051
183	927196													9.720868	0.467049	-0.501473	-0.050903	-0.905532	0.421213	0.037869	0.419707	0.906869	-0.997985	0.062113	0.012928
184	927362													9.700877	0.459573	-0.511325	-0.051001	-0.905563	0.421135	0.037793	0.419632	0.906907	-0.997983	0.062169	0.012822
185	927529													9.823781	0.477291	-0.529343	-0.051112	-0.905582	0.421080	0.037796	0.419575	0.906933	-0.997977	0.062270	0.012782
186	927696													9.794212	0.501345	-0.500633	-0.051143	-0.905585	0.421069	0.037903	0.419557	0.906937	-0.997972	0.062344	0.012867
187	927862													9.829520	0.550564	-0.493696	-0.051134	-0.905545	0.421158	0.038169	0.419629	0.906893	-0.997962	0.062449	0.013107
188	928029													9.805277	0.556366	-0.483959	-0.051031	-0.905452	0.421370	0.038564	0.419819	0.906788	-0.997952	0.062525	0.013494
189	928196													9.799930	0.530725	-0.494145	-0.050875	-0.905291	0.421734	0.038851	0.420167	0.906615	-0.997949	0.062509	0.013796
190	928362													9.798774	0.507566	-0.506774	-0.050637	-0.905126	0.422118	0.038954	0.420549	0.906433	-0.997957	0.062342	0.013963
191	928529													9.798474	0.519950	-0.486290	-0.050301	-0.904995	0.422439	0.038878	0.420880	0.906283	-0.997977	0.062010	0.014014
192	928696													9.772285	0.490964	-0.451159	-0.049907	-0.904922	0.422642	0.038751	0.421096	0.906188	-0.998002	0.061603	0.014051
193	928862													9.731341	0.434325	-0.458209	-0.049561	-0.904877	0.422777	0.038628	0.421244	0.906124	-0.998024	0.061239	0.014077
194	929029													9.729113	0.389798	-0.441502	-0.049305	-0.904935	0.422684	0.038511	0.421162	0.906168	-0.998041	0.060956	0.014085
195	929196													9.727305	0.384019	-0.477130	-0.049174	-0.905073	0.422403	0.038401	0.420889	0.906299	-0.998052	0.060787	0.014059
196	929362													9.773694	0.432750	-0.430550	-0.049133	-0.905337	0.421843	0.038297	0.420335	0.906561	-0.998058	0.060697	0.014019
197	929529													9.790607	0.491775	-0.452459	-0.049013	-0.905576	0.421342	0.038274	0.419836	0.906792	-0.998065	0.060571	0.014083
198	929696													9.759620	0.512111	-0.442004	-0.048992	-0.905769	0.420929	0.038285	0.419423	0.906983	-0.998065	0.060550	0.014129
199	929862													9.756531	0.555406	-0.470459	-0.049023	-0.905930	0.420579	0.038254	0.419074	0.907146	-0.998065	0.060560	0.014111
200	930029													9.760424	0.598382	-0.486094	-0.049141	-0.905982	0.420454	0.038248	0.418947	0.907205	-0.998059	0.060662	0.014064
201	930196													9.800904	0.576202	-0.475617	-0.049283	-0.905928	0.420555	0.038271	0.419044	0.907159	-0.998051	0.060802	0.014019
202	930362													9.783489	0.546715	-0.498858	-0.049411	-0.905863	0.420679	0.038230	0.419169	0.907103	-0.998047	0.060903	0.013920
203	930529													9.799891	0.480022	-0.500547	-0.049562	-0.905727	0.420954	0.038157	0.419447	0.906978	-0.998042	0.061014	0.013771
204	930696													9.783894	0.453618	-0.485957	-0.049643	-0.905584	0.421252	0.038082	0.419749	0.906841	-0.998041	0.061060	0.013649
205	930862													9.756784	0.441262	-0.490950	-0.049670	-0.905485	0.421461	0.038081	0.419958	0.906744	-0.998039	0.061088	0.013623
206	931029													9.774139	0.424074	-0.477105	-0.049689	-0.905450	0.421535	0.038170	0.420027	0.906709	-0.998035	0.061144	0.013691
207	931196													9.775405	0.432721	-0.511555	-0.049674	-0.905422	0.421595	0.038326	0.420078	0.906679	-0.998030	0.061197	0.013835
208	931362													9.762134	0.447319	-0.501671	-0.049668	-0.905368	0.421712	0.038512	0.420183	0.906622	-0.998023	0.061271	0.013998
209	931529													9.774163	0.495233	-0.502028	-0.049699	-0.905384	0.421675	0.038730	0.420132	0.906636	-0.998013	0.061391	0.014185
210	931696													9.795414	0.519026	-0.498291	-0.049711	-0.905405	0.421629	0.038944	0.420073	0.906654	-0.998004	0.061491	0.014378
211	931862													9.788158	0.542350	-0.489644	-0.049671	-0.905378	0.421692	0.039181	0.420122	0.906621	-0.997997	0.061555	0.014606
212	932029													9.805477	0.536710	-0.489383	-0.049580	-0.905307	0.421854	0.039430	0.420270	0.906542	-0.997992	0.061581	0.014859
213	932196													9.779768	0.522459	-0.502343	-0.049414	-0.905264	0.421966	0.039610	0.420374	0.906486	-0.997993	0.061507	0.015085
214	932362													9.755857	0.513676	-0.471616	-0.049268	-0.905200	0.422119	0.039727	0.420522	0.906412	-0.997995	0.061427	0.015243
215	932529													9.763645	0.512774	-0.486000	-0.049098	-0.905140	0.422269	0.039822	0.420668	0.906340	-0.998000	0.061315	0.015390
216	932696													9.764187	0.512603	-0.479419	-0.048943	-0.905110	0.422350	0.039905	0.420747	0.906300	-0.998004	0.061211	0.015526
217	932862													9.778802	0.500197	-0.472467	-0.048781	-0.905063	0.422470	0.039999	0.420864	0.906242	-0.998008	0.061106	0.015671
218	933029													9.799915	0.500150	-0.481146	-0.048579	-0.905077	0.422464	0.040050	0.420858	0.906242	-0.998016	0.060944	0.015803
219	933196													9.801275	0.501306	-0.451411	-0.048348	-0.905092	0.422459	0.040101	0.420853	0.906242	-0.998025	0.060756	0.015948
220	933362													9.797929	0.495553	-0.451929	-0.048112	-0.905117	0.422431	0.040150	0.420826	0.906252	-0.998035	0.060562	0.016094
221	933529													9.758959	0.483757	-0.462216	-0.047856	-0.905181	0.422324	0.040153	0.420724	0.906300	-0.998047	0.060329	0.016211
222	933696													9.736286	0.515708	-0.457509	-0.047721	-0.905229	0.422235	0.040114	0.420639	0.906341	-0.998055	0.060189	0.016239
223	933862													9.756906	0.495407	-0.448023	-0.047658	-0.905303	0.422085	0.040079	0.420491	0.906411	-0.998059	0.060115	0.016244
224	934029													9.750947	0.483295	-0.471524	-0.047605	-0.905367	0.421953	0.040006	0.420364	0.906473	-0.998065	0.060033	0.016209
225	934196													9.707016	0.498375	-0.460054	-0.047618	-0.905426	0.421824	0.039965	0.420238	0.906533	-0.998066	0.060026	0.016175
226	934362													9.807144	0.497883	-0.473086	-0.047684	-0.905447	0.421771	0.039970	0.420184	0.906558	-0.998062	0.060086	0.016155
227	934529													9.795467	0.506366	-0.472667	-0.047673	-0.905504	0.421651	0.039997	0.420062	0.906613	-0.998062	0.060085	0.016192
228	934696													9.794334	0.542010	-0.469141	-0.047669	-0.905491	0.421680	0.040156	0.420082	0.906597	-0.998056	0.060150	0.016336
229	934863													9.807680	0.568714	-0.444744	-0.047588	-0.905445	0.421788	0.040438	0.420174	0.906542	-0.998048	0.060197	0.016619
230	935029													9.794963	0.553909	-0.458187	-0.047431	-0.905338	0.422034	0.040691	0.420408	0.906422	-0.998045	0.060165	0.016899
231	935196													9.821307	0.515027	-0.460944	-0.047237	-0.905240	0.422267	0.040864	0.420634	0.906310	-0.998047	0.060067	0.017122
232	935363													9.793900	0.524106	-0.432506	-0.046938	-0.905157	0.422479	0.040915	0.420848	0.906208	-0.998060	0.059821	0.017281
233	935529													9.745395	0.510889	-0.426972	-0.046618	-0.905070	0.422699	0.040909	0.421074	0.906103	-0.998075	0.059533	0.017396
234	935696													9.753223	0.488629	-0.431724	-0.046303	-0.905011	0.422861	0.040874	0.421244	0.906026	-0.998091	0.059236	0.017487
235	935863													9.742875	0.443016	-0.432072	-0.046021	-0.905012	0.422889	0.040868	0.421277	0.906011	-0.998104	0.058978	0.017599
236	936029													9.740962	0.428858	-0.446296	-0.045846	-0.905075	0.422773	0.040786	0.421169	0.906065	-0.998116	0.058783	0.017605
237	936196													9.788682	0.459728	-0.415528	-0.045749	-0.905194	0.422529	0.040732	0.420929	0.906178	-0.998122	0.058668	0.017613
238	936363													9.798917	0.498300	-0.433809	-0.045636	-0.905348	0.422211	0.040760	0.420612	0.906325	-0.998126	0.058570	0.017707
239	936529													9.756441	0.506701	-0.432237	-0.045563	-0.905504	0.421885	0.040807	0.420284	0.906474	-0.998128	0.058518	0.017802
240	936696													9.773489	0.528239	-0.432424	-0.045562	-0.905637	0.421598	0.040818	0.419996	0.906607	-0.998127	0.058516	0.017831
241	936863													9.740056	0.571180	-0.442963	-0.045661	-0.905698	0.421458	0.040873	0.419851	0.906672	-0.998120	0.058625	0.017848
242	937029													9.784167	0.563449	-0.447566	-0.045817	-0.905717	0.421400	0.040964	0.419785	0.906699	-0.998110	0.058805	0.017869
243	937196													9.787258	0.536057	-0.463677	-0.045947	-0.905680	0.421465	0.040993	0.419846	0.906669	-0.998102	0.058935	0.017836
244	937363													9.763483	0.518986	-0.445845	-0.046112	-0.905587	0.421646	0.040951	0.420026	0.906588	-0.998097	0.059072	0.017717
245	937529													9.749763	0.513313	-0.439330	-0.046304	-0.905498	0.421816	0.040893	0.420197	0.906511	-0.998090	0.059224	0.017572
246	937696													9.765681	0.496834	-0.463488	-0.046505	-0.905388	0.422030	0.040873	0.420409	0.906414	-0.998082	0.059402	0.017455
247	937863													9.754186	0.484582	-0.472675	-0.046728	-0.905342	0.422104	0.040923	0.420476	0.906380	-0.998069	0.059627	0.017401
248	938029													9.757056	0.464453	-0.480987	-0.046988	-0.905270	0.422230	0.041084	0.420587	0.906321	-0.998050	0.059933	0.017430
249	938196													9.769995	0.456497	-0.481705	-0.047305	-0.905196	0.422354	0.041299	0.420693	0.906262	-0.998026	0.060313	0.017483
250	938363													9.785625	0.476031	-0.486263	-0.047584	-0.905152	0.422416	0.041525	0.420736	0.906232	-0.998004	0.060663	0.017566
251	938529													9.809559	0.516504	-0.464077	-0.047770	-0.905149	0.422402	0.041751	0.420706	0.906236	-0.997985	0.060927	0.017693
252	938696													9.805996	0.542879	-0.468662	-0.047853	-0.905159	0.422372	0.042017	0.420658	0.906246	-0.997970	0.061113	0.017903
253	938863													9.781399	0.545085	-0.465590	-0.047863	-0.905126	0.422440	0.042288	0.420709	0.906209	-0.997958	0.061238	0.018140
254	939029													9.797642	0.568496	-0.467493	-0.047787	-0.905111	0.422482	0.042506	0.420739	0.906185	-0.997953	0.061262	0.018367
255	939196													9.815263	0.543076	-0.458091	-0.047619	-0.905033	0.422667	0.042675	0.420917	0.906095	-0.997954	0.061185	0.018579
256	939363													9.795429	0.531661	-0.468156	-0.047406	-0.904986	0.422793	0.042789	0.421040	0.906032	-0.997959	0.061042	0.018764
257	939529													9.796289	0.534203	-0.451032	-0.047106	-0.904916	0.422976	0.042859	0.421225	0.905943	-0.997970	0.060804	0.018942
258	939696													9.776294	0.509280	-0.440400	-0.046806	-0.904882	0.423082	0.042890	0.421335	0.905890	-0.997983	0.060547	0.019089
259	939863													9.746831	0.489243	-0.450017	-0.046567	-0.904911	0.423045	0.042875	0.421303	0.905906	-0.997995	0.060324	0.019179
260	940029													9.756091	0.496829	-0.447302	-0.046460	-0.904988	0.422892	0.042786	0.421158	0.905978	-0.998003	0.060186	0.019154
261	940196													9.790817	0.487538	-0.433771	-0.046396	-0.905070	0.422723	0.042654	0.420998	0.906058	-0.998012	0.060068	0.019072
262	940363													9.749323	0.478375	-0.420717	-0.046361	-0.905175	0.422504	0.042527	0.420787	0.906162	-0.998019	0.059979	0.018986
263	940529													9.725882	0.501439	-0.436530	-0.046440	-0.905327	0.422168	0.042426	0.420455	0.906321	-0.998020	0.060000	0.018883
264	940696													9.768555	0.519351	-0.450704	-0.046627	-0.905448	0.421888	0.042359	0.420175	0.906454	-0.998014	0.060136	0.018763
265	940863													9.780738	0.530305	-0.455534	-0.046891	-0.905592	0.421550	0.042268	0.419837	0.906615	-0.998005	0.060330	0.018591
266	941029													9.775828	0.549984	-0.451514	-0.047165	-0.905687	0.421316	0.042267	0.419598	0.906726	-0.997992	0.060573	0.018490
267	941196													9.832175	0.570933	-0.447894	-0.047405	-0.905710	0.421239	0.042422	0.419507	0.906760	-0.997974	0.060855	0.018535
268	941363													9.798214	0.567483	-0.445399	-0.047514	-0.905609	0.421443	0.042579	0.419700	0.906664	-0.997963	0.061024	0.018618
269	941529													9.798785	0.535279	-0.435128	-0.047583	-0.905533	0.421600	0.042627	0.419853	0.906591	-0.997957	0.061110	0.018622
270	941696													9.785200	0.532474	-0.467179	-0.047595	-0.905450	0.421775	0.042544	0.420033	0.906511	-0.997960	0.061089	0.018530
271	941863													9.778090	0.522048	-0.431145	-0.047554	-0.905367	0.421960	0.042395	0.420227	0.906428	-0.997969	0.060993	0.018400
272	942029													9.751161	0.504490	-0.424992	-0.047482	-0.905292	0.422127	0.042259	0.420405	0.906352	-0.997978	0.060874	0.018295
273	942196													9.732909	0.437499	-0.477893	-0.047484	-0.905240	0.422240	0.042134	0.420525	0.906302	-0.997983	0.060825	0.018173
274	942363													9.735953	0.415730	-0.462191	-0.047560	-0.905291	0.422121	0.041994	0.420414	0.906360	-0.997985	0.060833	0.018022
275	942529													9.790806	0.429405	-0.448155	-0.047684	-0.905401	0.421871	0.041860	0.420169	0.906480	-0.997985	0.060884	0.017865
276	942696													9.810791	0.454929	-0.449167	-0.047735	-0.905549	0.421547	0.041805	0.419847	0.906631	-0.997985	0.060900	0.017815
277	942863													9.758556	0.493862	-0.451902	-0.047806	-0.905716	0.421180	0.041766	0.419480	0.906803	-0.997983	0.060941	0.017775
278	943029													9.746245	0.521076	-0.448700	-0.047967	-0.905878	0.420814	0.041716	0.419115	0.906974	-0.997977	0.061060	0.017686
279	943196													9.727385	0.568032	-0.473913	-0.048214	-0.905975	0.420577	0.041722	0.418872	0.907086	-0.997965	0.061282	0.017604
280	943363													9.748716	0.563164	-0.462710	-0.048567	-0.906020	0.420439	0.041775	0.418725	0.907152	-0.997946	0.061621	0.017513
281	943529													9.763619	0.546720	-0.475679	-0.048992	-0.905990	0.420454	0.041798	0.418731	0.907148	-0.997924	0.062017	0.017354
282	943696													9.757772	0.520888	-0.471112	-0.049475	-0.905887	0.420619	0.041728	0.418892	0.907077	-0.997903	0.062430	0.017076
283	943863													9.711273	0.496059	-0.484011	-0.050023	-0.905811	0.420720	0.041540	0.418995	0.907038	-0.997884	0.062850	0.016668
284	944029													9.706097	0.500041	-0.471500	-0.050754	-0.905702	0.420865	0.041320	0.419143	0.906980	-0.997856	0.063423	0.016150
285	944196													9.734512	0.480013	-0.493059	-0.051622	-0.905560	0.421065	0.041128	0.419342	0.906896	-0.997819	0.064133	0.015597
286	944363													9.660705	0.440441	-0.539400	-0.052598	-0.905500	0.421073	0.040948	0.419347	0.906902	-0.997776	0.064944	0.015022
287	944529													9.638346	0.427948	-0.507870	-0.053980	-0.905426	0.421057	0.040682	0.419328	0.906923	-0.997713	0.066085	0.014199
288	944696													9.774158	0.438559	-0.517428	-0.055581	-0.905401	0.420904	0.040311	0.419177	0.907009	-0.997640	0.067380	0.013200
289	944863													9.787351	0.476642	-0.546739	-0.057197	-0.905379	0.420734	0.039939	0.419012	0.907102	-0.997564	0.068687	0.012194
290	945029													9.818515	0.498876	-0.567168	-0.058807	-0.905389	0.420491	0.039650	0.418769	0.907227	-0.997482	0.070024	0.011273
291	945196													9.839218	0.545039	-0.579662	-0.060255	-0.905373	0.420320	0.039362	0.418603	0.907316	-0.997407	0.071214	0.010414
292	945363													9.793912	0.551390	-0.639059	-0.061525	-0.905310	0.420273	0.039006	0.418568	0.907348	-0.997343	0.072217	0.009560
293	945529													9.829357	0.572258	-0.646534	-0.062637	-0.905136	0.420481	0.038540	0.418801	0.907260	-0.997292	0.073033	0.008651
