// Start Time: Unknown
// Update Rate: 60.0Hz
//Filter Profile: human (46.1)
// Option Flags: AHS Disabled ICC Disabled
// Firmware Version: 4.0.2
0	sampleTimeFine	Year	Month	Day	Second	UTC_Nano	UTC_Year	UTC_Month	UTC_Day	UTC_Hour	UTC_Minute	UTC_Second	UTC_Valid	Acc_X	Acc_Y	Acc_Z	Mat[1][1]	Mat[2][1]	Mat[3][1]	Mat[1][2]	Mat[2][2]	Mat[3][2]	Mat[1][3]	Mat[2][3]	Mat[3][3]
0	896528													0.000000	0.000000	0.000000	0.348997	-0.867110	-0.355418	0.037353	-0.366092	0.929829	-0.936379	-0.337783	-0.095376
1	896695													9.235026	0.336664	3.353356	0.349192	-0.867361	-0.354613	0.036924	-0.365404	0.930116	-0.936324	-0.337883	-0.095569
2	896862													9.195347	0.396977	3.473786	0.347989	-0.867630	-0.355136	0.036337	-0.366045	0.929888	-0.936794	-0.336496	-0.095852
3	897028													9.194933	0.436762	3.461146	0.347966	-0.867621	-0.355180	0.036732	-0.365947	0.929910	-0.936787	-0.336624	-0.095467
4	897195													9.256007	0.388491	3.424747	0.348491	-0.867500	-0.354962	0.037739	-0.365409	0.930082	-0.936552	-0.337521	-0.094603
5	897362													9.182824	0.352017	3.471152	0.348685	-0.867200	-0.355504	0.038313	-0.365804	0.929903	-0.936457	-0.337863	-0.094325
6	897528													9.187106	0.377528	3.451350	0.348914	-0.866797	-0.356261	0.038385	-0.366614	0.929581	-0.936368	-0.338019	-0.094645
7	897695													9.171530	0.370591	3.452346	0.349078	-0.866543	-0.356718	0.038388	-0.367121	0.929381	-0.936307	-0.338120	-0.094889
8	897862													9.158366	0.374046	3.444828	0.349206	-0.866358	-0.357041	0.038334	-0.367501	0.929233	-0.936261	-0.338181	-0.095123
9	898028													9.182019	0.360034	3.464004	0.349322	-0.866499	-0.356585	0.038287	-0.367042	0.929416	-0.936220	-0.338318	-0.095040
10	898195													9.175322	0.341309	3.458890	0.349411	-0.866498	-0.356500	0.038180	-0.366999	0.929437	-0.936191	-0.338367	-0.095151
11	898362													9.186368	0.333045	3.427914	0.349515	-0.866363	-0.356726	0.038011	-0.367314	0.929320	-0.936159	-0.338371	-0.095450
12	898528													9.207776	0.371251	3.439231	0.349646	-0.866137	-0.357148	0.037760	-0.367872	0.929110	-0.936120	-0.338346	-0.095920
13	898695													9.190951	0.380383	3.453920	0.349770	-0.866046	-0.357247	0.037518	-0.368079	0.929037	-0.936084	-0.338352	-0.096250
14	898862													9.150239	0.360455	3.448919	0.349729	-0.865993	-0.357414	0.037301	-0.368332	0.928946	-0.936108	-0.338212	-0.096514
15	899028													9.266363	0.341040	3.337428	0.349617	-0.865906	-0.357734	0.037081	-0.368743	0.928792	-0.936159	-0.337987	-0.096810
16	899195													9.157440	0.423531	3.488326	0.349663	-0.865931	-0.357630	0.036877	-0.368709	0.928813	-0.936149	-0.337960	-0.096991
17	899362													9.244767	0.406213	3.392089	0.349481	-0.866002	-0.357635	0.036794	-0.368725	0.928810	-0.936221	-0.337761	-0.096998
18	899528													9.193847	0.392174	3.444378	0.349523	-0.865937	-0.357753	0.036708	-0.368886	0.928749	-0.936208	-0.337751	-0.097148
19	899695													9.222949	0.358975	3.424573	0.349444	-0.865823	-0.358105	0.036539	-0.369316	0.928585	-0.936244	-0.337574	-0.097419
20	899862													9.204516	0.365766	3.442584	0.349396	-0.865838	-0.358115	0.036318	-0.369402	0.928560	-0.936271	-0.337442	-0.097622
21	900028													9.183899	0.354990	3.451024	0.349344	-0.865838	-0.358166	0.036106	-0.369527	0.928518	-0.936299	-0.337304	-0.097830
22	900195													9.187838	0.386803	3.422423	0.349252	-0.865811	-0.358322	0.035917	-0.369752	0.928436	-0.936340	-0.337128	-0.098039
23	900362													9.185420	0.356262	3.447163	0.349164	-0.865818	-0.358390	0.035760	-0.369872	0.928394	-0.936379	-0.336978	-0.098185
24	900528													9.185899	0.315532	3.414250	0.348996	-0.865830	-0.358526	0.035614	-0.370050	0.928329	-0.936447	-0.336752	-0.098310
25	900695													9.218065	0.356578	3.411455	0.348828	-0.865912	-0.358490	0.035515	-0.370029	0.928341	-0.936513	-0.336563	-0.098323
26	900862													9.205406	0.362411	3.427572	0.348726	-0.865961	-0.358470	0.035383	-0.370044	0.928340	-0.936557	-0.336420	-0.098404
27	901028													9.207711	0.359699	3.454452	0.348616	-0.865921	-0.358676	0.035268	-0.370293	0.928245	-0.936602	-0.336251	-0.098551
28	901195													9.199092	0.368650	3.462058	0.348551	-0.866113	-0.358273	0.035159	-0.369893	0.928409	-0.936630	-0.336195	-0.098475
29	901362													9.192238	0.371417	3.444403	0.348468	-0.866084	-0.358425	0.035064	-0.370081	0.928338	-0.936665	-0.336064	-0.098592
30	901529													9.192466	0.365587	3.451686	0.348396	-0.866161	-0.358310	0.034976	-0.369981	0.928381	-0.936695	-0.335976	-0.098605
31	901695													9.181995	0.347389	3.445286	0.348325	-0.866000	-0.358766	0.034897	-0.370490	0.928181	-0.936724	-0.335828	-0.098830
32	901862													9.188438	0.354999	3.442650	0.348269	-0.866015	-0.358785	0.034811	-0.370534	0.928166	-0.936748	-0.335741	-0.098899
33	902029													9.188071	0.348549	3.450235	0.348218	-0.865971	-0.358940	0.034707	-0.370733	0.928091	-0.936771	-0.335636	-0.099041
34	902195													9.195835	0.349774	3.422872	0.348156	-0.865950	-0.359053	0.034550	-0.370902	0.928029	-0.936800	-0.335504	-0.099213
35	902362													9.196556	0.333609	3.467574	0.348022	-0.866001	-0.359059	0.034400	-0.370947	0.928017	-0.936855	-0.335322	-0.099307
36	902529													9.202739	0.341058	3.441361	0.347930	-0.866236	-0.358579	0.034242	-0.370480	0.928209	-0.936895	-0.335231	-0.099239
37	902695													9.181972	0.330658	3.439379	0.347844	-0.866279	-0.358560	0.034113	-0.370495	0.928208	-0.936931	-0.335104	-0.099323
38	902862													9.186631	0.337941	3.445088	0.347734	-0.866244	-0.358751	0.033989	-0.370732	0.928118	-0.936977	-0.334932	-0.099473
39	903029													9.183724	0.327843	3.424277	0.347615	-0.866302	-0.358727	0.033837	-0.370747	0.928117	-0.937027	-0.334765	-0.099564
40	903195													9.216248	0.344391	3.410041	0.347499	-0.866422	-0.358549	0.033679	-0.370600	0.928182	-0.937075	-0.334618	-0.099603
41	903362													9.213264	0.335849	3.424757	0.347458	-0.866379	-0.358692	0.033516	-0.370806	0.928105	-0.937096	-0.334499	-0.099802
42	903529													9.185731	0.330877	3.426092	0.347373	-0.866309	-0.358943	0.033327	-0.371133	0.927982	-0.937135	-0.334318	-0.100049
43	903695													9.183339	0.339509	3.438382	0.347246	-0.866388	-0.358875	0.033149	-0.371109	0.927998	-0.937188	-0.334140	-0.100146
44	903862													9.187379	0.346995	3.428109	0.347161	-0.866448	-0.358813	0.032998	-0.371087	0.928012	-0.937225	-0.334010	-0.100236
45	904029													9.185269	0.347961	3.444556	0.347036	-0.866487	-0.358841	0.032836	-0.371160	0.927988	-0.937277	-0.333828	-0.100354
46	904195													9.168953	0.344134	3.423935	0.346840	-0.866552	-0.358872	0.032720	-0.371211	0.927972	-0.937353	-0.333600	-0.100397
47	904362													9.221542	0.338681	3.409053	0.346692	-0.866549	-0.359024	0.032587	-0.371405	0.927899	-0.937413	-0.333395	-0.100525
48	904529													9.234271	0.325803	3.422938	0.346599	-0.866601	-0.358988	0.032488	-0.371391	0.927908	-0.937451	-0.333275	-0.100570
49	904695													9.161832	0.310004	3.403366	0.346501	-0.866687	-0.358873	0.032415	-0.371283	0.927954	-0.937489	-0.333170	-0.100556
50	904862													9.191972	0.318672	3.352912	0.346391	-0.866662	-0.359042	0.032328	-0.371482	0.927877	-0.937533	-0.333015	-0.100660
51	905029													9.240114	0.340721	3.385213	0.346564	-0.866615	-0.358987	0.032299	-0.371453	0.927890	-0.937470	-0.333168	-0.100741
52	905195													9.199933	0.398418	3.489356	0.346478	-0.866628	-0.359038	0.032358	-0.371477	0.927878	-0.937500	-0.333108	-0.100666
53	905362													9.284610	0.385336	3.417195	0.346457	-0.866689	-0.358912	0.032532	-0.371277	0.927952	-0.937501	-0.333172	-0.100437
54	905529													9.177141	0.337149	3.449000	0.346648	-0.866582	-0.358986	0.032596	-0.371356	0.927918	-0.937429	-0.333363	-0.100483
55	905695													9.152665	0.357381	3.474218	0.346576	-0.866607	-0.358995	0.032526	-0.371383	0.927910	-0.937458	-0.333268	-0.100525
56	905862													9.158652	0.341395	3.453676	0.346390	-0.866751	-0.358826	0.032462	-0.371203	0.927984	-0.937529	-0.333092	-0.100445
57	906029													9.181684	0.341063	3.434536	0.346268	-0.866803	-0.358820	0.032421	-0.371196	0.927988	-0.937575	-0.332966	-0.100430
58	906195													9.158323	0.346656	3.457138	0.346147	-0.866817	-0.358902	0.032389	-0.371282	0.927955	-0.937621	-0.332833	-0.100442
59	906362													9.173717	0.330063	3.421783	0.346034	-0.866891	-0.358832	0.032363	-0.371204	0.927987	-0.937664	-0.332728	-0.100393
60	906529													9.182420	0.325438	3.423271	0.345957	-0.866878	-0.358938	0.032323	-0.371322	0.927941	-0.937693	-0.332630	-0.100441
61	906695													9.192130	0.350400	3.442951	0.345972	-0.866930	-0.358797	0.032276	-0.371189	0.927996	-0.937690	-0.332641	-0.100440
62	906862													9.202181	0.364344	3.469025	0.345985	-0.866933	-0.358778	0.032225	-0.371189	0.927998	-0.937686	-0.332635	-0.100489
63	907029													9.160728	0.345143	3.451623	0.345842	-0.867027	-0.358688	0.032116	-0.371115	0.928032	-0.937743	-0.332472	-0.100502
64	907195													9.254664	0.326288	3.323063	0.345639	-0.867056	-0.358815	0.031966	-0.371281	0.927970	-0.937823	-0.332213	-0.100613
65	907362													9.184290	0.400728	3.492124	0.345757	-0.867068	-0.358671	0.031859	-0.371178	0.928015	-0.937783	-0.332295	-0.100713
66	907529													9.203547	0.378711	3.388748	0.345403	-0.867320	-0.358402	0.031860	-0.370849	0.928146	-0.937913	-0.332004	-0.100460
67	907695													9.225224	0.373900	3.422963	0.345411	-0.867354	-0.358313	0.031856	-0.370756	0.928184	-0.937911	-0.332019	-0.100432
68	907862													9.214214	0.351940	3.420161	0.345226	-0.867442	-0.358277	0.031749	-0.370735	0.928196	-0.937982	-0.331813	-0.100447
69	908029													9.227692	0.349066	3.394200	0.345100	-0.867579	-0.358068	0.031681	-0.370520	0.928284	-0.938031	-0.331695	-0.100381
70	908195													9.194669	0.365349	3.419280	0.345056	-0.867634	-0.357976	0.031631	-0.370434	0.928320	-0.938049	-0.331646	-0.100376
71	908362													9.165644	0.360986	3.442089	0.344953	-0.867714	-0.357882	0.031621	-0.370326	0.928363	-0.938087	-0.331558	-0.100307
72	908529													9.185027	0.361258	3.404299	0.344805	-0.867821	-0.357765	0.031643	-0.370176	0.928422	-0.938141	-0.331446	-0.100178
73	908695													9.211398	0.347057	3.403387	0.344664	-0.867980	-0.357515	0.031679	-0.369879	0.928540	-0.938191	-0.331360	-0.099987
74	908862													9.214974	0.351570	3.402983	0.344568	-0.868063	-0.357405	0.031706	-0.369742	0.928593	-0.938226	-0.331296	-0.099878
75	909029													9.200133	0.358157	3.430112	0.344493	-0.868107	-0.357372	0.031734	-0.369687	0.928614	-0.938252	-0.331242	-0.099806
76	909195													9.202907	0.373055	3.414348	0.344394	-0.868142	-0.357383	0.031789	-0.369669	0.928620	-0.938287	-0.331172	-0.099714
77	909362													9.206235	0.371060	3.399675	0.344346	-0.868183	-0.357329	0.031833	-0.369591	0.928649	-0.938303	-0.331152	-0.099630
78	909529													9.186830	0.369823	3.417853	0.344336	-0.868180	-0.357347	0.031884	-0.369590	0.928648	-0.938305	-0.331161	-0.099582
79	909695													9.195084	0.369766	3.385881	0.344304	-0.868163	-0.357419	0.031933	-0.369646	0.928624	-0.938315	-0.331143	-0.099547
80	909862													9.202672	0.358765	3.418743	0.344309	-0.868196	-0.357333	0.031952	-0.369549	0.928662	-0.938312	-0.331164	-0.099499
81	910029													9.195838	0.370102	3.428117	0.344380	-0.868162	-0.357347	0.031998	-0.369555	0.928658	-0.938285	-0.331245	-0.099488
82	910195													9.204907	0.360070	3.414863	0.344500	-0.868118	-0.357338	0.032049	-0.369540	0.928662	-0.938239	-0.331377	-0.099484
83	910362													9.194158	0.354410	3.425552	0.344621	-0.868047	-0.357396	0.032102	-0.369598	0.928637	-0.938193	-0.331501	-0.099505
84	910529													9.176278	0.348937	3.423625	0.344752	-0.868007	-0.357364	0.032137	-0.369566	0.928648	-0.938143	-0.331638	-0.099513
85	910695													9.191808	0.359435	3.450188	0.344874	-0.867957	-0.357369	0.032162	-0.369577	0.928643	-0.938098	-0.331758	-0.099542
86	910862													9.172669	0.360629	3.428648	0.345027	-0.868034	-0.357035	0.032170	-0.369233	0.928780	-0.938041	-0.331940	-0.099471
87	911029													9.174943	0.362803	3.445985	0.345157	-0.868072	-0.356817	0.032152	-0.369022	0.928864	-0.937994	-0.332076	-0.099460
88	911195													9.210309	0.353988	3.433432	0.345249	-0.868054	-0.356770	0.032109	-0.368997	0.928876	-0.937962	-0.332149	-0.099524
89	911362													9.199938	0.367788	3.441266	0.345359	-0.867955	-0.356905	0.032065	-0.369169	0.928809	-0.937923	-0.332216	-0.099665
90	911529													9.198293	0.366940	3.432349	0.345443	-0.867898	-0.356963	0.031991	-0.369268	0.928772	-0.937894	-0.332258	-0.099796
91	911695													9.197779	0.358416	3.452777	0.345532	-0.867859	-0.356970	0.031938	-0.369304	0.928760	-0.937863	-0.332317	-0.099889
92	912029													9.175578	0.361663	3.435273	0.345621	-0.867788	-0.357058	0.031685	-0.369497	0.928691	-0.937839	-0.332288	-0.100210
93	912195													9.219959	0.352035	3.419870	0.345643	-0.867789	-0.357033	0.031589	-0.369508	0.928691	-0.937834	-0.332274	-0.100305
94	912362													9.231254	0.345716	3.417624	0.345728	-0.867763	-0.357014	0.031522	-0.369521	0.928688	-0.937805	-0.332327	-0.100400
95	912529													9.158092	0.334840	3.408580	0.345829	-0.867717	-0.357030	0.031442	-0.369577	0.928668	-0.937771	-0.332386	-0.100528
96	912695													9.196443	0.346205	3.364592	0.345890	-0.867713	-0.356978	0.031376	-0.369553	0.928680	-0.937750	-0.332422	-0.100599
97	912862													9.261999	0.362948	3.460965	0.346159	-0.867639	-0.356897	0.031387	-0.369493	0.928703	-0.937651	-0.332681	-0.100670
98	913029													9.203559	0.430790	3.484292	0.346243	-0.867635	-0.356826	0.031507	-0.369384	0.928742	-0.937616	-0.332813	-0.100561
99	913195													9.235509	0.382007	3.426543	0.346411	-0.867587	-0.356780	0.031672	-0.369295	0.928772	-0.937548	-0.333037	-0.100450
100	913362													9.169779	0.357309	3.472889	0.346652	-0.867518	-0.356715	0.031701	-0.369243	0.928792	-0.937458	-0.333275	-0.100498
101	913529													9.154697	0.372265	3.487621	0.346637	-0.867571	-0.356599	0.031649	-0.369136	0.928836	-0.937465	-0.333255	-0.100498
102	913695													9.162057	0.357939	3.478441	0.346618	-0.867667	-0.356384	0.031568	-0.368932	0.928920	-0.937475	-0.333231	-0.100489
103	913862													9.137093	0.351459	3.494727	0.346575	-0.867744	-0.356239	0.031487	-0.368801	0.928975	-0.937494	-0.333177	-0.100495
104	914029													9.163221	0.339921	3.458976	0.346401	-0.867929	-0.355957	0.031426	-0.368500	0.929096	-0.937560	-0.333026	-0.100373
105	914195													9.191247	0.348548	3.456615	0.346305	-0.867983	-0.355919	0.031352	-0.368475	0.929109	-0.937598	-0.332914	-0.100392
106	914362													9.162404	0.327663	3.469372	0.346271	-0.868085	-0.355702	0.031243	-0.368278	0.929191	-0.937614	-0.332865	-0.100402
107	914529													9.195606	0.348852	3.475780	0.346231	-0.868228	-0.355394	0.031169	-0.367970	0.929315	-0.937631	-0.332835	-0.100341
108	914695													9.201342	0.365764	3.473119	0.346260	-0.868342	-0.355087	0.031114	-0.367664	0.929438	-0.937622	-0.332876	-0.100289
109	914862													9.142657	0.327064	3.442272	0.346102	-0.868491	-0.354875	0.031012	-0.367455	0.929524	-0.937684	-0.332716	-0.100243
110	915029													9.252429	0.314697	3.378201	0.346029	-0.868421	-0.355118	0.030903	-0.367745	0.929413	-0.937715	-0.332578	-0.100414
111	915195													9.141623	0.395847	3.497877	0.346011	-0.868515	-0.354906	0.030796	-0.367554	0.929492	-0.937725	-0.332544	-0.100431
112	915362													9.241580	0.391504	3.381425	0.345822	-0.868599	-0.354885	0.030793	-0.367512	0.929509	-0.937795	-0.332372	-0.100347
113	915529													9.204303	0.374926	3.431714	0.345848	-0.868579	-0.354908	0.030762	-0.367551	0.929495	-0.937786	-0.332382	-0.100398
114	915695													9.214068	0.351144	3.447392	0.345783	-0.868602	-0.354916	0.030663	-0.367586	0.929484	-0.937814	-0.332282	-0.100471
115	915862													9.204471	0.354495	3.430913	0.345721	-0.868578	-0.355034	0.030539	-0.367749	0.929423	-0.937840	-0.332164	-0.100613
116	916029													9.192921	0.366933	3.448544	0.345689	-0.868765	-0.354608	0.030462	-0.367317	0.929597	-0.937855	-0.332153	-0.100513
117	916195													9.179752	0.351509	3.427573	0.345642	-0.868817	-0.354526	0.030386	-0.367251	0.929625	-0.937874	-0.332091	-0.100537
118	916362													9.161452	0.350397	3.431529	0.345551	-0.868828	-0.354587	0.030311	-0.367332	0.929596	-0.937910	-0.331970	-0.100596
119	916529													9.211652	0.349767	3.431321	0.345417	-0.868865	-0.354627	0.030287	-0.367369	0.929582	-0.937961	-0.331834	-0.100580
120	916695													9.213701	0.362803	3.431782	0.345336	-0.868876	-0.354679	0.030309	-0.367407	0.929566	-0.937990	-0.331763	-0.100544
121	916862													9.191446	0.361651	3.422001	0.345285	-0.868958	-0.354528	0.030361	-0.367221	0.929638	-0.938007	-0.331754	-0.100414
122	917029													9.214130	0.377279	3.443341	0.345203	-0.869007	-0.354489	0.030419	-0.367149	0.929665	-0.938035	-0.331707	-0.100306
123	917195													9.199075	0.370459	3.449359	0.345130	-0.869010	-0.354551	0.030496	-0.367180	0.929650	-0.938059	-0.331663	-0.100223
124	917362													9.182692	0.377075	3.444549	0.345084	-0.869105	-0.354364	0.030572	-0.366948	0.929739	-0.938074	-0.331672	-0.100058
125	917529													9.220464	0.370824	3.441306	0.345000	-0.869121	-0.354405	0.030638	-0.366959	0.929733	-0.938102	-0.331616	-0.099973
126	917695													9.196111	0.353430	3.439585	0.344962	-0.869188	-0.354278	0.030645	-0.366816	0.929789	-0.938116	-0.331598	-0.099902
127	917862													9.176008	0.364587	3.451426	0.344954	-0.869203	-0.354250	0.030660	-0.366780	0.929802	-0.938119	-0.331600	-0.099873
128	918029													9.192698	0.356362	3.451405	0.344923	-0.869215	-0.354251	0.030669	-0.366775	0.929804	-0.938130	-0.331576	-0.099851
129	918196													9.189097	0.348047	3.437593	0.344943	-0.869203	-0.354261	0.030665	-0.366788	0.929799	-0.938123	-0.331591	-0.099866
130	918362													9.194245	0.351788	3.414989	0.344996	-0.869282	-0.354015	0.030619	-0.366548	0.929895	-0.938105	-0.331649	-0.099841
131	918529													9.199522	0.359330	3.450930	0.345030	-0.869271	-0.354009	0.030551	-0.366569	0.929889	-0.938094	-0.331655	-0.099920
132	918696													9.203738	0.360364	3.438445	0.345051	-0.869315	-0.353881	0.030499	-0.366454	0.929936	-0.938088	-0.331669	-0.099932
133	918862													9.188730	0.362605	3.445264	0.345066	-0.869396	-0.353667	0.030418	-0.366254	0.930018	-0.938085	-0.331675	-0.099937
134	919029													9.207436	0.365414	3.456712	0.345032	-0.869377	-0.353746	0.030359	-0.366356	0.929979	-0.938100	-0.331612	-0.100011
135	919196													9.184947	0.377448	3.429060	0.345007	-0.869385	-0.353752	0.030298	-0.366381	0.929972	-0.938111	-0.331565	-0.100063
136	919362													9.194584	0.369662	3.442915	0.345008	-0.869329	-0.353887	0.030232	-0.366550	0.929907	-0.938113	-0.331524	-0.100181
137	919529													9.194745	0.361047	3.440699	0.345000	-0.869310	-0.353942	0.030142	-0.366639	0.929875	-0.938119	-0.331475	-0.100287
138	919696													9.174099	0.360463	3.427352	0.344953	-0.869350	-0.353890	0.030043	-0.366613	0.929888	-0.938139	-0.331400	-0.100346
139	919862													9.223164	0.369022	3.446477	0.344969	-0.869348	-0.353880	0.029958	-0.366634	0.929883	-0.938136	-0.331382	-0.100434
140	920029													9.216300	0.330731	3.439664	0.345030	-0.869323	-0.353882	0.029902	-0.366663	0.929873	-0.938115	-0.331416	-0.100516
141	920196													9.153131	0.327237	3.432880	0.345067	-0.869283	-0.353943	0.029872	-0.366743	0.929842	-0.938103	-0.331431	-0.100584
142	920362													9.205737	0.357524	3.373862	0.345158	-0.869333	-0.353731	0.029866	-0.366529	0.929927	-0.938069	-0.331537	-0.100547
143	920529													9.218167	0.378350	3.479134	0.345514	-0.869178	-0.353764	0.029954	-0.366574	0.929906	-0.937936	-0.331892	-0.100621
144	920696													9.181046	0.420390	3.503131	0.345470	-0.869215	-0.353719	0.030133	-0.366457	0.929947	-0.937946	-0.331927	-0.100407
145	920862													9.257141	0.382293	3.419977	0.345656	-0.869196	-0.353582	0.030369	-0.366249	0.930021	-0.937870	-0.332206	-0.100200
146	921029													9.176592	0.347636	3.473357	0.345866	-0.869088	-0.353643	0.030477	-0.366300	0.929998	-0.937789	-0.332432	-0.100204
147	921196													9.175124	0.360736	3.511002	0.345951	-0.869107	-0.353512	0.030490	-0.366165	0.930050	-0.937757	-0.332531	-0.100176
148	921362													9.152866	0.363482	3.466511	0.345966	-0.869133	-0.353433	0.030465	-0.366090	0.930081	-0.937752	-0.332544	-0.100176
149	921529													9.146704	0.360414	3.452882	0.345935	-0.869229	-0.353228	0.030466	-0.365867	0.930168	-0.937764	-0.332539	-0.100085
150	921696													9.159461	0.341939	3.471864	0.345871	-0.869245	-0.353251	0.030512	-0.365868	0.930167	-0.937786	-0.332496	-0.100021
151	921862													9.169285	0.332537	3.453486	0.345840	-0.869310	-0.353120	0.030567	-0.365705	0.930229	-0.937795	-0.332505	-0.099903
152	922029													9.181140	0.339125	3.465416	0.345830	-0.869248	-0.353284	0.030583	-0.365874	0.930162	-0.937799	-0.332482	-0.099946
153	922196													9.223157	0.340594	3.454699	0.345878	-0.869253	-0.353225	0.030601	-0.365810	0.930187	-0.937780	-0.332540	-0.099925
154	922362													9.189658	0.378821	3.466822	0.345977	-0.869260	-0.353112	0.030628	-0.365690	0.930233	-0.937743	-0.332654	-0.099897
155	922529													9.134830	0.352793	3.469654	0.345889	-0.869286	-0.353132	0.030641	-0.365697	0.930229	-0.937775	-0.332577	-0.099855
156	922696													9.254655	0.330034	3.357994	0.345760	-0.869281	-0.353271	0.030614	-0.365841	0.930174	-0.937823	-0.332432	-0.099881
157	922862													9.169598	0.397344	3.501531	0.345886	-0.869198	-0.353352	0.030586	-0.365952	0.930131	-0.937778	-0.332527	-0.099992
158	923029													9.212838	0.410558	3.374953	0.345705	-0.869313	-0.353246	0.030633	-0.365801	0.930189	-0.937843	-0.332391	-0.099830
159	923196													9.207486	0.387779	3.435458	0.345803	-0.869370	-0.353010	0.030646	-0.365555	0.930285	-0.937807	-0.332513	-0.099767
160	923362													9.219931	0.360141	3.426401	0.345763	-0.869381	-0.353021	0.030587	-0.365583	0.930276	-0.937823	-0.332453	-0.099813
161	923529													9.197478	0.372619	3.432133	0.345769	-0.869374	-0.353034	0.030550	-0.365611	0.930266	-0.937822	-0.332443	-0.099858
162	923696													9.188507	0.370341	3.441585	0.345795	-0.869431	-0.352867	0.030521	-0.365446	0.930332	-0.937814	-0.332474	-0.099834
163	923862													9.177892	0.359745	3.458603	0.345825	-0.869575	-0.352484	0.030493	-0.365049	0.930489	-0.937804	-0.332534	-0.099727
164	924029													9.173150	0.359588	3.436621	0.345823	-0.869763	-0.352022	0.030477	-0.364559	0.930681	-0.937805	-0.332580	-0.099565
165	924196													9.174280	0.356065	3.443563	0.345764	-0.869785	-0.352025	0.030515	-0.364543	0.930687	-0.937825	-0.332540	-0.099504
166	924362													9.210961	0.361504	3.436109	0.345707	-0.869831	-0.351966	0.030594	-0.364445	0.930722	-0.937844	-0.332525	-0.099380
167	924529													9.211877	0.383169	3.422838	0.345669	-0.869866	-0.351916	0.030680	-0.364358	0.930754	-0.937855	-0.332529	-0.099260
168	924696													9.210475	0.371021	3.426200	0.345672	-0.869864	-0.351920	0.030746	-0.364339	0.930759	-0.937852	-0.332557	-0.099197
169	924862													9.198731	0.386270	3.435817	0.345646	-0.869902	-0.351851	0.030841	-0.364227	0.930799	-0.937858	-0.332578	-0.099065
170	925029													9.187949	0.392142	3.441957	0.345674	-0.869872	-0.351899	0.030907	-0.364259	0.930785	-0.937846	-0.332624	-0.099029
171	925196													9.176609	0.388977	3.444782	0.345687	-0.869904	-0.351805	0.030989	-0.364131	0.930832	-0.937838	-0.332678	-0.098917
172	925362													9.186293	0.381109	3.457163	0.345663	-0.869979	-0.351646	0.031033	-0.363942	0.930905	-0.937846	-0.332691	-0.098803
173	925529													9.176258	0.360782	3.447761	0.345680	-0.870072	-0.351397	0.031039	-0.363675	0.931008	-0.937839	-0.332739	-0.098709
174	925696													9.192658	0.361551	3.436836	0.345672	-0.870047	-0.351467	0.031032	-0.363753	0.930979	-0.937842	-0.332720	-0.098740
175	925862													9.230098	0.369226	3.461175	0.345660	-0.870068	-0.351427	0.031008	-0.363717	0.930993	-0.937847	-0.332704	-0.098743
176	926029													9.198715	0.376460	3.429840	0.345688	-0.870037	-0.351477	0.030993	-0.363778	0.930970	-0.937837	-0.332719	-0.098789
177	926196													9.193708	0.353732	3.449463	0.345712	-0.870067	-0.351378	0.030957	-0.363688	0.931006	-0.937830	-0.332737	-0.098797
178	926362													9.192837	0.360619	3.448246	0.345726	-0.870047	-0.351415	0.030911	-0.363745	0.930985	-0.937826	-0.332728	-0.098862
179	926529													9.183969	0.360493	3.455920	0.345730	-0.870080	-0.351329	0.030832	-0.363682	0.931013	-0.937827	-0.332711	-0.098909
180	926696													9.182715	0.358542	3.456374	0.345709	-0.870121	-0.351248	0.030746	-0.363623	0.931038	-0.937838	-0.332668	-0.098955
181	926862													9.185371	0.367547	3.433052	0.345689	-0.870125	-0.351258	0.030667	-0.363660	0.931027	-0.937848	-0.332618	-0.099029
182	927029													9.188686	0.348416	3.414458	0.345614	-0.870176	-0.351204	0.030546	-0.363637	0.931040	-0.937880	-0.332508	-0.099098
183	927196													9.238268	0.354272	3.450868	0.345590	-0.870178	-0.351223	0.030463	-0.363683	0.931024	-0.937891	-0.332453	-0.099177
184	927362													9.212857	0.342008	3.431489	0.345637	-0.870169	-0.351200	0.030398	-0.363687	0.931025	-0.937876	-0.332472	-0.099252
185	927529													9.157015	0.355840	3.412291	0.345598	-0.870164	-0.351251	0.030360	-0.363751	0.931001	-0.937892	-0.332416	-0.099294
186	927696													9.229798	0.363124	3.346250	0.345722	-0.870069	-0.351363	0.030331	-0.363895	0.930946	-0.937847	-0.332505	-0.099416
187	927862													9.191325	0.388408	3.487920	0.346013	-0.869924	-0.351435	0.030373	-0.363990	0.930907	-0.937738	-0.332781	-0.099523
188	928029													9.205358	0.437821	3.463360	0.345983	-0.869950	-0.351402	0.030527	-0.363897	0.930939	-0.937744	-0.332816	-0.099345
189	928196													9.253171	0.382708	3.441838	0.346232	-0.869866	-0.351363	0.030712	-0.363818	0.930964	-0.937646	-0.333121	-0.099250
190	928362													9.166283	0.339548	3.481105	0.346433	-0.869820	-0.351279	0.030725	-0.363746	0.930991	-0.937571	-0.333319	-0.099288
191	928529													9.167094	0.341197	3.507828	0.346466	-0.869823	-0.351240	0.030636	-0.363739	0.930997	-0.937562	-0.333320	-0.099376
192	928696													9.162036	0.366089	3.468596	0.346459	-0.869827	-0.351236	0.030575	-0.363756	0.930992	-0.937567	-0.333290	-0.099431
193	928862													9.164242	0.332909	3.470613	0.346456	-0.869895	-0.351070	0.030551	-0.363587	0.931059	-0.937569	-0.333297	-0.099391
194	929029													9.163802	0.326093	3.468853	0.346402	-0.869991	-0.350886	0.030540	-0.363388	0.931137	-0.937589	-0.333264	-0.099309
195	929196													9.184499	0.294819	3.466704	0.346312	-0.870080	-0.350754	0.030524	-0.363242	0.931195	-0.937623	-0.333191	-0.099237
196	929362													9.187407	0.312905	3.420963	0.346310	-0.870070	-0.350782	0.030456	-0.363296	0.931176	-0.937626	-0.333159	-0.099314
197	929529													9.196232	0.345651	3.435221	0.346348	-0.870056	-0.350778	0.030459	-0.363295	0.931176	-0.937611	-0.333196	-0.099326
198	929696													9.179440	0.365422	3.503923	0.346416	-0.869985	-0.350888	0.030431	-0.363430	0.931124	-0.937587	-0.333234	-0.099423
199	929862													9.141287	0.333567	3.423280	0.346231	-0.870001	-0.351030	0.030386	-0.363577	0.931068	-0.937657	-0.333031	-0.099446
200	930029													9.282858	0.362746	3.423314	0.346221	-0.869946	-0.351177	0.030364	-0.363741	0.931005	-0.937661	-0.332997	-0.099519
201	930196													9.128730	0.383638	3.484793	0.346131	-0.869926	-0.351314	0.030381	-0.363871	0.930954	-0.937694	-0.332905	-0.099518
202	930362													9.250593	0.397524	3.415371	0.346082	-0.869927	-0.351360	0.030451	-0.363890	0.930944	-0.937710	-0.332883	-0.099446
203	930529													9.187956	0.351387	3.443594	0.346066	-0.869979	-0.351249	0.030438	-0.363774	0.930990	-0.937716	-0.332875	-0.099409
204	930696													9.233719	0.349427	3.436220	0.346008	-0.870062	-0.351100	0.030375	-0.363630	0.931048	-0.937740	-0.332815	-0.099391
205	930862													9.204124	0.352775	3.448658	0.345979	-0.870114	-0.350999	0.030299	-0.363546	0.931083	-0.937753	-0.332770	-0.099416
206	931029													9.172976	0.343377	3.453626	0.345947	-0.870129	-0.350992	0.030270	-0.363545	0.931085	-0.937766	-0.332731	-0.099429
207	931196													9.174904	0.363865	3.443556	0.345884	-0.870198	-0.350884	0.030272	-0.363422	0.931133	-0.937789	-0.332686	-0.099359
208	931362													9.154687	0.327985	3.440716	0.345748	-0.870311	-0.350738	0.030332	-0.363229	0.931206	-0.937837	-0.332602	-0.099188
209	931529													9.199205	0.338653	3.416375	0.345612	-0.870375	-0.350714	0.030395	-0.363166	0.931229	-0.937885	-0.332503	-0.099060
210	931696													9.217206	0.365714	3.425878	0.345523	-0.870451	-0.350613	0.030493	-0.363012	0.931285	-0.937915	-0.332472	-0.098886
211	931862													9.199404	0.346964	3.420521	0.345471	-0.870490	-0.350567	0.030603	-0.362918	0.931318	-0.937930	-0.332472	-0.098738
212	932029													9.220962	0.349530	3.418037	0.345366	-0.870544	-0.350535	0.030733	-0.362827	0.931350	-0.937965	-0.332430	-0.098554
213	932196													9.248248	0.355743	3.440300	0.345318	-0.870547	-0.350575	0.030859	-0.362820	0.931348	-0.937978	-0.332429	-0.098424
214	932362													9.202511	0.372641	3.437146	0.345291	-0.870524	-0.350658	0.030971	-0.362865	0.931327	-0.937984	-0.332439	-0.098333
215	932529													9.202737	0.359391	3.441863	0.345225	-0.870578	-0.350590	0.031070	-0.362751	0.931368	-0.938006	-0.332424	-0.098182
216	932696													9.211710	0.374375	3.435283	0.345193	-0.870626	-0.350503	0.031174	-0.362616	0.931417	-0.938014	-0.332446	-0.098032
217	932862													9.174209	0.358486	3.434707	0.345190	-0.870605	-0.350557	0.031253	-0.362646	0.931403	-0.938012	-0.332467	-0.097973
218	933029													9.204370	0.352382	3.424408	0.345176	-0.870605	-0.350572	0.031315	-0.362638	0.931404	-0.938015	-0.332477	-0.097911
219	933196													9.205497	0.354076	3.439178	0.345165	-0.870643	-0.350488	0.031336	-0.362540	0.931441	-0.938019	-0.332484	-0.097854
220	933362													9.204435	0.368378	3.439249	0.345146	-0.870678	-0.350420	0.031351	-0.362460	0.931472	-0.938025	-0.332480	-0.097804
221	933529													9.187115	0.369555	3.442749	0.345124	-0.870675	-0.350448	0.031348	-0.362488	0.931461	-0.938033	-0.332455	-0.097810
222	933696													9.191984	0.349429	3.415757	0.345072	-0.870744	-0.350330	0.031326	-0.362364	0.931510	-0.938053	-0.332412	-0.097765
223	933862													9.192390	0.355065	3.421195	0.344984	-0.870759	-0.350379	0.031323	-0.362408	0.931493	-0.938086	-0.332325	-0.097751
224	934029													9.227914	0.364553	3.409888	0.344958	-0.870783	-0.350343	0.031293	-0.362377	0.931506	-0.938096	-0.332294	-0.097756
225	934196													9.217832	0.368621	3.427694	0.344938	-0.870775	-0.350383	0.031311	-0.362411	0.931492	-0.938103	-0.332278	-0.097744
226	934362													9.197426	0.348691	3.420993	0.344932	-0.870774	-0.350393	0.031334	-0.362413	0.931491	-0.938105	-0.332280	-0.097723
227	934529													9.193880	0.362451	3.371536	0.344921	-0.870742	-0.350482	0.031351	-0.362501	0.931456	-0.938108	-0.332267	-0.097735
228	934696													9.242489	0.367721	3.373162	0.345168	-0.870678	-0.350398	0.031414	-0.362417	0.931487	-0.938015	-0.332527	-0.097743
229	934863													9.200680	0.414615	3.486602	0.345258	-0.870644	-0.350393	0.031521	-0.362383	0.931496	-0.937978	-0.332651	-0.097672
230	935029													9.267967	0.424281	3.422645	0.345280	-0.870658	-0.350337	0.031720	-0.362255	0.931539	-0.937963	-0.332755	-0.097462
231	935196													9.210501	0.367600	3.458434	0.345556	-0.870569	-0.350287	0.031879	-0.362176	0.931564	-0.937856	-0.333075	-0.097399
232	935363													9.165687	0.358100	3.496054	0.345654	-0.870550	-0.350237	0.031917	-0.362119	0.931585	-0.937819	-0.333185	-0.097383
233	935529													9.164825	0.374944	3.475705	0.345614	-0.870549	-0.350278	0.031902	-0.362165	0.931568	-0.937834	-0.333137	-0.097397
234	935696													9.158649	0.361458	3.464508	0.345547	-0.870615	-0.350181	0.031909	-0.362051	0.931612	-0.937859	-0.333090	-0.097325
235	935863													9.185607	0.351645	3.449549	0.345449	-0.870677	-0.350124	0.031921	-0.361974	0.931641	-0.937895	-0.333011	-0.097250
236	936029													9.191565	0.346732	3.422698	0.345399	-0.870701	-0.350113	0.031947	-0.361948	0.931651	-0.937912	-0.332976	-0.097200
237	936196													9.180911	0.334392	3.414378	0.345383	-0.870657	-0.350239	0.031968	-0.362073	0.931601	-0.937917	-0.332956	-0.097221
238	936363													9.207645	0.356369	3.432813	0.345390	-0.870642	-0.350269	0.032021	-0.362087	0.931594	-0.937913	-0.332979	-0.097182
239	936529													9.218554	0.357006	3.464705	0.345483	-0.870625	-0.350219	0.032059	-0.362030	0.931615	-0.937877	-0.333085	-0.097164
240	936696													9.135619	0.348289	3.436432	0.345416	-0.870564	-0.350438	0.032085	-0.362249	0.931529	-0.937901	-0.333009	-0.097195
241	936863													9.280372	0.337967	3.354651	0.345352	-0.870499	-0.350662	0.032065	-0.362488	0.931437	-0.937925	-0.332918	-0.097274
242	937029													9.147697	0.405176	3.499404	0.345438	-0.870453	-0.350691	0.032062	-0.362530	0.931420	-0.937894	-0.332992	-0.097323
243	937196													9.265382	0.417974	3.384149	0.345268	-0.870480	-0.350792	0.032169	-0.362582	0.931397	-0.937953	-0.332866	-0.097186
244	937363													9.190267	0.375105	3.414695	0.345408	-0.870442	-0.350748	0.032233	-0.362527	0.931416	-0.937899	-0.333024	-0.097162
245	937529													9.220717	0.356444	3.422573	0.345367	-0.870489	-0.350671	0.032206	-0.362450	0.931447	-0.937915	-0.332985	-0.097143
246	937696													9.208265	0.359298	3.426625	0.345348	-0.870544	-0.350553	0.032189	-0.362327	0.931495	-0.937922	-0.332974	-0.097107
247	937863													9.199289	0.366268	3.420124	0.345386	-0.870614	-0.350342	0.032183	-0.362108	0.931580	-0.937909	-0.333030	-0.097048
248	938029													9.186568	0.383323	3.432787	0.345428	-0.870624	-0.350276	0.032256	-0.362016	0.931614	-0.937891	-0.333104	-0.096967
249	938196													9.190216	0.371175	3.395570	0.345464	-0.870578	-0.350356	0.032348	-0.362073	0.931588	-0.937874	-0.333163	-0.096922
250	938363													9.217635	0.363128	3.415997	0.345571	-0.870504	-0.350434	0.032488	-0.362118	0.931566	-0.937830	-0.333307	-0.096857
251	938529													9.184690	0.376364	3.417964	0.345701	-0.870439	-0.350465	0.032617	-0.362120	0.931561	-0.937778	-0.333473	-0.096794
252	938696													9.196760	0.374822	3.461872	0.345834	-0.870400	-0.350432	0.032775	-0.362044	0.931585	-0.937723	-0.333659	-0.096680
253	938863													9.208326	0.380505	3.446058	0.345974	-0.870378	-0.350348	0.032929	-0.361914	0.931630	-0.937666	-0.333857	-0.096552
254	939029													9.198380	0.377622	3.464873	0.346166	-0.870292	-0.350374	0.033070	-0.361912	0.931625	-0.937590	-0.334084	-0.096501
255	939196													9.187792	0.364269	3.453125	0.346321	-0.870239	-0.350351	0.033230	-0.361848	0.931645	-0.937527	-0.334290	-0.096398
256	939363													9.193696	0.385297	3.472694	0.346438	-0.870177	-0.350389	0.033352	-0.361858	0.931636	-0.937480	-0.334440	-0.096339
257	939529													9.184698	0.385984	3.467326	0.346546	-0.870089	-0.350502	0.033452	-0.361955	0.931595	-0.937436	-0.334566	-0.096328
258	939696													9.191117	0.380423	3.482346	0.346696	-0.870016	-0.350535	0.033548	-0.361972	0.931585	-0.937377	-0.334737	-0.096307
259	939863													9.170061	0.363024	3.446791	0.346826	-0.869938	-0.350598	0.033607	-0.362034	0.931559	-0.937327	-0.334872	-0.096327
260	940029													9.183410	0.349266	3.442810	0.346900	-0.869890	-0.350644	0.033627	-0.362084	0.931539	-0.937299	-0.334942	-0.096355
261	940196													9.185263	0.367348	3.427559	0.346983	-0.869859	-0.350639	0.033616	-0.362092	0.931536	-0.937269	-0.335014	-0.096398
262	940363													9.208879	0.381204	3.405822	0.347097	-0.869791	-0.350696	0.033597	-0.362172	0.931506	-0.937227	-0.335105	-0.096486
263	940529													9.233131	0.355674	3.435402	0.347190	-0.869753	-0.350698	0.033578	-0.362191	0.931499	-0.937193	-0.335183	-0.096544
264	940696													9.197167	0.355273	3.455183	0.347272	-0.869698	-0.350753	0.033530	-0.362277	0.931467	-0.937165	-0.335233	-0.096647
265	940863													9.173804	0.377109	3.377452	0.347379	-0.869610	-0.350866	0.033485	-0.362425	0.931411	-0.937127	-0.335302	-0.096780
266	941029													9.242505	0.354696	3.373350	0.347597	-0.869457	-0.351028	0.033486	-0.362623	0.931334	-0.937046	-0.335483	-0.096932
267	941196													9.185684	0.434459	3.479834	0.347800	-0.869317	-0.351174	0.033515	-0.362791	0.931268	-0.936970	-0.335664	-0.097044
268	941363													9.231614	0.439709	3.440959	0.347890	-0.869304	-0.351118	0.033625	-0.362701	0.931299	-0.936932	-0.335796	-0.096950
269	941529													9.200093	0.359578	3.455642	0.348220	-0.869161	-0.351143	0.033713	-0.362733	0.931283	-0.936806	-0.336130	-0.097009
270	941696													9.160852	0.371004	3.503742	0.348360	-0.869063	-0.351248	0.033649	-0.362885	0.931226	-0.936757	-0.336221	-0.097171
271	941863													9.157014	0.380571	3.507975	0.348360	-0.869064	-0.351246	0.033522	-0.362928	0.931214	-0.936761	-0.336173	-0.097297
272	942029													9.164421	0.376196	3.466246	0.348358	-0.869115	-0.351120	0.033449	-0.362819	0.931259	-0.936764	-0.336156	-0.097320
273	942196													9.166030	0.368153	3.467784	0.348307	-0.869163	-0.351053	0.033401	-0.362759	0.931284	-0.936785	-0.336098	-0.097320
274	942363													9.173833	0.335927	3.440390	0.348293	-0.869226	-0.350911	0.033349	-0.362623	0.931339	-0.936792	-0.336082	-0.097312
275	942529													9.166601	0.328377	3.436898	0.348313	-0.869128	-0.351133	0.033283	-0.362887	0.931239	-0.936787	-0.336050	-0.097471
276	942696													9.168398	0.347554	3.449121	0.348353	-0.869084	-0.351202	0.033240	-0.362981	0.931203	-0.936774	-0.336061	-0.097557
277	942863													9.184948	0.376896	3.494575	0.348397	-0.869068	-0.351198	0.033195	-0.362998	0.931199	-0.936759	-0.336085	-0.097618
278	943029													9.162419	0.345436	3.447723	0.348274	-0.869126	-0.351176	0.033142	-0.362980	0.931207	-0.936807	-0.335954	-0.097612
279	943196													9.269183	0.343353	3.429208	0.348340	-0.868995	-0.351435	0.033116	-0.363274	0.931094	-0.936783	-0.335975	-0.097765
280	943363													9.104727	0.391861	3.490275	0.348289	-0.868950	-0.351598	0.033070	-0.363460	0.931023	-0.936804	-0.335893	-0.097853
281	943529													9.254213	0.397195	3.403513	0.348144	-0.868944	-0.351755	0.033129	-0.363590	0.930970	-0.936855	-0.335765	-0.097795
282	943696													9.208891	0.366754	3.423750	0.348245	-0.868885	-0.351801	0.033149	-0.363643	0.930948	-0.936817	-0.335860	-0.097834
283	943863													9.196846	0.348821	3.439552	0.348215	-0.868890	-0.351820	0.033074	-0.363687	0.930934	-0.936831	-0.335801	-0.097903
284	944029													9.222860	0.355785	3.425980	0.348143	-0.868915	-0.351828	0.032985	-0.363720	0.930924	-0.936861	-0.335700	-0.097965
285	944196													9.201919	0.363886	3.441939	0.348180	-0.868906	-0.351815	0.032932	-0.363729	0.930923	-0.936849	-0.335715	-0.098028
286	944363													9.165064	0.363475	3.428188	0.348157	-0.868906	-0.351836	0.032887	-0.363765	0.930910	-0.936859	-0.335674	-0.098071
287	944529													9.204361	0.363459	3.434464	0.348074	-0.868874	-0.351998	0.032834	-0.363948	0.930840	-0.936892	-0.335559	-0.098152
288	944696													9.232448	0.343871	3.405902	0.348082	-0.868760	-0.352271	0.032775	-0.364262	0.930719	-0.936891	-0.335513	-0.098320
289	944863													9.187006	0.339881	3.453035	0.347993	-0.868561	-0.352850	0.032752	-0.364881	0.930478	-0.936925	-0.335357	-0.098530
