// Start Time: Unknown
// Update Rate: 60.0Hz
//Filter Profile: human (46.1)
// Option Flags: AHS Disabled ICC Disabled
// Firmware Version: 4.0.2
0	sampleTimeFine	Year	Month	Day	Second	UTC_Nano	UTC_Year	UTC_Month	UTC_Day	UTC_Hour	UTC_Minute	UTC_Second	UTC_Valid	Acc_X	Acc_Y	Acc_Z	Mat[1][1]	Mat[2][1]	Mat[3][1]	Mat[1][2]	Mat[2][2]	Mat[3][2]	Mat[1][3]	Mat[2][3]	Mat[3][3]
0	1936516													0.137700	-0.162445	-0.315440	-0.346182	-0.862430	0.369286	-0.020890	0.400613	0.916009	-0.937935	0.309391	-0.156701
1	1936683													9.092715	-0.223835	-3.335421	-0.345093	-0.863271	0.368340	-0.020966	0.399441	0.916519	-0.938334	0.308561	-0.155943
2	1936850													9.087628	-0.174249	-3.333683	-0.344197	-0.864128	0.367167	-0.021674	0.398271	0.917012	-0.938647	0.307674	-0.155813
3	1937016													9.099266	-0.181826	-3.312812	-0.343559	-0.864485	0.366924	-0.021558	0.397862	0.917192	-0.938884	0.307200	-0.155325
4	1937850													9.117660	-0.177781	-3.304971	-0.342890	-0.864895	0.366583	-0.021318	0.397305	0.917439	-0.939134	0.306766	-0.154670
5	1938016													9.137817	-0.207293	-3.326664	-0.342200	-0.864944	0.367111	-0.021101	0.397674	0.917284	-0.939390	0.306149	-0.154335
6	1938183													9.140560	-0.208828	-3.305205	-0.341628	-0.865259	0.366902	-0.021119	0.397359	0.917420	-0.939598	0.305668	-0.154023
7	1938350													9.133712	-0.201128	-3.285520	-0.341064	-0.865355	0.367202	-0.021218	0.397611	0.917309	-0.939801	0.305069	-0.153972
8	1938516													9.126456	-0.209819	-3.290953	-0.340490	-0.865714	0.366886	-0.021305	0.397204	0.917483	-0.940007	0.304577	-0.153689
9	1938683													9.129549	-0.210936	-3.270499	-0.339968	-0.865966	0.366776	-0.021372	0.397019	0.917562	-0.940194	0.304102	-0.153481
10	1938850													9.145877	-0.218225	-3.269469	-0.339472	-0.866080	0.366966	-0.021389	0.397141	0.917508	-0.940373	0.303619	-0.153343
11	1939016													9.163767	-0.211776	-3.260054	-0.338965	-0.866255	0.367023	-0.021457	0.397135	0.917509	-0.940554	0.303128	-0.153202
12	1939183													9.158455	-0.205265	-3.254992	-0.338430	-0.866329	0.367341	-0.021525	0.397401	0.917392	-0.940745	0.302566	-0.153141
13	1939350													9.158269	-0.214869	-3.254774	-0.337868	-0.866454	0.367563	-0.021574	0.397556	0.917324	-0.940946	0.302005	-0.153014
14	1939516													9.156677	-0.200221	-3.260599	-0.337285	-0.866586	0.367787	-0.021620	0.397707	0.917258	-0.941154	0.301426	-0.152876
15	1939683													9.141392	-0.191994	-3.241807	-0.336734	-0.866688	0.368053	-0.021615	0.397892	0.917178	-0.941352	0.300890	-0.152717
16	1939850													9.137517	-0.200262	-3.234365	-0.336248	-0.866815	0.368198	-0.021660	0.397976	0.917140	-0.941524	0.300411	-0.152594
17	1940016													9.146414	-0.202804	-3.219577	-0.335805	-0.866937	0.368313	-0.021705	0.398037	0.917113	-0.941681	0.299977	-0.152480
18	1940183													9.142281	-0.195982	-3.228901	-0.335388	-0.867044	0.368441	-0.021826	0.398140	0.917065	-0.941827	0.299531	-0.152456
19	1940350													9.155734	-0.199762	-3.237151	-0.335064	-0.867113	0.368574	-0.021949	0.398264	0.917008	-0.941940	0.299166	-0.152477
20	1940516													9.134465	-0.220200	-3.247004	-0.334755	-0.867239	0.368560	-0.022121	0.398251	0.917010	-0.942045	0.298821	-0.152501
21	1940683													9.136394	-0.209965	-3.233280	-0.334523	-0.867337	0.368540	-0.022340	0.398259	0.917001	-0.942123	0.298525	-0.152603
22	1940850													9.141195	-0.205886	-3.233039	-0.334355	-0.867455	0.368414	-0.022565	0.398169	0.917035	-0.942177	0.298302	-0.152703
23	1941016													9.125587	-0.213130	-3.225304	-0.334278	-0.867560	0.368237	-0.022813	0.398047	0.917082	-0.942198	0.298160	-0.152849
24	1941183													9.123611	-0.202083	-3.240102	-0.334288	-0.867621	0.368085	-0.023053	0.397963	0.917112	-0.942189	0.298094	-0.153036
25	1941350													9.131907	-0.209115	-3.249508	-0.334389	-0.867695	0.367817	-0.023241	0.397757	0.917196	-0.942149	0.298152	-0.153172
26	1941516													9.128090	-0.188879	-3.237902	-0.334498	-0.867792	0.367488	-0.023413	0.397483	0.917311	-0.942106	0.298235	-0.153275
27	1941683													9.150017	-0.188391	-3.246810	-0.334622	-0.867750	0.367475	-0.023545	0.397533	0.917286	-0.942058	0.298292	-0.153455
28	1941850													9.161893	-0.188087	-3.256222	-0.334724	-0.867648	0.367623	-0.023683	0.397750	0.917188	-0.942018	0.298299	-0.153685
29	1942016													9.158624	-0.182397	-3.279139	-0.334816	-0.867584	0.367689	-0.023771	0.397864	0.917137	-0.941984	0.298332	-0.153835
30	1942183													9.156782	-0.180777	-3.254288	-0.334920	-0.867431	0.367956	-0.023802	0.398173	0.917001	-0.941946	0.298364	-0.154003
31	1942350													9.134817	-0.226902	-3.249061	-0.335001	-0.867308	0.368172	-0.023827	0.398424	0.916892	-0.941917	0.298387	-0.154138
32	1942516													9.144508	-0.198970	-3.260477	-0.335084	-0.867188	0.368379	-0.023922	0.398687	0.916775	-0.941884	0.298384	-0.154339
33	1942683													9.160004	-0.208148	-3.264294	-0.335217	-0.867055	0.368573	-0.023980	0.398934	0.916666	-0.941836	0.298443	-0.154521
34	1942850													9.128311	-0.214316	-3.300944	-0.335338	-0.866896	0.368836	-0.023981	0.399233	0.916536	-0.941793	0.298504	-0.154667
35	1943016													9.146919	-0.193770	-3.281056	-0.335517	-0.866700	0.369132	-0.023899	0.399551	0.916399	-0.941731	0.298646	-0.154769
36	1943183													9.195467	-0.208067	-3.259746	-0.335635	-0.866429	0.369661	-0.023705	0.400069	0.916178	-0.941694	0.298739	-0.154816
37	1943350													9.199304	-0.213148	-3.257554	-0.335646	-0.866338	0.369865	-0.023585	0.400248	0.916103	-0.941693	0.298763	-0.154775
38	1943516													9.169879	-0.186919	-3.252765	-0.335560	-0.866230	0.370196	-0.023475	0.400549	0.915975	-0.941726	0.298674	-0.154743
39	1943683													9.130990	-0.183849	-3.254096	-0.335401	-0.866210	0.370386	-0.023426	0.400707	0.915907	-0.941784	0.298519	-0.154689
40	1943850													9.139960	-0.182938	-3.246219	-0.335256	-0.866196	0.370551	-0.023418	0.400853	0.915843	-0.941836	0.298365	-0.154673
41	1944016													9.140096	-0.190658	-3.246481	-0.335130	-0.866178	0.370707	-0.023429	0.401000	0.915778	-0.941881	0.298219	-0.154681
42	1944183													9.150966	-0.199123	-3.264799	-0.335007	-0.866148	0.370889	-0.023512	0.401197	0.915690	-0.941922	0.298042	-0.154769
43	1944350													9.150263	-0.212956	-3.257510	-0.334926	-0.866149	0.370959	-0.023646	0.401300	0.915641	-0.941948	0.297900	-0.154886
44	1944516													9.123233	-0.215978	-3.231690	-0.334861	-0.866197	0.370906	-0.023833	0.401291	0.915640	-0.941966	0.297773	-0.155021
45	1944683													9.142431	-0.206161	-3.264255	-0.334855	-0.866216	0.370867	-0.024017	0.401307	0.915628	-0.941964	0.297696	-0.155184
46	1944850													9.160512	-0.195590	-3.260804	-0.334868	-0.866292	0.370676	-0.024181	0.401160	0.915689	-0.941955	0.297672	-0.155283
47	1945016													9.150731	-0.192811	-3.295625	-0.334913	-0.866318	0.370575	-0.024339	0.401110	0.915706	-0.941935	0.297663	-0.155422
48	1945183													9.142957	-0.180327	-3.233188	-0.334969	-0.866410	0.370311	-0.024490	0.400889	0.915799	-0.941911	0.297695	-0.155504
49	1945350													9.120454	-0.206266	-3.255917	-0.335077	-0.866409	0.370215	-0.024660	0.400860	0.915808	-0.941868	0.297736	-0.155684
50	1945516													9.121437	-0.181366	-3.265602	-0.335224	-0.866368	0.370178	-0.024906	0.400924	0.915773	-0.941809	0.297770	-0.155978
51	1945683													9.119924	-0.169758	-3.280582	-0.335448	-0.866282	0.370175	-0.025011	0.400994	0.915739	-0.941727	0.297924	-0.156180
52	1945850													9.143608	-0.165926	-3.263866	-0.335691	-0.866168	0.370222	-0.025071	0.401105	0.915689	-0.941639	0.298106	-0.156363
53	1946016													9.171144	-0.198646	-3.272473	-0.335954	-0.866033	0.370300	-0.025143	0.401256	0.915621	-0.941543	0.298297	-0.156578
54	1946183													9.162876	-0.201944	-3.264958	-0.336172	-0.865917	0.370372	-0.025270	0.401411	0.915549	-0.941461	0.298423	-0.156825
55	1946350													9.161613	-0.184660	-3.284403	-0.336343	-0.865842	0.370393	-0.025396	0.401503	0.915506	-0.941397	0.298518	-0.157032
56	1946516													9.149705	-0.191247	-3.267469	-0.336482	-0.865753	0.370476	-0.025498	0.401648	0.915439	-0.941345	0.298582	-0.157222
57	1946683													9.136586	-0.195203	-3.272737	-0.336622	-0.865683	0.370511	-0.025517	0.401715	0.915409	-0.941294	0.298692	-0.157316
58	1946850													9.144823	-0.199692	-3.283945	-0.336747	-0.865556	0.370693	-0.025478	0.401918	0.915321	-0.941250	0.298788	-0.157397
59	1947016													9.155556	-0.201584	-3.250043	-0.336849	-0.865514	0.370699	-0.025436	0.401929	0.915317	-0.941215	0.298894	-0.157404
60	1947183													9.156796	-0.183989	-3.285962	-0.336942	-0.865380	0.370929	-0.025390	0.402174	0.915211	-0.941183	0.298955	-0.157481
61	1947350													9.173154	-0.182279	-3.270706	-0.336977	-0.865246	0.371208	-0.025373	0.402470	0.915082	-0.941171	0.298943	-0.157577
62	1947516													9.149022	-0.177845	-3.262270	-0.336983	-0.865113	0.371514	-0.025315	0.402776	0.914948	-0.941170	0.298917	-0.157630
63	1947683													9.144087	-0.180817	-3.299598	-0.336993	-0.865004	0.371757	-0.025288	0.403026	0.914839	-0.941168	0.298893	-0.157691
64	1947850													9.125097	-0.177798	-3.242529	-0.337049	-0.864926	0.371889	-0.025238	0.403160	0.914782	-0.941149	0.298941	-0.157713
65	1948016													9.131566	-0.194285	-3.273467	-0.337114	-0.864897	0.371897	-0.025253	0.403186	0.914770	-0.941125	0.298990	-0.157761
66	1948183													9.145645	-0.193730	-3.289249	-0.337230	-0.864813	0.371986	-0.025298	0.403314	0.914712	-0.941082	0.299058	-0.157888
67	1948350													9.150978	-0.188978	-3.267509	-0.337373	-0.864691	0.372141	-0.025382	0.403529	0.914615	-0.941029	0.299120	-0.158087
68	1948516													9.136350	-0.194370	-3.274340	-0.337545	-0.864697	0.371972	-0.025477	0.403412	0.914664	-0.940965	0.299263	-0.158200
69	1948683													9.141635	-0.200503	-3.277043	-0.337732	-0.864674	0.371855	-0.025616	0.403366	0.914680	-0.940894	0.299391	-0.158379
70	1948850													9.143075	-0.189660	-3.260556	-0.337934	-0.864585	0.371878	-0.025773	0.403476	0.914627	-0.940817	0.299499	-0.158631
71	1949016													9.136653	-0.185176	-3.273614	-0.338190	-0.864546	0.371737	-0.025930	0.403422	0.914646	-0.940720	0.299685	-0.158851
72	1949183													9.128871	-0.174368	-3.288004	-0.338453	-0.864504	0.371594	-0.026049	0.403356	0.914672	-0.940623	0.299894	-0.159037
73	1949350													9.137149	-0.172993	-3.287676	-0.338689	-0.864445	0.371516	-0.026132	0.403343	0.914676	-0.940535	0.300082	-0.159198
74	1949516													9.146708	-0.184915	-3.306257	-0.338905	-0.864408	0.371406	-0.026209	0.403289	0.914697	-0.940455	0.300262	-0.159332
75	1949683													9.133358	-0.168314	-3.287597	-0.339092	-0.864345	0.371382	-0.026265	0.403315	0.914684	-0.940386	0.300408	-0.159463
76	1949850													9.139497	-0.148021	-3.313634	-0.339292	-0.864200	0.371537	-0.026291	0.403524	0.914591	-0.940314	0.300545	-0.159633
77	1950017													9.139322	-0.162306	-3.306924	-0.339477	-0.864101	0.371598	-0.026282	0.403618	0.914550	-0.940247	0.300702	-0.159729
78	1950183													9.147704	-0.180574	-3.304722	-0.339630	-0.863954	0.371799	-0.026312	0.403868	0.914439	-0.940191	0.300788	-0.159898
79	1950350													9.120979	-0.168238	-3.287765	-0.339792	-0.863785	0.372045	-0.026391	0.404183	0.914297	-0.940130	0.300853	-0.160135
80	1950517													9.121241	-0.179951	-3.297403	-0.339995	-0.863591	0.372310	-0.026400	0.404503	0.914155	-0.940057	0.300979	-0.160328
81	1950683													9.133606	-0.198909	-3.324883	-0.340209	-0.863401	0.372553	-0.026414	0.404803	0.914022	-0.939979	0.301118	-0.160523
82	1950850													9.139509	-0.170489	-3.313845	-0.340463	-0.863157	0.372888	-0.026311	0.405171	0.913862	-0.939890	0.301325	-0.160656
83	1951017													9.167882	-0.194111	-3.315247	-0.340671	-0.862942	0.373194	-0.026146	0.405480	0.913730	-0.939819	0.301524	-0.160698
84	1951183													9.176750	-0.191525	-3.300952	-0.340802	-0.862747	0.373526	-0.025976	0.405800	0.913593	-0.939776	0.301652	-0.160708
85	1951350													9.134513	-0.177537	-3.314121	-0.340828	-0.862702	0.373607	-0.025870	0.405857	0.913570	-0.939770	0.301704	-0.160646
86	1951517													9.131688	-0.159309	-3.297288	-0.340780	-0.862609	0.373865	-0.025778	0.406092	0.913469	-0.939790	0.301654	-0.160624
87	1951683													9.128516	-0.140885	-3.312748	-0.340729	-0.862616	0.373896	-0.025695	0.406089	0.913472	-0.939810	0.301639	-0.160531
88	1951850													9.125204	-0.164255	-3.299595	-0.340687	-0.862570	0.374040	-0.025652	0.406220	0.913415	-0.939827	0.301594	-0.160521
89	1952017													9.138915	-0.138925	-3.340803	-0.340652	-0.862564	0.374086	-0.025702	0.406278	0.913388	-0.939838	0.301533	-0.160569
90	1952183													9.143325	-0.166011	-3.306815	-0.340614	-0.862592	0.374054	-0.025832	0.406280	0.913383	-0.939848	0.301449	-0.160667
91	1952350													9.126642	-0.172784	-3.321996	-0.340613	-0.862583	0.374077	-0.025996	0.406356	0.913345	-0.939844	0.301373	-0.160834
92	1952517													9.134926	-0.170984	-3.304682	-0.340641	-0.862609	0.373991	-0.026201	0.406336	0.913348	-0.939828	0.301324	-0.161016
93	1952683													9.123750	-0.178247	-3.321963	-0.340689	-0.862622	0.373917	-0.026441	0.406343	0.913338	-0.939804	0.301277	-0.161246
94	1952850													9.142562	-0.171136	-3.299611	-0.340727	-0.862719	0.373659	-0.026626	0.406136	0.913425	-0.939785	0.301279	-0.161352
95	1953017													9.123803	-0.159978	-3.312299	-0.340745	-0.862774	0.373517	-0.026794	0.406043	0.913461	-0.939774	0.301249	-0.161474
96	1953183													9.112337	-0.194141	-3.312932	-0.340800	-0.862806	0.373392	-0.027026	0.405995	0.913475	-0.939747	0.301221	-0.161681
97	1953350													9.100623	-0.159793	-3.315307	-0.340915	-0.862864	0.373154	-0.027280	0.405845	0.913535	-0.939698	0.301258	-0.161897
98	1953517													9.099175	-0.161662	-3.312066	-0.341087	-0.862845	0.373038	-0.027391	0.405790	0.913556	-0.939633	0.301384	-0.162044
99	1953683													9.116616	-0.169260	-3.312335	-0.341294	-0.862794	0.372968	-0.027408	0.405759	0.913569	-0.939557	0.301574	-0.162131
100	1953850													9.148481	-0.174619	-3.312637	-0.341486	-0.862755	0.372882	-0.027419	0.405707	0.913592	-0.939487	0.301755	-0.162199
101	1954017													9.141312	-0.183048	-3.323223	-0.341649	-0.862672	0.372924	-0.027490	0.405804	0.913547	-0.939425	0.301861	-0.162357
102	1954183													9.117958	-0.154206	-3.336902	-0.341777	-0.862604	0.372964	-0.027578	0.405898	0.913502	-0.939376	0.301928	-0.162516
103	1954350													9.133995	-0.146013	-3.316803	-0.341905	-0.862487	0.373119	-0.027589	0.406088	0.913417	-0.939330	0.302008	-0.162638
104	1954517													9.147155	-0.167989	-3.313177	-0.342010	-0.862372	0.373288	-0.027554	0.406276	0.913335	-0.939292	0.302084	-0.162712
105	1954683													9.150112	-0.179003	-3.316947	-0.342048	-0.862305	0.373407	-0.027476	0.406383	0.913290	-0.939281	0.302129	-0.162695
106	1954850													9.154383	-0.170986	-3.320948	-0.342066	-0.862258	0.373500	-0.027384	0.406456	0.913260	-0.939277	0.302167	-0.162647
107	1955017													9.148804	-0.158827	-3.309415	-0.342014	-0.862237	0.373595	-0.027315	0.406525	0.913231	-0.939298	0.302133	-0.162589
108	1955183													9.142013	-0.152110	-3.331656	-0.341911	-0.862227	0.373713	-0.027279	0.406619	0.913190	-0.939336	0.302035	-0.162549
109	1955350													9.138014	-0.166032	-3.321574	-0.341794	-0.862205	0.373872	-0.027196	0.406739	0.913139	-0.939381	0.301938	-0.162470
110	1955517													9.131059	-0.149003	-3.344748	-0.341663	-0.862194	0.374016	-0.027113	0.406841	0.913096	-0.939431	0.301830	-0.162379
111	1955683													9.127625	-0.154678	-3.313739	-0.341581	-0.862116	0.374270	-0.027069	0.407082	0.912991	-0.939463	0.301729	-0.162388
112	1955850													9.129003	-0.160364	-3.316964	-0.341510	-0.862079	0.374420	-0.027110	0.407240	0.912919	-0.939487	0.301620	-0.162447
113	1956017													9.124954	-0.177130	-3.294688	-0.341472	-0.862090	0.374431	-0.027182	0.407268	0.912904	-0.939499	0.301554	-0.162504
114	1956183													9.122390	-0.169888	-3.307076	-0.341429	-0.862117	0.374406	-0.027285	0.407267	0.912901	-0.939511	0.301476	-0.162576
115	1956350													9.115665	-0.202844	-3.327781	-0.341434	-0.862185	0.374247	-0.027435	0.407147	0.912950	-0.939505	0.301445	-0.162668
116	1956517													9.112556	-0.181608	-3.324635	-0.341467	-0.862228	0.374118	-0.027609	0.407073	0.912978	-0.939488	0.301423	-0.162807
117	1956683													9.113239	-0.177778	-3.316200	-0.341531	-0.862301	0.373889	-0.027784	0.406898	0.913051	-0.939460	0.301447	-0.162926
118	1956850													9.125823	-0.173931	-3.294462	-0.341638	-0.862361	0.373655	-0.027942	0.406720	0.913125	-0.939416	0.301518	-0.163047
119	1957017													9.117711	-0.164676	-3.303055	-0.341742	-0.862482	0.373280	-0.028089	0.406390	0.913268	-0.939374	0.301617	-0.163107
120	1957183													9.124827	-0.148997	-3.310726	-0.341847	-0.862547	0.373033	-0.028239	0.406195	0.913350	-0.939331	0.301692	-0.163214
121	1957350													9.115104	-0.126595	-3.317242	-0.341990	-0.862584	0.372815	-0.028340	0.406024	0.913423	-0.939276	0.301816	-0.163302
122	1957517													9.110794	-0.141157	-3.320389	-0.342166	-0.862577	0.372669	-0.028398	0.405921	0.913467	-0.939210	0.301974	-0.163388
123	1957683													9.113856	-0.146052	-3.305035	-0.342346	-0.862452	0.372796	-0.028509	0.406123	0.913373	-0.939141	0.302061	-0.163623
124	1957850													9.119120	-0.137035	-3.310634	-0.342539	-0.862317	0.372930	-0.028601	0.406331	0.913278	-0.939068	0.302167	-0.163848
125	1958017													9.150180	-0.153156	-3.321577	-0.342688	-0.862177	0.373116	-0.028638	0.406568	0.913172	-0.939013	0.302248	-0.164017
126	1958183													9.126248	-0.159210	-3.342027	-0.342845	-0.862002	0.373376	-0.028594	0.406858	0.913044	-0.938957	0.302357	-0.164137
127	1958350													9.143783	-0.163573	-3.319602	-0.342966	-0.861850	0.373617	-0.028404	0.407074	0.912954	-0.938918	0.302500	-0.164093
128	1958517													9.152282	-0.170370	-3.326154	-0.343009	-0.861720	0.373876	-0.028183	0.407285	0.912866	-0.938909	0.302585	-0.163988
129	1958683													9.150781	-0.179307	-3.312137	-0.342962	-0.861669	0.374036	-0.027985	0.407382	0.912829	-0.938932	0.302598	-0.163830
130	1958850													9.124210	-0.158416	-3.337200	-0.342848	-0.861625	0.374243	-0.027854	0.407538	0.912763	-0.938978	0.302515	-0.163723
131	1959017													9.110281	-0.152583	-3.341172	-0.342706	-0.861595	0.374441	-0.027801	0.407705	0.912691	-0.939031	0.302375	-0.163676
132	1959183													9.127099	-0.157473	-3.323575	-0.342564	-0.861578	0.374611	-0.027821	0.407865	0.912618	-0.939082	0.302209	-0.163690
133	1959350													9.141523	-0.154404	-3.340970	-0.342432	-0.861604	0.374672	-0.027934	0.407941	0.912581	-0.939127	0.302031	-0.163760
134	1959517													9.141758	-0.163662	-3.314903	-0.342256	-0.861702	0.374608	-0.028150	0.407910	0.912588	-0.939185	0.301793	-0.163867
135	1959683													9.127246	-0.184630	-3.314921	-0.342097	-0.861810	0.374503	-0.028404	0.407851	0.912606	-0.939235	0.301563	-0.164004
136	1959850													9.113472	-0.191576	-3.310642	-0.341989	-0.861927	0.374334	-0.028687	0.407744	0.912645	-0.939266	0.301376	-0.164170
137	1960017													9.116390	-0.167415	-3.326399	-0.341940	-0.862020	0.374163	-0.028944	0.407636	0.912686	-0.939276	0.301254	-0.164337
138	1960183													9.132712	-0.165862	-3.328584	-0.341948	-0.862111	0.373946	-0.029158	0.407476	0.912750	-0.939266	0.301210	-0.164473
139	1960350													9.138015	-0.164251	-3.324395	-0.341924	-0.862258	0.373629	-0.029372	0.407205	0.912864	-0.939269	0.301156	-0.164559
140	1960517													9.093392	-0.175392	-3.320346	-0.341932	-0.862376	0.373349	-0.029580	0.406976	0.912960	-0.939259	0.301127	-0.164668
141	1960683													9.074983	-0.180666	-3.309386	-0.341997	-0.862423	0.373183	-0.029887	0.406911	0.912979	-0.939226	0.301083	-0.164938
142	1960850													9.085096	-0.146444	-3.324615	-0.342144	-0.862436	0.373016	-0.030102	0.406831	0.913007	-0.939165	0.301151	-0.165156
143	1961017													9.115050	-0.155512	-3.333811	-0.342376	-0.862425	0.372829	-0.030176	0.406700	0.913063	-0.939078	0.301361	-0.165269
144	1961183													9.142662	-0.185673	-3.326960	-0.342605	-0.862353	0.372786	-0.030217	0.406710	0.913058	-0.938993	0.301554	-0.165398
145	1961350													9.159840	-0.202644	-3.321243	-0.342762	-0.862273	0.372825	-0.030340	0.406821	0.913004	-0.938932	0.301632	-0.165604
146	1961517													9.147997	-0.184281	-3.307471	-0.342853	-0.862247	0.372804	-0.030503	0.406867	0.912978	-0.938894	0.301645	-0.165797
147	1961683													9.141473	-0.176725	-3.315076	-0.342910	-0.862154	0.372966	-0.030573	0.407072	0.912884	-0.938871	0.301634	-0.165948
148	1961850													9.122426	-0.202503	-3.324489	-0.342928	-0.862142	0.372977	-0.030596	0.407095	0.912873	-0.938863	0.301638	-0.165982
149	1962017													9.138418	-0.191738	-3.332936	-0.342897	-0.862133	0.373025	-0.030592	0.407138	0.912854	-0.938875	0.301604	-0.165981
150	1962183													9.144420	-0.209948	-3.304862	-0.342828	-0.862157	0.373035	-0.030592	0.407136	0.912855	-0.938900	0.301540	-0.165953
151	1962350													9.141898	-0.195583	-3.324585	-0.342703	-0.862156	0.373150	-0.030590	0.407234	0.912811	-0.938946	0.301409	-0.165934
152	1962517													9.121825	-0.187679	-3.312537	-0.342541	-0.862204	0.373189	-0.030579	0.407241	0.912809	-0.939005	0.301262	-0.165861
153	1962683													9.132414	-0.188269	-3.311690	-0.342383	-0.862195	0.373355	-0.030559	0.407381	0.912747	-0.939063	0.301100	-0.165829
154	1962850													9.114418	-0.164720	-3.322869	-0.342257	-0.862168	0.373532	-0.030514	0.407530	0.912682	-0.939111	0.300974	-0.165788
155	1963017													9.124499	-0.179676	-3.328469	-0.342157	-0.862190	0.373574	-0.030476	0.407543	0.912677	-0.939149	0.300894	-0.165720
156	1963183													9.124027	-0.194059	-3.322586	-0.342055	-0.862199	0.373646	-0.030457	0.407595	0.912655	-0.939186	0.300798	-0.165680
157	1963350													9.129031	-0.188495	-3.333740	-0.342002	-0.862267	0.373537	-0.030501	0.407484	0.912703	-0.939204	0.300753	-0.165660
158	1963517													9.125044	-0.194993	-3.318024	-0.341936	-0.862316	0.373484	-0.030602	0.407447	0.912716	-0.939225	0.300661	-0.165710
159	1963683													9.129848	-0.180640	-3.334540	-0.341876	-0.862356	0.373448	-0.030731	0.407439	0.912715	-0.939242	0.300559	-0.165795
160	1963850													9.132060	-0.197636	-3.309071	-0.341811	-0.862434	0.373327	-0.030884	0.407348	0.912750	-0.939261	0.300459	-0.165871
161	1964017													9.127344	-0.198316	-3.316324	-0.341737	-0.862538	0.373154	-0.031020	0.407195	0.912814	-0.939284	0.300367	-0.165910
162	1964183													9.127880	-0.210856	-3.323969	-0.341649	-0.862708	0.372842	-0.031234	0.406916	0.912931	-0.939308	0.300257	-0.165968
163	1964350													9.112875	-0.214281	-3.317976	-0.341579	-0.862792	0.372711	-0.031438	0.406830	0.912963	-0.939327	0.300132	-0.166089
164	1964517													9.106380	-0.179755	-3.310321	-0.341531	-0.862873	0.372568	-0.031580	0.406715	0.913009	-0.939340	0.300055	-0.166156
165	1964683													9.108710	-0.204819	-3.295880	-0.341559	-0.862989	0.372274	-0.031660	0.406435	0.913131	-0.939327	0.300102	-0.166144
166	1964850													9.133543	-0.184167	-3.332358	-0.341579	-0.863038	0.372143	-0.031741	0.406326	0.913177	-0.939317	0.300110	-0.166186
167	1965017													9.140264	-0.164745	-3.325165	-0.341569	-0.863073	0.372070	-0.031748	0.406249	0.913211	-0.939320	0.300112	-0.166163
168	1965183													9.136349	-0.161037	-3.323931	-0.341524	-0.863086	0.372079	-0.031742	0.406248	0.913211	-0.939337	0.300073	-0.166139
169	1965350													9.142241	-0.156756	-3.329964	-0.341512	-0.863060	0.372152	-0.031636	0.406290	0.913196	-0.939345	0.300094	-0.166057
170	1965517													9.175675	-0.162067	-3.326473	-0.341428	-0.862987	0.372399	-0.031437	0.406472	0.913122	-0.939382	0.300058	-0.165911
171	1965683													9.177186	-0.185543	-3.301599	-0.341207	-0.863011	0.372546	-0.031263	0.406530	0.913102	-0.939468	0.299910	-0.165691
172	1965850													9.148562	-0.186960	-3.298284	-0.340863	-0.863015	0.372851	-0.031123	0.406744	0.913012	-0.939598	0.299607	-0.165504
173	1966017													9.129934	-0.177944	-3.306646	-0.340431	-0.863107	0.373033	-0.031012	0.406821	0.912982	-0.939758	0.299238	-0.165261
174	1966183													9.133620	-0.187393	-3.294810	-0.339973	-0.863172	0.373300	-0.030889	0.406979	0.912915	-0.939928	0.298836	-0.165025
175	1966350													9.145077	-0.201277	-3.279981	-0.339481	-0.863273	0.373513	-0.030822	0.407091	0.912867	-0.940108	0.298389	-0.164808
176	1966517													9.146429	-0.204880	-3.278258	-0.338961	-0.863451	0.373575	-0.030840	0.407067	0.912878	-0.940295	0.297908	-0.164608
177	1966684													9.148393	-0.216004	-3.277124	-0.338414	-0.863658	0.373591	-0.030945	0.407016	0.912897	-0.940488	0.297376	-0.164466
178	1966850													9.159429	-0.227490	-3.298708	-0.337888	-0.863891	0.373529	-0.031084	0.406896	0.912945	-0.940673	0.296862	-0.164338
179	1967017													9.145982	-0.209444	-3.249103	-0.337406	-0.864186	0.373283	-0.031235	0.406595	0.913074	-0.940841	0.296418	-0.164181
180	1967184													9.130972	-0.208132	-3.259234	-0.337009	-0.864436	0.373062	-0.031368	0.406331	0.913188	-0.940979	0.296050	-0.164052
181	1967350													9.147623	-0.199667	-3.265654	-0.336665	-0.864641	0.372897	-0.031532	0.406145	0.913265	-0.941097	0.295706	-0.163998
182	1967517													9.119494	-0.183284	-3.242931	-0.336347	-0.864922	0.372532	-0.031699	0.405753	0.913433	-0.941204	0.295422	-0.163891
183	1967684													9.143916	-0.225090	-3.230748	-0.336106	-0.865172	0.372169	-0.031930	0.405398	0.913582	-0.941283	0.295177	-0.163882
184	1967850													9.116936	-0.175201	-3.237811	-0.335936	-0.865343	0.371925	-0.032153	0.405179	0.913672	-0.941336	0.294977	-0.163937
185	1968017													9.129353	-0.173708	-3.250390	-0.335856	-0.865452	0.371745	-0.032268	0.405009	0.913743	-0.941361	0.294890	-0.163951
186	1968184													9.173464	-0.200614	-3.228584	-0.335814	-0.865525	0.371613	-0.032320	0.404879	0.913799	-0.941374	0.294856	-0.163938
187	1968350													9.172836	-0.219492	-3.268809	-0.335776	-0.865606	0.371456	-0.032428	0.404741	0.913856	-0.941383	0.294806	-0.163973
188	1968517													9.173211	-0.207474	-3.246793	-0.335687	-0.865669	0.371392	-0.032550	0.404695	0.913872	-0.941411	0.294686	-0.164028
189	1968684													9.143797	-0.203869	-3.235713	-0.335589	-0.865715	0.371372	-0.032597	0.404670	0.913881	-0.941444	0.294583	-0.164022
190	1968850													9.140997	-0.214272	-3.245158	-0.335504	-0.865756	0.371353	-0.032586	0.404631	0.913899	-0.941475	0.294515	-0.163967
191	1969017													9.140520	-0.211311	-3.261548	-0.335454	-0.865757	0.371396	-0.032507	0.404642	0.913897	-0.941495	0.294498	-0.163882
192	1969184													9.155375	-0.215030	-3.248569	-0.335382	-0.865775	0.371420	-0.032391	0.404619	0.913912	-0.941525	0.294479	-0.163745
193	1969350													9.188990	-0.212502	-3.236300	-0.335262	-0.865819	0.371425	-0.032260	0.404561	0.913942	-0.941572	0.294428	-0.163566
194	1969517													9.180903	-0.211390	-3.255096	-0.335099	-0.865851	0.371498	-0.032133	0.404569	0.913943	-0.941635	0.294324	-0.163393
195	1969684													9.161066	-0.188595	-3.241660	-0.334933	-0.865876	0.371589	-0.031998	0.404592	0.913938	-0.941699	0.294217	-0.163217
196	1969850													9.152272	-0.175760	-3.252328	-0.334739	-0.865921	0.371660	-0.031837	0.404581	0.913948	-0.941773	0.294102	-0.162997
197	1970017													9.135228	-0.184947	-3.233850	-0.334561	-0.865906	0.371854	-0.031712	0.404714	0.913893	-0.941841	0.293960	-0.162861
198	1970184													9.137503	-0.204337	-3.230095	-0.334424	-0.865903	0.371983	-0.031609	0.404794	0.913862	-0.941892	0.293860	-0.162743
199	1970350													9.151139	-0.199005	-3.238224	-0.334325	-0.865875	0.372140	-0.031534	0.404917	0.913810	-0.941930	0.293774	-0.162678
200	1970517													9.161287	-0.200972	-3.237773	-0.334233	-0.865858	0.372260	-0.031477	0.405009	0.913771	-0.941965	0.293695	-0.162622
201	1970684													9.163898	-0.199772	-3.263599	-0.334179	-0.865830	0.372375	-0.031498	0.405127	0.913718	-0.941983	0.293616	-0.162657
202	1970850													9.133662	-0.206283	-3.233791	-0.334109	-0.865795	0.372519	-0.031573	0.405290	0.913643	-0.942005	0.293495	-0.162747
203	1971017													9.128584	-0.200132	-3.234046	-0.334088	-0.865785	0.372562	-0.031612	0.405344	0.913618	-0.942012	0.293451	-0.162789
204	1971184													9.126580	-0.240401	-3.249982	-0.334141	-0.865764	0.372562	-0.031685	0.405377	0.913600	-0.941990	0.293467	-0.162885
205	1971350													9.145005	-0.226629	-3.247368	-0.334234	-0.865804	0.372386	-0.031813	0.405248	0.913653	-0.941953	0.293527	-0.162992
206	1971517													9.153091	-0.235876	-3.244169	-0.334328	-0.865819	0.372266	-0.031920	0.405171	0.913683	-0.941916	0.293588	-0.163097
207	1971684													9.144241	-0.233011	-3.252952	-0.334431	-0.865877	0.372039	-0.031996	0.404974	0.913768	-0.941877	0.293689	-0.163141
208	1971850													9.166599	-0.203640	-3.257685	-0.334569	-0.865859	0.371956	-0.031954	0.404899	0.913803	-0.941829	0.293845	-0.163135
209	1972017													9.194264	-0.201805	-3.246266	-0.334682	-0.865829	0.371925	-0.031792	0.404836	0.913836	-0.941795	0.294021	-0.163018
210	1972184													9.211119	-0.208153	-3.222245	-0.334659	-0.865811	0.371988	-0.031581	0.404833	0.913845	-0.941810	0.294079	-0.162824
211	1972350													9.199142	-0.179307	-3.231264	-0.334507	-0.865836	0.372065	-0.031396	0.404829	0.913853	-0.941870	0.294009	-0.162602
212	1972517													9.163716	-0.170855	-3.240821	-0.334242	-0.865877	0.372210	-0.031206	0.404874	0.913840	-0.941971	0.293828	-0.162346
213	1972684													9.147194	-0.168015	-3.217958	-0.333920	-0.865861	0.372534	-0.030992	0.405091	0.913751	-0.942092	0.293574	-0.162102
214	1972850													9.166146	-0.186090	-3.235171	-0.333590	-0.865849	0.372859	-0.030830	0.405323	0.913654	-0.942214	0.293290	-0.161906
215	1973017													9.165078	-0.199700	-3.208536	-0.333232	-0.865860	0.373153	-0.030725	0.405536	0.913562	-0.942344	0.292963	-0.161741
216	1973184													9.163646	-0.232493	-3.228900	-0.332859	-0.865926	0.373333	-0.030687	0.405646	0.913515	-0.942477	0.292615	-0.161596
217	1973350													9.168392	-0.225253	-3.231756	-0.332518	-0.866009	0.373444	-0.030714	0.405710	0.913486	-0.942597	0.292280	-0.161504
218	1973517													9.146633	-0.217970	-3.212638	-0.332246	-0.866103	0.373467	-0.030763	0.405701	0.913488	-0.942691	0.292014	-0.161437
219	1973684													9.149729	-0.213360	-3.230273	-0.332063	-0.866184	0.373443	-0.030779	0.405647	0.913512	-0.942755	0.291849	-0.161360
220	1973850													9.166327	-0.209824	-3.213988	-0.331941	-0.866299	0.373285	-0.030829	0.405474	0.913586	-0.942796	0.291749	-0.161301
221	1974017													9.149930	-0.189129	-3.199494	-0.331840	-0.866396	0.373148	-0.030897	0.405333	0.913647	-0.942830	0.291655	-0.161275
222	1974184													9.136945	-0.209012	-3.234884	-0.331804	-0.866521	0.372891	-0.031099	0.405117	0.913736	-0.942835	0.291585	-0.161368
223	1974350													9.124592	-0.170880	-3.231866	-0.331854	-0.866620	0.372616	-0.031342	0.404911	0.913819	-0.942810	0.291576	-0.161533
224	1974517													9.140802	-0.177749	-3.219557	-0.331937	-0.866659	0.372450	-0.031486	0.404796	0.913865	-0.942776	0.291619	-0.161654
225	1974684													9.156336	-0.189087	-3.191697	-0.332038	-0.866675	0.372323	-0.031632	0.404725	0.913891	-0.942735	0.291669	-0.161799
226	1974850													9.201364	-0.228805	-3.202560	-0.332079	-0.866743	0.372128	-0.031857	0.404597	0.913940	-0.942713	0.291646	-0.161970
227	1975017													9.183534	-0.211148	-3.213125	-0.332041	-0.866843	0.371930	-0.032126	0.404464	0.913989	-0.942718	0.291533	-0.162147
228	1975184													9.196930	-0.236219	-3.241135	-0.331908	-0.866976	0.371740	-0.032365	0.404314	0.914048	-0.942756	0.291348	-0.162255
229	1975350													9.220085	-0.252062	-3.276040	-0.331591	-0.867227	0.371435	-0.032702	0.404039	0.914157	-0.942856	0.290980	-0.162335
230	1975517													9.231889	-0.274202	-3.291490	-0.331087	-0.867642	0.370917	-0.033249	0.403571	0.914344	-0.943014	0.290394	-0.162465
231	1975684													9.245079	-0.279675	-3.286416	-0.330325	-0.868259	0.370151	-0.033974	0.402848	0.914636	-0.943256	0.289551	-0.162569
232	1975850													9.242373	-0.286729	-3.269290	-0.329309	-0.869076	0.369139	-0.034853	0.401866	0.915035	-0.943579	0.288463	-0.162628
233	1976017													9.231278	-0.305310	-3.264834	-0.328044	-0.870027	0.368023	-0.035799	0.400751	0.915487	-0.943984	0.287145	-0.162610
234	1976184													9.222132	-0.272968	-3.231588	-0.326544	-0.871150	0.366696	-0.036752	0.399373	0.916052	-0.944467	0.285655	-0.162429
235	1976350													9.193713	-0.264100	-3.244895	-0.324929	-0.872305	0.365382	-0.037611	0.397959	0.916632	-0.944990	0.284098	-0.162117
236	1976517													9.189651	-0.234168	-3.234999	-0.323245	-0.873461	0.364113	-0.038411	0.396562	0.917204	-0.945536	0.282495	-0.161737
237	1976684													9.179031	-0.193865	-3.204165	-0.321553	-0.874578	0.362929	-0.039080	0.395216	0.917757	-0.946085	0.280924	-0.161261
238	1976850													9.194122	-0.167867	-3.173811	-0.319830	-0.875640	0.361889	-0.039690	0.393998	0.918254	-0.946643	0.279322	-0.160766
239	1977017													9.205731	-0.188047	-3.156744	-0.318121	-0.876555	0.361178	-0.040210	0.393102	0.918615	-0.947197	0.277708	-0.160300
240	1977184													9.203344	-0.194928	-3.124146	-0.316393	-0.877355	0.360755	-0.040649	0.392481	0.918861	-0.947757	0.276057	-0.159842
241	1977350													9.209536	-0.229994	-3.113996	-0.314657	-0.878055	0.360569	-0.041088	0.392107	0.919001	-0.948316	0.274355	-0.159457
242	1977517													9.211042	-0.258835	-3.105322	-0.312931	-0.878674	0.360564	-0.041486	0.391913	0.919066	-0.948870	0.272646	-0.159094
243	1977684													9.194913	-0.284000	-3.082994	-0.311228	-0.879200	0.360755	-0.041816	0.391910	0.919053	-0.949415	0.270950	-0.158738
244	1977850													9.221322	-0.339977	-3.072940	-0.309589	-0.879675	0.361008	-0.042107	0.391971	0.919014	-0.949938	0.269315	-0.158391
245	1978017													9.238966	-0.348322	-3.039613	-0.307930	-0.880138	0.361297	-0.042386	0.392064	0.918961	-0.950464	0.267662	-0.158033
246	1978184													9.258651	-0.373860	-3.034276	-0.306183	-0.880599	0.361659	-0.042594	0.392197	0.918895	-0.951019	0.265945	-0.157592
247	1978350													9.248223	-0.371615	-3.019084	-0.304371	-0.881056	0.362074	-0.042683	0.392342	0.918829	-0.951597	0.264211	-0.157024
248	1978517													9.303977	-0.342135	-2.999331	-0.302499	-0.881513	0.362531	-0.042626	0.392482	0.918772	-0.952196	0.262474	-0.156300
249	1978684													9.337248	-0.344912	-2.987150	-0.300411	-0.881982	0.363128	-0.042424	0.392692	0.918691	-0.952866	0.260580	-0.155386
250	1978850													9.351260	-0.349013	-2.950336	-0.298035	-0.882521	0.363774	-0.042262	0.392918	0.918602	-0.953619	0.258402	-0.154400
251	1979017													9.305315	-0.322419	-2.943101	-0.295453	-0.883106	0.364460	-0.042171	0.393175	0.918496	-0.954426	0.256003	-0.153406
252	1979184													9.255473	-0.336748	-2.928777	-0.292768	-0.883698	0.365191	-0.042145	0.393480	0.918367	-0.955254	0.253477	-0.152442
253	1979350													9.239564	-0.343084	-2.918513	-0.290028	-0.884288	0.365949	-0.042253	0.393844	0.918206	-0.956085	0.250843	-0.151590
254	1979517													9.100490	-0.360363	-2.930687	-0.287490	-0.884884	0.366511	-0.042670	0.394119	0.918068	-0.956833	0.248296	-0.151063
255	1979684													9.103662	-0.355915	-2.900768	-0.285476	-0.885408	0.366820	-0.043460	0.394313	0.917948	-0.957400	0.246110	-0.151047
256	1979850													9.189396	-0.382063	-2.905646	-0.283752	-0.885888	0.366998	-0.044481	0.394477	0.917829	-0.957866	0.244111	-0.151338
257	1980017													8.958897	-0.384309	-2.926356	-0.282562	-0.886279	0.366973	-0.045703	0.394566	0.917730	-0.958160	0.242544	-0.151995
258	1980184													8.984326	-0.399890	-2.887609	-0.282233	-0.886517	0.366648	-0.047065	0.394521	0.917681	-0.958191	0.241744	-0.153071
259	1980350													9.337397	-0.462973	-2.856616	-0.282038	-0.886762	0.366207	-0.048401	0.394368	0.917677	-0.958182	0.241095	-0.154147
260	1980517													9.292499	-0.442083	-2.809656	-0.281744	-0.887124	0.365555	-0.049983	0.394042	0.917732	-0.958187	0.240294	-0.155360
261	1980684													9.621945	-0.379236	-2.775786	-0.281282	-0.887561	0.364851	-0.051828	0.393698	0.917778	-0.958225	0.239245	-0.156741
262	1980850													9.911392	-0.337394	-2.676154	-0.279744	-0.888244	0.364371	-0.053798	0.393430	0.917779	-0.958566	0.237141	-0.157846
263	1981017													9.854896	-0.234372	-2.645402	-0.276965	-0.889105	0.364394	-0.055867	0.393488	0.917631	-0.959255	0.233794	-0.158654
264	1981184													9.706717	-0.268416	-2.618855	-0.273241	-0.889998	0.365025	-0.057695	0.393944	0.917322	-0.960214	0.229590	-0.158990
265	1981350													9.649654	-0.324591	-2.585996	-0.268727	-0.890875	0.366235	-0.059185	0.394774	0.916870	-0.961396	0.224713	-0.158813
266	1981517													9.595680	-0.380396	-2.571427	-0.263557	-0.891757	0.367840	-0.060375	0.395824	0.916340	-0.962753	0.219299	-0.158162
267	1981684													9.564727	-0.487076	-2.524328	-0.257860	-0.892630	0.369758	-0.061246	0.397031	0.915759	-0.964239	0.213491	-0.157048
268	1981850													9.569628	-0.541972	-2.455629	-0.251694	-0.893545	0.371789	-0.061918	0.398236	0.915191	-0.965824	0.207327	-0.155560
269	1982017													9.616901	-0.542501	-2.370384	-0.245044	-0.894501	0.373928	-0.062356	0.399429	0.914641	-0.967505	0.200811	-0.153655
270	1982184													9.533955	-0.546743	-2.319652	-0.238009	-0.895453	0.376187	-0.062466	0.400628	0.914109	-0.969252	0.194067	-0.151288
271	1982350													9.529916	-0.549043	-2.231508	-0.230840	-0.896367	0.378470	-0.062219	0.401778	0.913621	-0.971000	0.187352	-0.148517
272	1982517													9.601133	-0.585893	-2.184260	-0.223447	-0.897265	0.380772	-0.061629	0.402872	0.913179	-0.972766	0.180580	-0.145319
273	1982684													9.630545	-0.638520	-2.111789	-0.215700	-0.898212	0.382999	-0.060765	0.403820	0.912818	-0.974567	0.173622	-0.141684
274	1982850													9.661363	-0.625753	-2.069947	-0.207578	-0.899237	0.385078	-0.059640	0.404553	0.912568	-0.976399	0.166463	-0.137607
275	1983017													9.604474	-0.596505	-1.981383	-0.199051	-0.900356	0.386960	-0.058446	0.405066	0.912418	-0.978245	0.159002	-0.133251
276	1983184													9.504070	-0.536304	-1.892996	-0.190488	-0.901485	0.388638	-0.057330	0.405427	0.912328	-0.980014	0.151507	-0.128911
277	1983351													9.547774	-0.488361	-1.820873	-0.182018	-0.902550	0.390222	-0.056268	0.405762	0.912245	-0.981684	0.144088	-0.124641
278	1983517													9.569421	-0.488726	-1.739341	-0.173567	-0.903568	0.391712	-0.055261	0.406059	0.912175	-0.983270	0.136677	-0.120411
279	1983684													9.526076	-0.484345	-1.691203	-0.165315	-0.904509	0.393108	-0.054351	0.406342	0.912103	-0.984742	0.129418	-0.116336
280	1983851													9.485472	-0.498863	-1.600622	-0.157394	-0.905389	0.394333	-0.053484	0.406539	0.912066	-0.986087	0.122463	-0.112411
281	1984017													9.469699	-0.499745	-1.536980	-0.149898	-0.906199	0.395390	-0.052703	0.406664	0.912056	-0.987296	0.115877	-0.108718
282	1984184													9.473670	-0.486344	-1.476506	-0.142874	-0.906970	0.396224	-0.052059	0.406663	0.912094	-0.988371	0.109687	-0.105318
283	1984351													9.513750	-0.492582	-1.425580	-0.136275	-0.907709	0.396855	-0.051505	0.406542	0.912179	-0.989331	0.103867	-0.102153
284	1984517													9.411386	-0.492104	-1.374590	-0.130202	-0.908411	0.397287	-0.051079	0.406311	0.912306	-0.990171	0.098491	-0.099303
