// Start Time: Unknown
// Update Rate: 60.0Hz
//Filter Profile: human (46.1)
// Option Flags: AHS Disabled ICC Disabled
// Firmware Version: 4.0.2
0	sampleTimeFine	Year	Month	Day	Second	UTC_Nano	UTC_Year	UTC_Month	UTC_Day	UTC_Hour	UTC_Minute	UTC_Second	UTC_Valid	Acc_X	Acc_Y	Acc_Z	Mat[1][1]	Mat[2][1]	Mat[3][1]	Mat[1][2]	Mat[2][2]	Mat[3][2]	Mat[1][3]	Mat[2][3]	Mat[3][3]
0	1677408													-0.387708	0.355454	-0.438345	0.324080	-0.707638	-0.627870	-0.057771	-0.677255	0.733477	-0.944264	-0.201432	-0.260365
1	1677575													9.272527	-0.561457	3.185998	0.324135	-0.707703	-0.627768	-0.057884	-0.677189	0.733529	-0.944238	-0.201425	-0.260465
2	1677742													9.281470	-0.572316	3.216780	0.324171	-0.708427	-0.626933	-0.057868	-0.676330	0.734322	-0.944227	-0.201766	-0.260241
3	1677908													9.265616	-0.569082	3.174528	0.324543	-0.708244	-0.626947	-0.058019	-0.676483	0.734170	-0.944090	-0.201895	-0.260639
4	1678075													9.275916	-0.562956	3.183125	0.324624	-0.708599	-0.626504	-0.058175	-0.676080	0.734528	-0.944052	-0.201999	-0.260695
5	1678242													9.264967	-0.562545	3.181795	0.324620	-0.709213	-0.625810	-0.058325	-0.675392	0.735149	-0.944044	-0.202144	-0.260611
6	1678408													9.262656	-0.575780	3.160781	0.324616	-0.709631	-0.625339	-0.058406	-0.674920	0.735576	-0.944041	-0.202256	-0.260536
7	1678575													9.277358	-0.585736	3.173694	0.324547	-0.710006	-0.624948	-0.058526	-0.674521	0.735932	-0.944057	-0.202269	-0.260467
8	1678742													9.276675	-0.586437	3.192090	0.324448	-0.709976	-0.625034	-0.058695	-0.674618	0.735830	-0.944081	-0.202052	-0.260551
9	1678908													9.282976	-0.581745	3.192259	0.324360	-0.709917	-0.625148	-0.058888	-0.674751	0.735692	-0.944099	-0.201815	-0.260668
10	1679075													9.292446	-0.574124	3.167590	0.324299	-0.709979	-0.625108	-0.059066	-0.674731	0.735697	-0.944109	-0.201663	-0.260750
11	1679242													9.283992	-0.568013	3.169117	0.324183	-0.710039	-0.625099	-0.059202	-0.674718	0.735697	-0.944140	-0.201494	-0.260768
12	1679408													9.278656	-0.576842	3.169464	0.324048	-0.710076	-0.625129	-0.059378	-0.674747	0.735657	-0.944176	-0.201269	-0.260813
13	1679575													9.257474	-0.571846	3.172049	0.323892	-0.710247	-0.625014	-0.059567	-0.674624	0.735754	-0.944217	-0.201075	-0.260812
14	1679742													9.241006	-0.592835	3.193199	0.323737	-0.710167	-0.625185	-0.059711	-0.674788	0.735592	-0.944261	-0.200808	-0.260858
15	1679908													9.265635	-0.560842	3.206882	0.323586	-0.710247	-0.625173	-0.059854	-0.674762	0.735605	-0.944304	-0.200612	-0.260854
16	1680075													9.284627	-0.601586	3.144219	0.323586	-0.710222	-0.625202	-0.059996	-0.674822	0.735538	-0.944295	-0.200500	-0.260973
17	1680242													9.269035	-0.594634	3.152119	0.323651	-0.710309	-0.625069	-0.060114	-0.674728	0.735614	-0.944265	-0.200507	-0.261076
18	1680409													9.279599	-0.544688	3.151540	0.323684	-0.710386	-0.624964	-0.060128	-0.674632	0.735701	-0.944253	-0.200557	-0.261082
19	1680575													9.314876	-0.565599	3.190456	0.323707	-0.710311	-0.625037	-0.060033	-0.674694	0.735652	-0.944251	-0.200613	-0.261045
20	1680742													9.310112	-0.517195	3.215854	0.323759	-0.710202	-0.625134	-0.059890	-0.674779	0.735586	-0.944242	-0.200714	-0.261000
21	1680909													9.273656	-0.556107	3.219273	0.323819	-0.710113	-0.625205	-0.059810	-0.674853	0.735525	-0.944227	-0.200783	-0.261002
22	1681075													9.291469	-0.590989	3.197678	0.323693	-0.710175	-0.625200	-0.059537	-0.674753	0.735638	-0.944287	-0.200898	-0.260694
23	1681242													9.237009	-0.629474	3.216484	0.323521	-0.710115	-0.625356	-0.059105	-0.674774	0.735654	-0.944373	-0.201038	-0.260275
24	1681409													9.228477	-0.582483	3.196829	0.323398	-0.710026	-0.625522	-0.058789	-0.674843	0.735616	-0.944435	-0.201124	-0.259985
25	1681575													9.259212	-0.572103	3.184010	0.323329	-0.709886	-0.625716	-0.058553	-0.674975	0.735514	-0.944473	-0.201175	-0.259805
26	1681742													9.248930	-0.590206	3.197510	0.323318	-0.709862	-0.625748	-0.058455	-0.674984	0.735513	-0.944483	-0.201227	-0.259729
27	1681909													9.266208	-0.592136	3.187423	0.323378	-0.709683	-0.625920	-0.058467	-0.675182	0.735331	-0.944462	-0.201194	-0.259832
28	1682075													9.252501	-0.577701	3.217767	0.323478	-0.709424	-0.626162	-0.058519	-0.675472	0.735060	-0.944424	-0.201133	-0.260015
29	1682242													9.254796	-0.537822	3.215036	0.323576	-0.709303	-0.626249	-0.058589	-0.675605	0.734932	-0.944387	-0.201115	-0.260167
30	1682409													9.283729	-0.550912	3.206342	0.323673	-0.709163	-0.626358	-0.058724	-0.675774	0.734766	-0.944345	-0.201041	-0.260374
31	1682575													9.265610	-0.521698	3.232388	0.323799	-0.708976	-0.626504	-0.058867	-0.675992	0.734554	-0.944293	-0.200967	-0.260621
32	1682742													9.235395	-0.520966	3.218558	0.323878	-0.708869	-0.626585	-0.059023	-0.676131	0.734413	-0.944256	-0.200878	-0.260823
33	1682909													9.261539	-0.561671	3.225820	0.323902	-0.708834	-0.626611	-0.059206	-0.676205	0.734331	-0.944236	-0.200752	-0.260992
34	1683075													9.237051	-0.555757	3.208231	0.323865	-0.708725	-0.626754	-0.059278	-0.676357	0.734185	-0.944245	-0.200624	-0.261060
35	1683242													9.267866	-0.510675	3.230817	0.323871	-0.708717	-0.626760	-0.059309	-0.676371	0.734169	-0.944241	-0.200603	-0.261090
36	1683409													9.261071	-0.567068	3.252507	0.323839	-0.708856	-0.626619	-0.059451	-0.676246	0.734273	-0.944243	-0.200533	-0.261137
37	1683575													9.251120	-0.629021	3.259794	0.323716	-0.708810	-0.626735	-0.059618	-0.676367	0.734148	-0.944274	-0.200290	-0.261209
38	1683742													9.257418	-0.599373	3.242663	0.323552	-0.708688	-0.626957	-0.059794	-0.676587	0.733931	-0.944319	-0.199977	-0.261287
39	1683909													9.240458	-0.587318	3.220270	0.323415	-0.708558	-0.627175	-0.059996	-0.676817	0.733702	-0.944353	-0.199662	-0.261403
40	1684075													9.221522	-0.594509	3.193752	0.323282	-0.708428	-0.627391	-0.060173	-0.677039	0.733483	-0.944388	-0.199369	-0.261503
41	1684242													9.229579	-0.560244	3.198816	0.323116	-0.708271	-0.627653	-0.060289	-0.677288	0.733244	-0.944437	-0.199082	-0.261543
42	1684409													9.247084	-0.555002	3.201949	0.322942	-0.708102	-0.627933	-0.060388	-0.677549	0.732994	-0.944490	-0.198795	-0.261570
43	1684575													9.283955	-0.563826	3.154356	0.322822	-0.707857	-0.628271	-0.060494	-0.677886	0.732674	-0.944524	-0.198516	-0.261658
44	1684742													9.301555	-0.549297	3.150717	0.322777	-0.707800	-0.628358	-0.060623	-0.677991	0.732566	-0.944531	-0.198363	-0.261749
45	1684909													9.282828	-0.543806	3.184872	0.322732	-0.707654	-0.628546	-0.060736	-0.678196	0.732367	-0.944540	-0.198183	-0.261855
46	1685075													9.285009	-0.556536	3.175238	0.322687	-0.707655	-0.628568	-0.060831	-0.678226	0.732332	-0.944549	-0.198078	-0.261902
47	1685242													9.285461	-0.554251	3.150949	0.322634	-0.707817	-0.628413	-0.060941	-0.678073	0.732464	-0.944560	-0.198022	-0.261904
48	1685409													9.286352	-0.568513	3.165805	0.322591	-0.707919	-0.628319	-0.061057	-0.677988	0.732533	-0.944567	-0.197945	-0.261936
49	1685575													9.293518	-0.568023	3.151336	0.322554	-0.708022	-0.628222	-0.061123	-0.677891	0.732617	-0.944576	-0.197909	-0.261933
50	1685742													9.289624	-0.573456	3.155910	0.322524	-0.708154	-0.628089	-0.061178	-0.677756	0.732737	-0.944582	-0.197901	-0.261916
51	1685909													9.280390	-0.587202	3.147044	0.322487	-0.708293	-0.627952	-0.061199	-0.677608	0.732873	-0.944594	-0.197912	-0.261866
52	1686075													9.282621	-0.599512	3.157519	0.322444	-0.708257	-0.628015	-0.061187	-0.677658	0.732827	-0.944609	-0.197869	-0.261843
53	1686242													9.277569	-0.581334	3.165905	0.322429	-0.708153	-0.628139	-0.061148	-0.677774	0.732723	-0.944617	-0.197842	-0.261836
54	1686409													9.282292	-0.572826	3.172550	0.322444	-0.708107	-0.628184	-0.061105	-0.677815	0.732688	-0.944614	-0.197866	-0.261826
55	1686575													9.280855	-0.585071	3.211456	0.322471	-0.708054	-0.628229	-0.061071	-0.677864	0.732647	-0.944607	-0.197891	-0.261833
56	1686909													9.259340	-0.578055	3.207779	0.322566	-0.708149	-0.628073	-0.060967	-0.677707	0.732800	-0.944581	-0.198085	-0.261779
57	1687075													9.237798	-0.579235	3.230513	0.322620	-0.708153	-0.628041	-0.060936	-0.677683	0.732825	-0.944565	-0.198154	-0.261786
58	1687242													9.251355	-0.552796	3.207761	0.322724	-0.708163	-0.627977	-0.060910	-0.677641	0.732866	-0.944531	-0.198264	-0.261826
59	1687409													9.242611	-0.577743	3.183454	0.322811	-0.708154	-0.627942	-0.060922	-0.677632	0.732874	-0.944501	-0.198324	-0.261889
60	1687575													9.255904	-0.574643	3.204847	0.322910	-0.708118	-0.627931	-0.060928	-0.677651	0.732855	-0.944466	-0.198388	-0.261965
61	1687742													9.265814	-0.524336	3.181573	0.323015	-0.708272	-0.627704	-0.060858	-0.677431	0.733064	-0.944435	-0.198590	-0.261924
62	1687909													9.275008	-0.552975	3.190177	0.323079	-0.708204	-0.627748	-0.060713	-0.677464	0.733046	-0.944422	-0.198720	-0.261872
63	1688075													9.291301	-0.498899	3.199985	0.323119	-0.708057	-0.627892	-0.060450	-0.677570	0.732970	-0.944426	-0.198881	-0.261738
64	1688242													9.277522	-0.506487	3.207722	0.323136	-0.708013	-0.627934	-0.060347	-0.677596	0.732954	-0.944426	-0.198950	-0.261682
65	1688409													9.275852	-0.568785	3.223221	0.323120	-0.708152	-0.627785	-0.060355	-0.677439	0.733099	-0.944431	-0.198989	-0.261635
66	1688575													9.260525	-0.558103	3.214888	0.323059	-0.708131	-0.627840	-0.060283	-0.677464	0.733081	-0.944457	-0.198980	-0.261549
67	1688742													9.227216	-0.542432	3.215822	0.323032	-0.708129	-0.627857	-0.060203	-0.677456	0.733095	-0.944471	-0.199014	-0.261472
68	1688909													9.246119	-0.548655	3.205812	0.323013	-0.708174	-0.627816	-0.060165	-0.677400	0.733150	-0.944480	-0.199045	-0.261417
69	1689075													9.244953	-0.569450	3.200140	0.322984	-0.708165	-0.627841	-0.060193	-0.677424	0.733126	-0.944488	-0.198996	-0.261423
70	1689242													9.264560	-0.597380	3.208937	0.322939	-0.708079	-0.627960	-0.060255	-0.677548	0.733006	-0.944500	-0.198879	-0.261472
71	1689409													9.249434	-0.577456	3.211878	0.322879	-0.707996	-0.628084	-0.060332	-0.677675	0.732882	-0.944515	-0.198739	-0.261522
72	1689575													9.283801	-0.557747	3.215511	0.322814	-0.707980	-0.628136	-0.060399	-0.677725	0.732831	-0.944533	-0.198629	-0.261540
73	1689742													9.279078	-0.553719	3.190985	0.322736	-0.707992	-0.628163	-0.060451	-0.677741	0.732812	-0.944557	-0.198532	-0.261530
74	1689909													9.264663	-0.557666	3.224842	0.322671	-0.707969	-0.628223	-0.060528	-0.677800	0.732751	-0.944574	-0.198412	-0.261558
75	1690075													9.248325	-0.535541	3.238483	0.322604	-0.707983	-0.628241	-0.060557	-0.677806	0.732743	-0.944595	-0.198341	-0.261536
76	1690242													9.261551	-0.533960	3.167951	0.322538	-0.707912	-0.628355	-0.060612	-0.677916	0.732636	-0.944614	-0.198217	-0.261562
77	1690409													9.252704	-0.568438	3.188089	0.322423	-0.707910	-0.628416	-0.060657	-0.677956	0.732595	-0.944650	-0.198088	-0.261528
78	1690575													9.272285	-0.506866	3.167659	0.322326	-0.707895	-0.628483	-0.060609	-0.677988	0.732570	-0.944686	-0.198035	-0.261438
79	1690742													9.250321	-0.524987	3.212722	0.322260	-0.707974	-0.628428	-0.060672	-0.677925	0.732623	-0.944705	-0.197967	-0.261422
80	1690909													9.274736	-0.565468	3.211146	0.322126	-0.708042	-0.628420	-0.060750	-0.677894	0.732645	-0.944746	-0.197827	-0.261381
81	1691075													9.273585	-0.541909	3.209000	0.321969	-0.708147	-0.628382	-0.060739	-0.677808	0.732726	-0.944800	-0.197748	-0.261245
82	1691242													9.284349	-0.543934	3.218132	0.321823	-0.708260	-0.628330	-0.060782	-0.677721	0.732803	-0.944847	-0.197642	-0.261155
83	1691409													9.261927	-0.549509	3.190156	0.321670	-0.708316	-0.628344	-0.060778	-0.677691	0.732830	-0.944899	-0.197540	-0.261043
84	1691575													9.258422	-0.556057	3.214545	0.321569	-0.708389	-0.628314	-0.060783	-0.677633	0.732884	-0.944933	-0.197482	-0.260964
85	1691742													9.263897	-0.558060	3.209446	0.321460	-0.708524	-0.628217	-0.060778	-0.677500	0.733007	-0.944971	-0.197451	-0.260852
86	1691909													9.276249	-0.552971	3.201757	0.321339	-0.708672	-0.628113	-0.060805	-0.677363	0.733132	-0.945010	-0.197392	-0.260754
87	1692075													9.263772	-0.556419	3.204589	0.321227	-0.708644	-0.628201	-0.060850	-0.677432	0.733064	-0.945045	-0.197254	-0.260730
88	1692242													9.264273	-0.544725	3.190760	0.321149	-0.708669	-0.628212	-0.060877	-0.677427	0.733066	-0.945070	-0.197180	-0.260697
89	1692409													9.272780	-0.538591	3.183028	0.321084	-0.708778	-0.628123	-0.060904	-0.677322	0.733161	-0.945090	-0.197151	-0.260645
90	1692575													9.269840	-0.549137	3.208595	0.321032	-0.708781	-0.628146	-0.060971	-0.677345	0.733135	-0.945104	-0.197061	-0.260664
91	1692742													9.259373	-0.561708	3.192913	0.321011	-0.708813	-0.628121	-0.061012	-0.677322	0.733153	-0.945108	-0.197027	-0.260674
92	1692909													9.264913	-0.543966	3.209617	0.320984	-0.708883	-0.628057	-0.061054	-0.677256	0.733210	-0.945115	-0.197003	-0.260668
93	1693075													9.269572	-0.547246	3.191114	0.320895	-0.708939	-0.628038	-0.061112	-0.677224	0.733235	-0.945141	-0.196911	-0.260643
94	1693242													9.270999	-0.539045	3.188668	0.320805	-0.709072	-0.627933	-0.061187	-0.677105	0.733338	-0.945167	-0.196838	-0.260605
95	1693409													9.275051	-0.558121	3.179857	0.320762	-0.709148	-0.627871	-0.061252	-0.677041	0.733392	-0.945177	-0.196786	-0.260606
96	1693575													9.286992	-0.554380	3.176030	0.320697	-0.709234	-0.627806	-0.061303	-0.676967	0.733456	-0.945196	-0.196731	-0.260579
97	1693742													9.269758	-0.560295	3.202615	0.320646	-0.709304	-0.627753	-0.061336	-0.676904	0.733511	-0.945211	-0.196694	-0.260552
98	1693909													9.274718	-0.536016	3.180532	0.320603	-0.709312	-0.627767	-0.061367	-0.676912	0.733501	-0.945224	-0.196639	-0.260548
99	1694075													9.265735	-0.557384	3.190070	0.320571	-0.709406	-0.627676	-0.061392	-0.676815	0.733589	-0.945233	-0.196633	-0.260519
100	1694242													9.286412	-0.554849	3.203478	0.320538	-0.709499	-0.627588	-0.061428	-0.676722	0.733672	-0.945242	-0.196618	-0.260498
101	1694409													9.254563	-0.552975	3.205401	0.320514	-0.709580	-0.627509	-0.061429	-0.676633	0.733753	-0.945250	-0.196631	-0.260459
102	1694575													9.268270	-0.548447	3.212039	0.320534	-0.709668	-0.627399	-0.061461	-0.676532	0.733844	-0.945241	-0.196661	-0.260469
103	1694742													9.261941	-0.551741	3.216501	0.320526	-0.709724	-0.627339	-0.061517	-0.676480	0.733888	-0.945240	-0.196638	-0.260489
104	1694909													9.249588	-0.549913	3.195838	0.320553	-0.709807	-0.627233	-0.061563	-0.676387	0.733969	-0.945228	-0.196662	-0.260515
105	1695075													9.272676	-0.532251	3.189247	0.320592	-0.709860	-0.627152	-0.061574	-0.676317	0.734032	-0.945214	-0.196708	-0.260531
106	1695242													9.265859	-0.561035	3.181651	0.320636	-0.709993	-0.626979	-0.061625	-0.676161	0.734172	-0.945196	-0.196764	-0.260555
107	1695409													9.247198	-0.567988	3.195317	0.320681	-0.710095	-0.626840	-0.061695	-0.676045	0.734273	-0.945176	-0.196795	-0.260604
108	1695575													9.275743	-0.522255	3.155899	0.320717	-0.710300	-0.626590	-0.061677	-0.675793	0.734507	-0.945165	-0.196923	-0.260547
109	1695742													9.295735	-0.538244	3.177926	0.320770	-0.710344	-0.626512	-0.061599	-0.675711	0.734588	-0.945152	-0.197042	-0.260504
110	1695909													9.294867	-0.493803	3.196986	0.320823	-0.710277	-0.626562	-0.061425	-0.675741	0.734575	-0.945145	-0.197182	-0.260422
111	1696075													9.278131	-0.512524	3.226268	0.320898	-0.710359	-0.626430	-0.061416	-0.675625	0.734683	-0.945120	-0.197286	-0.260434
112	1696242													9.266000	-0.582983	3.214177	0.320915	-0.710408	-0.626366	-0.061447	-0.675569	0.734732	-0.945113	-0.197298	-0.260452
113	1696409													9.238405	-0.564261	3.215178	0.320898	-0.710388	-0.626397	-0.061475	-0.675603	0.734698	-0.945117	-0.197255	-0.260471
114	1696575													9.224833	-0.563081	3.224881	0.320891	-0.710320	-0.626477	-0.061490	-0.675687	0.734620	-0.945118	-0.197211	-0.260499
115	1696742													9.266367	-0.559959	3.200051	0.320942	-0.710272	-0.626506	-0.061540	-0.675741	0.734565	-0.945097	-0.197198	-0.260584
116	1696909													9.248472	-0.551905	3.196228	0.320972	-0.710378	-0.626371	-0.061596	-0.675622	0.734671	-0.945084	-0.197227	-0.260612
117	1697076													9.270150	-0.584916	3.209978	0.321031	-0.710260	-0.626474	-0.061705	-0.675768	0.734527	-0.945056	-0.197149	-0.260769
118	1697242													9.267779	-0.563216	3.229076	0.321050	-0.710183	-0.626551	-0.061803	-0.675874	0.734421	-0.945043	-0.197063	-0.260881
119	1697409													9.272667	-0.533719	3.221951	0.321062	-0.710158	-0.626574	-0.061890	-0.675919	0.734373	-0.945034	-0.197000	-0.260964
120	1697576													9.249516	-0.537040	3.231351	0.321051	-0.710146	-0.626593	-0.061978	-0.675954	0.734333	-0.945032	-0.196923	-0.261030
121	1697742													9.270593	-0.553383	3.227441	0.321019	-0.710077	-0.626688	-0.062067	-0.676061	0.734227	-0.945037	-0.196804	-0.261101
122	1697909													9.256560	-0.533243	3.192471	0.320975	-0.710116	-0.626667	-0.062158	-0.676046	0.734233	-0.945046	-0.196718	-0.261133
123	1698076													9.286169	-0.558149	3.172003	0.320925	-0.710133	-0.626672	-0.062264	-0.676059	0.734212	-0.945056	-0.196608	-0.261180
124	1698242													9.252506	-0.553175	3.190262	0.320870	-0.710181	-0.626646	-0.062344	-0.676033	0.734229	-0.945069	-0.196525	-0.261194
125	1698409													9.272072	-0.509073	3.194394	0.320881	-0.710208	-0.626610	-0.062358	-0.676002	0.734256	-0.945065	-0.196535	-0.261203
126	1698576													9.255561	-0.538970	3.206149	0.320903	-0.710278	-0.626519	-0.062458	-0.675935	0.734310	-0.945050	-0.196512	-0.261272
127	1698742													9.280175	-0.566614	3.193886	0.320921	-0.710335	-0.626445	-0.062512	-0.675875	0.734360	-0.945041	-0.196511	-0.261307
128	1698909													9.273760	-0.555364	3.193750	0.320909	-0.710374	-0.626408	-0.062539	-0.675839	0.734392	-0.945043	-0.196498	-0.261308
129	1699076													9.276328	-0.562852	3.179509	0.320898	-0.710380	-0.626406	-0.062563	-0.675839	0.734389	-0.945045	-0.196474	-0.261319
130	1699242													9.258511	-0.561397	3.166660	0.320896	-0.710386	-0.626400	-0.062522	-0.675823	0.734407	-0.945049	-0.196504	-0.261284
131	1699409													9.273292	-0.548107	3.177560	0.320907	-0.710442	-0.626332	-0.062501	-0.675751	0.734475	-0.945046	-0.196552	-0.261256
132	1699576													9.274604	-0.546595	3.207164	0.320899	-0.710412	-0.626369	-0.062445	-0.675776	0.734457	-0.945053	-0.196573	-0.261218
133	1699742													9.286144	-0.566815	3.222034	0.320894	-0.710342	-0.626452	-0.062379	-0.675846	0.734398	-0.945059	-0.196586	-0.261185
134	1699909													9.264451	-0.556115	3.208201	0.320916	-0.710372	-0.626406	-0.062331	-0.675795	0.734449	-0.945055	-0.196652	-0.261151
135	1700076													9.255946	-0.559416	3.221526	0.320921	-0.710464	-0.626300	-0.062311	-0.675683	0.734554	-0.945054	-0.196708	-0.261111
136	1700242													9.264337	-0.552603	3.237465	0.320910	-0.710596	-0.626155	-0.062305	-0.675529	0.734696	-0.945058	-0.196759	-0.261058
137	1700409													9.244303	-0.542893	3.196407	0.320906	-0.710703	-0.626035	-0.062270	-0.675396	0.734821	-0.945062	-0.196825	-0.260994
138	1700576													9.246445	-0.559816	3.220485	0.320884	-0.710765	-0.625977	-0.062245	-0.675325	0.734889	-0.945071	-0.196850	-0.260942
139	1700742													9.259709	-0.574307	3.224916	0.320854	-0.710807	-0.625944	-0.062258	-0.675285	0.734924	-0.945080	-0.196834	-0.260921
140	1700909													9.251570	-0.540297	3.210075	0.320828	-0.710904	-0.625848	-0.062249	-0.675176	0.735025	-0.945090	-0.196858	-0.260868
141	1701076													9.266247	-0.553944	3.211348	0.320813	-0.711032	-0.625710	-0.062262	-0.675032	0.735157	-0.945094	-0.196890	-0.260830
142	1701242													9.252185	-0.564715	3.212039	0.320785	-0.711130	-0.625613	-0.062274	-0.674926	0.735253	-0.945103	-0.196898	-0.260791
143	1701409													9.258768	-0.573988	3.210351	0.320730	-0.711139	-0.625630	-0.062281	-0.674930	0.735249	-0.945121	-0.196852	-0.260761
144	1701576													9.268420	-0.560420	3.213412	0.320653	-0.711195	-0.625607	-0.062249	-0.674877	0.735300	-0.945149	-0.196833	-0.260672
145	1701742													9.261154	-0.551823	3.195284	0.320585	-0.711331	-0.625487	-0.062239	-0.674732	0.735434	-0.945173	-0.196839	-0.260581
146	1701909													9.261067	-0.557542	3.230428	0.320491	-0.711452	-0.625398	-0.062246	-0.674614	0.735541	-0.945204	-0.196806	-0.260493
147	1702076													9.265696	-0.549441	3.222266	0.320389	-0.711541	-0.625349	-0.062254	-0.674536	0.735612	-0.945238	-0.196752	-0.260410
148	1702242													9.279295	-0.542114	3.201842	0.320285	-0.711613	-0.625320	-0.062245	-0.674475	0.735669	-0.945274	-0.196701	-0.260318
149	1702409													9.271938	-0.529014	3.215232	0.320233	-0.711669	-0.625282	-0.062227	-0.674417	0.735723	-0.945293	-0.196693	-0.260256
150	1702576													9.281466	-0.546902	3.208055	0.320219	-0.711765	-0.625181	-0.062227	-0.674308	0.735823	-0.945298	-0.196721	-0.260217
151	1702742													9.277740	-0.547800	3.194040	0.320244	-0.711787	-0.625142	-0.062215	-0.674273	0.735857	-0.945290	-0.196761	-0.260216
152	1702909													9.257592	-0.552896	3.173880	0.320244	-0.711847	-0.625074	-0.062205	-0.674200	0.735924	-0.945291	-0.196793	-0.260189
153	1703076													9.270699	-0.526368	3.163631	0.320195	-0.711864	-0.625080	-0.062165	-0.674185	0.735942	-0.945310	-0.196786	-0.260124
154	1703242													9.305273	-0.562384	3.132296	0.320182	-0.711884	-0.625064	-0.062179	-0.674167	0.735957	-0.945313	-0.196774	-0.260120
155	1703409													9.275956	-0.605595	3.165419	0.320216	-0.711927	-0.624997	-0.062226	-0.674118	0.735998	-0.945299	-0.196787	-0.260164
156	1703576													9.260836	-0.531739	3.165931	0.320271	-0.711865	-0.625039	-0.062144	-0.674160	0.735967	-0.945285	-0.196867	-0.260152
157	1703742													9.311113	-0.537647	3.182749	0.320307	-0.711910	-0.624970	-0.062020	-0.674072	0.736057	-0.945281	-0.197004	-0.260063
158	1703909													9.306691	-0.543896	3.207969	0.320358	-0.711791	-0.625080	-0.061861	-0.674167	0.735984	-0.945275	-0.197110	-0.260006
159	1704076													9.277783	-0.544191	3.233728	0.320363	-0.711788	-0.625080	-0.061785	-0.674153	0.736003	-0.945278	-0.197167	-0.259952
160	1704242													9.261984	-0.579911	3.222688	0.320372	-0.711798	-0.625065	-0.061849	-0.674153	0.735998	-0.945271	-0.197133	-0.260003
161	1704409													9.241849	-0.578155	3.224361	0.320376	-0.711766	-0.625099	-0.061890	-0.674198	0.735953	-0.945267	-0.197094	-0.260048
162	1704576													9.230803	-0.564871	3.184557	0.320400	-0.711786	-0.625064	-0.061938	-0.674179	0.735966	-0.945255	-0.197089	-0.260093
163	1704742													9.238962	-0.557829	3.208524	0.320478	-0.711775	-0.625037	-0.062020	-0.674190	0.735949	-0.945223	-0.197091	-0.260207
164	1704909													9.237371	-0.561131	3.211800	0.320585	-0.711717	-0.625048	-0.062090	-0.674247	0.735892	-0.945182	-0.197107	-0.260344
165	1705076													9.256651	-0.566471	3.237623	0.320680	-0.711640	-0.625086	-0.062167	-0.674330	0.735809	-0.945145	-0.197100	-0.260485
166	1705242													9.261636	-0.571457	3.213971	0.320746	-0.711586	-0.625114	-0.062305	-0.674406	0.735727	-0.945114	-0.197033	-0.260648
167	1705409													9.281314	-0.546918	3.221163	0.320791	-0.711483	-0.625208	-0.062437	-0.674543	0.735591	-0.945090	-0.196935	-0.260810
168	1705576													9.273041	-0.529530	3.197442	0.320824	-0.711384	-0.625304	-0.062558	-0.674677	0.735457	-0.945070	-0.196835	-0.260956
169	1705742													9.277576	-0.561133	3.189771	0.320896	-0.711268	-0.625399	-0.062671	-0.674819	0.735317	-0.945039	-0.196766	-0.261123
170	1705909													9.270207	-0.543501	3.229419	0.320960	-0.711278	-0.625354	-0.062765	-0.674811	0.735317	-0.945011	-0.196757	-0.261231
171	1706076													9.274068	-0.568327	3.146883	0.321013	-0.711343	-0.625253	-0.062866	-0.674742	0.735371	-0.944986	-0.196757	-0.261321
172	1706242													9.261468	-0.578577	3.184145	0.321004	-0.711382	-0.625214	-0.062889	-0.674704	0.735404	-0.944988	-0.196749	-0.261321
173	1706409													9.264236	-0.515275	3.177205	0.320966	-0.711358	-0.625261	-0.062798	-0.674723	0.735394	-0.945007	-0.196772	-0.261235
174	1706576													9.257656	-0.524215	3.176613	0.320972	-0.711446	-0.625158	-0.062824	-0.674623	0.735484	-0.945003	-0.196795	-0.261231
175	1706742													9.268575	-0.621066	3.194665	0.320964	-0.711455	-0.625150	-0.062839	-0.674617	0.735488	-0.945004	-0.196782	-0.261235
176	1706909													9.258208	-0.588538	3.229669	0.320943	-0.711444	-0.625174	-0.062830	-0.674634	0.735474	-0.945012	-0.196766	-0.261219
177	1707076													9.256773	-0.569114	3.213458	0.320944	-0.711428	-0.625192	-0.062786	-0.674643	0.735469	-0.945015	-0.196791	-0.261190
178	1707242													9.264126	-0.564211	3.190721	0.320967	-0.711416	-0.625194	-0.062731	-0.674640	0.735476	-0.945010	-0.196845	-0.261165
179	1707409													9.272540	-0.572651	3.195133	0.321016	-0.711405	-0.625181	-0.062686	-0.674632	0.735488	-0.944997	-0.196913	-0.261163
180	1707576													9.271464	-0.561132	3.214721	0.321071	-0.711372	-0.625191	-0.062602	-0.674640	0.735488	-0.944984	-0.197005	-0.261141
181	1707742													9.265074	-0.557473	3.216684	0.321104	-0.711366	-0.625181	-0.062505	-0.674619	0.735515	-0.944979	-0.197100	-0.261086
182	1707909													9.283784	-0.544696	3.226780	0.321149	-0.711282	-0.625253	-0.062431	-0.674691	0.735455	-0.944969	-0.197155	-0.261082
183	1708076													9.268201	-0.557459	3.235839	0.321205	-0.711304	-0.625199	-0.062407	-0.674647	0.735498	-0.944951	-0.197229	-0.261091
184	1708242													9.251956	-0.548132	3.217811	0.321272	-0.711375	-0.625083	-0.062388	-0.674542	0.735596	-0.944930	-0.197329	-0.261093
185	1708409													9.266850	-0.539982	3.204725	0.321342	-0.711426	-0.624990	-0.062352	-0.674457	0.735676	-0.944908	-0.197434	-0.261091
186	1708576													9.242057	-0.552735	3.193439	0.321402	-0.711492	-0.624883	-0.062329	-0.674360	0.735768	-0.944889	-0.197529	-0.261087
187	1708742													9.260889	-0.545293	3.203438	0.321456	-0.711524	-0.624820	-0.062319	-0.674307	0.735817	-0.944871	-0.197595	-0.261102
188	1708909													9.266421	-0.550679	3.217811	0.321490	-0.711532	-0.624794	-0.062339	-0.674294	0.735827	-0.944859	-0.197612	-0.261135
189	1709076													9.268027	-0.553429	3.198399	0.321525	-0.711543	-0.624763	-0.062321	-0.674268	0.735852	-0.944848	-0.197659	-0.261138
190	1709242													9.276374	-0.552120	3.214524	0.321560	-0.711543	-0.624744	-0.062315	-0.674258	0.735862	-0.944836	-0.197693	-0.261154
191	1709409													9.278505	-0.557380	3.200577	0.321592	-0.711531	-0.624742	-0.062335	-0.674269	0.735850	-0.944824	-0.197701	-0.261193
192	1709576													9.278462	-0.549255	3.207343	0.321645	-0.711538	-0.624706	-0.062342	-0.674248	0.735869	-0.944806	-0.197743	-0.261227
193	1709742													9.261100	-0.569089	3.217156	0.321693	-0.711557	-0.624660	-0.062344	-0.674215	0.735899	-0.944789	-0.197789	-0.261252
194	1709909													9.271214	-0.549116	3.208920	0.321765	-0.711506	-0.624681	-0.062350	-0.674259	0.735858	-0.944764	-0.197824	-0.261315
195	1710076													9.264773	-0.539027	3.231107	0.321814	-0.711506	-0.624656	-0.062365	-0.674250	0.735865	-0.944747	-0.197855	-0.261356
196	1710242													9.253994	-0.543934	3.224845	0.321870	-0.711538	-0.624590	-0.062377	-0.674200	0.735910	-0.944727	-0.197908	-0.261388
197	1710409													9.266511	-0.550157	3.226622	0.321969	-0.711466	-0.624621	-0.062384	-0.674262	0.735852	-0.944693	-0.197955	-0.261476
198	1710576													9.259741	-0.557155	3.216970	0.322051	-0.711503	-0.624537	-0.062407	-0.674203	0.735904	-0.944663	-0.198023	-0.261530
199	1710742													9.240162	-0.541513	3.219645	0.322127	-0.711534	-0.624462	-0.062402	-0.674147	0.735956	-0.944637	-0.198104	-0.261562
200	1710909													9.263740	-0.541581	3.205519	0.322206	-0.711548	-0.624406	-0.062411	-0.674113	0.735986	-0.944610	-0.198170	-0.261612
201	1711076													9.272037	-0.576864	3.205104	0.322305	-0.711587	-0.624310	-0.062474	-0.674056	0.736034	-0.944572	-0.198224	-0.261707
202	1711242													9.259645	-0.566757	3.193260	0.322426	-0.711581	-0.624255	-0.062492	-0.674037	0.736050	-0.944530	-0.198311	-0.261795
203	1711409													9.264287	-0.525452	3.179534	0.322545	-0.711631	-0.624137	-0.062457	-0.673941	0.736140	-0.944491	-0.198457	-0.261822
204	1711576													9.296762	-0.556933	3.226544	0.322663	-0.711595	-0.624117	-0.062365	-0.673935	0.736154	-0.944457	-0.198606	-0.261832
205	1711742													9.288330	-0.513005	3.218303	0.322783	-0.711465	-0.624203	-0.062200	-0.674024	0.736086	-0.944427	-0.198771	-0.261816
206	1711909													9.259040	-0.541574	3.236535	0.322923	-0.711471	-0.624123	-0.062167	-0.673975	0.736134	-0.944381	-0.198914	-0.261872
207	1712076													9.254180	-0.585783	3.251101	0.323048	-0.711551	-0.623968	-0.062184	-0.673853	0.736244	-0.944337	-0.199041	-0.261934
208	1712242													9.239614	-0.572451	3.252328	0.323132	-0.711537	-0.623940	-0.062169	-0.673846	0.736252	-0.944310	-0.199117	-0.261977
209	1712409													9.230631	-0.579642	3.206195	0.323248	-0.711544	-0.623871	-0.062199	-0.673814	0.736278	-0.944268	-0.199196	-0.262066
210	1712576													9.244838	-0.584695	3.184334	0.323402	-0.711464	-0.623883	-0.062245	-0.673881	0.736214	-0.944212	-0.199260	-0.262220
211	1712742													9.256167	-0.585003	3.224360	0.323590	-0.711378	-0.623884	-0.062285	-0.673944	0.736153	-0.944145	-0.199353	-0.262390
212	1712909													9.265067	-0.594652	3.200198	0.323757	-0.711255	-0.623937	-0.062377	-0.674066	0.736033	-0.944082	-0.199376	-0.262599
213	1713076													9.272089	-0.581722	3.220892	0.323906	-0.711116	-0.624018	-0.062443	-0.674207	0.735898	-0.944026	-0.199397	-0.262784
214	1713242													9.269692	-0.560526	3.222530	0.324060	-0.710938	-0.624141	-0.062479	-0.674386	0.735730	-0.943971	-0.199425	-0.262960
215	1713409													9.279037	-0.569701	3.239632	0.324251	-0.710802	-0.624197	-0.062517	-0.674507	0.735617	-0.943903	-0.199502	-0.263147
216	1713576													9.260331	-0.572456	3.248797	0.324448	-0.710677	-0.624237	-0.062555	-0.674613	0.735516	-0.943833	-0.199588	-0.263333
217	1713743													9.225633	-0.527800	3.252936	0.324626	-0.710591	-0.624243	-0.062585	-0.674677	0.735455	-0.943770	-0.199680	-0.263490
218	1713909													9.258019	-0.547571	3.233024	0.324767	-0.710614	-0.624143	-0.062635	-0.674625	0.735498	-0.943718	-0.199773	-0.263605
219	1714076													9.222776	-0.581996	3.247667	0.324827	-0.710526	-0.624212	-0.062617	-0.674710	0.735422	-0.943698	-0.199799	-0.263655
220	1714243													9.244403	-0.509348	3.201192	0.324915	-0.710490	-0.624207	-0.062510	-0.674708	0.735433	-0.943675	-0.199934	-0.263636
221	1714409													9.257428	-0.531682	3.232766	0.325029	-0.710474	-0.624166	-0.062513	-0.674699	0.735441	-0.943636	-0.200021	-0.263710
222	1714576													9.255947	-0.604604	3.236739	0.325130	-0.710516	-0.624065	-0.062517	-0.674625	0.735509	-0.943601	-0.200121	-0.263760
223	1714743													9.245966	-0.581795	3.244699	0.325220	-0.710506	-0.624030	-0.062491	-0.674608	0.735526	-0.943571	-0.200211	-0.263796
224	1714909													9.264651	-0.567923	3.245666	0.325288	-0.710585	-0.623904	-0.062428	-0.674485	0.735645	-0.943552	-0.200347	-0.263763
225	1715076													9.239907	-0.565570	3.234998	0.325359	-0.710609	-0.623840	-0.062384	-0.674429	0.735699	-0.943530	-0.200449	-0.263763
226	1715243													9.254223	-0.555342	3.245934	0.325436	-0.710625	-0.623782	-0.062313	-0.674376	0.735754	-0.943509	-0.200571	-0.263747
227	1715409													9.278348	-0.564197	3.266114	0.325505	-0.710559	-0.623821	-0.062212	-0.674416	0.735726	-0.943491	-0.200674	-0.263731
228	1715576													9.260364	-0.565169	3.254663	0.325585	-0.710500	-0.623846	-0.062108	-0.674443	0.735710	-0.943471	-0.200790	-0.263716
229	1715743													9.262309	-0.550804	3.236578	0.325651	-0.710414	-0.623910	-0.062023	-0.674509	0.735656	-0.943454	-0.200871	-0.263716
230	1715909													9.251981	-0.552842	3.249900	0.325712	-0.710375	-0.623922	-0.061972	-0.674529	0.735642	-0.943436	-0.200942	-0.263726
231	1716076													9.254080	-0.557963	3.254956	0.325790	-0.710408	-0.623844	-0.061924	-0.674461	0.735709	-0.943412	-0.201055	-0.263724
232	1716243													9.252664	-0.555027	3.236818	0.325869	-0.710337	-0.623883	-0.061859	-0.674510	0.735669	-0.943389	-0.201139	-0.263743
233	1716409													9.250043	-0.554699	3.232344	0.325892	-0.710323	-0.623887	-0.061832	-0.674515	0.735667	-0.943383	-0.201172	-0.263739
234	1716576													9.252567	-0.559136	3.242457	0.325922	-0.710310	-0.623887	-0.061792	-0.674515	0.735671	-0.943375	-0.201220	-0.263730
235	1716743													9.253240	-0.549030	3.238281	0.325974	-0.710219	-0.623963	-0.061762	-0.674602	0.735593	-0.943359	-0.201247	-0.263768
236	1716909													9.261365	-0.568567	3.251652	0.326041	-0.710294	-0.623843	-0.061777	-0.674501	0.735685	-0.943335	-0.201324	-0.263795
237	1717076													9.259940	-0.566943	3.246914	0.326103	-0.710282	-0.623824	-0.061783	-0.674500	0.735685	-0.943313	-0.201367	-0.263839
238	1717243													9.252439	-0.583755	3.248784	0.326161	-0.710277	-0.623799	-0.061774	-0.674489	0.735696	-0.943294	-0.201421	-0.263869
239	1717409													9.246155	-0.572604	3.254306	0.326207	-0.710292	-0.623759	-0.061780	-0.674462	0.735720	-0.943278	-0.201461	-0.263896
240	1717576													9.263060	-0.567512	3.218383	0.326258	-0.710270	-0.623757	-0.061784	-0.674476	0.735707	-0.943260	-0.201492	-0.263937
241	1717743													9.263775	-0.564175	3.240223	0.326349	-0.710246	-0.623736	-0.061808	-0.674486	0.735696	-0.943227	-0.201542	-0.264016
242	1717909													9.246555	-0.544120	3.241710	0.326419	-0.710236	-0.623711	-0.061817	-0.674482	0.735698	-0.943202	-0.201589	-0.264069
243	1718076													9.252307	-0.549939	3.248488	0.326474	-0.710223	-0.623697	-0.061803	-0.674481	0.735701	-0.943184	-0.201641	-0.264094
244	1718243													9.240931	-0.559769	3.253437	0.326529	-0.710165	-0.623734	-0.061793	-0.674533	0.735654	-0.943165	-0.201670	-0.264137
245	1718409													9.256494	-0.564186	3.263640	0.326596	-0.710209	-0.623650	-0.061815	-0.674470	0.735710	-0.943141	-0.201729	-0.264181
246	1718576													9.244342	-0.551347	3.251810	0.326685	-0.710153	-0.623667	-0.061802	-0.674511	0.735674	-0.943111	-0.201790	-0.264242
247	1718743													9.263264	-0.563424	3.221215	0.326753	-0.710146	-0.623639	-0.061810	-0.674503	0.735680	-0.943086	-0.201839	-0.264290
248	1718909													9.241824	-0.589674	3.222814	0.326836	-0.710173	-0.623564	-0.061840	-0.674456	0.735721	-0.943056	-0.201899	-0.264354
249	1719076													9.260159	-0.544463	3.247718	0.326926	-0.710127	-0.623569	-0.061834	-0.674486	0.735693	-0.943025	-0.201960	-0.264418
250	1719243													9.268443	-0.547689	3.248372	0.327004	-0.710157	-0.623494	-0.061748	-0.674413	0.735768	-0.943003	-0.202099	-0.264387
251	1719409													9.274375	-0.556022	3.275584	0.327110	-0.710101	-0.623502	-0.061582	-0.674416	0.735779	-0.942978	-0.202284	-0.264337
252	1719576													9.266447	-0.508873	3.258708	0.327220	-0.710048	-0.623505	-0.061470	-0.674427	0.735778	-0.942947	-0.202434	-0.264332
253	1719743													9.233420	-0.576678	3.304222	0.327300	-0.710024	-0.623491	-0.061468	-0.674435	0.735771	-0.942919	-0.202493	-0.264386
254	1719909													9.251537	-0.596930	3.272480	0.327356	-0.709968	-0.623526	-0.061447	-0.674483	0.735729	-0.942901	-0.202531	-0.264421
255	1720076													9.222517	-0.572511	3.272899	0.327419	-0.709952	-0.623511	-0.061416	-0.674479	0.735735	-0.942881	-0.202600	-0.264439
256	1720243													9.226497	-0.565992	3.237047	0.327465	-0.710006	-0.623424	-0.061422	-0.674404	0.735803	-0.942865	-0.202658	-0.264453
257	1720409													9.233678	-0.580211	3.256916	0.327501	-0.709965	-0.623453	-0.061438	-0.674447	0.735762	-0.942851	-0.202660	-0.264501
258	1720576													9.237181	-0.595784	3.265865	0.327553	-0.709932	-0.623462	-0.061496	-0.674485	0.735723	-0.942829	-0.202648	-0.264588
259	1720743													9.257681	-0.596545	3.274511	0.327590	-0.709833	-0.623555	-0.061608	-0.674616	0.735593	-0.942809	-0.202557	-0.264729
260	1720909													9.255290	-0.578060	3.236080	0.327624	-0.709787	-0.623591	-0.061727	-0.674688	0.735517	-0.942790	-0.202480	-0.264857
261	1721076													9.267487	-0.550710	3.244028	0.327633	-0.709790	-0.623582	-0.061849	-0.674709	0.735488	-0.942779	-0.202402	-0.264956
262	1721243													9.258144	-0.573238	3.253115	0.327627	-0.709832	-0.623538	-0.061967	-0.674686	0.735499	-0.942773	-0.202331	-0.265031
263	1721409													9.258351	-0.561743	3.268001	0.327614	-0.709846	-0.623528	-0.062057	-0.674691	0.735487	-0.942771	-0.202261	-0.265090
264	1721576													9.246754	-0.558311	3.241363	0.327583	-0.709861	-0.623527	-0.062167	-0.674705	0.735465	-0.942775	-0.202163	-0.265152
265	1721743													9.259235	-0.592237	3.235765	0.327556	-0.709919	-0.623476	-0.062314	-0.674676	0.735479	-0.942775	-0.202060	-0.265232
266	1721909													9.239398	-0.547489	3.255669	0.327491	-0.709799	-0.623646	-0.062334	-0.674837	0.735329	-0.942796	-0.201939	-0.265248
267	1722076													9.229432	-0.526848	3.253519	0.327444	-0.709795	-0.623675	-0.062345	-0.674856	0.735311	-0.942811	-0.201890	-0.265230
268	1722243													9.248660	-0.560861	3.240582	0.327389	-0.709826	-0.623670	-0.062447	-0.674856	0.735302	-0.942824	-0.201784	-0.265267
269	1722409													9.253979	-0.587681	3.276009	0.327304	-0.709795	-0.623749	-0.062517	-0.674928	0.735230	-0.942849	-0.201649	-0.265281
270	1722576													9.251120	-0.557493	3.283312	0.327205	-0.709903	-0.623678	-0.062584	-0.674840	0.735305	-0.942879	-0.201563	-0.265239
271	1722743													9.247066	-0.568724	3.257156	0.327082	-0.709969	-0.623668	-0.062628	-0.674804	0.735335	-0.942918	-0.201456	-0.265180
272	1722909													9.251061	-0.566362	3.246718	0.326988	-0.710004	-0.623677	-0.062651	-0.674791	0.735345	-0.942949	-0.201375	-0.265131
273	1723076													9.253865	-0.573412	3.235400	0.326874	-0.710111	-0.623615	-0.062695	-0.674702	0.735423	-0.942986	-0.201293	-0.265063
274	1723243													9.272447	-0.583716	3.252423	0.326778	-0.710195	-0.623570	-0.062690	-0.674627	0.735492	-0.943020	-0.201251	-0.264975
275	1723409													9.270444	-0.588896	3.249515	0.326689	-0.710261	-0.623541	-0.062713	-0.674576	0.735537	-0.943049	-0.201188	-0.264919
276	1723576													9.246374	-0.579275	3.254138	0.326585	-0.710325	-0.623523	-0.062733	-0.674531	0.735576	-0.943084	-0.201112	-0.264852
277	1723743													9.231218	-0.581621	3.258023	0.326469	-0.710379	-0.623522	-0.062791	-0.674508	0.735592	-0.943120	-0.200997	-0.264811
278	1723909													9.232591	-0.594088	3.213482	0.326357	-0.710405	-0.623551	-0.062823	-0.674513	0.735585	-0.943157	-0.200890	-0.264762
279	1724076													9.225346	-0.584040	3.237385	0.326213	-0.710518	-0.623497	-0.062873	-0.674426	0.735661	-0.943203	-0.200781	-0.264679
280	1724243													9.254321	-0.591813	3.239163	0.326076	-0.710599	-0.623477	-0.062939	-0.674379	0.735698	-0.943246	-0.200652	-0.264623
281	1724409													9.227529	-0.578135	3.247534	0.325937	-0.710635	-0.623508	-0.062993	-0.674383	0.735690	-0.943290	-0.200512	-0.264572
282	1724576													9.274679	-0.587790	3.237205	0.325798	-0.710733	-0.623469	-0.063067	-0.674318	0.735743	-0.943333	-0.200383	-0.264516
