// Start Time: Unknown
// Update Rate: 60.0Hz
//Filter Profile: human (46.1)
// Option Flags: AHS Disabled ICC Disabled
// Firmware Version: 4.0.2
0	sampleTimeFine	Year	Month	Day	Second	UTC_Nano	UTC_Year	UTC_Month	UTC_Day	UTC_Hour	UTC_Minute	UTC_Second	UTC_Valid	Acc_X	Acc_Y	Acc_Z	Mat[1][1]	Mat[2][1]	Mat[3][1]	Mat[1][2]	Mat[2][2]	Mat[3][2]	Mat[1][3]	Mat[2][3]	Mat[3][3]
0	1677408													0.374548	0.375464	0.391370	-0.282381	-0.951028	0.125723	0.014067	0.126938	0.991811	-0.959199	0.281837	-0.022467
1	1677575													9.314488	0.134441	-2.742131	-0.282154	-0.950876	0.127372	0.013743	0.128747	0.991582	-0.959271	0.281529	-0.023258
2	1677742													9.320591	0.118927	-2.725123	-0.282241	-0.950871	0.127216	0.013396	0.128688	0.991595	-0.959250	0.281573	-0.023583
3	1677908													9.335231	0.103925	-2.740503	-0.282105	-0.950952	0.126909	0.012877	0.128517	0.991624	-0.959297	0.281377	-0.024010
4	1678075													9.351450	0.107716	-2.725080	-0.282046	-0.950889	0.127516	0.012278	0.129323	0.991526	-0.959322	0.281222	-0.024800
5	1678242													9.354303	0.080816	-2.726413	-0.281866	-0.950891	0.127901	0.011776	0.129867	0.991461	-0.959382	0.280965	-0.025407
6	1678408													9.376546	0.089291	-2.747006	-0.281656	-0.951024	0.127368	0.011240	0.129462	0.991521	-0.959450	0.280700	-0.025774
7	1678575													9.359806	0.109747	-2.733942	-0.281482	-0.951024	0.127756	0.010744	0.130007	0.991455	-0.959506	0.280449	-0.026377
8	1678742													9.353985	0.104128	-2.736038	-0.281336	-0.951054	0.127854	0.010409	0.130203	0.991433	-0.959553	0.280257	-0.026731
9	1678908													9.369720	0.122235	-2.747518	-0.281138	-0.951129	0.127728	0.010163	0.130137	0.991444	-0.959613	0.280031	-0.026920
10	1679075													9.372396	0.104750	-2.732786	-0.280832	-0.951214	0.127770	0.010058	0.130204	0.991436	-0.959704	0.279712	-0.026998
11	1679242													9.351535	0.090792	-2.777799	-0.280460	-0.951313	0.127851	0.009994	0.130296	0.991425	-0.959814	0.279333	-0.027036
12	1679408													9.302920	0.106399	-2.751665	-0.280163	-0.951436	0.127589	0.009894	0.130043	0.991459	-0.959901	0.279033	-0.027019
13	1679575													9.298825	0.096536	-2.738252	-0.280041	-0.951445	0.127789	0.009823	0.130269	0.991430	-0.959938	0.278896	-0.027135
14	1679742													9.317057	0.105598	-2.744714	-0.279940	-0.951464	0.127868	0.009668	0.130392	0.991415	-0.959969	0.278773	-0.027303
15	1679908													9.332142	0.122153	-2.734679	-0.279943	-0.951427	0.128136	0.009500	0.130721	0.991374	-0.959970	0.278745	-0.027556
16	1680075													9.365018	0.111538	-2.750347	-0.279974	-0.951387	0.128368	0.009401	0.130992	0.991339	-0.959962	0.278755	-0.027730
17	1680242													9.393459	0.154735	-2.724741	-0.279982	-0.951359	0.128554	0.009431	0.131177	0.991314	-0.959959	0.278763	-0.027755
18	1680409													9.407761	0.143533	-2.722754	-0.279896	-0.951360	0.128734	0.009627	0.131306	0.991295	-0.959982	0.278699	-0.027593
19	1680575													9.358700	0.094029	-2.694443	-0.279725	-0.951331	0.129318	0.009716	0.131883	0.991218	-0.960031	0.278525	-0.027648
20	1680742													9.316646	0.088293	-2.690592	-0.279578	-0.951341	0.129565	0.009635	0.132159	0.991182	-0.960075	0.278361	-0.027783
21	1680909													9.323883	0.125808	-2.671046	-0.279472	-0.951356	0.129678	0.009459	0.132325	0.991161	-0.960107	0.278228	-0.027982
22	1681075													9.329528	0.111697	-2.670077	-0.279436	-0.951391	0.129499	0.009230	0.132204	0.991180	-0.960120	0.278167	-0.028161
23	1681242													9.357301	0.112139	-2.682895	-0.279478	-0.951435	0.129083	0.008886	0.131871	0.991227	-0.960111	0.278174	-0.028400
24	1681409													9.365846	0.116694	-2.712380	-0.279522	-0.951476	0.128690	0.008494	0.131577	0.991270	-0.960102	0.278175	-0.028696
25	1681575													9.346140	0.102121	-2.689155	-0.279617	-0.951526	0.128114	0.008030	0.131114	0.991335	-0.960078	0.278223	-0.029020
26	1681742													9.362488	0.148217	-2.685378	-0.279760	-0.951569	0.127481	0.007527	0.130605	0.991406	-0.960040	0.278315	-0.029375
27	1681909													9.353404	0.137125	-2.697504	-0.279932	-0.951579	0.127027	0.007065	0.130271	0.991453	-0.959994	0.278437	-0.029744
28	1682075													9.401272	0.136239	-2.702528	-0.280063	-0.951593	0.126633	0.006691	0.129974	0.991495	-0.959958	0.278529	-0.030034
29	1682242													9.411191	0.158672	-2.705395	-0.280079	-0.951619	0.126398	0.006413	0.129810	0.991518	-0.959956	0.278514	-0.030255
30	1682409													9.348756	0.118934	-2.731906	-0.280073	-0.951639	0.126264	0.006188	0.129736	0.991529	-0.959959	0.278482	-0.030446
31	1682575													9.339035	0.088404	-2.710367	-0.280022	-0.951680	0.126069	0.005875	0.129621	0.991546	-0.959976	0.278396	-0.030706
32	1682742													9.372260	0.128538	-2.723283	-0.280024	-0.951676	0.126091	0.005695	0.129697	0.991537	-0.959976	0.278373	-0.030898
33	1682909													9.438140	0.088418	-2.713047	-0.279909	-0.951711	0.126086	0.005600	0.129715	0.991535	-0.960010	0.278246	-0.030979
34	1683075													9.434852	0.052346	-2.723817	-0.279631	-0.951797	0.126055	0.005491	0.129704	0.991537	-0.960092	0.277957	-0.031043
35	1683242													9.394110	0.033461	-2.698574	-0.279255	-0.951910	0.126030	0.005369	0.129702	0.991538	-0.960202	0.277569	-0.031109
36	1683409													9.354002	0.036925	-2.701312	-0.278815	-0.952066	0.125829	0.005258	0.129509	0.991564	-0.960330	0.277125	-0.031103
37	1683575													9.343117	0.034439	-2.655645	-0.278348	-0.952239	0.125548	0.005247	0.129205	0.991604	-0.960466	0.276670	-0.030968
38	1683742													9.300095	0.046505	-2.700625	-0.277880	-0.952448	0.125002	0.005276	0.128612	0.991681	-0.960601	0.276228	-0.030714
39	1683909													9.291715	0.088601	-2.666540	-0.277509	-0.952622	0.124497	0.005310	0.128064	0.991752	-0.960708	0.275881	-0.030480
40	1684075													9.309357	0.128680	-2.673532	-0.277235	-0.952777	0.123922	0.005400	0.127431	0.991833	-0.960787	0.275640	-0.030184
41	1684242													9.336790	0.171214	-2.695624	-0.277076	-0.952859	0.123651	0.005477	0.127122	0.991872	-0.960833	0.275501	-0.030003
42	1684409													9.339648	0.180012	-2.729111	-0.276970	-0.952896	0.123599	0.005507	0.127055	0.991880	-0.960863	0.275402	-0.029943
43	1684575													9.306850	0.181739	-2.705912	-0.276999	-0.952866	0.123765	0.005476	0.127237	0.991857	-0.960855	0.275421	-0.030027
44	1684742													9.328690	0.157415	-2.735762	-0.277090	-0.952794	0.124113	0.005450	0.127610	0.991809	-0.960829	0.275497	-0.030166
45	1684909													9.320914	0.133371	-2.735387	-0.277264	-0.952701	0.124443	0.005442	0.127962	0.991764	-0.960778	0.275658	-0.030295
46	1685075													9.345274	0.093689	-2.738775	-0.277536	-0.952578	0.124776	0.005465	0.128311	0.991719	-0.960700	0.275920	-0.030405
47	1685242													9.358608	0.074623	-2.745694	-0.277836	-0.952423	0.125290	0.005555	0.128829	0.991651	-0.960612	0.276213	-0.030502
48	1685409													9.357576	0.044597	-2.744493	-0.278113	-0.952289	0.125690	0.005621	0.129236	0.991598	-0.960532	0.276483	-0.030590
49	1685575													9.335769	0.055727	-2.721020	-0.278429	-0.952155	0.126007	0.005765	0.129536	0.991558	-0.960439	0.276805	-0.030578
50	1685742													9.346586	0.076262	-2.735828	-0.278715	-0.952075	0.125984	0.005898	0.129483	0.991564	-0.960356	0.277107	-0.030473
51	1685909													9.359900	0.096966	-2.756903	-0.278989	-0.951984	0.126062	0.006009	0.129541	0.991556	-0.960275	0.277391	-0.030420
52	1686075													9.380304	0.127513	-2.761676	-0.279195	-0.951931	0.126010	0.006113	0.129464	0.991565	-0.960215	0.277610	-0.030327
53	1686242													9.398380	0.141836	-2.745651	-0.279287	-0.951885	0.126151	0.006172	0.129596	0.991548	-0.960188	0.277705	-0.030319
54	1686409													9.393583	0.147590	-2.743359	-0.279200	-0.951903	0.126203	0.006199	0.129640	0.991542	-0.960213	0.277621	-0.030294
55	1686575													9.350220	0.143209	-2.729422	-0.279026	-0.951931	0.126380	0.006161	0.129830	0.991517	-0.960264	0.277438	-0.030361
56	1686909													9.346189	0.145181	-2.703123	-0.278797	-0.951969	0.126601	0.006146	0.130056	0.991488	-0.960330	0.277202	-0.030408
57	1687075													9.337889	0.136251	-2.705503	-0.278560	-0.951998	0.126899	0.006189	0.130347	0.991449	-0.960399	0.276963	-0.030417
58	1687242													9.323059	0.111501	-2.707072	-0.278310	-0.952047	0.127082	0.006261	0.130508	0.991427	-0.960471	0.276720	-0.030361
59	1687409													9.312838	0.126154	-2.717839	-0.278172	-0.952075	0.127173	0.006317	0.130583	0.991417	-0.960510	0.276588	-0.030311
60	1687575													9.348234	0.137770	-2.703992	-0.278100	-0.952062	0.127427	0.006379	0.130826	0.991385	-0.960531	0.276517	-0.030310
61	1687742													9.380857	0.201119	-2.697774	-0.278078	-0.952026	0.127746	0.006602	0.131094	0.991348	-0.960536	0.276515	-0.030169
62	1687909													9.394975	0.186777	-2.696233	-0.278023	-0.951962	0.128341	0.006987	0.131601	0.991278	-0.960549	0.276495	-0.029937
63	1688075													9.369282	0.157007	-2.687357	-0.277965	-0.951927	0.128724	0.007302	0.131907	0.991235	-0.960563	0.276469	-0.029715
64	1688242													9.319400	0.168523	-2.696049	-0.277969	-0.951878	0.129076	0.007470	0.132225	0.991192	-0.960561	0.276485	-0.029644
65	1688409													9.309514	0.172615	-2.678643	-0.278044	-0.951794	0.129535	0.007528	0.132689	0.991129	-0.960539	0.276553	-0.029728
66	1688575													9.336817	0.168859	-2.681239	-0.278150	-0.951725	0.129818	0.007563	0.132977	0.991090	-0.960508	0.276654	-0.029789
67	1688742													9.373810	0.147607	-2.699092	-0.278221	-0.951652	0.130198	0.007555	0.133378	0.991036	-0.960487	0.276711	-0.029918
68	1688909													9.382573	0.113684	-2.702940	-0.278251	-0.951610	0.130445	0.007475	0.133659	0.990999	-0.960479	0.276721	-0.030078
69	1689075													9.357704	0.117518	-2.713220	-0.278248	-0.951632	0.130288	0.007284	0.133550	0.991015	-0.960482	0.276697	-0.030228
70	1689242													9.365877	0.133387	-2.686977	-0.278257	-0.951655	0.130096	0.007065	0.133414	0.991035	-0.960481	0.276682	-0.030400
71	1689409													9.357891	0.138211	-2.703035	-0.278293	-0.951658	0.130001	0.006890	0.133366	0.991043	-0.960471	0.276696	-0.030558
72	1689575													9.379745	0.159792	-2.705260	-0.278337	-0.951688	0.129689	0.006688	0.133101	0.991080	-0.960460	0.276722	-0.030682
73	1689742													9.377166	0.179130	-2.721688	-0.278379	-0.951663	0.129776	0.006505	0.133246	0.991062	-0.960449	0.276735	-0.030902
74	1689909													9.309749	0.168647	-2.694472	-0.278460	-0.951616	0.129948	0.006364	0.133468	0.991033	-0.960427	0.276790	-0.031109
75	1690075													9.329845	0.144796	-2.700993	-0.278637	-0.951568	0.129924	0.006204	0.133495	0.991030	-0.960377	0.276943	-0.031293
76	1690242													9.320343	0.193130	-2.715569	-0.278918	-0.951515	0.129705	0.006092	0.133310	0.991056	-0.960296	0.277213	-0.031386
77	1690409													9.358448	0.188258	-2.720909	-0.279215	-0.951422	0.129751	0.006040	0.133382	0.991046	-0.960210	0.277499	-0.031496
78	1690575													9.347482	0.163252	-2.734206	-0.279478	-0.951318	0.129945	0.005978	0.133611	0.991016	-0.960133	0.277744	-0.031654
79	1690742													9.347859	0.164639	-2.732861	-0.279753	-0.951200	0.130216	0.005856	0.133938	0.990972	-0.960054	0.277990	-0.031900
80	1690909													9.342396	0.175229	-2.735996	-0.280026	-0.951094	0.130404	0.005738	0.134178	0.990941	-0.959975	0.278237	-0.032116
81	1691075													9.317163	0.147341	-2.738849	-0.280312	-0.950972	0.130681	0.005637	0.134506	0.990897	-0.959892	0.278497	-0.032343
82	1691242													9.351805	0.151422	-2.742271	-0.280618	-0.950860	0.130837	0.005572	0.134698	0.990871	-0.959803	0.278786	-0.032500
83	1691409													9.367416	0.146948	-2.761110	-0.280883	-0.950780	0.130853	0.005538	0.134734	0.990866	-0.959726	0.279043	-0.032579
84	1691575													9.368995	0.138365	-2.737417	-0.281107	-0.950718	0.130824	0.005500	0.134722	0.990868	-0.959661	0.279260	-0.032642
85	1691742													9.367264	0.136482	-2.738778	-0.281263	-0.950673	0.130813	0.005444	0.134734	0.990867	-0.959615	0.279407	-0.032720
86	1691909													9.331629	0.150773	-2.754888	-0.281350	-0.950665	0.130684	0.005343	0.134631	0.990881	-0.959590	0.279482	-0.032799
87	1692075													9.330171	0.152118	-2.750837	-0.281443	-0.950630	0.130740	0.005234	0.134725	0.990869	-0.959564	0.279558	-0.032942
88	1692242													9.335704	0.161949	-2.750129	-0.281537	-0.950605	0.130718	0.005121	0.134738	0.990868	-0.959537	0.279635	-0.033065
89	1692409													9.342627	0.174662	-2.752142	-0.281630	-0.950579	0.130707	0.004990	0.134768	0.990865	-0.959510	0.279709	-0.033212
90	1692575													9.364799	0.152865	-2.744564	-0.281737	-0.950563	0.130595	0.004870	0.134690	0.990876	-0.959479	0.279802	-0.033318
91	1692742													9.355427	0.161670	-2.768929	-0.281841	-0.950540	0.130532	0.004769	0.134658	0.990881	-0.959449	0.279893	-0.033419
92	1692909													9.331649	0.142083	-2.736353	-0.281929	-0.950503	0.130616	0.004656	0.134781	0.990864	-0.959424	0.279962	-0.033573
93	1693075													9.333306	0.144997	-2.732010	-0.282062	-0.950454	0.130680	0.004540	0.134887	0.990851	-0.959385	0.280075	-0.033731
94	1693242													9.330959	0.138251	-2.742940	-0.282225	-0.950391	0.130793	0.004430	0.135042	0.990830	-0.959338	0.280217	-0.033902
95	1693409													9.340240	0.153646	-2.746097	-0.282371	-0.950367	0.130651	0.004303	0.134937	0.990845	-0.959296	0.280348	-0.034013
96	1693575													9.345178	0.148656	-2.756150	-0.282545	-0.950319	0.130621	0.004164	0.134953	0.990843	-0.959245	0.280502	-0.034173
97	1693742													9.346715	0.154303	-2.763638	-0.282699	-0.950264	0.130687	0.004059	0.135059	0.990829	-0.959200	0.280637	-0.034324
98	1693909													9.346158	0.153469	-2.779778	-0.282837	-0.950254	0.130461	0.003951	0.134860	0.990857	-0.959160	0.280766	-0.034389
99	1694075													9.333186	0.148681	-2.754802	-0.282947	-0.950208	0.130562	0.003876	0.134991	0.990839	-0.959128	0.280861	-0.034512
100	1694242													9.360955	0.145945	-2.750221	-0.282975	-0.950181	0.130695	0.003813	0.135148	0.990818	-0.959120	0.280875	-0.034620
101	1694409													9.344741	0.159320	-2.781013	-0.282948	-0.950184	0.130733	0.003761	0.135203	0.990811	-0.959128	0.280840	-0.034682
102	1694575													9.336247	0.162625	-2.775090	-0.282900	-0.950190	0.130794	0.003719	0.135277	0.990801	-0.959142	0.280784	-0.034736
103	1694742													9.336458	0.183138	-2.785873	-0.282840	-0.950187	0.130946	0.003713	0.135435	0.990779	-0.959160	0.280718	-0.034778
104	1694909													9.356392	0.142691	-2.757960	-0.282731	-0.950193	0.131135	0.003732	0.135622	0.990754	-0.959192	0.280606	-0.034799
105	1695075													9.317242	0.141121	-2.751372	-0.282610	-0.950230	0.131128	0.003644	0.135636	0.990752	-0.959228	0.280475	-0.034870
106	1695242													9.320631	0.153194	-2.769910	-0.282507	-0.950238	0.131289	0.003560	0.135825	0.990726	-0.959259	0.280355	-0.034989
107	1695409													9.347895	0.151839	-2.789148	-0.282431	-0.950271	0.131216	0.003508	0.135761	0.990735	-0.959281	0.280274	-0.035009
108	1695575													9.369821	0.204201	-2.763378	-0.282357	-0.950247	0.131547	0.003589	0.136079	0.990691	-0.959303	0.280201	-0.035013
109	1695742													9.387495	0.200452	-2.764346	-0.282197	-0.950239	0.131953	0.003854	0.136420	0.990644	-0.959349	0.280065	-0.034835
110	1695909													9.363908	0.165074	-2.728110	-0.281944	-0.950257	0.132360	0.004017	0.136787	0.990592	-0.959423	0.279823	-0.034749
111	1696075													9.301634	0.155939	-2.733975	-0.281683	-0.950306	0.132565	0.004008	0.136993	0.990564	-0.959499	0.279556	-0.034780
112	1696242													9.306786	0.160065	-2.736316	-0.281448	-0.950361	0.132667	0.003925	0.137114	0.990547	-0.959569	0.279308	-0.034861
113	1696409													9.317156	0.167415	-2.726715	-0.281251	-0.950400	0.132807	0.003831	0.137280	0.990525	-0.959627	0.279095	-0.034969
114	1696575													9.352921	0.129149	-2.738823	-0.281061	-0.950459	0.132787	0.003749	0.137276	0.990526	-0.959683	0.278896	-0.035020
115	1696742													9.358328	0.124027	-2.754685	-0.280869	-0.950524	0.132728	0.003618	0.137246	0.990530	-0.959739	0.278690	-0.035109
116	1696909													9.365424	0.145593	-2.725269	-0.280692	-0.950606	0.132515	0.003410	0.137077	0.990555	-0.959792	0.278493	-0.035235
117	1697076													9.374500	0.175485	-2.719866	-0.280499	-0.950694	0.132293	0.003176	0.136906	0.990579	-0.959849	0.278277	-0.035383
118	1697242													9.355493	0.177662	-2.719836	-0.280336	-0.950762	0.132148	0.002964	0.136810	0.990593	-0.959897	0.278091	-0.035535
119	1697409													9.345795	0.189233	-2.723298	-0.280160	-0.950842	0.131946	0.002742	0.136657	0.990615	-0.959949	0.277892	-0.035679
120	1697576													9.363171	0.176156	-2.720018	-0.279986	-0.950918	0.131764	0.002492	0.136533	0.990632	-0.960001	0.277692	-0.035858
121	1697742													9.317413	0.163718	-2.730269	-0.279817	-0.950969	0.131760	0.002306	0.136576	0.990627	-0.960050	0.277498	-0.036023
122	1697909													9.327239	0.137054	-2.725228	-0.279692	-0.951027	0.131608	0.002096	0.136473	0.990642	-0.960088	0.277350	-0.036177
123	1698076													9.295916	0.175227	-2.720807	-0.279635	-0.951058	0.131505	0.001980	0.136398	0.990652	-0.960104	0.277281	-0.036258
124	1698242													9.364315	0.153487	-2.747987	-0.279586	-0.951051	0.131659	0.001948	0.136565	0.990629	-0.960119	0.277223	-0.036329
125	1698409													9.353968	0.134094	-2.743684	-0.279493	-0.951081	0.131638	0.001901	0.136553	0.990631	-0.960146	0.277125	-0.036358
126	1698576													9.370344	0.143660	-2.742949	-0.279398	-0.951076	0.131874	0.001795	0.136826	0.990593	-0.960174	0.277006	-0.036522
127	1698742													9.352894	0.135772	-2.735342	-0.279275	-0.951089	0.132044	0.001682	0.137031	0.990565	-0.960210	0.276863	-0.036670
128	1698909													9.308550	0.130385	-2.731936	-0.279200	-0.951115	0.132017	0.001627	0.137016	0.990568	-0.960232	0.276781	-0.036708
129	1699076													9.352694	0.127123	-2.733925	-0.279139	-0.951137	0.131986	0.001618	0.136983	0.990572	-0.960249	0.276721	-0.036699
130	1699242													9.359557	0.136754	-2.739028	-0.279073	-0.951145	0.132069	0.001627	0.137065	0.990561	-0.960269	0.276654	-0.036704
131	1699409													9.368537	0.148810	-2.715685	-0.279011	-0.951153	0.132135	0.001706	0.137109	0.990555	-0.960286	0.276601	-0.036633
132	1699576													9.386259	0.181793	-2.722413	-0.278929	-0.951182	0.132105	0.001779	0.137052	0.990562	-0.960310	0.276532	-0.036536
133	1699742													9.360096	0.154231	-2.722083	-0.278763	-0.951201	0.132318	0.001837	0.137251	0.990535	-0.960358	0.276367	-0.036513
134	1699909													9.358760	0.176057	-2.706586	-0.278582	-0.951222	0.132548	0.001850	0.137479	0.990503	-0.960411	0.276182	-0.036539
135	1700076													9.356070	0.165174	-2.704391	-0.278393	-0.951240	0.132816	0.001859	0.137748	0.990466	-0.960465	0.275986	-0.036580
136	1700242													9.347438	0.149603	-2.691586	-0.278204	-0.951266	0.133026	0.001882	0.137953	0.990437	-0.960520	0.275794	-0.036589
137	1700409													9.370014	0.129328	-2.676563	-0.278021	-0.951265	0.133411	0.001899	0.138342	0.990383	-0.960573	0.275601	-0.036655
138	1700576													9.376609	0.124767	-2.690287	-0.277875	-0.951289	0.133547	0.001913	0.138474	0.990364	-0.960615	0.275453	-0.036659
139	1700742													9.362500	0.121334	-2.690073	-0.277748	-0.951316	0.133620	0.001924	0.138542	0.990355	-0.960652	0.275327	-0.036649
140	1700909													9.352605	0.141646	-2.688321	-0.277639	-0.951333	0.133725	0.001928	0.138645	0.990340	-0.960684	0.275215	-0.036659
141	1701076													9.353892	0.142262	-2.684197	-0.277582	-0.951335	0.133827	0.001894	0.138759	0.990324	-0.960700	0.275150	-0.036715
142	1701242													9.358377	0.162274	-2.650799	-0.277570	-0.951327	0.133909	0.001816	0.138867	0.990309	-0.960704	0.275124	-0.036817
143	1701409													9.358876	0.157710	-2.671765	-0.277573	-0.951301	0.134087	0.001735	0.139075	0.990280	-0.960703	0.275107	-0.036953
144	1701576													9.339989	0.164588	-2.689182	-0.277575	-0.951286	0.134187	0.001650	0.139204	0.990262	-0.960703	0.275094	-0.037070
145	1701742													9.380908	0.154030	-2.718582	-0.277595	-0.951277	0.134213	0.001598	0.139246	0.990257	-0.960697	0.275104	-0.037134
146	1701909													9.357209	0.168771	-2.688816	-0.277593	-0.951259	0.134342	0.001546	0.139395	0.990236	-0.960697	0.275091	-0.037225
147	1702076													9.343412	0.174482	-2.713016	-0.277558	-0.951250	0.134480	0.001573	0.139530	0.990217	-0.960708	0.275054	-0.037231
148	1702242													9.351434	0.164805	-2.722532	-0.277445	-0.951259	0.134649	0.001632	0.139684	0.990195	-0.960740	0.274945	-0.037202
149	1702409													9.355923	0.138693	-2.721837	-0.277280	-0.951277	0.134859	0.001713	0.139873	0.990168	-0.960788	0.274785	-0.037154
150	1702576													9.346492	0.145454	-2.705914	-0.277132	-0.951274	0.135187	0.001798	0.140184	0.990124	-0.960830	0.274638	-0.037139
151	1702742													9.352586	0.158518	-2.698245	-0.276957	-0.951286	0.135459	0.001935	0.140421	0.990090	-0.960880	0.274475	-0.037050
152	1702909													9.322697	0.147648	-2.714091	-0.276819	-0.951287	0.135738	0.002120	0.140654	0.990057	-0.960920	0.274354	-0.036919
153	1703076													9.343053	0.121920	-2.723886	-0.276748	-0.951271	0.135990	0.002199	0.140890	0.990023	-0.960940	0.274286	-0.036899
154	1703242													9.320165	0.153080	-2.699686	-0.276737	-0.951247	0.136186	0.002218	0.141088	0.989995	-0.960943	0.274270	-0.036934
155	1703409													9.354942	0.151850	-2.714299	-0.276824	-0.951222	0.136181	0.002241	0.141080	0.989996	-0.960918	0.274359	-0.036923
156	1703576													9.414809	0.181682	-2.714288	-0.276911	-0.951202	0.136144	0.002328	0.141020	0.990004	-0.960893	0.274460	-0.036836
157	1703742													9.466582	0.193759	-2.700737	-0.276809	-0.951204	0.136335	0.002478	0.141172	0.989982	-0.960922	0.274374	-0.036720
158	1703909													9.377421	0.153978	-2.706267	-0.276610	-0.951243	0.136467	0.002602	0.141266	0.989968	-0.960979	0.274191	-0.036601
159	1704076													9.308722	0.149068	-2.667984	-0.276408	-0.951292	0.136537	0.002591	0.141334	0.989959	-0.961037	0.273986	-0.036602
160	1704242													9.289344	0.137925	-2.666216	-0.276293	-0.951346	0.136389	0.002530	0.141193	0.989979	-0.961070	0.273870	-0.036604
161	1704409													9.349407	0.156865	-2.674068	-0.276236	-0.951379	0.136279	0.002391	0.141116	0.989990	-0.961087	0.273797	-0.036707
162	1704576													9.365019	0.142291	-2.667508	-0.276190	-0.951427	0.136033	0.002259	0.140896	0.990022	-0.961100	0.273742	-0.036765
163	1704742													9.380259	0.140751	-2.640036	-0.276059	-0.951497	0.135811	0.002117	0.140699	0.990050	-0.961138	0.273600	-0.036827
164	1704909													9.371401	0.141050	-2.648185	-0.275935	-0.951585	0.135449	0.001927	0.140372	0.990097	-0.961174	0.273463	-0.036900
165	1705076													9.361544	0.149015	-2.671591	-0.275840	-0.951674	0.135015	0.001709	0.139978	0.990153	-0.961202	0.273354	-0.036985
166	1705242													9.336922	0.157741	-2.658963	-0.275885	-0.951687	0.134830	0.001531	0.139839	0.990173	-0.961190	0.273380	-0.037123
167	1705409													9.351868	0.148973	-2.677670	-0.275993	-0.951689	0.134595	0.001387	0.139639	0.990201	-0.961159	0.273476	-0.037220
168	1705576													9.372095	0.143852	-2.706444	-0.276121	-0.951664	0.134511	0.001263	0.139593	0.990208	-0.961122	0.273588	-0.037342
169	1705742													9.329594	0.128721	-2.695323	-0.276290	-0.951633	0.134380	0.001173	0.139489	0.990223	-0.961074	0.273746	-0.037423
170	1705909													9.359596	0.106793	-2.697230	-0.276507	-0.951592	0.134227	0.001024	0.139381	0.990238	-0.961011	0.273945	-0.037566
171	1706076													9.352283	0.156047	-2.711979	-0.276743	-0.951518	0.134266	0.000993	0.139439	0.990230	-0.960943	0.274173	-0.037644
172	1706242													9.353395	0.132234	-2.696630	-0.276978	-0.951430	0.134406	0.001112	0.139561	0.990213	-0.960876	0.274416	-0.037598
173	1706409													9.382510	0.105364	-2.706147	-0.277187	-0.951349	0.134545	0.001234	0.139679	0.990196	-0.960815	0.274635	-0.037544
174	1706576													9.371954	0.100450	-2.693903	-0.277364	-0.951315	0.134420	0.001242	0.139554	0.990214	-0.960764	0.274817	-0.037526
175	1706742													9.347112	0.144899	-2.711300	-0.277527	-0.951260	0.134475	0.001227	0.139623	0.990204	-0.960717	0.274973	-0.037582
176	1706909													9.332794	0.134764	-2.707791	-0.277691	-0.951211	0.134485	0.001244	0.139634	0.990202	-0.960670	0.275138	-0.037591
177	1707076													9.357174	0.146846	-2.700243	-0.277858	-0.951166	0.134455	0.001335	0.139584	0.990209	-0.960621	0.275317	-0.037515
178	1707242													9.377276	0.132713	-2.712385	-0.277970	-0.951134	0.134451	0.001445	0.139553	0.990214	-0.960589	0.275444	-0.037417
179	1707409													9.385143	0.151166	-2.713454	-0.278035	-0.951107	0.134506	0.001543	0.139585	0.990209	-0.960570	0.275520	-0.037342
180	1707576													9.380040	0.155186	-2.716008	-0.278026	-0.951113	0.134482	0.001683	0.139519	0.990218	-0.960572	0.275533	-0.037189
181	1707742													9.372234	0.153090	-2.707489	-0.277946	-0.951128	0.134544	0.001791	0.139549	0.990213	-0.960595	0.275467	-0.037084
182	1707909													9.352244	0.176690	-2.682087	-0.277864	-0.951143	0.134609	0.001871	0.139591	0.990208	-0.960619	0.275395	-0.037008
183	1708076													9.328200	0.189621	-2.695842	-0.277815	-0.951143	0.134708	0.001961	0.139666	0.990197	-0.960633	0.275355	-0.036936
184	1708242													9.345413	0.161112	-2.691110	-0.277766	-0.951139	0.134836	0.002033	0.139777	0.990181	-0.960647	0.275313	-0.036892
185	1708409													9.362889	0.155372	-2.687391	-0.277754	-0.951123	0.134970	0.002083	0.139902	0.990163	-0.960650	0.275303	-0.036877
186	1708576													9.343566	0.143724	-2.683507	-0.277732	-0.951099	0.135184	0.002134	0.140109	0.990134	-0.960656	0.275281	-0.036883
187	1708742													9.356156	0.154160	-2.697311	-0.277737	-0.951083	0.135290	0.002176	0.140207	0.990120	-0.960655	0.275287	-0.036871
188	1708909													9.350620	0.131243	-2.695005	-0.277743	-0.951072	0.135352	0.002222	0.140259	0.990112	-0.960653	0.275298	-0.036843
189	1709076													9.338389	0.155161	-2.694407	-0.277823	-0.951053	0.135325	0.002251	0.140226	0.990117	-0.960630	0.275382	-0.036817
190	1709242													9.341193	0.142369	-2.709027	-0.277930	-0.951031	0.135262	0.002253	0.140163	0.990126	-0.960599	0.275491	-0.036813
191	1709409													9.355808	0.169724	-2.717713	-0.278027	-0.951018	0.135151	0.002236	0.140057	0.990141	-0.960571	0.275589	-0.036813
192	1709576													9.354277	0.157464	-2.712723	-0.278136	-0.950998	0.135064	0.002218	0.139976	0.990152	-0.960539	0.275697	-0.036823
193	1709742													9.359838	0.157752	-2.702719	-0.278227	-0.950982	0.134993	0.002159	0.139923	0.990160	-0.960513	0.275781	-0.036877
194	1709909													9.358422	0.151309	-2.700344	-0.278286	-0.950960	0.135024	0.002151	0.139960	0.990155	-0.960496	0.275837	-0.036903
195	1710076													9.390599	0.168032	-2.708212	-0.278298	-0.950958	0.135015	0.002133	0.139956	0.990155	-0.960492	0.275847	-0.036921
196	1710242													9.355101	0.149274	-2.726787	-0.278239	-0.950965	0.135087	0.002117	0.140033	0.990145	-0.960509	0.275783	-0.036949
197	1710409													9.354693	0.128773	-2.725289	-0.278137	-0.951004	0.135025	0.002081	0.139975	0.990153	-0.960539	0.275679	-0.036953
198	1710576													9.337841	0.155169	-2.717137	-0.278050	-0.951022	0.135072	0.002055	0.140028	0.990145	-0.960564	0.275588	-0.036980
199	1710742													9.334002	0.124806	-2.722120	-0.278014	-0.951033	0.135071	0.002053	0.140026	0.990146	-0.960575	0.275551	-0.036977
200	1710909													9.350758	0.113392	-2.709903	-0.277962	-0.951054	0.135035	0.001975	0.140009	0.990148	-0.960590	0.275490	-0.037039
201	1711076													9.337458	0.149215	-2.709968	-0.277974	-0.951074	0.134867	0.001910	0.139853	0.990170	-0.960587	0.275499	-0.037059
202	1711242													9.373666	0.153777	-2.755893	-0.277973	-0.951077	0.134848	0.001934	0.139827	0.990174	-0.960587	0.275503	-0.037029
203	1711409													9.394544	0.193902	-2.726233	-0.277930	-0.951071	0.134977	0.002091	0.139914	0.990161	-0.960599	0.275478	-0.036898
204	1711576													9.404863	0.182433	-2.725836	-0.277719	-0.951115	0.135099	0.002353	0.139957	0.990155	-0.960660	0.275303	-0.036630
205	1711742													9.374192	0.147552	-2.710646	-0.277339	-0.951209	0.135221	0.002508	0.140025	0.990145	-0.960769	0.274945	-0.036448
206	1711909													9.329573	0.134000	-2.701967	-0.276929	-0.951307	0.135371	0.002564	0.140149	0.990127	-0.960887	0.274542	-0.036372
207	1712076													9.327930	0.149444	-2.713420	-0.276561	-0.951407	0.135424	0.002550	0.140193	0.990121	-0.960993	0.274174	-0.036346
208	1712242													9.338366	0.130991	-2.671518	-0.276229	-0.951508	0.135387	0.002529	0.140148	0.990127	-0.961088	0.273844	-0.036307
209	1712409													9.359369	0.098953	-2.686215	-0.275892	-0.951609	0.135364	0.002519	0.140114	0.990132	-0.961185	0.273511	-0.036260
210	1712576													9.379981	0.103104	-2.661458	-0.275574	-0.951724	0.135205	0.002449	0.139956	0.990155	-0.961277	0.273192	-0.036237
211	1712742													9.373432	0.111080	-2.674332	-0.275267	-0.951852	0.134932	0.002300	0.139702	0.990191	-0.961365	0.272878	-0.036266
212	1712909													9.343122	0.144625	-2.674723	-0.275006	-0.951991	0.134480	0.002119	0.139272	0.990252	-0.961440	0.272610	-0.036284
213	1713076													9.344617	0.137009	-2.671376	-0.274809	-0.952101	0.134105	0.001971	0.138917	0.990302	-0.961497	0.272408	-0.036299
214	1713242													9.374725	0.146730	-2.658307	-0.274638	-0.952197	0.133774	0.001870	0.138595	0.990347	-0.961546	0.272237	-0.036283
215	1713409													9.387573	0.163060	-2.659160	-0.274403	-0.952287	0.133615	0.001783	0.138444	0.990369	-0.961613	0.271999	-0.036292
216	1713576													9.346112	0.135146	-2.669120	-0.274187	-0.952362	0.133525	0.001784	0.138342	0.990383	-0.961675	0.271788	-0.036233
217	1713743													9.360817	0.117506	-2.650505	-0.273976	-0.952433	0.133450	0.001729	0.138272	0.990393	-0.961735	0.271574	-0.036237
218	1713909													9.322868	0.175084	-2.653549	-0.273830	-0.952461	0.133546	0.001782	0.138350	0.990382	-0.961776	0.271434	-0.036187
219	1714076													9.368626	0.129061	-2.665286	-0.273755	-0.952463	0.133688	0.001963	0.138444	0.990368	-0.961797	0.271381	-0.036030
220	1714243													9.372839	0.120779	-2.655892	-0.273669	-0.952472	0.133796	0.002111	0.138511	0.990359	-0.961821	0.271313	-0.035895
221	1714409													9.381643	0.131712	-2.651332	-0.273568	-0.952486	0.133910	0.002190	0.138604	0.990345	-0.961850	0.271220	-0.035831
222	1714576													9.350373	0.132945	-2.649687	-0.273446	-0.952509	0.133989	0.002196	0.138680	0.990335	-0.961885	0.271097	-0.035829
223	1714743													9.345516	0.127205	-2.648791	-0.273340	-0.952522	0.134119	0.002236	0.138799	0.990318	-0.961915	0.270993	-0.035810
224	1714909													9.345252	0.128929	-2.642410	-0.273306	-0.952527	0.134151	0.002327	0.138805	0.990317	-0.961924	0.270972	-0.035720
225	1715076													9.370674	0.118229	-2.661700	-0.273306	-0.952514	0.134243	0.002464	0.138863	0.990309	-0.961924	0.270988	-0.035605
226	1715243													9.390571	0.140209	-2.654694	-0.273299	-0.952519	0.134222	0.002633	0.138792	0.990318	-0.961926	0.271006	-0.035423
227	1715409													9.370693	0.163243	-2.662976	-0.273271	-0.952523	0.134247	0.002801	0.138770	0.990321	-0.961933	0.271002	-0.035254
228	1715576													9.387762	0.151510	-2.675672	-0.273210	-0.952531	0.134315	0.002947	0.138797	0.990316	-0.961950	0.270960	-0.035113
229	1715743													9.376612	0.177616	-2.665998	-0.273154	-0.952543	0.134346	0.003048	0.138799	0.990316	-0.961966	0.270918	-0.035010
230	1715909													9.360962	0.165385	-2.672693	-0.273083	-0.952555	0.134406	0.003120	0.138839	0.990310	-0.961986	0.270856	-0.034943
231	1716076													9.365833	0.165378	-2.659350	-0.273022	-0.952559	0.134502	0.003209	0.138911	0.990300	-0.962003	0.270805	-0.034869
232	1716243													9.356656	0.155915	-2.669996	-0.272999	-0.952566	0.134494	0.003254	0.138890	0.990302	-0.962009	0.270789	-0.034817
233	1716409													9.366351	0.135774	-2.634381	-0.273007	-0.952551	0.134589	0.003294	0.138978	0.990290	-0.962006	0.270800	-0.034805
234	1716576													9.379362	0.127792	-2.645589	-0.273028	-0.952545	0.134585	0.003321	0.138966	0.990292	-0.962000	0.270824	-0.034778
235	1716743													9.351758	0.132781	-2.666474	-0.273053	-0.952546	0.134528	0.003321	0.138908	0.990300	-0.961993	0.270851	-0.034766
236	1716909													9.366634	0.145498	-2.649086	-0.273075	-0.952554	0.134428	0.003329	0.138802	0.990315	-0.961987	0.270878	-0.034732
237	1717076													9.361408	0.146429	-2.663416	-0.273104	-0.952555	0.134360	0.003300	0.138741	0.990323	-0.961979	0.270905	-0.034748
238	1717243													9.373496	0.130033	-2.653777	-0.273170	-0.952556	0.134224	0.003259	0.138613	0.990341	-0.961960	0.270969	-0.034761
239	1717409													9.363989	0.132061	-2.661236	-0.273245	-0.952552	0.134095	0.003202	0.138499	0.990357	-0.961939	0.271040	-0.034795
240	1717576													9.386862	0.157040	-2.665755	-0.273299	-0.952560	0.133926	0.003173	0.138333	0.990381	-0.961924	0.271095	-0.034784
241	1717743													9.377184	0.153537	-2.660552	-0.273315	-0.952570	0.133827	0.003214	0.138219	0.990396	-0.961919	0.271121	-0.034715
242	1717909													9.364946	0.154213	-2.658717	-0.273301	-0.952577	0.133804	0.003254	0.138184	0.990401	-0.961923	0.271113	-0.034666
243	1718076													9.351871	0.169140	-2.659994	-0.273263	-0.952600	0.133719	0.003279	0.138087	0.990415	-0.961934	0.271082	-0.034610
244	1718243													9.381518	0.173425	-2.670282	-0.273253	-0.952613	0.133643	0.003271	0.138009	0.990426	-0.961937	0.271074	-0.034596
245	1718409													9.364928	0.172995	-2.660058	-0.273217	-0.952615	0.133704	0.003306	0.138062	0.990418	-0.961947	0.271041	-0.034572
246	1718576													9.371505	0.115086	-2.679187	-0.273192	-0.952617	0.133742	0.003337	0.138091	0.990414	-0.961954	0.271020	-0.034546
247	1718743													9.354280	0.136266	-2.681542	-0.273164	-0.952633	0.133686	0.003298	0.138044	0.990421	-0.961962	0.270989	-0.034567
248	1718909													9.387218	0.122437	-2.688097	-0.273169	-0.952634	0.133671	0.003290	0.138030	0.990423	-0.961960	0.270993	-0.034572
249	1719076													9.395284	0.155987	-2.684980	-0.273121	-0.952653	0.133631	0.003372	0.137964	0.990432	-0.961974	0.270959	-0.034468
250	1719243													9.428742	0.179293	-2.661692	-0.272991	-0.952680	0.133706	0.003628	0.137964	0.990431	-0.962010	0.270864	-0.034206
251	1719409													9.418642	0.152422	-2.677836	-0.272711	-0.952735	0.133884	0.003890	0.138066	0.990415	-0.962088	0.270618	-0.033946
252	1719576													9.360422	0.142365	-2.641960	-0.272394	-0.952805	0.134033	0.004009	0.138175	0.990400	-0.962178	0.270316	-0.033818
253	1719743													9.339604	0.156559	-2.612148	-0.272120	-0.952868	0.134136	0.004029	0.138267	0.990387	-0.962255	0.270044	-0.033786
254	1719909													9.339216	0.168955	-2.603112	-0.271853	-0.952944	0.134138	0.004003	0.138266	0.990387	-0.962331	0.269776	-0.033774
255	1720076													9.368056	0.123178	-2.625147	-0.271610	-0.953012	0.134152	0.003958	0.138285	0.990385	-0.962399	0.269530	-0.033788
256	1720243													9.383326	0.126598	-2.643066	-0.271393	-0.953094	0.134006	0.003854	0.138154	0.990403	-0.962461	0.269305	-0.033821
257	1720409													9.371527	0.126326	-2.650276	-0.271193	-0.953168	0.133884	0.003701	0.138063	0.990416	-0.962518	0.269089	-0.033914
258	1720576													9.388000	0.131652	-2.641050	-0.271030	-0.953252	0.133618	0.003486	0.137841	0.990448	-0.962564	0.268907	-0.034036
259	1720743													9.387496	0.156522	-2.640192	-0.270904	-0.953328	0.133325	0.003240	0.137600	0.990483	-0.962601	0.268758	-0.034188
260	1720909													9.391373	0.149413	-2.643521	-0.270800	-0.953399	0.133032	0.002990	0.137362	0.990516	-0.962631	0.268630	-0.034347
261	1721076													9.399502	0.133669	-2.634090	-0.270705	-0.953453	0.132836	0.002784	0.137212	0.990538	-0.962658	0.268514	-0.034489
262	1721243													9.358554	0.144209	-2.608768	-0.270579	-0.953518	0.132627	0.002651	0.137027	0.990564	-0.962694	0.268377	-0.034548
263	1721409													9.357145	0.128146	-2.631424	-0.270534	-0.953558	0.132435	0.002505	0.136867	0.990586	-0.962707	0.268319	-0.034639
264	1721576													9.342108	0.117805	-2.637221	-0.270512	-0.953584	0.132288	0.002326	0.136764	0.990601	-0.962714	0.268277	-0.034778
265	1721743													9.364139	0.173903	-2.640259	-0.270578	-0.953581	0.132179	0.002239	0.136677	0.990613	-0.962696	0.268334	-0.034847
266	1721909													9.402395	0.137390	-2.630812	-0.270631	-0.953574	0.132120	0.002206	0.136627	0.990620	-0.962681	0.268384	-0.034872
267	1722076													9.401893	0.107606	-2.626784	-0.270614	-0.953590	0.132042	0.002152	0.136560	0.990629	-0.962686	0.268362	-0.034903
268	1722243													9.380063	0.130879	-2.613948	-0.270582	-0.953603	0.132011	0.002025	0.136562	0.990629	-0.962695	0.268314	-0.035020
269	1722409													9.365029	0.122395	-2.626912	-0.270569	-0.953613	0.131962	0.001906	0.136544	0.990632	-0.962699	0.268286	-0.035127
270	1722576													9.350046	0.119964	-2.635313	-0.270607	-0.953611	0.131900	0.001817	0.136506	0.990638	-0.962688	0.268313	-0.035206
271	1722743													9.377729	0.098076	-2.639823	-0.270731	-0.953573	0.131923	0.001751	0.136553	0.990631	-0.962653	0.268426	-0.035299
272	1722909													9.384462	0.102128	-2.661395	-0.270883	-0.953544	0.131818	0.001681	0.136468	0.990643	-0.962611	0.268569	-0.035364
273	1723076													9.409636	0.104217	-2.614651	-0.270994	-0.953533	0.131668	0.001592	0.136342	0.990660	-0.962580	0.268673	-0.035430
274	1723243													9.397092	0.109408	-2.627375	-0.271051	-0.953527	0.131600	0.001512	0.136296	0.990667	-0.962564	0.268720	-0.035501
275	1723409													9.373392	0.104016	-2.593329	-0.271098	-0.953525	0.131518	0.001454	0.136228	0.990676	-0.962551	0.268761	-0.035544
276	1723576													9.365892	0.102302	-2.612738	-0.271143	-0.953525	0.131421	0.001363	0.136155	0.990687	-0.962538	0.268797	-0.035618
277	1723743													9.364374	0.097621	-2.637334	-0.271205	-0.953518	0.131347	0.001299	0.136098	0.990694	-0.962521	0.268852	-0.035671
278	1723909													9.381006	0.096829	-2.641440	-0.271282	-0.953512	0.131232	0.001178	0.136016	0.990706	-0.962499	0.268915	-0.035775
279	1724076													9.380054	0.103322	-2.630086	-0.271370	-0.953498	0.131147	0.001091	0.135956	0.990714	-0.962475	0.268993	-0.035854
280	1724243													9.391009	0.088946	-2.656350	-0.271475	-0.953477	0.131083	0.000987	0.135922	0.990719	-0.962445	0.269085	-0.035958
281	1724409													9.368891	0.094656	-2.659021	-0.271602	-0.953447	0.131037	0.000878	0.135910	0.990721	-0.962409	0.269197	-0.036076
282	1724576													9.383374	0.101082	-2.640183	-0.271727	-0.953429	0.130909	0.000737	0.135821	0.990733	-0.962374	0.269305	-0.036203
283	1724743													9.391068	0.100738	-2.670094	-0.271811	-0.953419	0.130811	0.000599	0.135761	0.990741	-0.962351	0.269372	-0.036330
284	1724909													9.359550	0.085185	-2.691343	-0.271897	-0.953408	0.130713	0.000387	0.135722	0.990747	-0.962326	0.269432	-0.036533
285	1725076													9.368527	0.095462	-2.660175	-0.271962	-0.953407	0.130584	0.000189	0.135646	0.990757	-0.962308	0.269473	-0.036710
286	1725243													9.396556	0.090995	-2.653632	-0.272003	-0.953401	0.130539	0.000060	0.135637	0.990759	-0.962296	0.269497	-0.036837
287	1725409													9.388964	0.078335	-2.646626	-0.271965	-0.953408	0.130566	-0.000036	0.135690	0.990751	-0.962307	0.269445	-0.036937
288	1725576													9.356313	0.094109	-2.661362	-0.271884	-0.953423	0.130624	-0.000114	0.135769	0.990741	-0.962330	0.269352	-0.037022
289	1725743													9.360050	0.115480	-2.672030	-0.271823	-0.953425	0.130740	-0.000121	0.135889	0.990724	-0.962347	0.269286	-0.037053
