// Start Time: Unknown
// Update Rate: 60.0Hz
//Filter Profile: human (46.1)
// Option Flags: AHS Disabled ICC Disabled
// Firmware Version: 4.0.2
0	sampleTimeFine	Year	Month	Day	Second	UTC_Nano	UTC_Year	UTC_Month	UTC_Day	UTC_Hour	UTC_Minute	UTC_Second	UTC_Valid	Acc_X	Acc_Y	Acc_Z	Mat[1][1]	Mat[2][1]	Mat[3][1]	Mat[1][2]	Mat[2][2]	Mat[3][2]	Mat[1][3]	Mat[2][3]	Mat[3][3]
0	319658													0.000000	0.000000	0.000000	0.433523	-0.879643	-0.195670	0.019125	-0.208105	0.977919	-0.900940	-0.427693	-0.073395
1	319825													8.843797	0.288534	4.246719	0.433507	-0.879438	-0.196623	0.019376	-0.209044	0.977714	-0.900942	-0.427656	-0.073583
2	319991													8.888806	0.298320	4.199244	0.433193	-0.879450	-0.197261	0.021248	-0.208836	0.977720	-0.901050	-0.427733	-0.071780
3	320158													8.866229	0.245293	4.205131	0.432363	-0.879582	-0.198487	0.023077	-0.209260	0.977588	-0.901404	-0.427253	-0.070178
4	320325													8.819139	0.201695	4.231172	0.431654	-0.879682	-0.199585	0.024047	-0.209959	0.977414	-0.901719	-0.426704	-0.069475
5	320491													8.863981	0.211483	4.197433	0.431257	-0.879560	-0.200978	0.024261	-0.211372	0.977105	-0.901903	-0.426259	-0.069817
6	320658													8.892630	0.234642	4.236235	0.430893	-0.879627	-0.201465	0.024197	-0.211911	0.976989	-0.902079	-0.425853	-0.070027
7	320825													8.845052	0.214590	4.262406	0.430688	-0.879681	-0.201668	0.024116	-0.212157	0.976938	-0.902179	-0.425619	-0.070159
8	320991													8.835258	0.216769	4.122468	0.430524	-0.879520	-0.202717	0.024010	-0.213357	0.976679	-0.902260	-0.425351	-0.070738
9	321158													8.883047	0.237263	4.218510	0.430186	-0.879602	-0.203078	0.023815	-0.213821	0.976583	-0.902426	-0.424949	-0.071035
10	321325													8.934435	0.291636	4.166854	0.429926	-0.879745	-0.203008	0.023697	-0.213777	0.976595	-0.902553	-0.424674	-0.071061
11	321491													8.889488	0.287277	4.199207	0.429791	-0.879742	-0.203305	0.023754	-0.214068	0.976530	-0.902616	-0.424533	-0.071107
12	321658													8.842186	0.265798	4.238589	0.429656	-0.879768	-0.203482	0.023807	-0.214227	0.976494	-0.902679	-0.424400	-0.071099
13	321825													8.851202	0.218227	4.241021	0.429419	-0.879821	-0.203752	0.023822	-0.214499	0.976434	-0.902791	-0.424153	-0.071151
14	321991													8.865915	0.264648	4.241977	0.429210	-0.879944	-0.203660	0.023862	-0.214360	0.976463	-0.902889	-0.423968	-0.071008
15	322158													8.845224	0.289399	4.193356	0.429005	-0.880006	-0.203823	0.023912	-0.214500	0.976431	-0.902986	-0.423768	-0.070979
16	322325													8.840045	0.284663	4.190235	0.428835	-0.879995	-0.204231	0.024005	-0.214893	0.976342	-0.903064	-0.423592	-0.071029
17	322491													8.858252	0.263334	4.191261	0.428722	-0.880015	-0.204380	0.024118	-0.214996	0.976317	-0.903115	-0.423498	-0.070949
18	322658													8.900161	0.248893	4.214561	0.428645	-0.880005	-0.204584	0.024241	-0.215158	0.976278	-0.903148	-0.423436	-0.070894
19	322825													8.881353	0.232529	4.217790	0.428592	-0.879988	-0.204769	0.024368	-0.215298	0.976244	-0.903169	-0.423400	-0.070832
20	322991													8.885878	0.264832	4.195778	0.428518	-0.879950	-0.205085	0.024469	-0.215595	0.976176	-0.903202	-0.423327	-0.070855
21	323158													8.878574	0.264772	4.218097	0.428492	-0.879878	-0.205451	0.024578	-0.215948	0.976095	-0.903211	-0.423298	-0.070906
22	323325													8.858166	0.256693	4.248917	0.428471	-0.879854	-0.205595	0.024664	-0.216066	0.976067	-0.903219	-0.423287	-0.070877
23	323491													8.846471	0.251057	4.225271	0.428466	-0.879788	-0.205886	0.024711	-0.216367	0.975999	-0.903220	-0.423270	-0.070965
24	323658													8.850224	0.243700	4.269839	0.428469	-0.879762	-0.205995	0.024696	-0.216495	0.975971	-0.903219	-0.423261	-0.071034
25	323825													8.852794	0.262333	4.226462	0.428443	-0.879741	-0.206137	0.024658	-0.216669	0.975934	-0.903232	-0.423215	-0.071138
26	323991													8.895308	0.280772	4.224942	0.428463	-0.879670	-0.206397	0.024612	-0.216979	0.975866	-0.903224	-0.423202	-0.071317
27	324158													8.842387	0.265183	4.255111	0.428532	-0.879620	-0.206469	0.024541	-0.217099	0.975841	-0.903193	-0.423247	-0.071447
28	324325													8.811972	0.261163	4.207508	0.428517	-0.879640	-0.206413	0.024505	-0.217053	0.975852	-0.903201	-0.423227	-0.071455
29	324491													8.864799	0.274978	4.212332	0.428396	-0.879682	-0.206484	0.024447	-0.217148	0.975833	-0.903260	-0.423091	-0.071520
30	324658													8.936066	0.233154	4.198868	0.428279	-0.879769	-0.206359	0.024363	-0.217038	0.975859	-0.903318	-0.422967	-0.071519
31	324825													8.874855	0.226543	4.115234	0.428318	-0.879732	-0.206434	0.024190	-0.217206	0.975826	-0.903304	-0.422958	-0.071752
32	324991													8.803207	0.287868	4.188106	0.428444	-0.879663	-0.206467	0.024139	-0.217277	0.975811	-0.903246	-0.423064	-0.071856
33	325158													8.963660	0.369047	4.241986	0.428452	-0.879639	-0.206553	0.024308	-0.217294	0.975803	-0.903237	-0.423106	-0.071718
34	325325													8.924411	0.243597	4.267942	0.428657	-0.879543	-0.206534	0.024336	-0.217278	0.975806	-0.903139	-0.423313	-0.071733
35	325491													8.769094	0.183683	4.217863	0.428708	-0.879515	-0.206551	0.024176	-0.217376	0.975788	-0.903120	-0.423322	-0.071928
36	325658													8.790954	0.230792	4.248569	0.428527	-0.879572	-0.206684	0.024122	-0.217533	0.975755	-0.903207	-0.423123	-0.072002
37	325825													8.866972	0.311893	4.227985	0.428301	-0.879597	-0.207045	0.024153	-0.217900	0.975672	-0.903313	-0.422882	-0.072082
38	325991													8.857690	0.292516	4.206285	0.428193	-0.879667	-0.206972	0.024024	-0.217869	0.975682	-0.903368	-0.422752	-0.072157
39	326158													8.822740	0.210807	4.229480	0.428206	-0.879685	-0.206866	0.023857	-0.217831	0.975695	-0.903366	-0.422733	-0.072290
40	326325													8.838140	0.210993	4.181334	0.428205	-0.879717	-0.206735	0.023777	-0.217723	0.975721	-0.903369	-0.422724	-0.072312
41	326491													8.895462	0.239184	4.207125	0.428237	-0.879675	-0.206847	0.023798	-0.217840	0.975694	-0.903353	-0.422750	-0.072353
42	326658													8.872865	0.240318	4.258329	0.428427	-0.879564	-0.206925	0.023757	-0.217963	0.975668	-0.903264	-0.422918	-0.072486
43	326825													8.837439	0.222621	4.249621	0.428531	-0.879484	-0.207049	0.023690	-0.218140	0.975630	-0.903217	-0.422992	-0.072645
44	326991													8.861448	0.205438	4.167460	0.428418	-0.879477	-0.207310	0.023627	-0.218450	0.975562	-0.903272	-0.422847	-0.072809
45	327158													8.875052	0.271144	4.231838	0.428372	-0.879445	-0.207542	0.023560	-0.218734	0.975500	-0.903295	-0.422767	-0.072979
46	327325													8.917301	0.317564	4.202036	0.428288	-0.879477	-0.207578	0.023612	-0.218743	0.975497	-0.903334	-0.422695	-0.072919
47	327491													8.887702	0.291643	4.223344	0.428441	-0.879398	-0.207599	0.023647	-0.218763	0.975491	-0.903260	-0.422850	-0.072932
48	327658													8.832289	0.239785	4.232943	0.428463	-0.879367	-0.207686	0.023605	-0.218882	0.975466	-0.903251	-0.422853	-0.073026
49	327825													8.852208	0.245622	4.272880	0.428382	-0.879370	-0.207841	0.023603	-0.219046	0.975429	-0.903290	-0.422762	-0.073079
50	327991													8.825599	0.293675	4.233397	0.428183	-0.879421	-0.208032	0.023628	-0.219228	0.975387	-0.903383	-0.422560	-0.073091
51	328158													8.857761	0.303873	4.196994	0.427978	-0.879506	-0.208094	0.023666	-0.219262	0.975379	-0.903479	-0.422366	-0.073025
52	328325													8.862625	0.285811	4.194823	0.427891	-0.879529	-0.208177	0.023667	-0.219346	0.975360	-0.903520	-0.422275	-0.073041
53	328491													8.882949	0.252520	4.197377	0.427859	-0.879581	-0.208023	0.023698	-0.219157	0.975402	-0.903535	-0.422265	-0.072924
54	328658													8.892898	0.245496	4.207654	0.427925	-0.879531	-0.208100	0.023738	-0.219229	0.975385	-0.903503	-0.422331	-0.072936
55	328825													8.856581	0.255831	4.224642	0.427973	-0.879494	-0.208156	0.023804	-0.219266	0.975375	-0.903478	-0.422389	-0.072904
56	328992													8.849150	0.246451	4.228475	0.427941	-0.879521	-0.208108	0.023843	-0.219190	0.975391	-0.903492	-0.422372	-0.072830
57	329158													8.878278	0.265212	4.214936	0.427906	-0.879557	-0.208031	0.023849	-0.219099	0.975411	-0.903509	-0.422345	-0.072777
58	329325													8.865071	0.249444	4.239151	0.427892	-0.879537	-0.208143	0.023824	-0.219234	0.975381	-0.903516	-0.422317	-0.072854
59	329492													8.849994	0.262315	4.266257	0.427882	-0.879544	-0.208134	0.023806	-0.219232	0.975382	-0.903521	-0.422304	-0.072867
60	329658													8.819997	0.267354	4.276893	0.427818	-0.879579	-0.208116	0.023762	-0.219227	0.975385	-0.903553	-0.422232	-0.072889
61	329825													8.821404	0.263866	4.199845	0.427681	-0.879695	-0.207906	0.023702	-0.219010	0.975435	-0.903619	-0.422103	-0.072816
62	329992													8.874420	0.268698	4.179041	0.427617	-0.879788	-0.207647	0.023637	-0.218747	0.975495	-0.903651	-0.422046	-0.072744
63	330158													8.905622	0.261013	4.251142	0.427594	-0.879815	-0.207579	0.023588	-0.218692	0.975509	-0.903663	-0.422018	-0.072758
64	330325													8.887303	0.193808	4.176589	0.427502	-0.879822	-0.207741	0.023530	-0.218891	0.975466	-0.903708	-0.421901	-0.072874
65	330492													8.797849	0.240384	4.188368	0.427518	-0.879783	-0.207871	0.023414	-0.219091	0.975423	-0.903703	-0.421879	-0.073066
66	330658													8.893321	0.347348	4.203611	0.427413	-0.879757	-0.208196	0.023550	-0.219378	0.975356	-0.903750	-0.421782	-0.073047
67	330825													8.985757	0.338252	4.290161	0.427443	-0.879796	-0.207968	0.023662	-0.219076	0.975421	-0.903733	-0.421858	-0.072825
68	330992													8.832513	0.185044	4.277251	0.427528	-0.879730	-0.208075	0.023564	-0.219248	0.975385	-0.903695	-0.421908	-0.073005
69	331158													8.762733	0.203176	4.277079	0.427335	-0.879802	-0.208168	0.023428	-0.219398	0.975354	-0.903790	-0.421680	-0.073145
70	331325													8.838233	0.296453	4.246356	0.427028	-0.879869	-0.208514	0.023465	-0.219735	0.975277	-0.903934	-0.421363	-0.073187
71	331492													8.882627	0.334686	4.180604	0.426777	-0.880008	-0.208442	0.023425	-0.219652	0.975297	-0.904053	-0.421117	-0.073129
72	331658													8.851933	0.243222	4.157821	0.426760	-0.880073	-0.208203	0.023239	-0.219472	0.975342	-0.904066	-0.421075	-0.073210
73	331825													8.817089	0.183703	4.229652	0.426801	-0.880120	-0.207916	0.023113	-0.219216	0.975402	-0.904050	-0.421108	-0.073219
74	331992													8.861393	0.210232	4.199537	0.426700	-0.880160	-0.207957	0.023112	-0.219254	0.975394	-0.904098	-0.421007	-0.073214
75	332158													8.911073	0.252755	4.243351	0.426684	-0.880196	-0.207833	0.023115	-0.219114	0.975425	-0.904105	-0.421003	-0.073147
76	332325													8.844458	0.239241	4.224113	0.426668	-0.880204	-0.207834	0.023072	-0.219133	0.975422	-0.904114	-0.420976	-0.073189
77	332492													8.844470	0.196855	4.162677	0.426470	-0.880293	-0.207866	0.022998	-0.219185	0.975412	-0.904209	-0.420764	-0.073231
78	332658													8.880957	0.251231	4.217249	0.426311	-0.880294	-0.208184	0.022955	-0.219543	0.975333	-0.904285	-0.420574	-0.073386
79	332825													8.946197	0.329610	4.184789	0.426113	-0.880405	-0.208124	0.023030	-0.219424	0.975358	-0.904377	-0.420406	-0.073224
80	332992													8.905121	0.301392	4.246696	0.426192	-0.880329	-0.208282	0.023131	-0.219559	0.975325	-0.904337	-0.420493	-0.073211
81	333158													8.842437	0.256901	4.250963	0.426151	-0.880401	-0.208062	0.023116	-0.219319	0.975379	-0.904357	-0.420469	-0.073112
82	333325													8.835903	0.250720	4.274114	0.425983	-0.880544	-0.207800	0.023103	-0.219019	0.975447	-0.904436	-0.420325	-0.072955
83	333492													8.844041	0.271681	4.223669	0.425663	-0.880678	-0.207887	0.023152	-0.219064	0.975436	-0.904586	-0.420020	-0.072858
84	333825													8.846482	0.302215	4.191737	0.425238	-0.880884	-0.207883	0.023306	-0.218950	0.975458	-0.904781	-0.419647	-0.072576
85	333992													8.885268	0.253936	4.193278	0.425103	-0.881042	-0.207492	0.023379	-0.218471	0.975563	-0.904843	-0.419565	-0.072275
86	334158													8.889114	0.234245	4.174299	0.425053	-0.881125	-0.207243	0.023454	-0.218157	0.975632	-0.904865	-0.419556	-0.072063
87	334325													8.881693	0.256275	4.207976	0.425030	-0.881110	-0.207353	0.023569	-0.218224	0.975614	-0.904872	-0.419553	-0.071984
88	334492													8.873482	0.271481	4.217303	0.424996	-0.881137	-0.207307	0.023697	-0.218111	0.975636	-0.904885	-0.419554	-0.071816
89	334658													8.889168	0.256600	4.205492	0.424901	-0.881193	-0.207261	0.023825	-0.217992	0.975660	-0.904926	-0.419497	-0.071631
90	334825													8.873894	0.259568	4.214010	0.424906	-0.881230	-0.207094	0.023912	-0.217767	0.975708	-0.904922	-0.419536	-0.071458
91	335158													8.849086	0.261621	4.223269	0.424849	-0.881296	-0.206934	0.024007	-0.217541	0.975756	-0.904946	-0.419517	-0.071265
92	335325													8.852112	0.268634	4.193371	0.424820	-0.881325	-0.206867	0.024040	-0.217449	0.975776	-0.904958	-0.419502	-0.071190
93	335492													8.872520	0.290041	4.220833	0.424768	-0.881384	-0.206722	0.024064	-0.217273	0.975814	-0.904983	-0.419469	-0.071081
94	335658													8.891557	0.229281	4.198825	0.424610	-0.881491	-0.206591	0.024066	-0.217113	0.975850	-0.905056	-0.419328	-0.070974
95	335825													8.856341	0.260208	4.133870	0.424544	-0.881537	-0.206532	0.023989	-0.217077	0.975860	-0.905089	-0.419250	-0.071012
96	335992													8.839590	0.283268	4.199061	0.424554	-0.881533	-0.206528	0.023986	-0.217075	0.975860	-0.905085	-0.419259	-0.071016
97	336158													8.991047	0.353147	4.225253	0.424524	-0.881578	-0.206399	0.024193	-0.216834	0.975909	-0.905093	-0.419290	-0.070723
98	336325													8.932146	0.228205	4.273332	0.424768	-0.881472	-0.206347	0.024215	-0.216788	0.975918	-0.904979	-0.419535	-0.070740
99	336492													8.757146	0.194003	4.257074	0.424817	-0.881457	-0.206310	0.024037	-0.216834	0.975913	-0.904960	-0.419543	-0.070927
100	336658													8.763641	0.259608	4.238652	0.424542	-0.881567	-0.206405	0.023991	-0.216936	0.975891	-0.905090	-0.419258	-0.070949
101	336825													8.887226	0.323281	4.190058	0.424161	-0.881762	-0.206355	0.023999	-0.216844	0.975911	-0.905269	-0.418896	-0.070816
102	336992													8.887347	0.302762	4.174196	0.424056	-0.881892	-0.206016	0.023855	-0.216526	0.975985	-0.905322	-0.418787	-0.070782
103	337158													8.832198	0.234917	4.197838	0.424221	-0.881921	-0.205550	0.023731	-0.216082	0.976087	-0.905248	-0.418955	-0.070737
104	337325													8.823419	0.224904	4.218071	0.424271	-0.881884	-0.205609	0.023734	-0.216150	0.976072	-0.905224	-0.418999	-0.070776
105	337492													8.895378	0.259141	4.252577	0.424215	-0.881972	-0.205345	0.023757	-0.215843	0.976139	-0.905250	-0.418971	-0.070611
106	337658													8.893523	0.272682	4.224105	0.424227	-0.882040	-0.205030	0.023726	-0.215510	0.976213	-0.905245	-0.419000	-0.070498
107	337825													8.863701	0.241119	4.147946	0.424179	-0.882054	-0.205070	0.023715	-0.215554	0.976204	-0.905268	-0.418948	-0.070516
108	337992													8.852531	0.253506	4.238302	0.424059	-0.882094	-0.205144	0.023756	-0.215607	0.976191	-0.905323	-0.418836	-0.070475
109	338158													8.920989	0.352915	4.162502	0.423853	-0.882150	-0.205328	0.023892	-0.215730	0.976161	-0.905416	-0.418654	-0.070361
110	338325													8.917384	0.320321	4.198514	0.423975	-0.882072	-0.205411	0.024002	-0.215782	0.976147	-0.905356	-0.418792	-0.070315
111	338492													8.841611	0.256875	4.221133	0.424099	-0.882017	-0.205394	0.024002	-0.215773	0.976149	-0.905298	-0.418913	-0.070338
112	338658													8.842168	0.257861	4.245985	0.424111	-0.881990	-0.205483	0.024050	-0.215851	0.976130	-0.905291	-0.418929	-0.070333
113	338825													8.839860	0.305632	4.228100	0.424104	-0.881975	-0.205563	0.024205	-0.215867	0.976123	-0.905290	-0.418953	-0.070202
114	338992													8.800838	0.327055	4.239140	0.424074	-0.882010	-0.205473	0.024313	-0.215715	0.976154	-0.905301	-0.418958	-0.070035
115	339158													8.846499	0.271770	4.210372	0.423998	-0.882099	-0.205246	0.024399	-0.215418	0.976217	-0.905334	-0.418922	-0.069814
116	339325													8.885969	0.244040	4.172024	0.423963	-0.882138	-0.205153	0.024522	-0.215255	0.976250	-0.905347	-0.418925	-0.069628
117	339492													8.883364	0.270933	4.182206	0.424021	-0.882097	-0.205208	0.024671	-0.215251	0.976247	-0.905316	-0.419012	-0.069509
118	339658													8.861978	0.284326	4.202891	0.424104	-0.882054	-0.205223	0.024840	-0.215197	0.976255	-0.905273	-0.419131	-0.069356
119	339825													8.852697	0.301063	4.220865	0.424156	-0.882048	-0.205144	0.024969	-0.215054	0.976283	-0.905245	-0.419218	-0.069193
120	339992													8.882977	0.294114	4.231901	0.424210	-0.882042	-0.205054	0.025065	-0.214914	0.976311	-0.905217	-0.419301	-0.069060
121	340158													8.894147	0.280086	4.220824	0.424244	-0.882001	-0.205162	0.025116	-0.215013	0.976288	-0.905200	-0.419337	-0.069066
122	340325													8.857024	0.287502	4.202255	0.424266	-0.881991	-0.205160	0.025169	-0.214988	0.976292	-0.905188	-0.419371	-0.069013
123	340492													8.835543	0.318139	4.199733	0.424180	-0.882054	-0.205066	0.025187	-0.214868	0.976318	-0.905227	-0.419300	-0.068926
124	340658													8.879297	0.334855	4.232606	0.424107	-0.882092	-0.205052	0.025177	-0.214852	0.976322	-0.905262	-0.419228	-0.068911
125	340825													8.917008	0.284949	4.188933	0.424015	-0.882156	-0.204969	0.025159	-0.214761	0.976343	-0.905306	-0.419141	-0.068867
126	340992													8.899374	0.264596	4.098763	0.424038	-0.882202	-0.204724	0.025008	-0.214561	0.976390	-0.905299	-0.419146	-0.068920
127	341158													8.809489	0.279960	4.173069	0.424200	-0.882179	-0.204486	0.024923	-0.214351	0.976439	-0.905225	-0.419302	-0.068941
128	341325													8.942897	0.365524	4.232728	0.424269	-0.882161	-0.204420	0.025043	-0.214228	0.976463	-0.905190	-0.419402	-0.068798
129	341492													8.953235	0.274941	4.303208	0.424623	-0.882014	-0.204318	0.025041	-0.214146	0.976481	-0.905024	-0.419753	-0.068844
130	341658													8.784702	0.221468	4.249438	0.424738	-0.881973	-0.204257	0.024834	-0.214184	0.976478	-0.904975	-0.419820	-0.069069
131	341825													8.787381	0.261145	4.261585	0.424645	-0.881991	-0.204375	0.024750	-0.214346	0.976444	-0.905022	-0.419700	-0.069192
132	341992													8.848280	0.320095	4.254035	0.424419	-0.882044	-0.204612	0.024708	-0.214609	0.976388	-0.905129	-0.419453	-0.069291
133	342158													8.884896	0.318352	4.182087	0.424248	-0.882137	-0.204568	0.024517	-0.214634	0.976387	-0.905214	-0.419246	-0.069430
134	342325													8.846616	0.257044	4.213942	0.424374	-0.882135	-0.204318	0.024293	-0.214471	0.976428	-0.905161	-0.419334	-0.069586
135	342492													8.818526	0.261678	4.204375	0.424425	-0.882157	-0.204115	0.024186	-0.214301	0.976468	-0.905140	-0.419374	-0.069618
136	342658													8.871480	0.291343	4.218534	0.424453	-0.882122	-0.204207	0.024098	-0.214445	0.976439	-0.905129	-0.419373	-0.069765
137	342825													8.895506	0.268582	4.226008	0.424590	-0.882108	-0.203982	0.023942	-0.214281	0.976479	-0.905069	-0.419487	-0.069862
138	342992													8.887274	0.216767	4.147512	0.424654	-0.882104	-0.203865	0.023763	-0.214239	0.976492	-0.905044	-0.419516	-0.070016
139	343158													8.831361	0.268076	4.256091	0.424772	-0.882034	-0.203922	0.023603	-0.214387	0.976464	-0.904993	-0.419587	-0.070247
140	343325													8.890044	0.367753	4.201951	0.424682	-0.882074	-0.203938	0.023607	-0.214395	0.976462	-0.905035	-0.419500	-0.070227
141	343492													8.930241	0.301245	4.250000	0.424813	-0.882049	-0.203774	0.023607	-0.214225	0.976499	-0.904973	-0.419640	-0.070183
142	343658													8.859651	0.223865	4.225747	0.424946	-0.881958	-0.203887	0.023499	-0.214412	0.976461	-0.904914	-0.419734	-0.070388
143	343825													8.837549	0.254835	4.215176	0.424904	-0.881950	-0.204015	0.023414	-0.214588	0.976424	-0.904936	-0.419663	-0.070530
144	343992													8.850253	0.343192	4.176821	0.424799	-0.882025	-0.203904	0.023385	-0.214471	0.976450	-0.904985	-0.419564	-0.070481
145	344158													8.860322	0.324877	4.194137	0.424765	-0.882064	-0.203810	0.023376	-0.214367	0.976473	-0.905002	-0.419536	-0.070437
146	344325													8.845881	0.281136	4.201039	0.424838	-0.882095	-0.203519	0.023328	-0.214074	0.976539	-0.904969	-0.419619	-0.070370
147	344492													8.883184	0.237868	4.223161	0.424880	-0.882123	-0.203313	0.023265	-0.213879	0.976583	-0.904951	-0.419661	-0.070351
148	344658													8.897768	0.222358	4.199326	0.424926	-0.882100	-0.203314	0.023252	-0.213889	0.976581	-0.904929	-0.419703	-0.070376
149	344825													8.881733	0.273873	4.205072	0.424983	-0.882078	-0.203292	0.023289	-0.213853	0.976588	-0.904902	-0.419768	-0.070341
150	344992													8.869434	0.288328	4.224784	0.425074	-0.882025	-0.203332	0.023363	-0.213871	0.976582	-0.904857	-0.419870	-0.070304
151	345158													8.858567	0.266487	4.255997	0.425153	-0.881984	-0.203346	0.023394	-0.213879	0.976580	-0.904819	-0.419953	-0.070298
152	345325													8.875034	0.256804	4.278585	0.425217	-0.881956	-0.203332	0.023411	-0.213861	0.976584	-0.904789	-0.420020	-0.070290
153	345492													8.843547	0.269613	4.234023	0.425267	-0.881925	-0.203363	0.023409	-0.213900	0.976575	-0.904765	-0.420066	-0.070319
154	345659													8.847112	0.282195	4.219517	0.425376	-0.881856	-0.203434	0.023398	-0.213994	0.976555	-0.904714	-0.420163	-0.070394
155	345825													8.882194	0.284448	4.258626	0.425510	-0.881792	-0.203431	0.023368	-0.214015	0.976551	-0.904652	-0.420286	-0.070460
156	345992													8.911325	0.227121	4.215544	0.425522	-0.881819	-0.203290	0.023311	-0.213887	0.976580	-0.904648	-0.420296	-0.070458
157	346159													8.789788	0.234917	4.220629	0.425596	-0.881846	-0.203016	0.023166	-0.213658	0.976634	-0.904617	-0.420355	-0.070503
158	346325													8.822797	0.308687	4.200828	0.425514	-0.881896	-0.202970	0.023237	-0.213567	0.976652	-0.904654	-0.420295	-0.070383
159	346492													8.982922	0.327037	4.254038	0.425489	-0.881945	-0.202812	0.023353	-0.213336	0.976700	-0.904662	-0.420311	-0.070176
160	346659													8.902478	0.189204	4.238328	0.425725	-0.881827	-0.202828	0.023295	-0.213401	0.976687	-0.904553	-0.420525	-0.070308
161	346825													8.766542	0.214193	4.218990	0.425835	-0.881775	-0.202824	0.023138	-0.213479	0.976674	-0.904505	-0.420595	-0.070504
162	346992													8.826221	0.303382	4.247216	0.425762	-0.881729	-0.203177	0.023184	-0.213841	0.976593	-0.904538	-0.420506	-0.070603
163	347159													8.883732	0.323665	4.222383	0.425715	-0.881749	-0.203186	0.023118	-0.213879	0.976587	-0.904562	-0.420445	-0.070668
164	347325													8.871625	0.260634	4.200037	0.425828	-0.881771	-0.202856	0.022920	-0.213615	0.976649	-0.904514	-0.420534	-0.070753
165	347492													8.805674	0.212713	4.244114	0.425996	-0.881750	-0.202596	0.022815	-0.213389	0.976701	-0.904437	-0.420693	-0.070786
166	347659													8.860097	0.249008	4.216809	0.426016	-0.881762	-0.202500	0.022809	-0.213289	0.976723	-0.904428	-0.420719	-0.070753
167	347825													8.896981	0.274309	4.267631	0.426128	-0.881729	-0.202406	0.022807	-0.213195	0.976743	-0.904375	-0.420834	-0.070739
168	347992													8.851643	0.248136	4.221138	0.426380	-0.881624	-0.202334	0.022782	-0.213149	0.976754	-0.904257	-0.421078	-0.070797
169	348159													8.845470	0.211811	4.187113	0.426489	-0.881550	-0.202427	0.022745	-0.213278	0.976727	-0.904207	-0.421168	-0.070910
170	348325													8.838181	0.249834	4.265650	0.426541	-0.881490	-0.202580	0.022782	-0.213435	0.976692	-0.904181	-0.421214	-0.070957
171	348492													8.908841	0.322878	4.245696	0.426418	-0.881520	-0.202709	0.022894	-0.213515	0.976671	-0.904237	-0.421111	-0.070865
172	348659													8.906498	0.308140	4.254410	0.426500	-0.881485	-0.202687	0.023017	-0.213440	0.976685	-0.904195	-0.421221	-0.070743
173	348825													8.853309	0.246075	4.238825	0.426518	-0.881470	-0.202713	0.023065	-0.213449	0.976682	-0.904185	-0.421248	-0.070709
174	348992													8.849946	0.272195	4.251917	0.426559	-0.881433	-0.202790	0.023130	-0.213507	0.976668	-0.904164	-0.421297	-0.070686
175	349159													8.812204	0.307525	4.256899	0.426616	-0.881405	-0.202792	0.023214	-0.213474	0.976673	-0.904135	-0.421372	-0.070610
176	349325													8.816946	0.294272	4.246582	0.426534	-0.881460	-0.202723	0.023322	-0.213341	0.976699	-0.904171	-0.421323	-0.070439
177	349492													8.855508	0.264343	4.237141	0.426439	-0.881556	-0.202506	0.023455	-0.213031	0.976764	-0.904212	-0.421280	-0.070168
178	349659													8.872739	0.281487	4.212136	0.426392	-0.881574	-0.202529	0.023576	-0.212995	0.976769	-0.904231	-0.421261	-0.070035
179	349825													8.878968	0.263692	4.205637	0.426415	-0.881572	-0.202485	0.023727	-0.212878	0.976791	-0.904216	-0.421323	-0.069858
180	349992													8.868540	0.271817	4.225921	0.426483	-0.881523	-0.202557	0.023867	-0.212898	0.976783	-0.904181	-0.421415	-0.069758
181	350159													8.866802	0.281962	4.258126	0.426536	-0.881503	-0.202531	0.023971	-0.212827	0.976796	-0.904153	-0.421494	-0.069648
182	350325													8.865601	0.280203	4.255977	0.426506	-0.881540	-0.202435	0.024073	-0.212670	0.976828	-0.904165	-0.421496	-0.069484
183	350492													8.853838	0.271471	4.229080	0.426471	-0.881519	-0.202601	0.024129	-0.212824	0.976793	-0.904180	-0.421462	-0.069493
184	350659													8.835210	0.275590	4.199862	0.426515	-0.881449	-0.202810	0.024157	-0.213047	0.976743	-0.904158	-0.421495	-0.069574
185	350825													8.845005	0.288096	4.250223	0.426584	-0.881402	-0.202869	0.024168	-0.213112	0.976729	-0.904125	-0.421560	-0.069609
186	350992													8.886631	0.278926	4.242333	0.426555	-0.881427	-0.202823	0.024150	-0.213068	0.976739	-0.904139	-0.421531	-0.069599
187	351159													8.872749	0.251475	4.162319	0.426531	-0.881480	-0.202642	0.024083	-0.212897	0.976778	-0.904152	-0.421506	-0.069578
188	351325													8.809536	0.266957	4.206274	0.426638	-0.881421	-0.202673	0.024111	-0.212927	0.976771	-0.904101	-0.421614	-0.069591
189	351492													8.898580	0.373660	4.289296	0.426605	-0.881442	-0.202654	0.024321	-0.212805	0.976792	-0.904111	-0.421633	-0.069346
190	351659													8.896018	0.260616	4.300807	0.426598	-0.881457	-0.202603	0.024363	-0.212729	0.976808	-0.904113	-0.421640	-0.069275
191	351825													8.814028	0.205246	4.233159	0.426543	-0.881444	-0.202773	0.024254	-0.212963	0.976759	-0.904142	-0.421548	-0.069460
192	351992													8.815258	0.271623	4.234545	0.426420	-0.881434	-0.203076	0.024285	-0.213273	0.976691	-0.904199	-0.421412	-0.069539
193	352159													8.873100	0.376209	4.232159	0.426293	-0.881427	-0.203374	0.024386	-0.213546	0.976629	-0.904256	-0.421289	-0.069539
194	352325													8.868746	0.323704	4.200291	0.426277	-0.881508	-0.203054	0.024303	-0.213229	0.976700	-0.904266	-0.421279	-0.069471
195	352492													8.835485	0.223649	4.244676	0.426404	-0.881531	-0.202691	0.024192	-0.212890	0.976777	-0.904209	-0.421405	-0.069451
196	352659													8.832913	0.226156	4.233360	0.426372	-0.881530	-0.202761	0.024231	-0.212945	0.976764	-0.904223	-0.421378	-0.069433
197	352825													8.889304	0.274456	4.231941	0.426306	-0.881535	-0.202876	0.024330	-0.213022	0.976744	-0.904252	-0.421328	-0.069364
198	352992													8.865879	0.270526	4.257897	0.426367	-0.881499	-0.202906	0.024369	-0.213042	0.976739	-0.904222	-0.421394	-0.069353
199	353159													8.856419	0.242246	4.146155	0.426356	-0.881492	-0.202959	0.024402	-0.213084	0.976729	-0.904226	-0.421387	-0.069340
200	353325													8.839064	0.265915	4.270156	0.426350	-0.881430	-0.203242	0.024422	-0.213388	0.976662	-0.904229	-0.421363	-0.069452
201	353492													8.898717	0.342494	4.221402	0.426203	-0.881501	-0.203243	0.024534	-0.213324	0.976673	-0.904295	-0.421247	-0.069293
202	353659													8.915510	0.321191	4.201847	0.426235	-0.881460	-0.203350	0.024710	-0.213364	0.976660	-0.904275	-0.421311	-0.069162
203	353825													8.853946	0.299426	4.220944	0.426292	-0.881408	-0.203460	0.024759	-0.213467	0.976636	-0.904247	-0.421370	-0.069176
204	353992													8.854270	0.282628	4.242030	0.426333	-0.881368	-0.203543	0.024826	-0.213532	0.976621	-0.904226	-0.421419	-0.069154
205	354159													8.830285	0.305243	4.221845	0.426352	-0.881316	-0.203731	0.024937	-0.213690	0.976583	-0.904214	-0.421449	-0.069130
206	354325													8.816528	0.313722	4.210787	0.426276	-0.881324	-0.203853	0.025070	-0.213757	0.976565	-0.904246	-0.421397	-0.069025
207	354492													8.853288	0.300684	4.213162	0.426270	-0.881340	-0.203797	0.025158	-0.213653	0.976586	-0.904246	-0.421416	-0.068901
208	354659													8.871272	0.274277	4.186955	0.426275	-0.881359	-0.203707	0.025236	-0.213517	0.976613	-0.904241	-0.421447	-0.068775
209	354825													8.888416	0.278933	4.193414	0.426344	-0.881339	-0.203648	0.025360	-0.213400	0.976636	-0.904206	-0.421547	-0.068631
210	354992													8.880704	0.280517	4.237888	0.426496	-0.881192	-0.203964	0.025545	-0.213677	0.976570	-0.904129	-0.421714	-0.068623
211	355159													8.866066	0.295794	4.238109	0.426587	-0.881089	-0.204221	0.025735	-0.213881	0.976521	-0.904080	-0.421826	-0.068564
212	355325													8.888552	0.301394	4.230020	0.426684	-0.881026	-0.204290	0.025841	-0.213916	0.976510	-0.904032	-0.421940	-0.068508
213	355492													8.871426	0.297679	4.242607	0.426810	-0.880928	-0.204448	0.025898	-0.214075	0.976474	-0.903970	-0.422064	-0.068555
214	355659													8.848724	0.309891	4.271649	0.426885	-0.880866	-0.204557	0.025933	-0.214185	0.976449	-0.903934	-0.422136	-0.068589
215	355825													8.811628	0.308198	4.245512	0.426971	-0.880847	-0.204462	0.025913	-0.214097	0.976469	-0.903894	-0.422222	-0.068587
216	355992													8.854911	0.304922	4.217071	0.427015	-0.880834	-0.204423	0.025918	-0.214055	0.976478	-0.903873	-0.422269	-0.068575
217	356159													8.907406	0.290295	4.232220	0.427010	-0.880837	-0.204423	0.025892	-0.214067	0.976476	-0.903876	-0.422258	-0.068602
218	356325													8.874519	0.257001	4.150228	0.427059	-0.880841	-0.204302	0.025786	-0.213987	0.976496	-0.903856	-0.422290	-0.068672
219	356492													8.779911	0.300898	4.215215	0.427215	-0.880794	-0.204181	0.025764	-0.213875	0.976521	-0.903783	-0.422445	-0.068678
220	356659													8.922495	0.391405	4.290702	0.427225	-0.880813	-0.204077	0.025965	-0.213667	0.976561	-0.903772	-0.422511	-0.068414
221	356825													8.955031	0.278565	4.334631	0.427395	-0.880746	-0.204011	0.026047	-0.213570	0.976580	-0.903690	-0.422700	-0.068338
222	356992													8.795032	0.220445	4.259875	0.427454	-0.880650	-0.204301	0.025940	-0.213946	0.976501	-0.903665	-0.422709	-0.068608
223	357159													8.774798	0.298500	4.265008	0.427274	-0.880641	-0.204716	0.025984	-0.214371	0.976407	-0.903748	-0.422513	-0.068713
224	357325													8.844958	0.354236	4.240847	0.427015	-0.880667	-0.205144	0.026159	-0.214741	0.976321	-0.903866	-0.422269	-0.068660
225	357492													8.875854	0.340193	4.196112	0.426868	-0.880741	-0.205133	0.026101	-0.214744	0.976321	-0.903937	-0.422114	-0.068679
226	357659													8.811895	0.256689	4.208591	0.426972	-0.880730	-0.204963	0.026043	-0.214591	0.976357	-0.903890	-0.422215	-0.068688
227	357825													8.809238	0.245045	4.222329	0.427041	-0.880672	-0.205067	0.026112	-0.214680	0.976335	-0.903855	-0.422290	-0.068681
228	357992													8.901894	0.278758	4.255256	0.427116	-0.880597	-0.205233	0.026161	-0.214848	0.976297	-0.903818	-0.422361	-0.068728
229	358159													8.852583	0.276125	4.275318	0.427227	-0.880537	-0.205260	0.026146	-0.214894	0.976287	-0.903766	-0.422463	-0.068786
230	358325													8.833512	0.250913	4.191231	0.427177	-0.880568	-0.205229	0.026128	-0.214865	0.976294	-0.903790	-0.422413	-0.068778
231	358492													8.843287	0.272934	4.238468	0.427142	-0.880563	-0.205325	0.026189	-0.214939	0.976276	-0.903805	-0.422386	-0.068749
232	358659													8.928956	0.354164	4.220375	0.427043	-0.880608	-0.205338	0.026338	-0.214876	0.976286	-0.903847	-0.422325	-0.068568
233	358825													8.924194	0.322110	4.215521	0.427261	-0.880481	-0.205429	0.026442	-0.214946	0.976268	-0.903742	-0.422553	-0.068556
234	358992													8.848243	0.249902	4.216262	0.427437	-0.880375	-0.205520	0.026414	-0.215075	0.976240	-0.903659	-0.422709	-0.068676
235	359159													8.876639	0.281120	4.269159	0.427605	-0.880248	-0.205712	0.026402	-0.215308	0.976189	-0.903580	-0.422854	-0.068826
236	359325													8.845709	0.353884	4.232335	0.427740	-0.880162	-0.205801	0.026508	-0.215368	0.976173	-0.903513	-0.423004	-0.068790
237	359492													8.829077	0.347833	4.234444	0.427933	-0.880060	-0.205835	0.026618	-0.215370	0.976170	-0.903419	-0.423214	-0.068739
238	359659													8.814405	0.301217	4.318763	0.428128	-0.880016	-0.205617	0.026657	-0.215127	0.976222	-0.903325	-0.423429	-0.068643
239	359825													8.845774	0.258832	4.355471	0.428136	-0.880004	-0.205651	0.026767	-0.215114	0.976222	-0.903318	-0.423460	-0.068543
240	359992													8.885238	0.258849	4.283618	0.428134	-0.879893	-0.206127	0.026989	-0.215538	0.976122	-0.903312	-0.423475	-0.068532
241	360159													8.904742	0.302064	4.185869	0.428383	-0.879541	-0.207111	0.027334	-0.216489	0.975902	-0.903184	-0.423721	-0.068699
242	360325													8.915558	0.318580	4.207272	0.428932	-0.878944	-0.208505	0.027683	-0.217918	0.975574	-0.902912	-0.424227	-0.069140
243	360492													8.921908	0.326423	4.240213	0.429696	-0.878240	-0.209894	0.027977	-0.219388	0.975237	-0.902540	-0.424928	-0.069700
244	360659													8.931788	0.325182	4.197522	0.430674	-0.877469	-0.211110	0.028234	-0.220701	0.974933	-0.902066	-0.425838	-0.070276
245	360825													8.951580	0.356194	4.158253	0.431993	-0.876618	-0.211951	0.028417	-0.221664	0.974709	-0.901429	-0.427090	-0.070846
246	360992													8.935989	0.391205	4.201519	0.433708	-0.875687	-0.212295	0.028537	-0.222140	0.974597	-0.900601	-0.428749	-0.071354
247	361159													8.876895	0.362242	4.238451	0.435672	-0.874654	-0.212533	0.028563	-0.222567	0.974499	-0.899652	-0.430633	-0.071983
248	361325													8.861418	0.280168	4.159465	0.437667	-0.873592	-0.212802	0.028417	-0.223116	0.974378	-0.898688	-0.432500	-0.072826
249	361492													8.819823	0.338448	4.285689	0.439792	-0.872539	-0.212740	0.028157	-0.223366	0.974328	-0.897658	-0.434491	-0.073667
250	361659													8.936631	0.401812	4.311455	0.441933	-0.871510	-0.212524	0.028026	-0.223385	0.974327	-0.896610	-0.436543	-0.074296
251	361825													9.000100	0.324350	4.380484	0.444505	-0.870292	-0.212150	0.027804	-0.223314	0.974350	-0.895345	-0.439002	-0.075066
252	361992													8.800118	0.305272	4.421115	0.447199	-0.869063	-0.211524	0.027163	-0.223184	0.974398	-0.894022	-0.441496	-0.076201
253	362159													8.560493	0.345336	4.360315	0.449159	-0.868317	-0.210433	0.026289	-0.222581	0.974560	-0.893065	-0.443264	-0.077147
254	362326													8.747816	0.327794	4.305968	0.450307	-0.868010	-0.209243	0.025616	-0.221692	0.974780	-0.892506	-0.444310	-0.077594
255	362492													8.981723	0.310886	4.311761	0.451869	-0.867349	-0.208613	0.025092	-0.221399	0.974860	-0.891731	-0.445744	-0.078280
256	362659													8.899446	0.304685	4.302062	0.454402	-0.866252	-0.207667	0.024504	-0.220881	0.974993	-0.890460	-0.448127	-0.079142
257	362826													8.723556	0.271161	4.448274	0.457386	-0.864903	-0.206736	0.024095	-0.220340	0.975125	-0.888942	-0.450990	-0.079940
258	362992													8.648579	0.227880	4.612878	0.460151	-0.863517	-0.206393	0.023869	-0.220351	0.975129	-0.887520	-0.453633	-0.080784
259	363159													8.614734	0.267927	4.638938	0.462666	-0.862202	-0.206272	0.023529	-0.220648	0.975070	-0.886220	-0.455985	-0.081800
260	363326													8.638375	0.256115	4.490684	0.464996	-0.860979	-0.206142	0.023302	-0.220863	0.975026	-0.885006	-0.458187	-0.082637
261	363492													8.785938	0.289401	4.586486	0.467324	-0.859789	-0.205843	0.023043	-0.220906	0.975023	-0.883786	-0.460395	-0.083423
262	363659													8.754257	0.278349	4.699234	0.470297	-0.858258	-0.205458	0.022863	-0.220885	0.975032	-0.882212	-0.463252	-0.084260
263	363826													8.615856	0.221324	4.680175	0.473340	-0.856729	-0.204851	0.022606	-0.220661	0.975089	-0.880590	-0.466179	-0.085080
264	363992													8.558376	0.224258	4.611824	0.476556	-0.855118	-0.204124	0.022105	-0.220456	0.975146	-0.878866	-0.469224	-0.086158
265	364159													8.464355	0.265026	4.601338	0.479892	-0.853500	-0.203080	0.021384	-0.220028	0.975259	-0.877067	-0.472362	-0.087339
266	364326													8.532124	0.236844	4.708796	0.483244	-0.851936	-0.201695	0.020798	-0.219145	0.975471	-0.875239	-0.475585	-0.088182
267	364492													8.224319	0.155492	4.733249	0.487794	-0.849862	-0.199478	0.020454	-0.217319	0.975886	-0.872719	-0.480112	-0.088623
268	364659													8.308417	0.144328	4.958713	0.493324	-0.847987	-0.193775	0.019256	-0.212069	0.977065	-0.869632	-0.485741	-0.088290
269	364826													8.997590	0.299739	5.131974	0.497546	-0.845807	-0.192509	0.018972	-0.211265	0.977245	-0.867230	-0.489876	-0.089068
270	364992													8.334033	0.125363	4.921333	0.501628	-0.843732	-0.191013	0.018671	-0.210192	0.977482	-0.864882	-0.493898	-0.089685
271	365159													8.497408	0.184334	4.905557	0.505265	-0.841886	-0.189565	0.018408	-0.209102	0.977720	-0.862768	-0.497497	-0.090155
272	365326													8.546589	0.269493	4.980103	0.509320	-0.839749	-0.188189	0.018117	-0.208166	0.977926	-0.860387	-0.501486	-0.090809
273	365492													8.413210	0.235134	5.222685	0.513001	-0.837744	-0.187126	0.017911	-0.207502	0.978071	-0.858201	-0.505102	-0.091444
274	365659													8.343604	0.206886	5.233692	0.516332	-0.835911	-0.186154	0.017699	-0.206909	0.978200	-0.856205	-0.508371	-0.092038
275	365826													8.334541	0.183739	5.145343	0.519764	-0.834001	-0.185172	0.017452	-0.206339	0.978325	-0.854132	-0.511730	-0.092692
276	365992													8.353663	0.206325	5.130242	0.523395	-0.831947	-0.184177	0.017172	-0.205805	0.978442	-0.851917	-0.515275	-0.093432
277	366159													8.414299	0.208656	5.057861	0.526932	-0.829858	-0.183516	0.016723	-0.205759	0.978460	-0.849743	-0.518651	-0.094543
278	366326													8.552249	0.159263	5.148456	0.530794	-0.827471	-0.183165	0.016241	-0.206152	0.978385	-0.847345	-0.522296	-0.095985
279	366492													8.208413	0.109211	5.433327	0.534944	-0.824859	-0.182876	0.015980	-0.206533	0.978309	-0.844737	-0.526263	-0.097303
280	366659													8.057199	0.201011	5.325325	0.539092	-0.822284	-0.182285	0.015843	-0.206489	0.978321	-0.842098	-0.530293	-0.098289
281	366826													8.175170	0.249702	5.252078	0.543252	-0.819857	-0.180864	0.015594	-0.205534	0.978526	-0.839425	-0.534407	-0.098872
282	366992													8.346234	0.228219	4.985641	0.547307	-0.817532	-0.179156	0.015064	-0.204406	0.978770	-0.836797	-0.538386	-0.099557
283	367159													8.716500	0.265941	5.164279	0.551569	-0.814997	-0.177628	0.014487	-0.203558	0.978956	-0.834003	-0.542535	-0.100470
284	367326													8.460280	0.304297	5.497958	0.556433	-0.811746	-0.177344	0.014369	-0.204005	0.978864	-0.830768	-0.547221	-0.101851
285	367492													7.542919	0.011545	5.628645	0.560580	-0.809206	-0.175885	0.013387	-0.203513	0.978981	-0.827992	-0.551151	-0.103253
286	367659													7.942012	0.042221	5.534755	0.563985	-0.807119	-0.174585	0.012477	-0.203064	0.979086	-0.825691	-0.554368	-0.104455
287	367826													8.126555	0.261165	5.556509	0.567498	-0.804926	-0.173320	0.011848	-0.202494	0.979212	-0.823290	-0.557754	-0.105378
288	367992													8.049452	0.223449	5.593739	0.570758	-0.802948	-0.171787	0.011200	-0.201578	0.979408	-0.821042	-0.560929	-0.106059
289	368159													8.071329	0.144443	5.478234	0.573562	-0.801243	-0.170401	0.010421	-0.200865	0.979563	-0.819096	-0.563616	-0.106859
