// Start Time: Unknown
// Update Rate: 60.0Hz
//Filter Profile: human (46.1)
// Option Flags: AHS Disabled ICC Disabled
// Firmware Version: 4.0.2
0	sampleTimeFine	Year	Month	Day	Second	UTC_Nano	UTC_Year	UTC_Month	UTC_Day	UTC_Hour	UTC_Minute	UTC_Second	UTC_Valid	Acc_X	Acc_Y	Acc_Z	Mat[1][1]	Mat[2][1]	Mat[3][1]	Mat[1][2]	Mat[2][2]	Mat[3][2]	Mat[1][3]	Mat[2][3]	Mat[3][3]
0	319658													0.000000	0.000000	0.000000	0.099382	-0.897990	0.428645	0.004621	0.431190	0.902249	-0.995039	-0.087686	0.047002
1	319825													9.821866	-0.010905	0.959378	0.099613	-0.898770	0.426954	0.004218	0.429466	0.903073	-0.995017	-0.088157	0.046572
2	319991													9.845010	-0.028685	0.968045	0.099283	-0.898956	0.426639	0.002845	0.429013	0.903294	-0.995055	-0.088468	0.045152
3	320158													9.870487	-0.013852	1.023816	0.099039	-0.899199	0.426184	0.001295	0.428405	0.903586	-0.995083	-0.088939	0.043593
4	320325													9.869324	-0.000123	1.017222	0.099430	-0.899133	0.426231	0.000241	0.428375	0.903601	-0.995045	-0.089742	0.042810
5	320491													9.790327	0.002754	0.985235	0.099941	-0.899217	0.425935	-0.000370	0.428045	0.903757	-0.994993	-0.090480	0.042447
6	320658													9.792796	0.011006	0.972274	0.100185	-0.899117	0.426090	-0.000861	0.428166	0.903700	-0.994968	-0.090904	0.042121
7	320825													9.763758	0.035677	0.988327	0.100168	-0.899186	0.425947	-0.001224	0.427989	0.903783	-0.994970	-0.091051	0.041770
8	320991													9.839336	0.054671	1.005251	0.100023	-0.899194	0.425964	-0.001358	0.427987	0.903784	-0.994984	-0.090978	0.041587
9	321158													9.888003	0.085835	0.997666	0.099938	-0.899089	0.426205	-0.001332	0.428229	0.903669	-0.994993	-0.090878	0.041598
10	321325													9.832735	0.084896	0.982996	0.099912	-0.898989	0.426423	-0.001142	0.428464	0.903558	-0.994996	-0.090763	0.041782
11	321491													9.819357	0.042786	0.994807	0.099876	-0.898912	0.426593	-0.000892	0.428656	0.903467	-0.995000	-0.090615	0.042010
12	321658													9.831527	0.035871	0.989573	0.099866	-0.898798	0.426835	-0.000641	0.428922	0.903341	-0.995001	-0.090487	0.042259
13	321825													9.781950	0.026645	0.971727	0.099801	-0.898752	0.426948	-0.000415	0.429053	0.903279	-0.995007	-0.090325	0.042447
14	321991													9.801244	0.001580	0.959430	0.099651	-0.898729	0.427032	-0.000231	0.429148	0.903234	-0.995022	-0.090107	0.042557
15	322158													9.832360	0.005549	0.977619	0.099440	-0.898676	0.427193	-0.000066	0.429315	0.903155	-0.995044	-0.089838	0.042632
16	322325													9.863749	-0.007163	0.967003	0.099261	-0.898651	0.427286	0.000060	0.429412	0.903109	-0.995061	-0.089618	0.042678
17	322491													9.859232	0.024908	0.958152	0.099131	-0.898738	0.427133	0.000129	0.429259	0.903181	-0.995074	-0.089478	0.042669
18	322658													9.849980	0.025219	0.957948	0.099039	-0.898770	0.427088	0.000186	0.429215	0.903202	-0.995084	-0.089372	0.042676
19	322825													9.851532	0.055356	0.956106	0.098983	-0.898740	0.427163	0.000201	0.429289	0.903167	-0.995089	-0.089312	0.042673
20	322991													9.850268	0.043902	0.951246	0.098993	-0.898726	0.427190	0.000184	0.429315	0.903155	-0.995088	-0.089327	0.042664
21	323158													9.845657	0.067565	0.954808	0.099017	-0.898737	0.427163	0.000094	0.429281	0.903171	-0.995086	-0.089389	0.042590
22	323325													9.831261	0.056794	0.964307	0.099065	-0.898659	0.427316	-0.000068	0.429422	0.903104	-0.995081	-0.089495	0.042480
23	323491													9.872719	0.046785	0.974009	0.099167	-0.898647	0.427316	-0.000258	0.429409	0.903110	-0.995071	-0.089669	0.042351
24	323658													9.874033	0.041804	0.970067	0.099367	-0.898623	0.427321	-0.000417	0.429408	0.903110	-0.995051	-0.089917	0.042294
25	323825													9.843759	0.036617	0.988653	0.099612	-0.898533	0.427452	-0.000596	0.429535	0.903050	-0.995026	-0.090209	0.042251
26	323991													9.823018	0.027958	0.970775	0.099829	-0.898460	0.427555	-0.000755	0.429633	0.903003	-0.995004	-0.090469	0.042211
27	324158													9.772777	0.000767	0.987392	0.099974	-0.898485	0.427469	-0.000877	0.429541	0.903047	-0.994990	-0.090656	0.042155
28	324325													9.768219	0.010504	0.984020	0.100001	-0.898531	0.427366	-0.001113	0.429418	0.903105	-0.994987	-0.090787	0.041943
29	324491													9.809926	0.027519	0.983541	0.099933	-0.898513	0.427420	-0.001352	0.429447	0.903091	-0.994993	-0.090827	0.041701
30	324658													9.828505	0.051311	0.994654	0.099794	-0.898524	0.427429	-0.001369	0.429449	0.903090	-0.995007	-0.090708	0.041627
31	324825													9.904087	0.061904	0.998817	0.099676	-0.898478	0.427553	-0.001291	0.429575	0.903030	-0.995019	-0.090563	0.041658
32	324991													9.891829	0.082414	1.020381	0.099696	-0.898422	0.427667	-0.001274	0.429693	0.902974	-0.995017	-0.090568	0.041695
33	325158													9.851119	0.076553	1.009975	0.099834	-0.898300	0.427892	-0.001222	0.429929	0.902862	-0.995003	-0.090659	0.041823
34	325325													9.818031	0.054291	1.018483	0.100013	-0.898181	0.428099	-0.001193	0.430147	0.902758	-0.994985	-0.090798	0.041948
35	325491													9.783712	0.077111	1.001802	0.100170	-0.897990	0.428462	-0.001267	0.430513	0.902584	-0.994970	-0.090955	0.041986
36	325658													9.765324	0.028253	1.003547	0.100253	-0.897756	0.428933	-0.001447	0.430973	0.902364	-0.994961	-0.091085	0.041908
37	325825													9.778379	-0.021554	0.987249	0.100238	-0.897671	0.429115	-0.001689	0.431133	0.902287	-0.994962	-0.091168	0.041700
38	325991													9.815950	-0.033803	0.982645	0.100180	-0.897679	0.429111	-0.001954	0.431102	0.902301	-0.994967	-0.091231	0.041434
39	326158													9.871922	-0.016059	0.995345	0.100116	-0.897741	0.428996	-0.002173	0.430964	0.902367	-0.994973	-0.091273	0.041196
40	326325													9.850154	0.008137	1.000741	0.100143	-0.897810	0.428845	-0.002292	0.430802	0.902443	-0.994970	-0.091356	0.041084
41	326491													9.819803	0.019431	0.983911	0.100178	-0.897969	0.428504	-0.002443	0.430447	0.902612	-0.994967	-0.091468	0.040928
42	326658													9.818763	0.040989	0.993622	0.100115	-0.898103	0.428238	-0.002684	0.430155	0.902751	-0.994972	-0.091529	0.040655
43	326825													9.803921	0.059953	0.980427	0.099966	-0.898253	0.427959	-0.002924	0.429846	0.902897	-0.994987	-0.091510	0.040343
44	326991													9.855156	0.104917	1.004357	0.099791	-0.898338	0.427821	-0.003061	0.429689	0.902972	-0.995004	-0.091418	0.040130
45	327158													9.847520	0.120497	0.982820	0.099651	-0.898220	0.428100	-0.003144	0.429956	0.902845	-0.995017	-0.091315	0.040022
46	327325													9.861141	0.084033	0.986691	0.099562	-0.898089	0.428396	-0.003239	0.430240	0.902709	-0.995026	-0.091264	0.039926
47	327491													9.839509	0.030530	0.974387	0.099513	-0.898009	0.428575	-0.003318	0.430411	0.902627	-0.995031	-0.091245	0.039852
48	327658													9.775983	0.023520	0.997240	0.099459	-0.897938	0.428737	-0.003364	0.430567	0.902552	-0.995036	-0.091209	0.039804
49	327825													9.768048	0.023496	0.994248	0.099325	-0.897858	0.428936	-0.003431	0.430756	0.902462	-0.995049	-0.091109	0.039705
50	327991													9.786314	0.021487	0.964306	0.099078	-0.897688	0.429347	-0.003451	0.431158	0.902270	-0.995074	-0.090877	0.039620
51	328158													9.854902	0.006343	0.992502	0.098782	-0.897685	0.429422	-0.003466	0.431220	0.902240	-0.995103	-0.090614	0.039485
52	328325													9.873802	0.010914	0.961551	0.098530	-0.897675	0.429500	-0.003433	0.431291	0.902206	-0.995128	-0.090368	0.039413
53	328491													9.867242	0.033402	0.972328	0.098357	-0.897635	0.429624	-0.003430	0.431409	0.902150	-0.995145	-0.090207	0.039353
54	328658													9.834151	0.055420	0.974373	0.098255	-0.897697	0.429519	-0.003454	0.431297	0.902204	-0.995155	-0.090130	0.039276
55	328825													9.848915	0.060767	0.963823	0.098145	-0.897718	0.429500	-0.003535	0.431266	0.902218	-0.995166	-0.090066	0.039153
56	328992													9.862447	0.065502	0.963191	0.098104	-0.897751	0.429440	-0.003644	0.431195	0.902252	-0.995170	-0.090079	0.039030
57	329158													9.861203	0.073177	0.975775	0.098133	-0.897732	0.429473	-0.003822	0.431213	0.902242	-0.995166	-0.090181	0.038885
58	329325													9.792619	0.040947	0.970692	0.098216	-0.897689	0.429544	-0.003984	0.431272	0.902213	-0.995157	-0.090323	0.038782
59	329492													9.824357	0.017370	0.981802	0.098299	-0.897658	0.429590	-0.004204	0.431303	0.902198	-0.995148	-0.090491	0.038623
60	329658													9.865318	0.003178	0.960610	0.098343	-0.897627	0.429645	-0.004375	0.431343	0.902177	-0.995143	-0.090603	0.038493
61	329825													9.801021	-0.000999	0.967573	0.098427	-0.897683	0.429508	-0.004565	0.431192	0.902248	-0.995134	-0.090767	0.038343
62	329992													9.819430	0.026741	0.957163	0.098452	-0.897730	0.429405	-0.004834	0.431064	0.902308	-0.995130	-0.090910	0.038099
63	330158													9.835536	0.033598	0.972233	0.098418	-0.897793	0.429279	-0.004954	0.430926	0.902374	-0.995133	-0.090937	0.037963
64	330325													9.858709	0.062323	0.983511	0.098331	-0.897850	0.429181	-0.004848	0.430834	0.902418	-0.995142	-0.090816	0.038012
65	330492													9.885281	0.089645	1.014660	0.098296	-0.897737	0.429425	-0.004827	0.431079	0.902301	-0.995146	-0.090765	0.038040
66	330658													9.886868	0.083469	1.001013	0.098361	-0.897630	0.429635	-0.004848	0.431291	0.902200	-0.995139	-0.090824	0.038070
67	330825													9.827767	0.057310	0.997842	0.098520	-0.897453	0.429968	-0.004840	0.431633	0.902036	-0.995123	-0.090950	0.038181
68	330992													9.767557	0.066561	0.991037	0.098646	-0.897297	0.430264	-0.004908	0.431929	0.901894	-0.995111	-0.091080	0.038204
69	331158													9.752661	0.034986	0.970083	0.098682	-0.897113	0.430638	-0.005055	0.432293	0.901719	-0.995106	-0.091161	0.038125
70	331325													9.791855	-0.021687	1.006670	0.098640	-0.896991	0.430903	-0.005259	0.432539	0.901600	-0.995109	-0.091200	0.037948
71	331492													9.822557	-0.048159	0.974165	0.098569	-0.896913	0.431081	-0.005484	0.432694	0.901524	-0.995115	-0.091226	0.037731
72	331658													9.875259	-0.039127	0.999624	0.098542	-0.897021	0.430863	-0.005670	0.432457	0.901637	-0.995117	-0.091292	0.037529
73	331825													9.856897	0.001524	0.977962	0.098603	-0.897104	0.430676	-0.005794	0.432260	0.901731	-0.995110	-0.091409	0.037424
74	331992													9.817430	-0.001944	0.986785	0.098701	-0.897226	0.430400	-0.005946	0.431972	0.901867	-0.995099	-0.091574	0.037301
75	332158													9.798244	0.013548	0.977578	0.098665	-0.897339	0.430172	-0.006161	0.431722	0.901986	-0.995102	-0.091644	0.037067
76	332325													9.786021	0.045999	0.974332	0.098494	-0.897464	0.429950	-0.006374	0.431473	0.902103	-0.995117	-0.091592	0.036777
77	332492													9.849414	0.113179	0.978096	0.098237	-0.897586	0.429754	-0.006479	0.431257	0.902206	-0.995142	-0.091414	0.036550
78	332658													9.873730	0.129612	0.992204	0.098069	-0.897532	0.429907	-0.006527	0.431399	0.902137	-0.995158	-0.091278	0.036448
79	332825													9.899428	0.109014	0.982778	0.098040	-0.897437	0.430111	-0.006536	0.431603	0.902040	-0.995161	-0.091248	0.036449
80	332992													9.836092	0.062800	0.971194	0.098113	-0.897259	0.430465	-0.006581	0.431958	0.901870	-0.995153	-0.091318	0.036476
81	333158													9.778717	0.038158	0.968118	0.098162	-0.897109	0.430766	-0.006624	0.432258	0.901726	-0.995148	-0.091369	0.036489
82	333325													9.764937	0.022921	0.979905	0.098124	-0.896925	0.431157	-0.006603	0.432652	0.901537	-0.995152	-0.091310	0.036532
83	333492													9.801509	0.004581	0.963690	0.098014	-0.896720	0.431610	-0.006532	0.433109	0.901318	-0.995164	-0.091161	0.036594
84	333825													9.834730	-0.005559	0.970993	0.097863	-0.896632	0.431827	-0.006471	0.433327	0.901213	-0.995179	-0.090990	0.036604
85	333992													9.876683	0.005886	0.978794	0.097718	-0.896550	0.432030	-0.006383	0.433534	0.901115	-0.995194	-0.090813	0.036642
86	334158													9.870968	0.037633	0.965862	0.097646	-0.896430	0.432294	-0.006248	0.433809	0.900983	-0.995202	-0.090679	0.036759
87	334325													9.836869	0.058957	0.956407	0.097590	-0.896268	0.432642	-0.006102	0.434170	0.900810	-0.995208	-0.090550	0.036902
88	334492													9.852648	0.079492	0.938121	0.097580	-0.896114	0.432963	-0.006009	0.434501	0.900651	-0.995210	-0.090487	0.037014
89	334658													9.845757	0.104186	0.954922	0.097605	-0.896058	0.433073	-0.005950	0.434618	0.900595	-0.995207	-0.090480	0.037089
90	334825													9.840138	0.082771	0.947244	0.097671	-0.895957	0.433268	-0.005944	0.434817	0.900499	-0.995201	-0.090527	0.037144
91	335158													9.844355	0.073887	0.960111	0.097824	-0.895774	0.433612	-0.006052	0.435158	0.900334	-0.995185	-0.090699	0.037148
92	335325													9.882726	0.043015	0.959672	0.098048	-0.895615	0.433889	-0.006143	0.435437	0.900198	-0.995163	-0.090928	0.037192
93	335492													9.816619	0.017743	0.960801	0.098290	-0.895481	0.434112	-0.006179	0.435667	0.900087	-0.995139	-0.091152	0.037288
94	335658													9.770537	0.027810	0.954280	0.098548	-0.895472	0.434072	-0.006292	0.435626	0.900106	-0.995112	-0.091435	0.037295
95	335825													9.812991	0.050140	0.959841	0.098634	-0.895427	0.434146	-0.006426	0.435691	0.900073	-0.995103	-0.091568	0.037220
96	335992													9.837359	0.070548	0.983496	0.098640	-0.895421	0.434155	-0.006399	0.435703	0.900068	-0.995103	-0.091560	0.037248
97	336158													9.909553	0.087424	1.015092	0.098675	-0.895295	0.434408	-0.006348	0.435964	0.899942	-0.995099	-0.091559	0.037335
98	336325													9.927807	0.105373	1.013694	0.098920	-0.895200	0.434547	-0.006411	0.436107	0.899872	-0.995075	-0.091801	0.037400
99	336492													9.855268	0.065233	1.038394	0.099342	-0.895088	0.434681	-0.006484	0.436251	0.899802	-0.995032	-0.092207	0.037534
100	336658													9.768531	0.055300	1.004797	0.099758	-0.894949	0.434874	-0.006581	0.436451	0.899704	-0.994990	-0.092615	0.037649
101	336825													9.705212	0.049411	1.029066	0.100063	-0.894881	0.434942	-0.006726	0.436517	0.899671	-0.994958	-0.092949	0.037660
102	336992													9.750108	0.015333	1.010791	0.100175	-0.894772	0.435142	-0.006881	0.436708	0.899577	-0.994946	-0.093110	0.037590
103	337158													9.810922	0.006997	1.030154	0.100198	-0.894679	0.435327	-0.007014	0.436882	0.899491	-0.994943	-0.093180	0.037500
104	337325													9.872072	0.004781	1.034401	0.100270	-0.894701	0.435266	-0.007158	0.436811	0.899525	-0.994935	-0.093311	0.037395
105	337492													9.855894	0.025502	1.019765	0.100352	-0.894762	0.435121	-0.007275	0.436657	0.899599	-0.994925	-0.093442	0.037310
106	337658													9.823285	0.038323	1.023629	0.100437	-0.894830	0.434961	-0.007374	0.436490	0.899679	-0.994916	-0.093568	0.037242
107	337825													9.790359	0.053474	1.024416	0.100414	-0.894900	0.434823	-0.007441	0.436345	0.899749	-0.994918	-0.093583	0.037156
108	337992													9.759965	0.069024	1.013660	0.100201	-0.895028	0.434609	-0.007414	0.436123	0.899856	-0.994940	-0.093389	0.037065
109	338158													9.822050	0.106690	1.014352	0.099864	-0.895096	0.434546	-0.007291	0.436059	0.899888	-0.994974	-0.093034	0.037021
110	338325													9.852957	0.119235	1.023717	0.099564	-0.895094	0.434620	-0.007224	0.436128	0.899855	-0.995005	-0.092733	0.036956
111	338492													9.824286	0.096388	1.008546	0.099315	-0.895026	0.434815	-0.007153	0.436322	0.899762	-0.995030	-0.092470	0.036932
112	338658													9.816078	0.079125	0.993797	0.099138	-0.894891	0.435135	-0.007092	0.436642	0.899607	-0.995048	-0.092271	0.036942
113	338825													9.820024	0.068137	0.984237	0.098999	-0.894755	0.435445	-0.006989	0.436958	0.899455	-0.995063	-0.092089	0.037005
114	338992													9.814249	0.069743	0.981559	0.098809	-0.894634	0.435737	-0.006867	0.437256	0.899311	-0.995083	-0.091852	0.037062
115	339158													9.808743	0.052624	0.958840	0.098644	-0.894551	0.435944	-0.006761	0.437468	0.899209	-0.995100	-0.091649	0.037106
116	339325													9.853782	0.034786	0.987444	0.098503	-0.894497	0.436088	-0.006652	0.437617	0.899137	-0.995115	-0.091468	0.037156
117	339492													9.854833	0.058067	0.952079	0.098398	-0.894517	0.436070	-0.006540	0.437605	0.899143	-0.995126	-0.091325	0.037209
118	339658													9.842513	0.071975	0.955230	0.098318	-0.894543	0.436034	-0.006420	0.437578	0.899158	-0.995134	-0.091203	0.037279
119	339825													9.849168	0.095284	0.960787	0.098249	-0.894538	0.436061	-0.006330	0.437610	0.899142	-0.995142	-0.091100	0.037332
120	339992													9.863822	0.123311	0.979055	0.098240	-0.894499	0.436143	-0.006286	0.437696	0.899101	-0.995143	-0.091069	0.037376
121	340158													9.877177	0.120729	0.996360	0.098303	-0.894458	0.436213	-0.006273	0.437771	0.899065	-0.995137	-0.091117	0.037423
122	340325													9.810394	0.104131	0.984864	0.098391	-0.894383	0.436346	-0.006355	0.437900	0.899001	-0.995128	-0.091227	0.037401
123	340492													9.828696	0.093285	0.985631	0.098430	-0.894290	0.436528	-0.006483	0.438073	0.898916	-0.995123	-0.091310	0.037322
124	340658													9.791384	0.056554	0.981399	0.098440	-0.894251	0.436605	-0.006597	0.438140	0.898883	-0.995121	-0.091366	0.037231
125	340825													9.774301	0.037514	0.979615	0.098377	-0.894273	0.436575	-0.006832	0.438086	0.898907	-0.995126	-0.091414	0.036988
126	340992													9.794295	0.028148	0.934618	0.098230	-0.894318	0.436516	-0.007102	0.437996	0.898949	-0.995138	-0.091404	0.036673
127	341158													9.821214	0.066671	0.973492	0.097945	-0.894377	0.436458	-0.007215	0.437917	0.898986	-0.995166	-0.091201	0.036439
128	341325													9.931319	0.092085	0.967756	0.097716	-0.894461	0.436339	-0.007200	0.437791	0.899048	-0.995188	-0.090993	0.036339
129	341492													9.920281	0.116552	0.980685	0.097689	-0.894498	0.436269	-0.007243	0.437715	0.899085	-0.995191	-0.090990	0.036281
130	341658													9.878629	0.104629	0.969603	0.097846	-0.894518	0.436193	-0.007262	0.437642	0.899120	-0.995175	-0.091142	0.036326
131	341825													9.839085	0.107022	0.956715	0.098102	-0.894496	0.436180	-0.007311	0.437635	0.899123	-0.995150	-0.091395	0.036394
132	341992													9.754645	0.109549	0.959335	0.098300	-0.894429	0.436272	-0.007483	0.437719	0.899081	-0.995129	-0.091645	0.036335
133	342158													9.747721	0.074727	1.002717	0.098375	-0.894414	0.436286	-0.007762	0.437709	0.899083	-0.995119	-0.091834	0.036117
134	342325													9.782280	0.046104	0.978435	0.098358	-0.894356	0.436409	-0.008059	0.437806	0.899034	-0.995119	-0.091944	0.035854
135	342492													9.829068	0.034680	0.970700	0.098346	-0.894329	0.436467	-0.008276	0.437843	0.899013	-0.995118	-0.092027	0.035658
136	342658													9.871648	0.021607	0.985407	0.098379	-0.894396	0.436324	-0.008487	0.437680	0.899091	-0.995113	-0.092155	0.035468
137	342825													9.824210	-0.001041	0.980138	0.098448	-0.894492	0.436110	-0.008778	0.437441	0.899204	-0.995103	-0.092353	0.035214
138	342992													9.830760	0.015962	0.967750	0.098460	-0.894588	0.435911	-0.009133	0.437208	0.899314	-0.995099	-0.092528	0.034877
139	343158													9.803214	0.033795	0.942364	0.098391	-0.894738	0.435617	-0.009394	0.436887	0.899467	-0.995104	-0.092591	0.034580
140	343325													9.822858	0.065554	0.995079	0.098248	-0.894869	0.435381	-0.009506	0.436634	0.899589	-0.995117	-0.092522	0.034392
141	343492													9.856898	0.110324	0.994732	0.098070	-0.894939	0.435277	-0.009628	0.436512	0.899647	-0.995133	-0.092419	0.034192
142	343658													9.859262	0.070506	1.004461	0.097942	-0.894931	0.435323	-0.009757	0.436541	0.899631	-0.995144	-0.092359	0.034024
143	343825													9.796209	0.062262	0.979370	0.097833	-0.894915	0.435381	-0.009853	0.436587	0.899608	-0.995154	-0.092301	0.033895
144	343992													9.787074	0.055310	0.964597	0.097720	-0.894864	0.435511	-0.009918	0.436708	0.899549	-0.995165	-0.092223	0.033800
145	344158													9.785250	0.053175	0.964754	0.097535	-0.894810	0.435664	-0.009927	0.436854	0.899478	-0.995183	-0.092056	0.033726
146	344325													9.824245	0.011820	0.965112	0.097294	-0.894721	0.435899	-0.009884	0.437087	0.899365	-0.995207	-0.091811	0.033683
147	344492													9.858729	0.002770	0.957230	0.097043	-0.894657	0.436086	-0.009819	0.437272	0.899276	-0.995232	-0.091551	0.033650
148	344658													9.863681	0.007020	0.923477	0.096837	-0.894626	0.436197	-0.009708	0.437386	0.899221	-0.995253	-0.091312	0.033670
149	344825													9.856730	0.022015	0.935268	0.096675	-0.894610	0.436266	-0.009557	0.437464	0.899185	-0.995270	-0.091098	0.033742
150	344992													9.869960	0.053464	0.963352	0.096581	-0.894604	0.436298	-0.009363	0.437511	0.899164	-0.995281	-0.090927	0.033879
151	345158													9.894665	0.072340	0.957923	0.096580	-0.894632	0.436240	-0.009195	0.437468	0.899187	-0.995283	-0.090855	0.034024
152	345325													9.837817	0.085028	0.938118	0.096671	-0.894621	0.436243	-0.009071	0.437486	0.899180	-0.995275	-0.090882	0.034177
153	345492													9.839206	0.078745	0.946944	0.096805	-0.894586	0.436285	-0.009055	0.437534	0.899156	-0.995262	-0.090993	0.034255
154	345659													9.885124	0.069041	0.962055	0.096979	-0.894522	0.436379	-0.009095	0.437630	0.899109	-0.995245	-0.091164	0.034305
155	345825													9.869396	0.009705	0.961416	0.097246	-0.894464	0.436438	-0.009194	0.437690	0.899079	-0.995218	-0.091444	0.034340
156	345992													9.841187	0.020951	0.948546	0.097570	-0.894431	0.436432	-0.009394	0.437677	0.899083	-0.995184	-0.091823	0.034302
157	346159													9.815648	0.019937	0.979775	0.097846	-0.894448	0.436335	-0.009464	0.437583	0.899128	-0.995157	-0.092106	0.034351
158	346325													9.809362	0.025105	0.981966	0.098048	-0.894425	0.436337	-0.009354	0.437602	0.899120	-0.995138	-0.092238	0.034539
159	346492													9.860601	0.064286	1.014091	0.098211	-0.894491	0.436165	-0.009254	0.437444	0.899198	-0.995123	-0.092348	0.034684
160	346659													9.833271	0.063572	1.013501	0.098464	-0.894512	0.436065	-0.009174	0.437360	0.899240	-0.995098	-0.092544	0.034858
161	346825													9.807004	0.095953	1.011237	0.098712	-0.894469	0.436097	-0.009079	0.437410	0.899216	-0.995075	-0.092723	0.035057
162	346992													9.807367	0.121415	1.017321	0.098937	-0.894382	0.436225	-0.009051	0.437549	0.899149	-0.995053	-0.092907	0.035195
163	347159													9.799681	0.109488	1.003291	0.099101	-0.894246	0.436466	-0.009138	0.437789	0.899032	-0.995035	-0.093084	0.035214
164	347325													9.787106	0.027077	1.008647	0.099150	-0.894124	0.436705	-0.009260	0.438020	0.898918	-0.995029	-0.093172	0.035150
165	347492													9.788441	-0.011083	1.010945	0.099133	-0.894063	0.436833	-0.009322	0.438142	0.898858	-0.995031	-0.093179	0.035100
166	347659													9.818149	-0.010395	1.011964	0.099077	-0.894061	0.436852	-0.009349	0.438156	0.898850	-0.995036	-0.093139	0.035053
167	347825													9.833153	-0.019495	1.018340	0.099064	-0.894142	0.436689	-0.009321	0.437995	0.898929	-0.995037	-0.093121	0.035055
168	347992													9.835603	0.006465	1.016236	0.099084	-0.894254	0.436453	-0.009297	0.437761	0.899044	-0.995036	-0.093139	0.035062
169	348159													9.853936	0.027595	0.982586	0.099086	-0.894404	0.436146	-0.009281	0.437453	0.899193	-0.995036	-0.093146	0.035045
170	348325													9.831205	0.069086	0.991001	0.099058	-0.894532	0.435889	-0.009264	0.437195	0.899319	-0.995039	-0.093123	0.035021
171	348492													9.831155	0.142701	0.986590	0.098968	-0.894558	0.435858	-0.009165	0.437170	0.899332	-0.995048	-0.092999	0.035067
172	348659													9.807398	0.126805	0.992737	0.098849	-0.894578	0.435843	-0.009048	0.437162	0.899337	-0.995061	-0.092843	0.035119
173	348825													9.818077	0.103695	0.995296	0.098716	-0.894496	0.436041	-0.008907	0.437369	0.899238	-0.995076	-0.092653	0.035208
174	348992													9.877034	0.058856	0.995586	0.098633	-0.894387	0.436283	-0.008789	0.437620	0.899117	-0.995085	-0.092518	0.035303
175	349159													9.846422	0.037631	1.014272	0.098661	-0.894244	0.436571	-0.008706	0.437919	0.898972	-0.995083	-0.092495	0.035421
176	349325													9.789456	0.050865	0.976574	0.098683	-0.894136	0.436787	-0.008583	0.438148	0.898862	-0.995082	-0.092451	0.035564
177	349492													9.762570	0.024719	0.978543	0.098622	-0.894068	0.436939	-0.008393	0.438316	0.898782	-0.995090	-0.092307	0.035723
178	349659													9.801673	0.032358	1.004889	0.098458	-0.894029	0.437057	-0.008192	0.438448	0.898719	-0.995107	-0.092067	0.035845
179	349825													9.828791	0.045686	0.999335	0.098251	-0.894092	0.436975	-0.007950	0.438380	0.898755	-0.995130	-0.091777	0.035964
180	349992													9.878822	0.091755	0.980625	0.098059	-0.894091	0.437018	-0.007699	0.438440	0.898727	-0.995151	-0.091493	0.036110
181	350159													9.858499	0.091397	0.992945	0.097902	-0.894118	0.436998	-0.007472	0.438435	0.898732	-0.995168	-0.091253	0.036243
182	350325													9.826769	0.097355	0.980893	0.097796	-0.894057	0.437148	-0.007314	0.438596	0.898655	-0.995180	-0.091082	0.036354
183	350492													9.796333	0.095981	0.977695	0.097642	-0.894018	0.437262	-0.007239	0.438712	0.898599	-0.995195	-0.090906	0.036364
184	350659													9.835388	0.091877	0.972975	0.097458	-0.894004	0.437331	-0.007218	0.438777	0.898567	-0.995213	-0.090729	0.036310
185	350825													9.832416	0.049557	0.961915	0.097297	-0.894000	0.437374	-0.007258	0.438810	0.898550	-0.995229	-0.090601	0.036207
186	350992													9.833099	0.033909	0.959717	0.097168	-0.894024	0.437356	-0.007428	0.438772	0.898568	-0.995240	-0.090560	0.035994
187	351159													9.832718	0.020802	0.957733	0.097047	-0.894072	0.437283	-0.007581	0.438680	0.898611	-0.995251	-0.090523	0.035794
188	351325													9.845991	0.045112	0.985563	0.096912	-0.894150	0.437154	-0.007505	0.438553	0.898674	-0.995265	-0.090373	0.035791
189	351492													9.863587	0.072547	0.982574	0.096775	-0.894238	0.437004	-0.007330	0.438412	0.898744	-0.995279	-0.090179	0.035873
190	351659													9.847713	0.110176	0.988732	0.096694	-0.894325	0.436845	-0.007232	0.438259	0.898820	-0.995288	-0.090070	0.035909
191	351825													9.816246	0.097330	0.981315	0.096653	-0.894299	0.436908	-0.007142	0.438328	0.898787	-0.995293	-0.089991	0.035979
192	351992													9.814301	0.117618	0.977252	0.096604	-0.894254	0.437009	-0.007037	0.438438	0.898734	-0.995298	-0.089897	0.036062
193	352159													9.794020	0.121468	0.967247	0.096496	-0.894148	0.437249	-0.007028	0.438677	0.898618	-0.995309	-0.089786	0.036047
194	352325													9.829223	0.064794	0.986801	0.096302	-0.894034	0.437525	-0.007149	0.438936	0.898490	-0.995326	-0.089655	0.035879
195	352492													9.834296	0.002876	0.977755	0.096067	-0.893975	0.437698	-0.007243	0.439093	0.898413	-0.995349	-0.089478	0.035707
196	352659													9.865348	-0.026728	0.992127	0.095872	-0.893960	0.437773	-0.007270	0.439158	0.898380	-0.995367	-0.089312	0.035604
197	352825													9.872132	-0.009983	0.965163	0.095747	-0.894030	0.437657	-0.007253	0.439038	0.898439	-0.995379	-0.089197	0.035552
198	352992													9.825529	-0.004909	0.939164	0.095690	-0.894191	0.437339	-0.007199	0.438722	0.898594	-0.995385	-0.089135	0.035545
199	353159													9.837601	0.059834	0.945503	0.095575	-0.894362	0.437015	-0.007147	0.438397	0.898753	-0.995397	-0.089021	0.035508
200	353325													9.793858	0.064643	0.927982	0.095371	-0.894570	0.436633	-0.007088	0.438011	0.898942	-0.995417	-0.088828	0.035432
201	353492													9.826332	0.129164	0.939561	0.095117	-0.894707	0.436409	-0.006928	0.437791	0.899050	-0.995442	-0.088538	0.035443
202	353659													9.880095	0.144236	0.939653	0.094857	-0.894745	0.436386	-0.006757	0.437774	0.899060	-0.995468	-0.088231	0.035480
203	353825													9.868272	0.112200	0.925608	0.094645	-0.894685	0.436556	-0.006583	0.437953	0.898974	-0.995489	-0.087957	0.035560
204	353992													9.877829	0.070756	0.923845	0.094533	-0.894569	0.436819	-0.006413	0.438227	0.898841	-0.995501	-0.087772	0.035690
205	354159													9.831926	0.057447	0.918931	0.094480	-0.894456	0.437061	-0.006247	0.438484	0.898718	-0.995507	-0.087641	0.035840
206	354325													9.788599	0.058428	0.901705	0.094412	-0.894340	0.437312	-0.006043	0.438751	0.898588	-0.995515	-0.087480	0.036019
207	354492													9.806954	0.053880	0.901305	0.094322	-0.894257	0.437502	-0.005849	0.438956	0.898490	-0.995525	-0.087307	0.036173
208	354659													9.848174	0.036760	0.891405	0.094212	-0.894282	0.437474	-0.005646	0.438941	0.898498	-0.995536	-0.087119	0.036305
209	354825													9.894197	0.042149	0.897939	0.094181	-0.894258	0.437530	-0.005418	0.439016	0.898463	-0.995540	-0.086989	0.036502
210	354992													9.884233	0.058725	0.903886	0.094202	-0.894331	0.437377	-0.005164	0.438886	0.898528	-0.995540	-0.086902	0.036725
211	355159													9.857765	0.087695	0.907717	0.094299	-0.894409	0.437196	-0.004936	0.438728	0.898606	-0.995532	-0.086895	0.036957
212	355325													9.864450	0.111835	0.932099	0.094470	-0.894442	0.437092	-0.004770	0.438644	0.898648	-0.995516	-0.086980	0.037172
213	355492													9.844553	0.134900	0.908338	0.094734	-0.894469	0.436978	-0.004688	0.438546	0.898696	-0.995492	-0.087186	0.037352
214	355659													9.838412	0.142426	0.946781	0.095024	-0.894411	0.437034	-0.004699	0.438613	0.898664	-0.995464	-0.087448	0.037476
215	355825													9.850211	0.110669	0.953765	0.095326	-0.894335	0.437124	-0.004789	0.438706	0.898618	-0.995435	-0.087755	0.037537
216	355992													9.863277	0.060649	0.953167	0.095672	-0.894274	0.437174	-0.004825	0.438767	0.898588	-0.995401	-0.088080	0.037663
217	356159													9.813569	0.037644	0.925785	0.096031	-0.894198	0.437251	-0.004966	0.438845	0.898549	-0.995366	-0.088460	0.037702
218	356325													9.794262	0.052955	0.927098	0.096302	-0.894203	0.437180	-0.005119	0.438771	0.898585	-0.995339	-0.088773	0.037677
219	356492													9.819778	0.068946	0.966974	0.096438	-0.894202	0.437153	-0.005051	0.438754	0.898593	-0.995326	-0.088866	0.037796
220	356659													9.923832	0.079088	0.995942	0.096622	-0.894221	0.437074	-0.004847	0.438700	0.898620	-0.995309	-0.088946	0.038054
221	356825													9.896481	0.103809	1.004197	0.096901	-0.894217	0.437020	-0.004725	0.438668	0.898637	-0.995283	-0.089143	0.038282
222	356992													9.845181	0.100037	0.995084	0.097289	-0.894160	0.437050	-0.004520	0.438731	0.898607	-0.995246	-0.089400	0.038642
223	357159													9.791372	0.151768	0.998028	0.097665	-0.894065	0.437160	-0.004274	0.438879	0.898536	-0.995210	-0.089624	0.039042
224	357325													9.717052	0.157256	0.986185	0.097858	-0.893898	0.437459	-0.004110	0.439202	0.898379	-0.995192	-0.089711	0.039306
225	357492													9.715547	0.093227	1.013401	0.097842	-0.893687	0.437894	-0.004029	0.439645	0.898162	-0.995194	-0.089642	0.039415
226	357659													9.805895	0.046516	0.998258	0.097777	-0.893532	0.438225	-0.003949	0.439983	0.897997	-0.995201	-0.089534	0.039492
227	357825													9.891387	0.012758	0.993101	0.097771	-0.893439	0.438415	-0.003868	0.440181	0.897901	-0.995201	-0.089484	0.039581
228	357992													9.880120	0.007667	0.986976	0.097870	-0.893409	0.438454	-0.003799	0.440230	0.897877	-0.995192	-0.089541	0.039691
229	358159													9.832918	-0.013399	0.965458	0.098016	-0.893451	0.438336	-0.003799	0.440118	0.897932	-0.995178	-0.089677	0.039745
230	358325													9.807588	0.002744	0.958679	0.098088	-0.893576	0.438065	-0.003862	0.439843	0.898066	-0.995170	-0.089781	0.039692
231	358492													9.795764	0.061555	0.943895	0.098080	-0.893772	0.437666	-0.003826	0.439444	0.898262	-0.995171	-0.089776	0.039681
232	358659													9.853533	0.122959	0.962608	0.098004	-0.893997	0.437224	-0.003656	0.439012	0.898474	-0.995179	-0.089652	0.039757
233	358825													9.910114	0.163206	0.946471	0.097999	-0.894060	0.437097	-0.003553	0.438894	0.898532	-0.995180	-0.089608	0.039834
234	358992													9.900869	0.141213	0.948018	0.098178	-0.894119	0.436935	-0.003566	0.438737	0.898608	-0.995162	-0.089782	0.039886
235	359159													9.860766	0.116566	0.927963	0.098550	-0.894124	0.436841	-0.003641	0.438651	0.898650	-0.995125	-0.090152	0.039974
236	359325													9.892829	0.097782	0.914039	0.099181	-0.894089	0.436770	-0.003745	0.438596	0.898677	-0.995062	-0.090767	0.040151
237	359492													10.069860	0.012872	0.831200	0.100254	-0.894033	0.436639	-0.003917	0.438492	0.898727	-0.994954	-0.091811	0.040459
238	359659													10.194744	-0.055601	0.756799	0.102106	-0.894033	0.436211	-0.004344	0.438098	0.898917	-0.994764	-0.093680	0.040849
239	359825													10.217840	-0.044650	0.736984	0.104865	-0.894084	0.435451	-0.004836	0.437401	0.899253	-0.994475	-0.096406	0.041544
240	359992													10.180342	0.018519	0.744841	0.108510	-0.894135	0.434451	-0.005191	0.436516	0.899682	-0.994082	-0.099880	0.042724
241	360159													10.138146	0.088648	0.752650	0.112880	-0.894113	0.433383	-0.005470	0.435605	0.900122	-0.993594	-0.103977	0.044280
242	360325													10.060266	0.143758	0.809310	0.117892	-0.893982	0.432317	-0.005735	0.434732	0.900541	-0.993010	-0.108646	0.046124
243	360492													10.030659	0.150160	0.841792	0.123515	-0.893660	0.431411	-0.006064	0.434052	0.900867	-0.992324	-0.113887	0.048193
244	360659													10.076756	0.172637	0.883838	0.129786	-0.893129	0.430670	-0.006529	0.433564	0.901099	-0.991521	-0.119762	0.050439
245	360825													10.087378	0.150820	0.960816	0.136707	-0.892397	0.430046	-0.007123	0.433225	0.901258	-0.990586	-0.126272	0.052868
246	360992													9.981849	0.107444	1.011065	0.144233	-0.891440	0.429571	-0.007684	0.433088	0.901319	-0.989514	-0.133300	0.055616
247	361159													9.906353	0.053459	1.073176	0.152216	-0.890358	0.429060	-0.008355	0.432944	0.901382	-0.988312	-0.140789	0.058462
248	361325													9.939456	0.042521	1.149944	0.160573	-0.889172	0.428473	-0.009088	0.432756	0.901465	-0.986982	-0.148645	0.061408
249	361492													10.021520	0.060163	1.254376	0.169458	-0.887824	0.427845	-0.009605	0.432615	0.901527	-0.985491	-0.156881	0.064783
250	361659													10.134185	0.069020	1.347615	0.179018	-0.886269	0.427177	-0.009960	0.432536	0.901562	-0.983795	-0.165651	0.068605
251	361825													10.181893	0.080075	1.559623	0.189590	-0.884435	0.426415	-0.010310	0.432475	0.901587	-0.981809	-0.175328	0.072875
252	361992													10.107530	0.057990	1.730340	0.201320	-0.882222	0.425623	-0.010606	0.432531	0.901557	-0.979468	-0.186016	0.077721
253	362159													9.854674	0.014975	1.860579	0.213884	-0.879654	0.424809	-0.010908	0.432695	0.901474	-0.976798	-0.197444	0.082951
254	362326													9.637991	-0.003474	1.933655	0.226719	-0.876844	0.423961	-0.011214	0.432916	0.901364	-0.973896	-0.209111	0.088317
255	362492													9.553714	0.081771	2.075112	0.239582	-0.873847	0.423075	-0.011555	0.433169	0.901239	-0.970807	-0.220809	0.093681
256	362659													9.577603	0.255197	2.218692	0.252394	-0.870466	0.422595	-0.011903	0.433909	0.900878	-0.967551	-0.232406	0.099155
257	362826													9.590073	0.112286	2.320001	0.265111	-0.866730	0.422487	-0.012506	0.435037	0.900326	-0.964137	-0.243970	0.104494
258	362992													9.575129	0.044883	2.471870	0.277896	-0.862734	0.422450	-0.013172	0.436308	0.899701	-0.960521	-0.255587	0.109884
259	363159													9.585196	-0.058629	2.635561	0.290935	-0.858451	0.422396	-0.013883	0.437659	0.899034	-0.956642	-0.267425	0.115413
260	363326													9.639380	-0.165353	2.760829	0.304291	-0.853968	0.422073	-0.014700	0.438822	0.898454	-0.952466	-0.279596	0.120976
261	363492													9.404406	-0.144409	2.882337	0.317737	-0.849423	0.421335	-0.015345	0.439698	0.898015	-0.948055	-0.291797	0.126674
262	363659													9.166516	-0.025658	3.083743	0.330819	-0.844837	0.420486	-0.015891	0.440524	0.897600	-0.943560	-0.303625	0.132309
263	363826													9.088534	-0.021047	3.327343	0.343431	-0.840171	0.419723	-0.016507	0.441436	0.897141	-0.939033	-0.315035	0.137734
264	363992													9.135695	-0.073115	3.571990	0.355592	-0.835481	0.418957	-0.017249	0.442312	0.896695	-0.934482	-0.326085	0.142871
265	364159													9.175366	-0.142557	3.674297	0.367427	-0.830759	0.418135	-0.018033	0.443134	0.896274	-0.929878	-0.336855	0.147838
266	364326													9.149208	-0.152152	3.760559	0.379071	-0.826045	0.417079	-0.018780	0.443757	0.895950	-0.925177	-0.347461	0.152702
267	364492													9.107052	-0.128069	3.843395	0.390516	-0.821305	0.415879	-0.019396	0.444310	0.895663	-0.920392	-0.357837	0.157580
268	364659													8.998108	-0.079671	3.890574	0.401785	-0.816546	0.414514	-0.019903	0.444764	0.895427	-0.915518	-0.368020	0.162448
269	364826													8.996295	-0.084930	4.029511	0.412929	-0.811648	0.413179	-0.020421	0.445298	0.895150	-0.910534	-0.378070	0.167302
270	364992													9.152631	-0.134661	4.183820	0.424225	-0.806561	0.411695	-0.020946	0.445771	0.894902	-0.905315	-0.388263	0.172213
271	365159													9.098022	-0.152440	4.277779	0.435683	-0.801277	0.410043	-0.021484	0.446165	0.894693	-0.899844	-0.398612	0.177172
272	365326													8.936473	-0.172375	4.293952	0.447154	-0.795886	0.408190	-0.021928	0.446464	0.894533	-0.894188	-0.408945	0.182186
273	365492													8.865507	-0.226402	4.370735	0.458504	-0.790469	0.406119	-0.022191	0.446659	0.894429	-0.888415	-0.419112	0.187254
274	365659													8.947637	-0.217741	4.445665	0.470071	-0.784894	0.403702	-0.022266	0.446695	0.894409	-0.882348	-0.429425	0.192502
275	365826													9.056080	-0.158883	4.607988	0.482205	-0.778952	0.400889	-0.022164	0.446611	0.894453	-0.875778	-0.440196	0.198093
276	365992													8.952396	-0.103608	4.688783	0.495137	-0.772438	0.397717	-0.021926	0.446514	0.894508	-0.868538	-0.451624	0.204149
277	366159													8.649885	-0.054892	4.690066	0.508301	-0.765548	0.394420	-0.021848	0.446388	0.894573	-0.860902	-0.463329	0.210174
278	366326													8.239102	0.058608	4.780502	0.520721	-0.758751	0.391339	-0.022145	0.446231	0.894644	-0.853440	-0.474526	0.215559
279	366492													8.048763	0.085104	4.981245	0.532001	-0.752222	0.388764	-0.022699	0.446294	0.894599	-0.846439	-0.484752	0.220354
280	366659													8.311229	0.024805	5.324596	0.542703	-0.745699	0.386531	-0.023425	0.446581	0.894437	-0.839598	-0.494468	0.224893
281	366826													8.481040	-0.042142	5.642836	0.553524	-0.738847	0.384340	-0.024355	0.446927	0.894239	-0.832477	-0.504343	0.229390
282	366992													8.243766	-0.070733	5.753263	0.564277	-0.731822	0.382136	-0.025302	0.447319	0.894017	-0.825198	-0.514142	0.233895
283	367159													7.784153	-0.105900	5.797954	0.574184	-0.725101	0.380186	-0.026253	0.447817	0.893740	-0.818305	-0.523152	0.238093
284	367326													7.550680	-0.149044	5.919593	0.582718	-0.719070	0.378652	-0.027339	0.448324	0.893453	-0.812214	-0.530983	0.241588
285	367492													7.636870	-0.218887	6.022669	0.590040	-0.713728	0.377418	-0.028512	0.448752	0.893201	-0.806870	-0.537786	0.244432
286	367659													7.838988	-0.267540	6.120806	0.596636	-0.708878	0.376188	-0.029534	0.449049	0.893019	-0.801969	-0.543917	0.246983
287	367826													7.991533	-0.303437	6.231130	0.603006	-0.704221	0.374776	-0.030239	0.449283	0.892878	-0.797164	-0.549743	0.249625
288	367992													7.838303	-0.245751	6.371415	0.609201	-0.699689	0.373242	-0.030600	0.449571	0.892721	-0.792425	-0.555267	0.252468
289	368159													7.622736	-0.223005	6.441949	0.614717	-0.695579	0.371878	-0.030968	0.449831	0.892577	-0.788140	-0.560198	0.254978
290	368326													7.488400	-0.220772	6.458028	0.619352	-0.692053	0.370765	-0.031494	0.449963	0.892492	-0.784482	-0.564443	0.256890
291	368492													7.481651	-0.256653	6.462149	0.623175	-0.689095	0.369866	-0.031923	0.450118	0.892398	-0.781431	-0.567927	0.258505
292	368659													7.600779	-0.236785	6.434724	0.626437	-0.686582	0.369028	-0.032134	0.450284	0.892307	-0.778810	-0.570832	0.260012
