// Start Time: Unknown
// Update Rate: 60.0Hz
//Filter Profile: human (46.1)
// Option Flags: AHS Disabled ICC Disabled
// Firmware Version: 4.0.2
0	sampleTimeFine	Year	Month	Day	Second	UTC_Nano	UTC_Year	UTC_Month	UTC_Day	UTC_Hour	UTC_Minute	UTC_Second	UTC_Valid	Acc_X	Acc_Y	Acc_Z	Mat[1][1]	Mat[2][1]	Mat[3][1]	Mat[1][2]	Mat[2][2]	Mat[3][2]	Mat[1][3]	Mat[2][3]	Mat[3][3]
0	4158815													-0.386885	0.163624	0.109246	0.207808	-0.778913	-0.591702	-0.037069	-0.610743	0.790960	-0.977467	-0.142434	-0.155790
1	4158982													9.597480	-0.340621	2.041093	0.207815	-0.778770	-0.591887	-0.036621	-0.610868	0.790885	-0.977482	-0.142683	-0.155467
2	4159148													9.580088	-0.372439	2.023158	0.207590	-0.778655	-0.592117	-0.036118	-0.610991	0.790813	-0.977549	-0.142779	-0.154959
3	4159315													9.553014	-0.343399	1.952205	0.207086	-0.778166	-0.592936	-0.036236	-0.611759	0.790214	-0.977652	-0.142157	-0.154884
4	4159815													9.648771	-0.384574	2.024139	0.204763	-0.778368	-0.593477	-0.036028	-0.611907	0.790109	-0.978148	-0.140403	-0.153339
5	4159982													9.641809	-0.384558	2.071911	0.204546	-0.778302	-0.593638	-0.036113	-0.612048	0.789996	-0.978191	-0.140153	-0.153298
6	4160148													9.620101	-0.364245	2.053897	0.204628	-0.777892	-0.594147	-0.036056	-0.612570	0.789594	-0.978176	-0.140151	-0.153396
7	4160315													9.600326	-0.307830	2.029108	0.204930	-0.777784	-0.594185	-0.035999	-0.612647	0.789536	-0.978114	-0.140410	-0.153549
8	4160482													9.596753	-0.327604	2.022491	0.205168	-0.777392	-0.594616	-0.035848	-0.613101	0.789190	-0.978070	-0.140600	-0.153656
9	4160648													9.590906	-0.319379	2.003932	0.205342	-0.776978	-0.595096	-0.035740	-0.613601	0.788807	-0.978037	-0.140706	-0.153768
10	4160815													9.592875	-0.300813	2.028879	0.205389	-0.776765	-0.595359	-0.035700	-0.613869	0.788600	-0.978029	-0.140715	-0.153813
11	4160982													9.596586	-0.303853	2.037358	0.205374	-0.776735	-0.595402	-0.035707	-0.613912	0.788566	-0.978032	-0.140691	-0.153817
12	4161148													9.584743	-0.330792	2.032838	0.205349	-0.776698	-0.595460	-0.035646	-0.613958	0.788534	-0.978039	-0.140699	-0.153762
13	4161315													9.585530	-0.313734	2.040401	0.205273	-0.776640	-0.595561	-0.035621	-0.614045	0.788467	-0.978056	-0.140636	-0.153711
14	4161482													9.601151	-0.331130	2.025850	0.205127	-0.776518	-0.595771	-0.035604	-0.614232	0.788322	-0.978088	-0.140494	-0.153643
15	4161648													9.611486	-0.331611	2.051987	0.204891	-0.776295	-0.596142	-0.035556	-0.614565	0.788065	-0.978139	-0.140270	-0.153521
16	4161815													9.597340	-0.332210	1.974968	0.204566	-0.776276	-0.596279	-0.035623	-0.614662	0.787986	-0.978204	-0.139954	-0.153392
17	4161982													9.589883	-0.357305	1.998482	0.204135	-0.776044	-0.596728	-0.035626	-0.615049	0.787683	-0.978294	-0.139535	-0.153201
18	4162148													9.569312	-0.309282	1.987414	0.203719	-0.775834	-0.597144	-0.035543	-0.615393	0.787418	-0.978384	-0.139188	-0.152943
19	4162315													9.618569	-0.281378	2.001703	0.203201	-0.775816	-0.597343	-0.035495	-0.615507	0.787332	-0.978493	-0.138784	-0.152609
20	4162482													9.627398	-0.326845	2.002649	0.202726	-0.775661	-0.597706	-0.035475	-0.615797	0.787106	-0.978593	-0.138363	-0.152355
21	4162648													9.626148	-0.325936	1.999829	0.202175	-0.775592	-0.597982	-0.035487	-0.615992	0.786953	-0.978706	-0.137881	-0.152062
22	4162815													9.637504	-0.315278	1.978714	0.201671	-0.775575	-0.598174	-0.035500	-0.616109	0.786860	-0.978810	-0.137452	-0.151784
23	4162982													9.640458	-0.294060	1.988833	0.201216	-0.775645	-0.598237	-0.035503	-0.616102	0.786866	-0.978903	-0.137091	-0.151507
24	4163148													9.602483	-0.315817	1.947293	0.200806	-0.775624	-0.598402	-0.035545	-0.616211	0.786779	-0.978986	-0.136720	-0.151308
25	4163315													9.616890	-0.324143	1.962282	0.200439	-0.775549	-0.598622	-0.035581	-0.616382	0.786643	-0.979060	-0.136374	-0.151142
26	4163482													9.627151	-0.317530	1.964120	0.200091	-0.775410	-0.598918	-0.035628	-0.616634	0.786443	-0.979129	-0.136022	-0.151009
27	4163648													9.623444	-0.321387	1.978877	0.199767	-0.775306	-0.599161	-0.035648	-0.616832	0.786287	-0.979195	-0.135715	-0.150861
28	4163815													9.636726	-0.310538	1.966303	0.199465	-0.775227	-0.599364	-0.035658	-0.616993	0.786161	-0.979256	-0.135439	-0.150711
29	4163982													9.633648	-0.301907	1.982836	0.199152	-0.775266	-0.599417	-0.035695	-0.617003	0.786151	-0.979318	-0.135168	-0.150550
30	4164148													9.628691	-0.322304	1.966384	0.198924	-0.775091	-0.599720	-0.035758	-0.617283	0.785929	-0.979362	-0.134895	-0.150507
31	4164315													9.606166	-0.325703	1.982567	0.198745	-0.775035	-0.599851	-0.035875	-0.617404	0.785828	-0.979394	-0.134659	-0.150510
32	4164482													9.613126	-0.321884	1.948585	0.198499	-0.774994	-0.599986	-0.036014	-0.617522	0.785729	-0.979439	-0.134359	-0.150488
33	4164648													9.633272	-0.321373	1.936074	0.198283	-0.775008	-0.600039	-0.036160	-0.617561	0.785691	-0.979478	-0.134092	-0.150476
34	4164815													9.614729	-0.332121	1.917086	0.198055	-0.774937	-0.600206	-0.036362	-0.617723	0.785555	-0.979516	-0.133758	-0.150522
35	4164982													9.630933	-0.346285	1.968276	0.197848	-0.774777	-0.600481	-0.036601	-0.618002	0.785324	-0.979549	-0.133397	-0.150628
36	4165148													9.626182	-0.341507	1.932339	0.197655	-0.774723	-0.600613	-0.036812	-0.618135	0.785210	-0.979580	-0.133091	-0.150697
37	4165315													9.613602	-0.350887	1.935074	0.197578	-0.774620	-0.600771	-0.037038	-0.618314	0.785058	-0.979587	-0.132859	-0.150856
38	4165482													9.587883	-0.379037	1.918796	0.197466	-0.774809	-0.600565	-0.037246	-0.618115	0.785205	-0.979602	-0.132683	-0.150916
39	4165648													9.619997	-0.388159	1.891313	0.197273	-0.774739	-0.600718	-0.037384	-0.618259	0.785085	-0.979636	-0.132419	-0.150929
40	4165815													9.633283	-0.382767	1.909419	0.197103	-0.774761	-0.600746	-0.037523	-0.618279	0.785062	-0.979664	-0.132197	-0.150936
41	4165982													9.639084	-0.382325	1.937377	0.196885	-0.774731	-0.600857	-0.037637	-0.618373	0.784983	-0.979704	-0.131936	-0.150907
42	4166148													9.647143	-0.384815	1.939876	0.196706	-0.774575	-0.601115	-0.037733	-0.618620	0.784784	-0.979736	-0.131690	-0.150913
43	4166315													9.667463	-0.374992	1.927278	0.196595	-0.774370	-0.601416	-0.037769	-0.618912	0.784551	-0.979757	-0.131524	-0.150922
44	4166482													9.649338	-0.369680	1.939189	0.196510	-0.774294	-0.601542	-0.037797	-0.619030	0.784457	-0.979773	-0.131417	-0.150912
45	4166648													9.634488	-0.353299	1.926764	0.196492	-0.774210	-0.601655	-0.037802	-0.619143	0.784368	-0.979776	-0.131378	-0.150923
46	4166815													9.620577	-0.355990	1.945503	0.196498	-0.774132	-0.601755	-0.037783	-0.619242	0.784291	-0.979776	-0.131375	-0.150928
47	4166982													9.632822	-0.336099	1.984817	0.196508	-0.774166	-0.601707	-0.037740	-0.619190	0.784334	-0.979776	-0.131419	-0.150893
48	4167148													9.620066	-0.332702	1.972972	0.196578	-0.774205	-0.601634	-0.037706	-0.619122	0.784389	-0.979763	-0.131508	-0.150898
49	4167315													9.609895	-0.346760	1.973469	0.196654	-0.774401	-0.601357	-0.037666	-0.618848	0.784607	-0.979749	-0.131645	-0.150868
50	4167482													9.618907	-0.371450	1.965562	0.196725	-0.774395	-0.601342	-0.037604	-0.618835	0.784620	-0.979737	-0.131741	-0.150860
51	4167648													9.620873	-0.365052	1.975654	0.196892	-0.774434	-0.601236	-0.037548	-0.618747	0.784693	-0.979706	-0.131924	-0.150905
52	4167815													9.605417	-0.371024	1.950914	0.197030	-0.774475	-0.601139	-0.037413	-0.618651	0.784775	-0.979683	-0.132134	-0.150868
53	4167982													9.614262	-0.351489	2.010963	0.197231	-0.774398	-0.601172	-0.037253	-0.618695	0.784748	-0.979649	-0.132381	-0.150875
54	4168148													9.584175	-0.350654	1.970662	0.197429	-0.774324	-0.601202	-0.037110	-0.618736	0.784722	-0.979615	-0.132616	-0.150892
55	4168315													9.588951	-0.353478	1.995829	0.197579	-0.774281	-0.601208	-0.036910	-0.618739	0.784729	-0.979592	-0.132855	-0.150829
56	4168482													9.634007	-0.332657	2.005288	0.197726	-0.774206	-0.601256	-0.036722	-0.618785	0.784701	-0.979569	-0.133076	-0.150781
57	4168648													9.629459	-0.342291	2.022069	0.197877	-0.774133	-0.601301	-0.036561	-0.618832	0.784672	-0.979545	-0.133285	-0.150756
58	4168815													9.585780	-0.354359	1.994332	0.197994	-0.774085	-0.601325	-0.036422	-0.618855	0.784660	-0.979526	-0.133456	-0.150723
59	4168982													9.574186	-0.303245	1.953442	0.198133	-0.774092	-0.601270	-0.036311	-0.618807	0.784704	-0.979502	-0.133643	-0.150714
60	4169148													9.599603	-0.325310	1.956282	0.198125	-0.774131	-0.601222	-0.036189	-0.618740	0.784762	-0.979508	-0.133723	-0.150603
61	4169315													9.623442	-0.295885	2.048258	0.198140	-0.774164	-0.601175	-0.035966	-0.618664	0.784832	-0.979514	-0.133885	-0.150426
62	4169482													9.620906	-0.302790	2.006817	0.198171	-0.774228	-0.601082	-0.035807	-0.618553	0.784927	-0.979513	-0.134027	-0.150302
63	4169648													9.599538	-0.329748	2.031064	0.198255	-0.774268	-0.601003	-0.035697	-0.618471	0.784996	-0.979500	-0.134176	-0.150254
64	4169815													9.588606	-0.321465	2.048734	0.198272	-0.774356	-0.600883	-0.035515	-0.618327	0.785118	-0.979503	-0.134326	-0.150098
65	4169982													9.597740	-0.265394	2.023415	0.198249	-0.774375	-0.600866	-0.035301	-0.618277	0.785167	-0.979516	-0.134448	-0.149909
66	4170148													9.588134	-0.283068	2.014324	0.198251	-0.774357	-0.600890	-0.035065	-0.618269	0.785184	-0.979524	-0.134593	-0.149725
67	4170315													9.600965	-0.296657	1.986342	0.198144	-0.774423	-0.600839	-0.034866	-0.618174	0.785268	-0.979553	-0.134647	-0.149489
68	4170482													9.598122	-0.288490	2.009023	0.198055	-0.774422	-0.600871	-0.034685	-0.618167	0.785281	-0.979577	-0.134688	-0.149292
69	4170648													9.605771	-0.284716	1.985732	0.198026	-0.774438	-0.600858	-0.034505	-0.618125	0.785322	-0.979589	-0.134782	-0.149127
70	4170815													9.600514	-0.292004	2.003034	0.197968	-0.774541	-0.600745	-0.034383	-0.617984	0.785438	-0.979605	-0.134836	-0.148972
71	4170982													9.594700	-0.289101	2.000992	0.197820	-0.774694	-0.600597	-0.034204	-0.617787	0.785601	-0.979641	-0.134865	-0.148708
72	4171148													9.637242	-0.274774	1.975701	0.197679	-0.774753	-0.600567	-0.034033	-0.617712	0.785668	-0.979676	-0.134871	-0.148475
73	4171315													9.633391	-0.267804	2.013684	0.197570	-0.774779	-0.600569	-0.033894	-0.617678	0.785701	-0.979703	-0.134876	-0.148295
74	4171482													9.609960	-0.283969	1.963070	0.197406	-0.774871	-0.600505	-0.033829	-0.617579	0.785781	-0.979738	-0.134803	-0.148127
75	4171648													9.634693	-0.305617	1.972501	0.197162	-0.775035	-0.600373	-0.033759	-0.617398	0.785926	-0.979789	-0.134687	-0.147892
76	4171815													9.595816	-0.236050	1.967507	0.197052	-0.775041	-0.600401	-0.033583	-0.617386	0.785943	-0.979818	-0.134708	-0.147685
77	4171982													9.616802	-0.238087	1.949384	0.196761	-0.775269	-0.600202	-0.033438	-0.617119	0.786159	-0.979881	-0.134616	-0.147348
78	4172148													9.622381	-0.278403	1.974983	0.196536	-0.775276	-0.600267	-0.033328	-0.617136	0.786150	-0.979930	-0.134501	-0.147127
79	4172315													9.650200	-0.296963	1.958601	0.196292	-0.775337	-0.600268	-0.033226	-0.617085	0.786195	-0.979982	-0.134379	-0.146890
80	4172482													9.626483	-0.258402	1.949234	0.196137	-0.775349	-0.600303	-0.033153	-0.617087	0.786196	-0.980016	-0.134301	-0.146739
81	4172648													9.619404	-0.231130	1.954902	0.195999	-0.775344	-0.600355	-0.033032	-0.617103	0.786189	-0.980048	-0.134261	-0.146562
82	4172815													9.597400	-0.253989	1.944992	0.195867	-0.775422	-0.600297	-0.032963	-0.617014	0.786261	-0.980076	-0.134215	-0.146413
83	4172982													9.614787	-0.260709	1.913607	0.195721	-0.775499	-0.600246	-0.032938	-0.616937	0.786323	-0.980106	-0.134129	-0.146291
84	4173148													9.631606	-0.257809	1.927458	0.195599	-0.775426	-0.600380	-0.032918	-0.617052	0.786234	-0.980131	-0.134023	-0.146220
85	4173315													9.616736	-0.282509	1.932039	0.195473	-0.775447	-0.600394	-0.032875	-0.617041	0.786244	-0.980158	-0.133951	-0.146107
86	4173482													9.648987	-0.258596	1.939728	0.195354	-0.775499	-0.600364	-0.032841	-0.616988	0.786287	-0.980183	-0.133888	-0.145999
87	4173648													9.642910	-0.252001	1.936792	0.195312	-0.775489	-0.600391	-0.032831	-0.617008	0.786272	-0.980191	-0.133857	-0.145969
88	4173815													9.640761	-0.261371	1.933476	0.195304	-0.775422	-0.600481	-0.032794	-0.617092	0.786207	-0.980194	-0.133857	-0.145950
89	4173982													9.624225	-0.243994	1.941133	0.195368	-0.775439	-0.600438	-0.032778	-0.617057	0.786236	-0.980182	-0.133924	-0.145970
90	4174149													9.641448	-0.234352	1.922633	0.195437	-0.775485	-0.600356	-0.032772	-0.616983	0.786294	-0.980168	-0.133996	-0.145996
91	4174315													9.630698	-0.261410	1.933138	0.195538	-0.775416	-0.600413	-0.032854	-0.617067	0.786224	-0.980146	-0.134011	-0.146136
92	4174482													9.620852	-0.254111	1.944362	0.195582	-0.775497	-0.600294	-0.032944	-0.616965	0.786301	-0.980134	-0.134010	-0.146215
93	4174649													9.622637	-0.260934	1.938319	0.195657	-0.775591	-0.600148	-0.033089	-0.616848	0.786386	-0.980114	-0.134004	-0.146354
94	4174815													9.612005	-0.280295	1.933721	0.195670	-0.775693	-0.600011	-0.033289	-0.616739	0.786463	-0.980105	-0.133913	-0.146500
95	4174982													9.631759	-0.268849	1.940978	0.195777	-0.775649	-0.600033	-0.033471	-0.616802	0.786406	-0.980077	-0.133876	-0.146717
96	4175149													9.622696	-0.275346	1.967250	0.195868	-0.775691	-0.599949	-0.033701	-0.616763	0.786427	-0.980051	-0.133817	-0.146946
97	4175315													9.633584	-0.272313	1.934435	0.195984	-0.775597	-0.600033	-0.033875	-0.616890	0.786320	-0.980022	-0.133781	-0.147174
98	4175482													9.628055	-0.279673	1.978178	0.196127	-0.775579	-0.600010	-0.034036	-0.616909	0.786298	-0.979988	-0.133792	-0.147390
99	4175649													9.616217	-0.270208	1.992902	0.196249	-0.775442	-0.600147	-0.034213	-0.617091	0.786147	-0.979957	-0.133748	-0.147634
100	4175815													9.617703	-0.272949	2.006602	0.196388	-0.775428	-0.600120	-0.034359	-0.617105	0.786130	-0.979924	-0.133766	-0.147835
101	4175982													9.604486	-0.271291	1.993894	0.196516	-0.775404	-0.600109	-0.034529	-0.617136	0.786098	-0.979892	-0.133760	-0.148051
102	4176149													9.607020	-0.265759	1.969962	0.196590	-0.775375	-0.600121	-0.034685	-0.617182	0.786056	-0.979872	-0.133716	-0.148226
103	4176315													9.620679	-0.280302	1.961141	0.196653	-0.775447	-0.600008	-0.034831	-0.617097	0.786116	-0.979854	-0.133694	-0.148364
104	4176482													9.593377	-0.262340	1.964128	0.196728	-0.775440	-0.599993	-0.034996	-0.617115	0.786094	-0.979833	-0.133649	-0.148541
105	4176649													9.613182	-0.284459	1.961663	0.196733	-0.775495	-0.599920	-0.035159	-0.617065	0.786127	-0.979827	-0.133564	-0.148663
106	4176815													9.615461	-0.279466	1.975347	0.196767	-0.775594	-0.599781	-0.035292	-0.616947	0.786213	-0.979815	-0.133533	-0.148767
107	4176982													9.607444	-0.279686	1.986376	0.196824	-0.775532	-0.599842	-0.035434	-0.617037	0.786136	-0.979798	-0.133476	-0.148928
108	4177149													9.615260	-0.258923	1.996686	0.196936	-0.775410	-0.599963	-0.035560	-0.617194	0.786007	-0.979771	-0.133458	-0.149121
109	4177315													9.619266	-0.281019	1.996361	0.197023	-0.775508	-0.599808	-0.035703	-0.617070	0.786098	-0.979749	-0.133464	-0.149264
110	4177482													9.621045	-0.278737	1.992673	0.197184	-0.775647	-0.599575	-0.035823	-0.616874	0.786246	-0.979712	-0.133557	-0.149423
111	4177649													9.605346	-0.287434	1.995338	0.197271	-0.775773	-0.599383	-0.035935	-0.616709	0.786371	-0.979690	-0.133589	-0.149536
112	4177815													9.618073	-0.285657	1.987974	0.197400	-0.775810	-0.599293	-0.036037	-0.616651	0.786411	-0.979661	-0.133641	-0.149685
113	4177982													9.614709	-0.279579	1.980127	0.197590	-0.775789	-0.599257	-0.036157	-0.616661	0.786398	-0.979618	-0.133717	-0.149896
114	4178149													9.611490	-0.276623	2.005061	0.197724	-0.775885	-0.599089	-0.036252	-0.616525	0.786500	-0.979587	-0.133791	-0.150029
115	4178315													9.635743	-0.299268	1.996990	0.197868	-0.775910	-0.599009	-0.036358	-0.616480	0.786530	-0.979554	-0.133851	-0.150193
116	4178482													9.607119	-0.313809	1.978542	0.198001	-0.776027	-0.598814	-0.036475	-0.616319	0.786651	-0.979523	-0.133916	-0.150338
117	4178649													9.565565	-0.297124	1.946996	0.198173	-0.776068	-0.598704	-0.036681	-0.616262	0.786686	-0.979480	-0.133939	-0.150594
118	4178815													9.594028	-0.300805	1.943769	0.198159	-0.776193	-0.598546	-0.036908	-0.616131	0.786778	-0.979475	-0.133817	-0.150740
119	4178982													9.642732	-0.289408	2.024748	0.198256	-0.776232	-0.598464	-0.036978	-0.616072	0.786821	-0.979453	-0.133862	-0.150843
120	4179149													9.623284	-0.311348	2.003788	0.198393	-0.776370	-0.598239	-0.037112	-0.615884	0.786962	-0.979420	-0.133925	-0.151000
121	4179315													9.612956	-0.335425	2.027532	0.198448	-0.776398	-0.598184	-0.037317	-0.615865	0.786967	-0.979401	-0.133849	-0.151190
122	4179482													9.616746	-0.324026	2.049275	0.198591	-0.776343	-0.598208	-0.037414	-0.615925	0.786916	-0.979368	-0.133893	-0.151364
123	4179649													9.576161	-0.299507	2.029720	0.198715	-0.776509	-0.597951	-0.037469	-0.615692	0.787096	-0.979341	-0.134003	-0.151442
124	4179815													9.596037	-0.299743	2.012736	0.198774	-0.776553	-0.597875	-0.037519	-0.615630	0.787141	-0.979327	-0.134031	-0.151507
125	4179982													9.603309	-0.305566	1.996414	0.198794	-0.776537	-0.597889	-0.037573	-0.615656	0.787119	-0.979321	-0.134010	-0.151565
126	4180149													9.589280	-0.263623	2.016519	0.198942	-0.776480	-0.597914	-0.037650	-0.615714	0.787069	-0.979288	-0.134070	-0.151725
127	4180315													9.559905	-0.266363	2.017178	0.199112	-0.776620	-0.597676	-0.037696	-0.615506	0.787230	-0.979251	-0.134217	-0.151831
128	4180482													9.569809	-0.262672	1.993593	0.199196	-0.776776	-0.597444	-0.037710	-0.615286	0.787401	-0.979234	-0.134318	-0.151855
129	4180649													9.578914	-0.272303	2.038502	0.199231	-0.776932	-0.597230	-0.037701	-0.615074	0.787568	-0.979227	-0.134392	-0.151832
130	4180815													9.585187	-0.268920	2.052758	0.199131	-0.777141	-0.596991	-0.037746	-0.614822	0.787762	-0.979246	-0.134334	-0.151764
131	4180982													9.621119	-0.273979	2.052178	0.198905	-0.777383	-0.596752	-0.037773	-0.614548	0.787975	-0.979290	-0.134191	-0.151601
132	4181149													9.646880	-0.256955	2.067072	0.198713	-0.777649	-0.596469	-0.037846	-0.614241	0.788210	-0.979327	-0.134054	-0.151489
133	4181315													9.599243	-0.299963	1.984246	0.198484	-0.778005	-0.596081	-0.038014	-0.613835	0.788519	-0.979367	-0.133849	-0.151412
134	4181482													9.605737	-0.308185	2.049090	0.198229	-0.778305	-0.595773	-0.038166	-0.613504	0.788769	-0.979412	-0.133619	-0.151319
135	4181649													9.599460	-0.282739	1.973795	0.197980	-0.778635	-0.595426	-0.038296	-0.613130	0.789053	-0.979458	-0.133414	-0.151206
136	4181815													9.616027	-0.317033	2.020093	0.197721	-0.778886	-0.595183	-0.038504	-0.612872	0.789244	-0.979502	-0.133133	-0.151168
137	4181982													9.613029	-0.351838	1.987143	0.197419	-0.779032	-0.595092	-0.038723	-0.612762	0.789318	-0.979554	-0.132783	-0.151137
138	4182149													9.598292	-0.326543	1.967768	0.197203	-0.779168	-0.594986	-0.038940	-0.612650	0.789394	-0.979589	-0.132502	-0.151158
139	4182315													9.609488	-0.312977	2.031073	0.196964	-0.779354	-0.594822	-0.039177	-0.612479	0.789515	-0.979628	-0.132203	-0.151169
140	4182482													9.614215	-0.328375	1.978750	0.196651	-0.779449	-0.594801	-0.039450	-0.612445	0.789528	-0.979680	-0.131797	-0.151187
141	4182649													9.597647	-0.324908	1.947469	0.196394	-0.779540	-0.594766	-0.039696	-0.612403	0.789549	-0.979721	-0.131453	-0.151217
142	4182815													9.617543	-0.320307	1.943669	0.196136	-0.779579	-0.594800	-0.039930	-0.612429	0.789517	-0.979763	-0.131102	-0.151247
143	4182982													9.638718	-0.324109	1.948127	0.195910	-0.779655	-0.594775	-0.040145	-0.612396	0.789531	-0.979800	-0.130800	-0.151274
144	4183149													9.637104	-0.312666	1.956050	0.195709	-0.779706	-0.594774	-0.040283	-0.612383	0.789534	-0.979834	-0.130560	-0.151258
145	4183315													9.631839	-0.308448	1.970799	0.195522	-0.779683	-0.594865	-0.040396	-0.612461	0.789468	-0.979867	-0.130329	-0.151245
146	4183482													9.656234	-0.302063	1.958001	0.195371	-0.779669	-0.594934	-0.040495	-0.612520	0.789417	-0.979893	-0.130137	-0.151241
147	4183649													9.644868	-0.301848	1.951374	0.195245	-0.779775	-0.594836	-0.040572	-0.612411	0.789498	-0.979915	-0.130012	-0.151207
148	4183815													9.618045	-0.304899	1.941660	0.195182	-0.779862	-0.594743	-0.040669	-0.612320	0.789563	-0.979923	-0.129921	-0.151230
149	4183982													9.616700	-0.329558	1.952285	0.195167	-0.780040	-0.594514	-0.040803	-0.612104	0.789724	-0.979921	-0.129870	-0.151290
150	4184149													9.619823	-0.334100	1.943998	0.195137	-0.780061	-0.594497	-0.040910	-0.612096	0.789725	-0.979922	-0.129784	-0.151354
151	4184315													9.611727	-0.345419	1.965887	0.195099	-0.780237	-0.594278	-0.041065	-0.611889	0.789877	-0.979924	-0.129700	-0.151419
152	4184482													9.610840	-0.352005	1.935110	0.195078	-0.780280	-0.594228	-0.041239	-0.611858	0.789892	-0.979920	-0.129585	-0.151538
153	4184649													9.628734	-0.355323	1.940338	0.195106	-0.780416	-0.594041	-0.041393	-0.611693	0.790012	-0.979908	-0.129547	-0.151649
154	4184815													9.616668	-0.367901	1.952542	0.195175	-0.780496	-0.593913	-0.041536	-0.611594	0.790081	-0.979889	-0.129535	-0.151786
155	4184982													9.618432	-0.335346	1.955726	0.195271	-0.780469	-0.593917	-0.041682	-0.611632	0.790044	-0.979863	-0.129517	-0.151965
156	4185149													9.617955	-0.348979	1.951523	0.195417	-0.780511	-0.593814	-0.041815	-0.611568	0.790086	-0.979828	-0.129566	-0.152148
157	4185315													9.618042	-0.325480	1.958652	0.195576	-0.780519	-0.593751	-0.041923	-0.611544	0.790099	-0.979792	-0.129633	-0.152325
158	4185482													9.613352	-0.348572	1.972079	0.195712	-0.780588	-0.593616	-0.042036	-0.611443	0.790171	-0.979760	-0.129693	-0.152479
159	4185649													9.618505	-0.326413	1.928245	0.195851	-0.780624	-0.593523	-0.042156	-0.611387	0.790208	-0.979727	-0.129742	-0.152648
160	4185815													9.610731	-0.333838	1.945522	0.196014	-0.780701	-0.593367	-0.042282	-0.611272	0.790291	-0.979689	-0.129819	-0.152828
161	4185982													9.635153	-0.339917	1.940052	0.196149	-0.780681	-0.593348	-0.042383	-0.611287	0.790273	-0.979658	-0.129864	-0.152991
162	4186149													9.625571	-0.339154	1.985649	0.196320	-0.780660	-0.593320	-0.042441	-0.611293	0.790265	-0.979621	-0.129964	-0.153141
163	4186315													9.614937	-0.351503	1.937446	0.196479	-0.780760	-0.593136	-0.042505	-0.611141	0.790380	-0.979586	-0.130082	-0.153262
164	4186482													9.617575	-0.356970	1.980501	0.196685	-0.780803	-0.593011	-0.042539	-0.611051	0.790447	-0.979544	-0.130243	-0.153399
165	4186649													9.634247	-0.339795	1.979686	0.196957	-0.780856	-0.592851	-0.042582	-0.610938	0.790532	-0.979487	-0.130456	-0.153579
166	4186815													9.616722	-0.341722	1.970215	0.197216	-0.780813	-0.592820	-0.042611	-0.610952	0.790520	-0.979434	-0.130643	-0.153761
167	4186982													9.619444	-0.352251	1.956514	0.197509	-0.780809	-0.592728	-0.042625	-0.610908	0.790554	-0.979374	-0.130876	-0.153942
168	4187149													9.613227	-0.341057	1.993119	0.197833	-0.780743	-0.592707	-0.042638	-0.610940	0.790528	-0.979308	-0.131121	-0.154153
169	4187315													9.608083	-0.326055	1.961814	0.198157	-0.780802	-0.592522	-0.042697	-0.610811	0.790624	-0.979240	-0.131368	-0.154374
170	4187482													9.609850	-0.337524	1.977704	0.198491	-0.780797	-0.592417	-0.042720	-0.610761	0.790661	-0.979171	-0.131631	-0.154586
171	4187649													9.612069	-0.348265	2.024818	0.198766	-0.780902	-0.592186	-0.042761	-0.610577	0.790801	-0.979114	-0.131862	-0.154754
172	4187815													9.588399	-0.337010	2.015806	0.199032	-0.780893	-0.592109	-0.042802	-0.610547	0.790823	-0.979058	-0.132055	-0.154942
173	4187982													9.610862	-0.351078	1.993150	0.199294	-0.780906	-0.592003	-0.042824	-0.610485	0.790870	-0.979004	-0.132263	-0.155108
174	4188149													9.630527	-0.352291	2.004897	0.199543	-0.780973	-0.591830	-0.042888	-0.610359	0.790963	-0.978950	-0.132449	-0.155287
175	4188315													9.606105	-0.351203	2.032786	0.199777	-0.781027	-0.591680	-0.042946	-0.610253	0.791042	-0.978900	-0.132622	-0.155457
176	4188482													9.592742	-0.356306	1.995312	0.200015	-0.781028	-0.591599	-0.043012	-0.610217	0.791066	-0.978848	-0.132779	-0.155646
177	4188649													9.552478	-0.335443	1.982683	0.200226	-0.781059	-0.591487	-0.043122	-0.610152	0.791110	-0.978800	-0.132894	-0.155849
178	4188815													9.603385	-0.375033	2.049975	0.200270	-0.781120	-0.591391	-0.043177	-0.610070	0.791170	-0.978789	-0.132913	-0.155905
179	4188982													9.626553	-0.357732	2.052285	0.200389	-0.781186	-0.591263	-0.043159	-0.609958	0.791258	-0.978765	-0.133041	-0.155944
180	4189149													9.605180	-0.384542	2.049739	0.200561	-0.781133	-0.591276	-0.043212	-0.610005	0.791218	-0.978728	-0.133138	-0.156097
181	4189315													9.601555	-0.369524	2.090230	0.200700	-0.780956	-0.591461	-0.043248	-0.610220	0.791050	-0.978698	-0.133185	-0.156246
182	4189482													9.573335	-0.373142	2.041297	0.200851	-0.780833	-0.591573	-0.043182	-0.610349	0.790955	-0.978670	-0.133319	-0.156307
183	4189649													9.568782	-0.362613	2.072255	0.201033	-0.780680	-0.591713	-0.043086	-0.610508	0.790838	-0.978636	-0.133491	-0.156368
184	4189815													9.582902	-0.386611	2.028062	0.201165	-0.780432	-0.591995	-0.042963	-0.610797	0.790621	-0.978615	-0.133612	-0.156400
185	4189982													9.584879	-0.381676	2.061582	0.201318	-0.780127	-0.592345	-0.042821	-0.611158	0.790350	-0.978589	-0.133747	-0.156443
186	4190149													9.585434	-0.335864	2.079958	0.201561	-0.779858	-0.592617	-0.042655	-0.611450	0.790133	-0.978547	-0.133982	-0.156509
187	4190315													9.577806	-0.334714	2.074128	0.201743	-0.779594	-0.592902	-0.042490	-0.611746	0.789913	-0.978516	-0.134167	-0.156540
188	4190482													9.595297	-0.346172	2.099141	0.201975	-0.779329	-0.593171	-0.042319	-0.612032	0.789700	-0.978476	-0.134397	-0.156596
189	4190649													9.560325	-0.316174	2.088768	0.202187	-0.779175	-0.593301	-0.042180	-0.612179	0.789593	-0.978438	-0.134621	-0.156640
190	4190816													9.575957	-0.293285	2.096939	0.202263	-0.779127	-0.593339	-0.042147	-0.612225	0.789559	-0.978424	-0.134691	-0.156668
191	4190982													9.594342	-0.331153	2.092443	0.202219	-0.779144	-0.593332	-0.042172	-0.612214	0.789566	-0.978432	-0.134643	-0.156660
192	4191149													9.584908	-0.350572	2.047933	0.202185	-0.779244	-0.593212	-0.042253	-0.612098	0.789652	-0.978435	-0.134591	-0.156683
193	4191316													9.593709	-0.378248	2.071718	0.202069	-0.779347	-0.593116	-0.042300	-0.611989	0.789734	-0.978457	-0.134492	-0.156630
194	4191482													9.574272	-0.315414	2.041932	0.201998	-0.779378	-0.593099	-0.042241	-0.611952	0.789766	-0.978475	-0.134479	-0.156535
195	4191649													9.606725	-0.339201	2.031858	0.201805	-0.779536	-0.592958	-0.042181	-0.611769	0.789911	-0.978517	-0.134396	-0.156340
196	4191816													9.589126	-0.360270	2.038655	0.201567	-0.779630	-0.592915	-0.042105	-0.611677	0.789987	-0.978569	-0.134271	-0.156120
197	4191982													9.568156	-0.339864	2.038453	0.201257	-0.779656	-0.592986	-0.042028	-0.611689	0.789982	-0.978636	-0.134068	-0.155874
198	4192149													9.576860	-0.344102	2.039202	0.200957	-0.779769	-0.592939	-0.041930	-0.611579	0.790071	-0.978702	-0.133908	-0.155596
199	4192316													9.615679	-0.363525	2.020508	0.200564	-0.779964	-0.592815	-0.041871	-0.611382	0.790227	-0.978786	-0.133669	-0.155279
200	4192482													9.603325	-0.362257	1.996345	0.200187	-0.780232	-0.592591	-0.041815	-0.611087	0.790458	-0.978865	-0.133460	-0.154957
201	4192649													9.604253	-0.372946	1.985239	0.199777	-0.780483	-0.592398	-0.041790	-0.610823	0.790664	-0.978950	-0.133200	-0.154645
202	4192816													9.621540	-0.342993	1.964100	0.199430	-0.780710	-0.592215	-0.041734	-0.610574	0.790858	-0.979023	-0.133005	-0.154349
203	4192982													9.626107	-0.353483	1.979402	0.199064	-0.780780	-0.592247	-0.041644	-0.610536	0.790893	-0.979101	-0.132774	-0.154051
204	4193149													9.630452	-0.359190	1.960324	0.198749	-0.780835	-0.592280	-0.041468	-0.610496	0.790933	-0.979173	-0.132637	-0.153715
205	4193316													9.618790	-0.339540	1.965485	0.198505	-0.780857	-0.592333	-0.041262	-0.610482	0.790954	-0.979231	-0.132567	-0.153404
206	4193482													9.623110	-0.324338	1.969275	0.198244	-0.780784	-0.592516	-0.041021	-0.610594	0.790881	-0.979294	-0.132482	-0.153075
207	4193649													9.635667	-0.327322	1.976809	0.197979	-0.780854	-0.592512	-0.040803	-0.610518	0.790950	-0.979357	-0.132416	-0.152731
208	4193816													9.630988	-0.340374	1.943349	0.197786	-0.780918	-0.592493	-0.040649	-0.610447	0.791013	-0.979402	-0.132367	-0.152481
209	4193982													9.632075	-0.317321	1.959222	0.197625	-0.780966	-0.592484	-0.040516	-0.610395	0.791060	-0.979440	-0.132328	-0.152271
210	4194149													9.632257	-0.307668	1.990234	0.197517	-0.781056	-0.592401	-0.040472	-0.610288	0.791145	-0.979464	-0.132289	-0.152153
211	4194316													9.615950	-0.336160	1.974860	0.197411	-0.781124	-0.592347	-0.040408	-0.610208	0.791210	-0.979488	-0.132259	-0.152025
212	4194482													9.622405	-0.329050	2.006585	0.197327	-0.781213	-0.592257	-0.040394	-0.610102	0.791293	-0.979505	-0.132220	-0.151946
213	4194649													9.609304	-0.327731	1.981276	0.197259	-0.781234	-0.592251	-0.040349	-0.610079	0.791312	-0.979521	-0.132197	-0.151866
214	4194816													9.603401	-0.332197	1.965364	0.197230	-0.781235	-0.592260	-0.040329	-0.610081	0.791312	-0.979527	-0.132185	-0.151833
215	4194982													9.609962	-0.319863	1.949020	0.197180	-0.781142	-0.592400	-0.040298	-0.610210	0.791214	-0.979539	-0.132139	-0.151800
216	4195149													9.617268	-0.321563	1.921633	0.197112	-0.781065	-0.592523	-0.040267	-0.610321	0.791130	-0.979554	-0.132082	-0.151753
217	4195316													9.605505	-0.317158	1.969988	0.197042	-0.781012	-0.592616	-0.040237	-0.610400	0.791071	-0.979569	-0.132029	-0.151700
218	4195482													9.612141	-0.291534	1.991883	0.196873	-0.780985	-0.592709	-0.040217	-0.610464	0.791022	-0.979604	-0.131894	-0.151593
219	4195649													9.604877	-0.294289	1.996938	0.196680	-0.780934	-0.592841	-0.040234	-0.610570	0.790940	-0.979642	-0.131710	-0.151507
220	4195816													9.600216	-0.280725	1.982293	0.196451	-0.780955	-0.592889	-0.040246	-0.610584	0.790928	-0.979687	-0.131517	-0.151380
221	4195982													9.614845	-0.298257	2.012467	0.196219	-0.780957	-0.592962	-0.040274	-0.610626	0.790894	-0.979733	-0.131307	-0.151269
222	4196149													9.624620	-0.300107	1.955754	0.195990	-0.780995	-0.592987	-0.040280	-0.610617	0.790901	-0.979778	-0.131123	-0.151133
223	4196316													9.634432	-0.285729	1.955600	0.195832	-0.781013	-0.593017	-0.040258	-0.610619	0.790900	-0.979811	-0.131010	-0.151020
224	4196482													9.613734	-0.289673	1.983586	0.195709	-0.781068	-0.592984	-0.040231	-0.610563	0.790945	-0.979836	-0.130939	-0.150916
225	4196649													9.627835	-0.304558	1.956334	0.195568	-0.781083	-0.593011	-0.040193	-0.610563	0.790947	-0.979866	-0.130849	-0.150801
226	4196816													9.631001	-0.294694	1.992474	0.195410	-0.781091	-0.593052	-0.040195	-0.610581	0.790933	-0.979898	-0.130718	-0.150710
227	4196982													9.636619	-0.307289	1.976074	0.195294	-0.781099	-0.593081	-0.040272	-0.610602	0.790913	-0.979918	-0.130576	-0.150703
228	4197149													9.626505	-0.299622	1.951926	0.195197	-0.781146	-0.593051	-0.040402	-0.610574	0.790928	-0.979932	-0.130427	-0.150742
229	4197316													9.618672	-0.297563	1.931635	0.195075	-0.781175	-0.593053	-0.040562	-0.610578	0.790917	-0.979949	-0.130233	-0.150794
230	4197482													9.602348	-0.339586	1.937573	0.194949	-0.781211	-0.593047	-0.040804	-0.610584	0.790899	-0.979964	-0.129986	-0.150909
231	4197649													9.601625	-0.336543	1.923912	0.194878	-0.781269	-0.592993	-0.041158	-0.610566	0.790895	-0.979964	-0.129721	-0.151141
232	4197816													9.586463	-0.322690	1.915553	0.194839	-0.781444	-0.592776	-0.041618	-0.610400	0.790999	-0.979952	-0.129447	-0.151452
233	4197982													9.632751	-0.358409	1.873438	0.194595	-0.781547	-0.592720	-0.042084	-0.610367	0.791000	-0.979980	-0.128981	-0.151665
234	4198149													9.676607	-0.356645	1.979142	0.194388	-0.781563	-0.592767	-0.042419	-0.610427	0.790936	-0.980007	-0.128604	-0.151813
235	4198316													9.679061	-0.315769	1.954975	0.194222	-0.781541	-0.592850	-0.042730	-0.610525	0.790843	-0.980026	-0.128267	-0.151973
236	4198482													9.637659	-0.335943	1.921850	0.194088	-0.781460	-0.593001	-0.043084	-0.610704	0.790686	-0.980038	-0.127913	-0.152199
237	4198649													9.603513	-0.364746	1.937450	0.194014	-0.781211	-0.593353	-0.043347	-0.611082	0.790379	-0.980041	-0.127625	-0.152422
238	4198816													9.600603	-0.326707	1.910725	0.193918	-0.780993	-0.593671	-0.043537	-0.611413	0.790113	-0.980051	-0.127370	-0.152567
239	4198982													9.585928	-0.306457	1.906834	0.193776	-0.780867	-0.593884	-0.043730	-0.611631	0.789933	-0.980071	-0.127100	-0.152667
240	4199149													9.604795	-0.352744	1.905070	0.193534	-0.780844	-0.593993	-0.043970	-0.611735	0.789840	-0.980108	-0.126743	-0.152725
241	4199316													9.611002	-0.378485	1.895132	0.193261	-0.780889	-0.594022	-0.044266	-0.611759	0.789805	-0.980148	-0.126344	-0.152796
242	4199482													9.602689	-0.371672	1.908804	0.193006	-0.780973	-0.593995	-0.044556	-0.611729	0.789811	-0.980185	-0.125972	-0.152864
243	4199649													9.613358	-0.390236	1.901379	0.192832	-0.781074	-0.593918	-0.044834	-0.611660	0.789850	-0.980207	-0.125680	-0.152966
244	4199816													9.628352	-0.399030	1.894079	0.192631	-0.781261	-0.593738	-0.045085	-0.611477	0.789976	-0.980235	-0.125406	-0.153012
245	4199982													9.633774	-0.408945	1.900215	0.192529	-0.781371	-0.593627	-0.045317	-0.611379	0.790040	-0.980244	-0.125204	-0.153117
246	4200149													9.641923	-0.428418	1.932969	0.192490	-0.781374	-0.593635	-0.045482	-0.611402	0.790012	-0.980244	-0.125069	-0.153227
247	4200316													9.635714	-0.420206	1.927712	0.192469	-0.781371	-0.593646	-0.045649	-0.611431	0.789980	-0.980241	-0.124947	-0.153350
248	4200482													9.626624	-0.429227	1.905316	0.192501	-0.781319	-0.593703	-0.045752	-0.611507	0.789915	-0.980230	-0.124897	-0.153463
249	4200649													9.636455	-0.394504	1.944504	0.192635	-0.781192	-0.593827	-0.045781	-0.611657	0.789797	-0.980202	-0.124957	-0.153590
250	4200816													9.631724	-0.367072	1.884557	0.192625	-0.781202	-0.593818	-0.045779	-0.611646	0.789806	-0.980204	-0.124952	-0.153581
251	4200982													9.662683	-0.401637	1.901838	0.192748	-0.781252	-0.593712	-0.045824	-0.611564	0.789867	-0.980178	-0.125039	-0.153678
252	4201149													9.611872	-0.409308	1.975791	0.192917	-0.781173	-0.593760	-0.045819	-0.611639	0.789809	-0.980145	-0.125162	-0.153788
253	4201316													9.615051	-0.375688	1.959379	0.193075	-0.781170	-0.593714	-0.045773	-0.611612	0.789833	-0.980116	-0.125320	-0.153843
254	4201482													9.634760	-0.371664	1.958074	0.193259	-0.781178	-0.593643	-0.045682	-0.611558	0.789880	-0.980084	-0.125533	-0.153875
255	4201649													9.617029	-0.401916	1.921671	0.193419	-0.781173	-0.593597	-0.045604	-0.611526	0.789909	-0.980056	-0.125713	-0.153905
256	4201816													9.609858	-0.397663	1.939166	0.193628	-0.781207	-0.593484	-0.045507	-0.611433	0.789986	-0.980019	-0.125956	-0.153941
257	4201982													9.610724	-0.398904	1.924304	0.193829	-0.781170	-0.593468	-0.045410	-0.611436	0.789990	-0.979984	-0.126173	-0.153987
258	4202149													9.619826	-0.407122	1.937285	0.194009	-0.781137	-0.593452	-0.045307	-0.611435	0.789996	-0.979953	-0.126379	-0.154015
259	4202316													9.635536	-0.419160	1.921439	0.194203	-0.781085	-0.593457	-0.045169	-0.611453	0.789990	-0.979921	-0.126612	-0.154027
260	4202482													9.641033	-0.383226	1.930669	0.194407	-0.781085	-0.593390	-0.044981	-0.611394	0.790047	-0.979889	-0.126900	-0.153993
261	4202649													9.622247	-0.391073	1.917573	0.194622	-0.780981	-0.593457	-0.044791	-0.611471	0.789998	-0.979855	-0.127170	-0.153987
262	4202816													9.617072	-0.383570	1.954995	0.194800	-0.780885	-0.593525	-0.044623	-0.611546	0.789950	-0.979827	-0.127398	-0.153975
263	4202982													9.602020	-0.397667	1.939334	0.195009	-0.780850	-0.593502	-0.044438	-0.611532	0.789971	-0.979794	-0.127677	-0.153953
264	4203149													9.608789	-0.375348	1.920352	0.195256	-0.780819	-0.593461	-0.044268	-0.611508	0.789999	-0.979753	-0.127980	-0.153966
265	4203316													9.619226	-0.352847	1.957820	0.195484	-0.780741	-0.593490	-0.044094	-0.611550	0.789976	-0.979715	-0.128258	-0.153974
266	4203482													9.626992	-0.337984	1.970587	0.195740	-0.780701	-0.593457	-0.043901	-0.611533	0.790000	-0.979673	-0.128582	-0.153975
267	4203649													9.601473	-0.343770	1.987466	0.195984	-0.780652	-0.593441	-0.043720	-0.611531	0.790011	-0.979632	-0.128884	-0.153980
268	4203816													9.607767	-0.328775	1.965187	0.196217	-0.780583	-0.593456	-0.043575	-0.611564	0.789994	-0.979592	-0.129150	-0.154013
269	4203982													9.633265	-0.344975	1.982388	0.196445	-0.780632	-0.593316	-0.043466	-0.611445	0.790092	-0.979551	-0.129421	-0.154046
270	4204149													9.624682	-0.370595	1.972990	0.196617	-0.780694	-0.593176	-0.043369	-0.611318	0.790196	-0.979521	-0.129640	-0.154053
271	4204316													9.636373	-0.378002	1.930201	0.196869	-0.780698	-0.593088	-0.043303	-0.611260	0.790244	-0.979473	-0.129892	-0.154145
272	4204482													9.587139	-0.359362	1.975372	0.197109	-0.780730	-0.592966	-0.043227	-0.611165	0.790322	-0.979428	-0.130148	-0.154215
273	4204649													9.591277	-0.363053	1.988264	0.197245	-0.780724	-0.592928	-0.043197	-0.611144	0.790340	-0.979402	-0.130278	-0.154270
274	4204816													9.591434	-0.391781	1.970848	0.197330	-0.780658	-0.592987	-0.043192	-0.611217	0.790284	-0.979385	-0.130334	-0.154329
275	4204982													9.593924	-0.371500	1.985096	0.197352	-0.780612	-0.593041	-0.043216	-0.611278	0.790235	-0.979380	-0.130325	-0.154372
276	4205149													9.583838	-0.359545	1.992827	0.197351	-0.780618	-0.593033	-0.043170	-0.611264	0.790248	-0.979382	-0.130355	-0.154333
277	4205316													9.607579	-0.348490	1.986024	0.197332	-0.780499	-0.593195	-0.043084	-0.611413	0.790138	-0.979390	-0.130362	-0.154278
278	4205482													9.602281	-0.338409	1.973629	0.197238	-0.780354	-0.593418	-0.043064	-0.611621	0.789978	-0.979409	-0.130259	-0.154240
279	4205649													9.631379	-0.355925	2.001584	0.197098	-0.780212	-0.593651	-0.043018	-0.611829	0.789820	-0.979440	-0.130134	-0.154153
280	4205816													9.605412	-0.343050	1.997930	0.196939	-0.780111	-0.593836	-0.043007	-0.611990	0.789696	-0.979472	-0.129983	-0.154075
281	4205982													9.605918	-0.356980	1.947771	0.196849	-0.780024	-0.593981	-0.043049	-0.612127	0.789587	-0.979488	-0.129859	-0.154075
282	4206149													9.556232	-0.329370	1.909234	0.196719	-0.780074	-0.593958	-0.043182	-0.612101	0.789600	-0.979509	-0.129681	-0.154097
