// Start Time: Unknown
// Update Rate: 60.0Hz
//Filter Profile: human (46.1)
// Option Flags: AHS Disabled ICC Disabled
// Firmware Version: 4.0.2
0	sampleTimeFine	Year	Month	Day	Second	UTC_Nano	UTC_Year	UTC_Month	UTC_Day	UTC_Hour	UTC_Minute	UTC_Second	UTC_Valid	Acc_X	Acc_Y	Acc_Z	Mat[1][1]	Mat[2][1]	Mat[3][1]	Mat[1][2]	Mat[2][2]	Mat[3][2]	Mat[1][3]	Mat[2][3]	Mat[3][3]
0	3799358													-0.118937	-0.507095	0.045239	-0.252186	-0.941017	0.225586	0.006898	0.231367	0.972842	-0.967654	0.246893	-0.051856
1	3799525													9.447417	0.069103	-2.485242	-0.252221	-0.941181	0.224861	0.006513	0.230717	0.972999	-0.967648	0.246875	-0.052062
2	3799691													9.419787	0.081777	-2.451794	-0.252652	-0.941074	0.224827	0.006415	0.230731	0.972996	-0.967536	0.247272	-0.052257
3	3799858													9.431385	0.097648	-2.438995	-0.252713	-0.941146	0.224455	0.006589	0.230306	0.973096	-0.967519	0.247393	-0.052000
4	3800025													9.446766	0.120325	-2.458282	-0.252549	-0.941149	0.224629	0.006941	0.230387	0.973074	-0.967559	0.247308	-0.051652
5	3800191													9.454885	0.106303	-2.461879	-0.252432	-0.941188	0.224596	0.007420	0.230223	0.973110	-0.967586	0.247310	-0.051132
6	3800358													9.454479	0.119438	-2.450399	-0.252338	-0.941206	0.224625	0.007777	0.230157	0.973122	-0.967608	0.247302	-0.050758
7	3800525													9.438309	0.118201	-2.447563	-0.252245	-0.941179	0.224842	0.008063	0.230303	0.973086	-0.967630	0.247269	-0.050504
8	3800691													9.455400	0.089301	-2.462340	-0.252157	-0.941130	0.225148	0.008298	0.230555	0.973024	-0.967651	0.247223	-0.050327
9	3800858													9.436539	0.084667	-2.476412	-0.252109	-0.941120	0.225243	0.008468	0.230607	0.973010	-0.967662	0.247212	-0.050168
10	3801025													9.447432	0.070097	-2.472654	-0.252143	-0.941097	0.225300	0.008560	0.230644	0.973001	-0.967652	0.247263	-0.050100
11	3801191													9.454522	0.082260	-2.495242	-0.252178	-0.941063	0.225403	0.008596	0.230743	0.972977	-0.967643	0.247301	-0.050099
12	3801358													9.460174	0.088086	-2.483308	-0.252177	-0.941039	0.225507	0.008639	0.230840	0.972953	-0.967643	0.247304	-0.050083
13	3801525													9.438630	0.103875	-2.482009	-0.252175	-0.941002	0.225663	0.008697	0.230986	0.972918	-0.967643	0.247308	-0.050065
14	3801691													9.441749	0.089208	-2.487123	-0.252181	-0.940993	0.225691	0.008727	0.231008	0.972913	-0.967641	0.247320	-0.050043
15	3801858													9.432251	0.120114	-2.487117	-0.252237	-0.940952	0.225802	0.008735	0.231124	0.972885	-0.967626	0.247370	-0.050079
16	3802025													9.444695	0.143717	-2.477078	-0.252302	-0.940916	0.225879	0.008784	0.231194	0.972868	-0.967609	0.247441	-0.050066
17	3802191													9.458089	0.120522	-2.462026	-0.252319	-0.940884	0.225991	0.008820	0.231301	0.972842	-0.967604	0.247460	-0.050063
18	3802358													9.465577	0.103399	-2.437754	-0.252302	-0.940846	0.226167	0.008803	0.231487	0.972798	-0.967608	0.247430	-0.050122
19	3802525													9.445717	0.108970	-2.477618	-0.252255	-0.940821	0.226325	0.008734	0.231665	0.972756	-0.967621	0.247360	-0.050222
20	3802691													9.428211	0.111198	-2.480565	-0.252231	-0.940798	0.226447	0.008696	0.231800	0.972725	-0.967628	0.247320	-0.050286
21	3802858													9.431256	0.093092	-2.437950	-0.252268	-0.940776	0.226499	0.008632	0.231872	0.972708	-0.967619	0.247338	-0.050373
22	3803025													9.456644	0.099690	-2.440626	-0.252268	-0.940746	0.226623	0.008574	0.232016	0.972674	-0.967619	0.247318	-0.050464
23	3803191													9.407292	0.130453	-2.450660	-0.252289	-0.940726	0.226683	0.008478	0.232103	0.972654	-0.967615	0.247312	-0.050581
24	3803358													9.394410	0.178031	-2.474235	-0.252413	-0.940665	0.226799	0.008515	0.232221	0.972626	-0.967582	0.247434	-0.050606
25	3803525													9.435850	0.122088	-2.477803	-0.252612	-0.940544	0.227077	0.008563	0.232506	0.972557	-0.967530	0.247624	-0.050680
26	3803691													9.494484	0.094748	-2.497345	-0.252863	-0.940455	0.227167	0.008466	0.232638	0.972527	-0.967465	0.247839	-0.050864
27	3803858													9.515473	0.112748	-2.477368	-0.253016	-0.940391	0.227260	0.008244	0.232799	0.972490	-0.967427	0.247929	-0.051149
28	3804025													9.480355	0.103097	-2.456335	-0.253065	-0.940372	0.227287	0.008009	0.232890	0.972470	-0.967416	0.247918	-0.051405
29	3804191													9.449756	0.070921	-2.479706	-0.253073	-0.940366	0.227300	0.007787	0.232961	0.972455	-0.967416	0.247872	-0.051633
30	3804358													9.443855	0.060115	-2.467298	-0.253025	-0.940396	0.227230	0.007581	0.232939	0.972462	-0.967430	0.247780	-0.051811
31	3804525													9.445280	0.061889	-2.447859	-0.252942	-0.940464	0.227043	0.007363	0.232796	0.972498	-0.967453	0.247657	-0.051960
32	3804691													9.439874	0.088846	-2.437560	-0.252829	-0.940547	0.226822	0.007130	0.232621	0.972541	-0.967485	0.247504	-0.052107
33	3804858													9.423014	0.101073	-2.451488	-0.252663	-0.940643	0.226611	0.006961	0.232437	0.972586	-0.967529	0.247314	-0.052180
34	3805025													9.426948	0.130597	-2.451182	-0.252540	-0.940729	0.226388	0.006868	0.232224	0.972638	-0.967562	0.247185	-0.052185
35	3805191													9.446562	0.140867	-2.455509	-0.252445	-0.940780	0.226283	0.006762	0.232137	0.972660	-0.967588	0.247073	-0.052240
36	3805358													9.446012	0.139651	-2.453690	-0.252437	-0.940780	0.226294	0.006677	0.232169	0.972653	-0.967590	0.247044	-0.052327
37	3805525													9.469772	0.133800	-2.459522	-0.252450	-0.940755	0.226385	0.006560	0.232293	0.972624	-0.967588	0.247024	-0.052471
38	3805691													9.463829	0.103935	-2.476931	-0.252472	-0.940713	0.226532	0.006450	0.232475	0.972581	-0.967583	0.247011	-0.052625
39	3805858													9.421021	0.097816	-2.455624	-0.252521	-0.940684	0.226597	0.006308	0.232581	0.972557	-0.967571	0.247021	-0.052798
40	3806025													9.404677	0.108860	-2.453711	-0.252666	-0.940628	0.226667	0.006271	0.232672	0.972535	-0.967533	0.247148	-0.052889
41	3806191													9.415704	0.092035	-2.487858	-0.252903	-0.940531	0.226807	0.006275	0.232828	0.972498	-0.967471	0.247370	-0.052981
42	3806358													9.434358	0.090118	-2.502237	-0.253217	-0.940420	0.226919	0.006227	0.232974	0.972463	-0.967390	0.247657	-0.053137
43	3806525													9.450081	0.092842	-2.483988	-0.253541	-0.940322	0.226962	0.006190	0.233047	0.972446	-0.967305	0.247960	-0.053267
44	3806691													9.441848	0.135632	-2.515549	-0.253816	-0.940264	0.226895	0.006133	0.233007	0.972456	-0.967233	0.248216	-0.053375
45	3806858													9.455610	0.124448	-2.528167	-0.254030	-0.940201	0.226918	0.006118	0.233048	0.972446	-0.967177	0.248418	-0.053449
46	3807025													9.450965	0.111842	-2.498785	-0.254178	-0.940145	0.226984	0.006058	0.233139	0.972425	-0.967139	0.248544	-0.053563
47	3807191													9.465622	0.111313	-2.509296	-0.254221	-0.940115	0.227058	0.005964	0.233242	0.972400	-0.967128	0.248559	-0.053688
48	3807358													9.458389	0.113423	-2.516069	-0.254211	-0.940116	0.227066	0.005845	0.233281	0.972392	-0.967131	0.248520	-0.053808
49	3807525													9.455066	0.115097	-2.508216	-0.254168	-0.940116	0.227113	0.005709	0.233362	0.972373	-0.967143	0.248443	-0.053946
50	3807691													9.438519	0.099100	-2.483211	-0.254096	-0.940127	0.227149	0.005555	0.233435	0.972356	-0.967163	0.248334	-0.054093
51	3807858													9.431581	0.113080	-2.476781	-0.254009	-0.940181	0.227024	0.005406	0.233339	0.972380	-0.967187	0.248220	-0.054188
52	3808025													9.449220	0.096268	-2.467276	-0.253912	-0.940222	0.226959	0.005252	0.233306	0.972389	-0.967213	0.248093	-0.054301
53	3808191													9.450169	0.088245	-2.478476	-0.253765	-0.940284	0.226869	0.005072	0.233250	0.972403	-0.967252	0.247913	-0.054422
54	3808358													9.446417	0.091859	-2.454314	-0.253613	-0.940370	0.226682	0.004893	0.233093	0.972442	-0.967293	0.247733	-0.054515
55	3808525													9.433560	0.115184	-2.442271	-0.253468	-0.940480	0.226390	0.004757	0.232818	0.972509	-0.967332	0.247577	-0.054538
56	3808691													9.422580	0.107762	-2.446526	-0.253375	-0.940583	0.226063	0.004630	0.232507	0.972584	-0.967357	0.247476	-0.054556
57	3808858													9.434785	0.131476	-2.465441	-0.253337	-0.940638	0.225875	0.004500	0.232344	0.972623	-0.967368	0.247418	-0.054628
58	3809025													9.443748	0.134751	-2.478287	-0.253345	-0.940664	0.225760	0.004353	0.232263	0.972643	-0.967366	0.247397	-0.054748
59	3809191													9.454711	0.121393	-2.447320	-0.253339	-0.940705	0.225597	0.004168	0.232141	0.972673	-0.967369	0.247356	-0.054889
60	3809358													9.440969	0.100671	-2.473836	-0.253354	-0.940714	0.225542	0.004006	0.232127	0.972677	-0.967365	0.247335	-0.055042
61	3809525													9.422541	0.101689	-2.463561	-0.253405	-0.940753	0.225320	0.003880	0.231932	0.972724	-0.967353	0.247367	-0.055123
62	3809691													9.434332	0.086727	-2.454877	-0.253495	-0.940747	0.225247	0.003788	0.231885	0.972736	-0.967329	0.247437	-0.055218
63	3809858													9.439342	0.058804	-2.479098	-0.253584	-0.940757	0.225102	0.003709	0.231762	0.972766	-0.967306	0.247513	-0.055282
64	3810025													9.435977	0.073348	-2.489233	-0.253673	-0.940776	0.224925	0.003673	0.231592	0.972806	-0.967283	0.247601	-0.055293
65	3810191													9.443559	0.096046	-2.483626	-0.253733	-0.940831	0.224628	0.003668	0.231290	0.972878	-0.967267	0.247675	-0.055235
66	3810358													9.438519	0.108534	-2.475394	-0.253764	-0.940875	0.224407	0.003691	0.231057	0.972933	-0.967259	0.247724	-0.055161
67	3810525													9.443047	0.104718	-2.498081	-0.253770	-0.940930	0.224168	0.003709	0.230807	0.972993	-0.967257	0.247748	-0.055082
68	3810692													9.434050	0.123547	-2.505434	-0.253779	-0.940997	0.223876	0.003700	0.230507	0.973064	-0.967255	0.247772	-0.055016
69	3810858													9.454276	0.132971	-2.498439	-0.253761	-0.941023	0.223788	0.003719	0.230410	0.973086	-0.967260	0.247763	-0.054970
70	3811025													9.448580	0.130929	-2.505029	-0.253712	-0.941100	0.223518	0.003709	0.230131	0.973153	-0.967273	0.247730	-0.054897
71	3811192													9.456881	0.121577	-2.477257	-0.253650	-0.941169	0.223297	0.003665	0.229910	0.973205	-0.967289	0.247672	-0.054867
72	3811358													9.449302	0.117443	-2.500699	-0.253570	-0.941234	0.223116	0.003582	0.229739	0.973246	-0.967310	0.247585	-0.054883
73	3811525													9.401938	0.133224	-2.492827	-0.253510	-0.941304	0.222887	0.003517	0.229516	0.973299	-0.967326	0.247525	-0.054874
74	3811692													9.426439	0.121387	-2.481713	-0.253485	-0.941354	0.222707	0.003491	0.229334	0.973341	-0.967333	0.247505	-0.054847
75	3811858													9.462412	0.127635	-2.464393	-0.253464	-0.941408	0.222500	0.003460	0.229127	0.973390	-0.967339	0.247489	-0.054819
76	3812025													9.427387	0.120497	-2.483865	-0.253427	-0.941441	0.222405	0.003403	0.229041	0.973411	-0.967348	0.247446	-0.054842
77	3812192													9.405207	0.136822	-2.498721	-0.253441	-0.941467	0.222279	0.003396	0.228914	0.973441	-0.967345	0.247464	-0.054819
78	3812358													9.417834	0.150480	-2.486748	-0.253538	-0.941442	0.222271	0.003419	0.228906	0.973443	-0.967319	0.247565	-0.054818
79	3812525													9.488003	0.096232	-2.492355	-0.253668	-0.941411	0.222256	0.003337	0.228919	0.973440	-0.967286	0.247672	-0.054927
80	3812692													9.535166	0.109140	-2.481141	-0.253688	-0.941448	0.222078	0.003069	0.228805	0.973468	-0.967281	0.247639	-0.055155
81	3812858													9.471546	0.125164	-2.477089	-0.253520	-0.941533	0.221908	0.002868	0.228669	0.973500	-0.967326	0.247438	-0.055272
82	3813025													9.429115	0.091179	-2.448635	-0.253318	-0.941622	0.221759	0.002669	0.228555	0.973527	-0.967379	0.247204	-0.055384
83	3813192													9.412088	0.075707	-2.445193	-0.253109	-0.941730	0.221540	0.002437	0.228375	0.973570	-0.967435	0.246959	-0.055509
84	3813358													9.426264	0.061912	-2.449907	-0.252898	-0.941863	0.221217	0.002208	0.228087	0.973638	-0.967490	0.246720	-0.055603
85	3813525													9.451467	0.084413	-2.431587	-0.252704	-0.942009	0.220814	0.001986	0.227716	0.973726	-0.967542	0.246503	-0.055674
86	3813692													9.448194	0.114222	-2.446981	-0.252477	-0.942157	0.220442	0.001773	0.227372	0.973806	-0.967601	0.246255	-0.055736
87	3813858													9.422845	0.145104	-2.456964	-0.252266	-0.942282	0.220152	0.001644	0.227092	0.973872	-0.967656	0.246037	-0.055739
88	3814025													9.415174	0.136068	-2.450213	-0.252133	-0.942370	0.219924	0.001580	0.226865	0.973925	-0.967691	0.245907	-0.055711
89	3814192													9.460738	0.154285	-2.450947	-0.252096	-0.942415	0.219775	0.001513	0.226727	0.973957	-0.967701	0.245864	-0.055732
90	3814358													9.469611	0.140355	-2.440830	-0.252098	-0.942437	0.219681	0.001454	0.226644	0.973977	-0.967701	0.245857	-0.055766
91	3814525													9.473016	0.122880	-2.470386	-0.252130	-0.942435	0.219652	0.001373	0.226637	0.973978	-0.967693	0.245870	-0.055847
92	3814692													9.458552	0.105492	-2.433704	-0.252153	-0.942434	0.219630	0.001306	0.226633	0.973979	-0.967686	0.245879	-0.055916
93	3814858													9.386128	0.144826	-2.434067	-0.252198	-0.942426	0.219613	0.001304	0.226617	0.973983	-0.967675	0.245923	-0.055923
94	3815025													9.405335	0.079223	-2.468621	-0.252338	-0.942399	0.219568	0.001333	0.226573	0.973993	-0.967638	0.246068	-0.055917
95	3815192													9.423624	0.078761	-2.489543	-0.252533	-0.942387	0.219395	0.001298	0.226414	0.974030	-0.967588	0.246259	-0.055954
96	3815358													9.436275	0.090853	-2.502837	-0.252701	-0.942403	0.219132	0.001263	0.226161	0.974089	-0.967544	0.246430	-0.055961
97	3815525													9.449373	0.125725	-2.505898	-0.252832	-0.942442	0.218812	0.001259	0.225839	0.974164	-0.967510	0.246575	-0.055913
98	3815692													9.493872	0.133021	-2.551066	-0.252862	-0.942502	0.218521	0.001325	0.225523	0.974237	-0.967501	0.246637	-0.055777
99	3815858													9.500842	0.131368	-2.524820	-0.252762	-0.942585	0.218278	0.001434	0.225238	0.974303	-0.967527	0.246580	-0.055580
100	3816025													9.473818	0.141146	-2.508916	-0.252492	-0.942706	0.218067	0.001451	0.225000	0.974358	-0.967598	0.246334	-0.055443
101	3816192													9.469718	0.147531	-2.500147	-0.252098	-0.942849	0.217903	0.001390	0.224823	0.974399	-0.967701	0.245947	-0.055367
102	3816358													9.448732	0.126083	-2.490949	-0.251655	-0.943003	0.217749	0.001292	0.224662	0.974436	-0.967816	0.245503	-0.055319
103	3816525													9.435503	0.103113	-2.499957	-0.251190	-0.943171	0.217561	0.001165	0.224473	0.974480	-0.967937	0.245033	-0.055287
104	3816692													9.425925	0.073656	-2.480783	-0.250751	-0.943354	0.217271	0.000970	0.224197	0.974543	-0.968051	0.244578	-0.055303
105	3816858													9.458597	0.095892	-2.457605	-0.250292	-0.943570	0.216865	0.000759	0.223803	0.974634	-0.968170	0.244108	-0.055299
106	3817025													9.436694	0.085577	-2.433404	-0.249826	-0.943797	0.216413	0.000572	0.223357	0.974737	-0.968291	0.243638	-0.055260
107	3817192													9.424583	0.097265	-2.425969	-0.249461	-0.944020	0.215859	0.000391	0.222808	0.974862	-0.968385	0.243274	-0.055213
108	3817358													9.426197	0.110749	-2.409753	-0.249177	-0.944228	0.215276	0.000246	0.222226	0.974995	-0.968458	0.242999	-0.055141
109	3817525													9.444837	0.119207	-2.390403	-0.248990	-0.944413	0.214682	0.000120	0.221633	0.975130	-0.968506	0.242823	-0.055071
110	3817692													9.456364	0.129617	-2.391952	-0.248855	-0.944575	0.214125	-0.000034	0.221089	0.975254	-0.968541	0.242690	-0.055052
111	3817858													9.465490	0.140496	-2.395376	-0.248758	-0.944704	0.213667	-0.000212	0.220654	0.975352	-0.968566	0.242581	-0.055090
112	3818025													9.446800	0.122524	-2.383085	-0.248703	-0.944814	0.213243	-0.000369	0.220253	0.975443	-0.968580	0.242517	-0.055127
113	3818192													9.453751	0.118026	-2.391746	-0.248711	-0.944885	0.212920	-0.000459	0.219942	0.975513	-0.968578	0.242523	-0.055136
114	3818358													9.452723	0.104984	-2.388555	-0.248770	-0.944942	0.212598	-0.000576	0.219642	0.975580	-0.968562	0.242573	-0.055184
115	3818525													9.460262	0.088171	-2.403508	-0.248850	-0.944992	0.212280	-0.000624	0.219332	0.975650	-0.968542	0.242658	-0.055171
116	3818692													9.484420	0.093400	-2.427887	-0.248909	-0.945051	0.211950	-0.000632	0.218996	0.975726	-0.968527	0.242733	-0.055107
117	3818858													9.470112	0.087757	-2.423910	-0.248888	-0.945133	0.211611	-0.000584	0.218632	0.975807	-0.968532	0.242743	-0.054967
118	3819025													9.442264	0.102505	-2.451977	-0.248815	-0.945234	0.211244	-0.000544	0.218239	0.975895	-0.968551	0.242703	-0.054816
119	3819192													9.456466	0.119578	-2.466095	-0.248688	-0.945355	0.210851	-0.000509	0.217818	0.975989	-0.968584	0.242609	-0.054650
120	3819358													9.481500	0.120212	-2.461762	-0.248442	-0.945492	0.210525	-0.000471	0.217457	0.976070	-0.968647	0.242398	-0.054471
121	3819525													9.495178	0.108440	-2.484943	-0.248092	-0.945655	0.210207	-0.000462	0.217106	0.976148	-0.968736	0.242078	-0.054299
122	3819692													9.517667	0.122857	-2.474111	-0.247651	-0.945845	0.209869	-0.000519	0.216747	0.976228	-0.968849	0.241655	-0.054168
123	3819858													9.489898	0.108526	-2.453054	-0.247024	-0.946084	0.209532	-0.000583	0.216378	0.976310	-0.969009	0.241050	-0.054003
124	3820025													9.454045	0.113830	-2.437546	-0.246357	-0.946327	0.209223	-0.000631	0.216033	0.976386	-0.969179	0.240407	-0.053818
125	3820192													9.446968	0.095671	-2.410022	-0.245705	-0.946574	0.208870	-0.000656	0.215638	0.976473	-0.969345	0.239787	-0.053604
126	3820358													9.431528	0.118160	-2.410548	-0.245093	-0.946818	0.208480	-0.000677	0.215206	0.976568	-0.969499	0.239209	-0.053386
127	3820525													9.425799	0.141716	-2.421660	-0.244532	-0.947052	0.208079	-0.000728	0.214773	0.976664	-0.969641	0.238674	-0.053209
128	3820692													9.432955	0.134466	-2.427632	-0.243987	-0.947287	0.207650	-0.000774	0.214311	0.976765	-0.969778	0.238157	-0.053022
129	3820858													9.480192	0.153777	-2.452533	-0.243488	-0.947505	0.207240	-0.000802	0.213867	0.976862	-0.969903	0.237689	-0.052834
130	3821025													9.544810	0.083806	-2.463780	-0.242914	-0.947748	0.206802	-0.000995	0.213431	0.976958	-0.970047	0.237111	-0.052788
131	3821192													9.600016	0.104431	-2.434837	-0.242089	-0.948071	0.206289	-0.001344	0.212941	0.977064	-0.970253	0.236259	-0.052825
132	3821358													9.593748	0.101348	-2.466501	-0.240911	-0.948479	0.205791	-0.001637	0.212433	0.977174	-0.970546	0.235075	-0.052730
133	3821525													9.602751	0.061443	-2.443950	-0.239337	-0.948975	0.205340	-0.001870	0.211937	0.977282	-0.970935	0.233515	-0.052499
134	3821692													9.633886	0.029424	-2.439766	-0.237294	-0.949599	0.204826	-0.002035	0.211334	0.977412	-0.971436	0.231517	-0.052081
135	3821858													9.655462	0.011201	-2.457561	-0.234651	-0.950392	0.204190	-0.002167	0.210566	0.977577	-0.972077	0.228947	-0.051468
136	3822025													9.648090	0.015013	-2.440791	-0.231385	-0.951348	0.203466	-0.002288	0.209673	0.977769	-0.972860	0.225775	-0.050691
137	3822192													9.626259	0.034594	-2.427841	-0.227534	-0.952460	0.202604	-0.002425	0.208615	0.977995	-0.973767	0.222036	-0.049777
138	3822358													9.628651	0.079655	-2.388090	-0.223175	-0.953694	0.201645	-0.002584	0.207441	0.978244	-0.974775	0.217799	-0.048760
139	3822525													9.620916	0.092150	-2.343244	-0.218388	-0.955022	0.200598	-0.002737	0.206159	0.978515	-0.975858	0.213147	-0.047636
140	3822692													9.697783	0.103599	-2.313196	-0.213187	-0.956381	0.199717	-0.002935	0.205042	0.978749	-0.977007	0.208070	-0.046519
141	3822858													9.780726	0.111875	-2.275694	-0.207362	-0.957847	0.198821	-0.003265	0.203915	0.978983	-0.978259	0.202355	-0.045411
142	3823025													9.801169	0.089540	-2.226996	-0.200887	-0.959408	0.197942	-0.003671	0.202797	0.979214	-0.979608	0.195984	-0.044261
143	3823192													9.849941	0.067712	-2.168073	-0.193581	-0.961089	0.197062	-0.004124	0.201657	0.979447	-0.981076	0.188790	-0.043000
144	3823358													9.816297	0.098286	-2.132663	-0.185443	-0.962884	0.196125	-0.004571	0.200430	0.979697	-0.982644	0.180781	-0.041570
145	3823525													9.813593	0.048028	-2.066755	-0.176539	-0.964744	0.195199	-0.005004	0.199191	0.979948	-0.984281	0.172023	-0.039993
146	3823692													9.750659	0.061132	-2.012552	-0.166949	-0.966656	0.194173	-0.005551	0.197856	0.980215	-0.985950	0.162568	-0.038398
147	3823858													9.690955	0.110326	-1.933625	-0.156828	-0.968546	0.193191	-0.006040	0.196549	0.980475	-0.987608	0.152599	-0.036674
148	3824025													9.665155	0.123281	-1.809356	-0.146348	-0.970360	0.192314	-0.006419	0.195335	0.980716	-0.989212	0.142291	-0.034816
149	3824192													9.725414	0.126828	-1.694250	-0.135560	-0.972069	0.191588	-0.006740	0.194273	0.980924	-0.990746	0.131683	-0.032888
150	3824358													9.820544	0.128440	-1.610724	-0.124316	-0.973685	0.191008	-0.007072	0.193366	0.981101	-0.992217	0.120616	-0.030924
151	3824525													9.921215	0.127085	-1.552205	-0.112421	-0.975221	0.190541	-0.007471	0.192581	0.981253	-0.993633	0.108890	-0.028936
152	3824692													9.972395	0.146013	-1.480410	-0.099618	-0.976658	0.190304	-0.007832	0.192019	0.981360	-0.994995	0.096270	-0.026778
153	3824858													10.000392	0.115713	-1.350252	-0.085776	-0.977974	0.190288	-0.008201	0.191679	0.981423	-0.996281	0.082622	-0.024462
154	3825025													10.027347	0.100672	-1.174386	-0.070748	-0.979157	0.190385	-0.008617	0.191456	0.981463	-0.997457	0.067796	-0.021982
155	3825192													10.052952	0.032459	-1.051766	-0.054585	-0.980156	0.190564	-0.009166	0.191333	0.981482	-0.998467	0.051827	-0.019428
156	3825358													10.004853	-0.003347	-0.939077	-0.037350	-0.980957	0.190599	-0.009929	0.191087	0.981523	-0.999253	0.034767	-0.016877
157	3825525													9.901107	-0.023930	-0.818753	-0.019184	-0.981499	0.190505	-0.010822	0.190733	0.981582	-0.999757	0.016769	-0.014281
158	3825692													9.842353	-0.078949	-0.643793	-0.000254	-0.981745	0.190204	-0.011801	0.190194	0.981676	-0.999930	-0.001995	-0.011634
159	3825858													9.753175	-0.050546	-0.409319	0.019286	-0.981660	0.189663	-0.013015	0.189436	0.981807	-0.999729	-0.021403	-0.009122
160	3826025													9.756836	0.018397	-0.157086	0.039234	-0.981212	0.188904	-0.014509	0.188470	0.981972	-0.999125	-0.041267	-0.006842
161	3826192													9.708645	0.028927	0.066254	0.059523	-0.980350	0.188072	-0.016144	0.187436	0.982144	-0.998096	-0.061496	-0.004670
162	3826358													9.621013	0.053938	0.330656	0.079922	-0.979036	0.187351	-0.017701	0.186529	0.982290	-0.996644	-0.081823	-0.002422
163	3826525													9.649432	0.006254	0.631442	0.100285	-0.977258	0.186843	-0.019150	0.185859	0.982390	-0.994774	-0.102097	-0.000076
164	3826692													9.635015	-0.026867	0.929240	0.120430	-0.975051	0.186475	-0.020684	0.185337	0.982457	-0.992506	-0.122174	0.002152
165	3826858													9.489371	-0.029511	1.266691	0.140103	-0.972467	0.186224	-0.022354	0.184925	0.982498	-0.989885	-0.141814	0.004170
166	3827025													9.344021	-0.043010	1.493068	0.158864	-0.969590	0.186168	-0.024117	0.184695	0.982500	-0.987006	-0.160574	0.005958
167	3827192													9.313206	-0.071958	1.682132	0.176478	-0.966521	0.186261	-0.025966	0.184594	0.982472	-0.983962	-0.178221	0.007480
168	3827359													9.291425	-0.087455	1.837478	0.193082	-0.963297	0.186489	-0.027731	0.184632	0.982416	-0.980791	-0.194858	0.008936
169	3827525													9.451662	-0.127256	2.026029	0.208977	-0.959905	0.186847	-0.029306	0.184832	0.982333	-0.977481	-0.210760	0.010495
170	3827692													9.648486	-0.211201	2.264082	0.224740	-0.956264	0.187218	-0.030791	0.185068	0.982243	-0.973932	-0.226514	0.012148
171	3827859													9.649149	-0.245997	2.469721	0.240616	-0.952337	0.187503	-0.032183	0.185244	0.982165	-0.970087	-0.242360	0.013923
172	3828025													9.427197	-0.285927	2.586505	0.256391	-0.948183	0.187651	-0.033496	0.185307	0.982110	-0.965993	-0.258090	0.015750
173	3828192													9.338564	-0.296750	2.673159	0.271896	-0.943852	0.187660	-0.034623	0.185286	0.982075	-0.961704	-0.273520	0.017699
174	3828359													9.205082	-0.283770	2.721083	0.287033	-0.939400	0.187456	-0.035525	0.185117	0.982074	-0.957262	-0.288547	0.019763
175	3828525													9.177184	-0.292296	2.777517	0.301801	-0.934843	0.187041	-0.036178	0.184818	0.982107	-0.952684	-0.303168	0.021958
176	3828692													9.267411	-0.323233	2.941603	0.316375	-0.930145	0.186379	-0.036657	0.184337	0.982179	-0.947926	-0.317569	0.024223
177	3828859													9.517519	-0.254487	3.170123	0.331067	-0.925218	0.185379	-0.037104	0.183542	0.982311	-0.942877	-0.332090	0.026435
178	3829025													9.229944	-0.174712	3.416239	0.345911	-0.920006	0.184213	-0.037605	0.182582	0.982471	-0.937513	-0.346775	0.028561
179	3829192													8.991302	-0.154375	3.606748	0.360235	-0.914721	0.183075	-0.038234	0.181609	0.982627	-0.932078	-0.360977	0.030449
180	3829359													8.908165	-0.191086	3.734420	0.373849	-0.909466	0.181957	-0.038910	0.180631	0.982781	-0.926673	-0.374492	0.032141
181	3829525													8.892947	-0.240885	3.855025	0.386764	-0.904280	0.180809	-0.039649	0.179579	0.982944	-0.921326	-0.387336	0.033601
182	3829692													8.891815	-0.290586	3.900444	0.399213	-0.899107	0.179543	-0.040365	0.178399	0.983130	-0.915969	-0.399726	0.034926
183	3829859													9.107957	-0.345615	4.090441	0.411608	-0.893791	0.178090	-0.040981	0.177061	0.983346	-0.910439	-0.412051	0.036251
184	3830025													9.190484	-0.339769	4.274384	0.424461	-0.888103	0.176370	-0.041435	0.175532	0.983601	-0.904498	-0.424809	0.037708
185	3830192													8.982838	-0.296049	4.435781	0.437641	-0.882054	0.174503	-0.041728	0.173942	0.983871	-0.898181	-0.437864	0.039318
186	3830359													8.714678	-0.250844	4.514979	0.450657	-0.875867	0.172528	-0.041882	0.172309	0.984152	-0.891714	-0.450741	0.040969
187	3830525													8.550324	-0.250579	4.617755	0.463057	-0.869766	0.170547	-0.041993	0.170674	0.984432	-0.885333	-0.463010	0.042507
188	3830692													8.575852	-0.258565	4.698164	0.474846	-0.863790	0.168488	-0.042093	0.168938	0.984727	-0.879062	-0.474686	0.043860
189	3830859													8.625673	-0.256610	4.816109	0.486280	-0.857830	0.166311	-0.042239	0.167031	0.985046	-0.872782	-0.486033	0.044990
190	3831025													8.792796	-0.250162	4.945400	0.497803	-0.851627	0.164088	-0.042391	0.165077	0.985369	-0.866254	-0.497475	0.046074
191	3831192													8.687622	-0.250365	5.067846	0.509603	-0.845030	0.161955	-0.042457	0.163304	0.985662	-0.859361	-0.509173	0.047343
192	3831359													8.448525	-0.202114	5.195372	0.521391	-0.838185	0.159993	-0.042388	0.161823	0.985909	-0.852264	-0.520826	0.048844
193	3831525													8.306498	-0.213385	5.275163	0.532808	-0.831282	0.158384	-0.042084	0.160902	0.986073	-0.845189	-0.532053	0.050746
194	3831692													8.180549	-0.224414	5.317905	0.543769	-0.824395	0.157126	-0.041593	0.160523	0.986155	-0.838204	-0.542776	0.052998
195	3831859													8.239215	-0.146125	5.356122	0.554380	-0.817480	0.156171	-0.040933	0.160637	0.986164	-0.831256	-0.553102	0.055592
196	3832025													8.478051	-0.144112	5.326685	0.565288	-0.810057	0.155748	-0.040290	0.161471	0.986055	-0.823909	-0.563680	0.058641
197	3832192													8.068103	-0.384699	5.283891	0.576514	-0.802129	0.155629	-0.039927	0.162585	0.985886	-0.816111	-0.574591	0.061706
198	3832359													7.967454	-0.500515	5.443367	0.587532	-0.794150	0.155343	-0.039817	0.163366	0.985762	-0.808220	-0.585352	0.064362
199	3832525													8.265661	-0.364982	5.871593	0.598513	-0.786019	0.154777	-0.039917	0.163703	0.985702	-0.800118	-0.596134	0.066603
200	3832692													7.983104	-0.218561	6.299261	0.609376	-0.777716	0.154330	-0.040220	0.164073	0.985628	-0.791860	-0.606825	0.068703
201	3832859													7.697047	-0.227767	6.647311	0.619205	-0.769959	0.154107	-0.040590	0.164609	0.985523	-0.784180	-0.616496	0.070674
202	3833025													7.332185	-0.317738	6.867622	0.627427	-0.763279	0.154077	-0.041026	0.165193	0.985408	-0.777594	-0.624593	0.072332
203	3833192													7.233767	-0.371065	7.018064	0.633647	-0.758115	0.154121	-0.041370	0.165729	0.985303	-0.772515	-0.630710	0.073650
204	3833359													7.295121	-0.437654	7.074573	0.638050	-0.754407	0.154149	-0.041630	0.166104	0.985229	-0.768869	-0.635042	0.074576
205	3833525													7.523520	-0.464814	7.105120	0.641134	-0.751812	0.154034	-0.041671	0.166313	0.985192	-0.766297	-0.638059	0.075300
206	3833692													7.654351	-0.421018	7.077972	0.643528	-0.749815	0.153780	-0.041508	0.166428	0.985180	-0.764296	-0.640374	0.075978
207	3833859													7.479909	-0.443090	7.014341	0.645386	-0.748290	0.153425	-0.041132	0.166519	0.985180	-0.762748	-0.642132	0.076690
208	3834025													7.413902	-0.383658	6.902457	0.646584	-0.747358	0.152922	-0.040647	0.166426	0.985216	-0.761759	-0.643241	0.077231
209	3834192													7.385723	-0.325483	6.810250	0.647159	-0.746968	0.152395	-0.040147	0.166230	0.985269	-0.761297	-0.643744	0.077589
210	3834359													7.487232	-0.327366	6.719099	0.647330	-0.746943	0.151790	-0.039634	0.165889	0.985348	-0.761179	-0.643861	0.077781
211	3834525													7.611322	-0.322038	6.661027	0.647405	-0.747004	0.151170	-0.039141	0.165498	0.985433	-0.761141	-0.643891	0.077906
212	3834692													7.590854	-0.312910	6.603084	0.647536	-0.747015	0.150548	-0.038686	0.165080	0.985521	-0.761052	-0.643985	0.077996
213	3834859													7.511634	-0.297165	6.565810	0.647680	-0.747020	0.149905	-0.038271	0.164603	0.985617	-0.760951	-0.644101	0.078021
214	3835025													7.495922	-0.269819	6.523742	0.647733	-0.747101	0.149271	-0.037894	0.164093	0.985717	-0.760925	-0.644137	0.077978
215	3835192													7.594894	-0.239331	6.543419	0.647807	-0.747149	0.148708	-0.037552	0.163649	0.985804	-0.760878	-0.644195	0.077956
216	3835359													7.609006	-0.292833	6.570077	0.647997	-0.747089	0.148181	-0.037290	0.163201	0.985888	-0.760729	-0.644378	0.077894
217	3835525													7.544537	-0.307526	6.628239	0.648198	-0.747017	0.147663	-0.037059	0.162741	0.985973	-0.760569	-0.644578	0.077804
218	3835692													7.505097	-0.282251	6.640516	0.648252	-0.747054	0.147239	-0.036854	0.162361	0.986043	-0.760533	-0.644631	0.077719
219	3835859													7.535351	-0.271116	6.656129	0.648073	-0.747276	0.146902	-0.036659	0.162058	0.986100	-0.760695	-0.644450	0.077631
220	3836025													7.572379	-0.289458	6.678870	0.647665	-0.747686	0.146616	-0.036490	0.161770	0.986154	-0.761051	-0.644047	0.077490
221	3836192													7.693189	-0.317389	6.637345	0.647111	-0.748225	0.146309	-0.036309	0.161443	0.986214	-0.761531	-0.643502	0.077304
222	3836359													7.663809	-0.292468	6.575470	0.646462	-0.748852	0.145970	-0.036031	0.161145	0.986273	-0.762095	-0.642847	0.077193
223	3836525													7.622529	-0.241605	6.485645	0.645601	-0.749651	0.145682	-0.035661	0.160962	0.986316	-0.762842	-0.641961	0.077184
224	3836692													7.739598	-0.256556	6.418812	0.644531	-0.750608	0.145488	-0.035272	0.160893	0.986341	-0.763764	-0.640859	0.077225
225	3836859													7.751790	-0.300434	6.375509	0.643347	-0.751657	0.145314	-0.035004	0.160731	0.986377	-0.764774	-0.639670	0.077095
226	3837025													7.792843	-0.268307	6.331746	0.642152	-0.752716	0.145120	-0.034803	0.160487	0.986424	-0.765787	-0.638485	0.076861
227	3837192													7.835151	-0.274524	6.291676	0.641051	-0.753685	0.144957	-0.034628	0.160274	0.986465	-0.766717	-0.637394	0.076645
228	3837359													7.806897	-0.292270	6.254847	0.640116	-0.754513	0.144778	-0.034411	0.160099	0.986501	-0.767507	-0.636457	0.076519
229	3837525													7.767371	-0.285795	6.220756	0.639325	-0.755228	0.144544	-0.034091	0.159955	0.986535	-0.768180	-0.635645	0.076517
230	3837692													7.852349	-0.270530	6.220104	0.638731	-0.755770	0.144340	-0.033793	0.159858	0.986561	-0.768688	-0.635025	0.076567
231	3837859													7.858797	-0.305903	6.243476	0.638433	-0.756067	0.144100	-0.033525	0.159728	0.986592	-0.768947	-0.634704	0.076628
232	3838025													7.769582	-0.247223	6.263616	0.638323	-0.756206	0.143862	-0.033295	0.159592	0.986621	-0.769049	-0.634573	0.076693
233	3838192													7.760599	-0.215749	6.303463	0.638201	-0.756316	0.143824	-0.033190	0.159613	0.986622	-0.769154	-0.634436	0.076763
234	3838359													7.814317	-0.303556	6.349864	0.638099	-0.756400	0.143837	-0.033092	0.159697	0.986611	-0.769243	-0.634315	0.076872
235	3838525													7.780751	-0.278694	6.354294	0.638026	-0.756468	0.143801	-0.032994	0.159722	0.986611	-0.769308	-0.634227	0.076948
236	3838692													7.802111	-0.285610	6.367916	0.637924	-0.756554	0.143802	-0.032852	0.159827	0.986598	-0.769399	-0.634099	0.077103
237	3838859													7.791276	-0.293778	6.419861	0.637869	-0.756597	0.143821	-0.032666	0.159998	0.986577	-0.769452	-0.634004	0.077343
238	3839025													7.735126	-0.331303	6.415805	0.637750	-0.756701	0.143798	-0.032493	0.160095	0.986567	-0.769558	-0.633855	0.077513
239	3839192													7.713675	-0.283560	6.439244	0.637483	-0.756927	0.143794	-0.032328	0.160191	0.986556	-0.769786	-0.633562	0.077650
240	3839359													7.687014	-0.303553	6.443882	0.637046	-0.757294	0.143798	-0.032163	0.160274	0.986549	-0.770155	-0.633102	0.077745
241	3839525													7.668694	-0.297211	6.451516	0.636366	-0.757869	0.143784	-0.032012	0.160290	0.986551	-0.770723	-0.632410	0.077743
242	3839692													7.711700	-0.266674	6.508442	0.635492	-0.758595	0.143816	-0.031833	0.160364	0.986544	-0.771451	-0.631519	0.077762
243	3839859													7.741579	-0.294911	6.567616	0.634431	-0.759453	0.143972	-0.031657	0.160572	0.986516	-0.772331	-0.630434	0.077829
244	3840025													7.596913	-0.295179	6.604335	0.632998	-0.760606	0.144193	-0.031502	0.160797	0.986485	-0.773512	-0.628986	0.077824
245	3840192													7.645143	-0.329689	6.614993	0.631041	-0.762187	0.144425	-0.031346	0.160970	0.986461	-0.775116	-0.627025	0.077687
246	3840359													7.625388	-0.297767	6.597250	0.628624	-0.764136	0.144664	-0.031209	0.161077	0.986448	-0.777083	-0.624620	0.077409
247	3840525													7.686251	-0.270415	6.502867	0.625781	-0.766404	0.144991	-0.031080	0.161239	0.986426	-0.779379	-0.621793	0.077081
248	3840692													7.704725	-0.270568	6.448932	0.622570	-0.768930	0.145441	-0.030943	0.161518	0.986385	-0.781952	-0.618594	0.076763
249	3840859													7.633082	-0.276190	6.448889	0.618863	-0.771806	0.146025	-0.030840	0.161884	0.986328	-0.784893	-0.614906	0.076381
250	3841025													7.676857	-0.295471	6.480797	0.614532	-0.775120	0.146765	-0.030772	0.162346	0.986254	-0.788291	-0.610601	0.075914
251	3841192													7.769708	-0.343480	6.476739	0.609619	-0.778836	0.147574	-0.030709	0.162824	0.986177	-0.792099	-0.605725	0.075343
252	3841359													7.750691	-0.368167	6.444770	0.604119	-0.782974	0.148293	-0.030611	0.163151	0.986126	-0.796306	-0.600277	0.074595
253	3841525													7.431111	-0.356246	6.446393	0.597456	-0.787942	0.148978	-0.030363	0.163420	0.986089	-0.801327	-0.593668	0.073711
254	3841692													7.124094	-0.342347	6.472317	0.588693	-0.794360	0.149775	-0.029896	0.163761	0.986047	-0.807804	-0.584957	0.072657
255	3841859													7.256598	-0.290858	6.500392	0.577203	-0.802567	0.150743	-0.029177	0.164212	0.985994	-0.816079	-0.573517	0.071367
256	3842025													7.726419	-0.269441	6.429673	0.563446	-0.812073	0.151876	-0.028291	0.164762	0.985928	-0.825669	-0.559813	0.069860
257	3842192													8.102479	-0.156453	6.263939	0.548314	-0.822116	0.153223	-0.027446	0.165432	0.985839	-0.835822	-0.544755	0.068145
258	3842359													8.093894	-0.136546	6.002619	0.532113	-0.832405	0.154784	-0.026787	0.166172	0.985733	-0.846249	-0.528668	0.066124
259	3842525													7.975136	-0.155568	5.766756	0.514548	-0.843029	0.156659	-0.026549	0.166950	0.985608	-0.857050	-0.511302	0.063522
260	3842692													7.958724	-0.127473	5.625173	0.495135	-0.854192	0.158737	-0.026599	0.167715	0.985477	-0.868409	-0.492166	0.060321
261	3842859													8.110333	-0.110467	5.427602	0.473825	-0.865759	0.161095	-0.026777	0.168685	0.985306	-0.880212	-0.471177	0.056745
262	3843025													8.307191	-0.108432	5.159069	0.450799	-0.877489	0.163685	-0.026989	0.169892	0.985093	-0.892217	-0.448497	0.052905
263	3843192													8.500988	-0.154446	4.888912	0.426286	-0.889130	0.166518	-0.027196	0.171401	0.984826	-0.904180	-0.424346	0.048886
264	3843359													8.392578	-0.205151	4.591500	0.400277	-0.900584	0.169492	-0.027400	0.173110	0.984521	-0.915985	-0.398725	0.044616
265	3843525													8.397497	-0.272447	4.281394	0.372269	-0.911968	0.172425	-0.027684	0.174784	0.984218	-0.927712	-0.371167	0.039820
266	3843692													8.734717	-0.216632	3.879318	0.342739	-0.922940	0.175247	-0.027942	0.176448	0.983913	-0.939015	-0.342122	0.034686
267	3843859													8.932598	-0.232808	3.337203	0.312587	-0.933064	0.177990	-0.028079	0.178221	0.983590	-0.949474	-0.312455	0.029510
268	3844026													8.916950	-0.194467	2.891368	0.282101	-0.942231	0.180612	-0.027936	0.180111	0.983250	-0.958978	-0.282421	0.024487
269	3844192													8.969198	-0.230302	2.511875	0.251053	-0.950469	0.183253	-0.027507	0.182235	0.982870	-0.967583	-0.251793	0.019606
270	3844359													9.188267	-0.286564	2.203814	0.219589	-0.957756	0.185699	-0.026999	0.184306	0.982498	-0.975219	-0.220760	0.014613
271	3844526													9.589322	-0.269373	1.845543	0.188345	-0.963963	0.187889	-0.026425	0.186270	0.982143	-0.981747	-0.189947	0.009610
272	3844692													9.971492	-0.283734	1.455804	0.158336	-0.968981	0.189752	-0.025820	0.188047	0.981821	-0.987048	-0.160357	0.004756
273	3844859													9.912942	-0.256975	1.072751	0.129932	-0.972901	0.191262	-0.025244	0.189588	0.981539	-0.991202	-0.132361	0.000074
274	3845026													9.723535	-0.230654	0.710601	0.102880	-0.975887	0.192512	-0.024597	0.190984	0.981285	-0.994390	-0.105690	-0.004355
275	3845192													9.663060	-0.186180	0.379539	0.076833	-0.978061	0.193633	-0.023895	0.192345	0.981036	-0.996758	-0.080002	-0.008593
276	3845359													9.538355	-0.197118	0.121020	0.051462	-0.979501	0.194754	-0.023204	0.193787	0.980769	-0.998405	-0.054991	-0.012755
277	3845526													9.400760	-0.195012	-0.037041	0.026105	-0.980311	0.195725	-0.022606	0.195163	0.980510	-0.999404	-0.030021	-0.017066
278	3845692													9.383622	-0.122861	-0.170656	0.000226	-0.980479	0.196621	-0.021907	0.196569	0.980245	-0.999760	-0.004529	-0.021435
279	3845859													9.616708	-0.113081	-0.361498	-0.026106	-0.979904	0.197752	-0.020797	0.198309	0.979919	-0.999443	0.021469	-0.025556
280	3846026													9.854372	-0.256746	-0.645806	-0.052163	-0.978631	0.198898	-0.019378	0.200124	0.979579	-0.998451	0.047244	-0.029403
281	3846192													9.632209	-0.342339	-0.948937	-0.077763	-0.976732	0.199867	-0.017884	0.201808	0.979262	-0.996811	0.072576	-0.033161
282	3846359													9.588367	-0.320443	-1.214907	-0.103131	-0.974248	0.200512	-0.016294	0.203214	0.978999	-0.994534	0.097698	-0.036832
283	3846526													9.589165	-0.177932	-1.498921	-0.127935	-0.971213	0.200943	-0.014514	0.204419	0.978776	-0.991676	0.122303	-0.040249
284	3846692													9.684461	-0.111457	-1.823102	-0.152013	-0.967614	0.201531	-0.012285	0.205735	0.978531	-0.988302	0.146274	-0.043162
285	3846859													9.748349	-0.197984	-2.111916	-0.175065	-0.963590	0.202105	-0.009856	0.206980	0.978296	-0.984507	0.169274	-0.045732
286	3847026													9.805277	-0.209993	-2.407720	-0.196705	-0.959322	0.202505	-0.007390	0.207985	0.978104	-0.980435	0.190901	-0.048001
287	3847192													9.853069	-0.224235	-2.681748	-0.216546	-0.955033	0.202534	-0.004942	0.208526	0.978004	-0.976260	0.210782	-0.049875
288	3847359													9.784110	-0.235528	-2.942995	-0.234467	-0.950847	0.202277	-0.002616	0.208694	0.977978	-0.972120	0.228775	-0.051419
