// Start Time: Unknown
// Update Rate: 60.0Hz
//Filter Profile: human (46.1)
// Option Flags: AHS Disabled ICC Disabled
// Firmware Version: 4.0.2
0	sampleTimeFine	Year	Month	Day	Second	UTC_Nano	UTC_Year	UTC_Month	UTC_Day	UTC_Hour	UTC_Minute	UTC_Second	UTC_Valid	Acc_X	Acc_Y	Acc_Z	Mat[1][1]	Mat[2][1]	Mat[3][1]	Mat[1][2]	Mat[2][2]	Mat[3][2]	Mat[1][3]	Mat[2][3]	Mat[3][3]
0	3799358													0.010051	-0.424714	0.446429	0.353597	-0.864386	-0.357499	-0.023242	-0.390190	0.920441	-0.935109	-0.317156	-0.158060
1	3799525													9.195988	-0.237818	3.479196	0.353348	-0.864659	-0.357086	-0.023317	-0.389731	0.920633	-0.935201	-0.316978	-0.157872
2	3799691													9.168622	-0.220714	3.456625	0.353325	-0.864875	-0.356585	-0.023536	-0.389267	0.920824	-0.935205	-0.316957	-0.157894
3	3799858													9.163534	-0.226538	3.482042	0.353228	-0.865142	-0.356032	-0.023525	-0.388657	0.921082	-0.935241	-0.316976	-0.157638
4	3800025													9.172921	-0.210285	3.478044	0.353283	-0.864897	-0.356573	-0.023505	-0.389237	0.920838	-0.935221	-0.316935	-0.157840
5	3800191													9.178055	-0.206803	3.477521	0.353357	-0.864948	-0.356376	-0.023373	-0.388996	0.920943	-0.935197	-0.317092	-0.157671
6	3800358													9.177560	-0.194458	3.457488	0.353441	-0.864685	-0.356931	-0.023161	-0.389530	0.920723	-0.935170	-0.317154	-0.157703
7	3800525													9.169142	-0.205761	3.498131	0.353432	-0.864633	-0.357066	-0.022933	-0.389595	0.920701	-0.935179	-0.317216	-0.157524
8	3800691													9.186869	-0.195776	3.472268	0.353487	-0.864477	-0.357390	-0.022742	-0.389884	0.920583	-0.935163	-0.317286	-0.157479
9	3800858													9.184909	-0.203340	3.488705	0.353474	-0.864493	-0.357363	-0.022566	-0.389794	0.920626	-0.935172	-0.317353	-0.157290
10	3801025													9.185017	-0.197578	3.479460	0.353488	-0.864443	-0.357469	-0.022427	-0.389862	0.920600	-0.935170	-0.317404	-0.157199
11	3801191													9.187917	-0.206644	3.488998	0.353476	-0.864419	-0.357540	-0.022302	-0.389893	0.920590	-0.935178	-0.317433	-0.157096
12	3801358													9.166931	-0.214780	3.462448	0.353464	-0.864255	-0.357949	-0.022182	-0.390286	0.920426	-0.935185	-0.317397	-0.157123
13	3801525													9.174895	-0.195923	3.471421	0.353447	-0.864218	-0.358054	-0.022119	-0.390373	0.920391	-0.935193	-0.317390	-0.157091
14	3801691													9.192337	-0.206497	3.461422	0.353448	-0.864078	-0.358392	-0.022046	-0.390708	0.920251	-0.935194	-0.317360	-0.157144
15	3801858													9.165276	-0.217430	3.484009	0.353438	-0.864017	-0.358547	-0.021972	-0.390847	0.920193	-0.935200	-0.317354	-0.157125
16	3802025													9.185099	-0.191695	3.482818	0.353365	-0.863969	-0.358735	-0.021915	-0.391015	0.920123	-0.935229	-0.317278	-0.157105
17	3802191													9.177031	-0.200361	3.455925	0.353311	-0.863923	-0.358898	-0.021870	-0.391163	0.920061	-0.935250	-0.317219	-0.157096
18	3802358													9.172428	-0.208547	3.462201	0.353245	-0.863846	-0.359150	-0.021823	-0.391404	0.919960	-0.935276	-0.317134	-0.157113
19	3802525													9.206223	-0.181049	3.467387	0.353245	-0.863762	-0.359352	-0.021759	-0.391597	0.919880	-0.935278	-0.317124	-0.157124
20	3802691													9.176548	-0.186052	3.466690	0.353208	-0.863699	-0.359540	-0.021722	-0.391778	0.919803	-0.935293	-0.317072	-0.157141
21	3802858													9.170619	-0.198594	3.483898	0.353143	-0.863654	-0.359711	-0.021707	-0.391943	0.919733	-0.935318	-0.316989	-0.157159
22	3803025													9.182080	-0.201444	3.481030	0.353081	-0.863645	-0.359793	-0.021692	-0.392016	0.919703	-0.935341	-0.316925	-0.157148
23	3803191													9.170147	-0.186975	3.464100	0.352994	-0.863601	-0.359983	-0.021714	-0.392209	0.919620	-0.935374	-0.316804	-0.157200
24	3803358													9.210858	-0.177172	3.496250	0.352959	-0.863532	-0.360184	-0.021719	-0.392419	0.919530	-0.935387	-0.316733	-0.157263
25	3803525													9.154222	-0.183599	3.499119	0.352932	-0.863551	-0.360165	-0.021747	-0.392402	0.919537	-0.935396	-0.316701	-0.157271
26	3803691													9.176284	-0.151180	3.426021	0.352843	-0.863459	-0.360472	-0.021718	-0.392704	0.919408	-0.935430	-0.316578	-0.157315
27	3803858													9.186715	-0.170878	3.413554	0.352868	-0.863427	-0.360525	-0.021704	-0.392760	0.919385	-0.935421	-0.316597	-0.157332
28	3804025													9.248584	-0.179104	3.439067	0.352934	-0.863451	-0.360403	-0.021814	-0.392679	0.919417	-0.935394	-0.316632	-0.157425
29	3804191													9.207912	-0.230030	3.492764	0.353205	-0.863399	-0.360260	-0.021933	-0.392616	0.919441	-0.935289	-0.316850	-0.157611
30	3804358													9.129628	-0.192564	3.548102	0.353335	-0.863381	-0.360178	-0.021957	-0.392560	0.919464	-0.935239	-0.316970	-0.157662
31	3804525													9.178932	-0.187876	3.486552	0.353271	-0.863396	-0.360203	-0.022043	-0.392604	0.919443	-0.935261	-0.316873	-0.157727
32	3804691													9.166516	-0.228491	3.480068	0.353211	-0.863334	-0.360411	-0.022156	-0.392853	0.919334	-0.935281	-0.316734	-0.157889
33	3804858													9.164404	-0.210395	3.513784	0.353122	-0.863282	-0.360624	-0.022256	-0.393098	0.919227	-0.935313	-0.316573	-0.158025
34	3805025													9.160619	-0.198257	3.496805	0.353029	-0.863272	-0.360738	-0.022368	-0.393241	0.919163	-0.935345	-0.316422	-0.158135
35	3805191													9.149331	-0.212427	3.496055	0.352983	-0.863255	-0.360823	-0.022449	-0.393351	0.919114	-0.935361	-0.316331	-0.158225
36	3805358													9.158037	-0.188362	3.479485	0.352911	-0.863251	-0.360905	-0.022462	-0.393429	0.919081	-0.935387	-0.316247	-0.158236
37	3805525													9.173322	-0.176829	3.470024	0.352791	-0.863233	-0.361064	-0.022473	-0.393580	0.919015	-0.935432	-0.316107	-0.158251
38	3805691													9.170769	-0.188641	3.456998	0.352741	-0.863209	-0.361170	-0.022504	-0.393694	0.918966	-0.935450	-0.316029	-0.158298
39	3805858													9.192530	-0.190723	3.483973	0.352695	-0.863183	-0.361276	-0.022544	-0.393813	0.918914	-0.935467	-0.315952	-0.158356
40	3806025													9.199392	-0.196756	3.488679	0.352668	-0.863240	-0.361168	-0.022560	-0.393699	0.918963	-0.935477	-0.315941	-0.158320
41	3806191													9.168888	-0.217519	3.504744	0.352550	-0.863303	-0.361133	-0.022569	-0.393643	0.918986	-0.935521	-0.315838	-0.158263
42	3806358													9.174417	-0.207376	3.460263	0.352293	-0.863338	-0.361299	-0.022542	-0.393765	0.918935	-0.935618	-0.315590	-0.158182
43	3806525													9.228662	-0.181397	3.425333	0.352077	-0.863486	-0.361155	-0.022492	-0.393555	0.919026	-0.935701	-0.315445	-0.157983
44	3806691													9.205922	-0.201405	3.431894	0.351890	-0.863540	-0.361209	-0.022539	-0.393595	0.919007	-0.935770	-0.315249	-0.157966
45	3806858													9.194633	-0.205299	3.438052	0.351811	-0.863559	-0.361241	-0.022546	-0.393618	0.918998	-0.935800	-0.315169	-0.157949
46	3807025													9.201163	-0.200593	3.439396	0.351721	-0.863598	-0.361234	-0.022507	-0.393581	0.919015	-0.935834	-0.315106	-0.157867
47	3807191													9.205065	-0.171316	3.484107	0.351623	-0.863574	-0.361388	-0.022490	-0.393721	0.918955	-0.935871	-0.314998	-0.157864
48	3807358													9.163176	-0.208376	3.473571	0.351443	-0.863686	-0.361297	-0.022499	-0.393594	0.919009	-0.935939	-0.314850	-0.157758
49	3807525													9.193005	-0.195409	3.465745	0.351316	-0.863744	-0.361280	-0.022507	-0.393557	0.919025	-0.935987	-0.314736	-0.157703
50	3807691													9.170444	-0.201384	3.464222	0.351116	-0.863787	-0.361372	-0.022541	-0.393631	0.918992	-0.936060	-0.314527	-0.157681
51	3807858													9.201810	-0.204917	3.467523	0.350962	-0.863826	-0.361428	-0.022575	-0.393673	0.918973	-0.936118	-0.314365	-0.157665
52	3808025													9.208002	-0.202255	3.465279	0.350792	-0.863834	-0.361574	-0.022642	-0.393821	0.918908	-0.936180	-0.314158	-0.157708
53	3808191													9.204496	-0.207888	3.497016	0.350669	-0.863932	-0.361460	-0.022730	-0.393707	0.918955	-0.936224	-0.314033	-0.157698
54	3808358													9.181201	-0.185487	3.471242	0.350541	-0.863984	-0.361459	-0.022805	-0.393709	0.918952	-0.936270	-0.313887	-0.157714
55	3808525													9.178800	-0.208049	3.457522	0.350466	-0.863973	-0.361558	-0.022884	-0.393827	0.918900	-0.936296	-0.313769	-0.157794
56	3808691													9.162400	-0.210456	3.480741	0.350381	-0.863996	-0.361586	-0.022937	-0.393859	0.918885	-0.936327	-0.313666	-0.157818
57	3808858													9.174652	-0.199313	3.475069	0.350261	-0.864039	-0.361599	-0.022962	-0.393859	0.918884	-0.936371	-0.313547	-0.157793
58	3809025													9.205165	-0.183550	3.471196	0.350119	-0.864068	-0.361667	-0.023008	-0.393922	0.918856	-0.936423	-0.313387	-0.157800
59	3809191													9.177116	-0.193237	3.464438	0.350010	-0.864054	-0.361806	-0.023038	-0.394060	0.918796	-0.936463	-0.313252	-0.157831
60	3809358													9.171659	-0.191797	3.454907	0.349889	-0.864094	-0.361828	-0.023079	-0.394076	0.918788	-0.936507	-0.313124	-0.157825
61	3809525													9.191836	-0.193845	3.472494	0.349769	-0.864184	-0.361729	-0.023136	-0.393968	0.918833	-0.936550	-0.313011	-0.157792
62	3809691													9.206542	-0.199188	3.468896	0.349652	-0.864239	-0.361711	-0.023192	-0.393946	0.918841	-0.936593	-0.312886	-0.157787
63	3809858													9.190749	-0.186821	3.459233	0.349479	-0.864362	-0.361584	-0.023216	-0.393789	0.918908	-0.936656	-0.312744	-0.157688
64	3810025													9.175532	-0.193033	3.450750	0.349355	-0.864445	-0.361504	-0.023228	-0.393686	0.918952	-0.936702	-0.312644	-0.157616
65	3810191													9.182167	-0.212555	3.446126	0.349212	-0.864536	-0.361427	-0.023268	-0.393591	0.918991	-0.936755	-0.312513	-0.157562
66	3810358													9.200033	-0.224475	3.445927	0.349103	-0.864563	-0.361466	-0.023280	-0.393618	0.918979	-0.936795	-0.312403	-0.157540
67	3810525													9.182262	-0.197825	3.458257	0.348933	-0.864717	-0.361262	-0.023293	-0.393374	0.919083	-0.936858	-0.312283	-0.157403
68	3810692													9.195398	-0.189219	3.435073	0.348779	-0.864810	-0.361189	-0.023274	-0.393263	0.919131	-0.936916	-0.312168	-0.157289
69	3810858													9.183600	-0.193448	3.448118	0.348696	-0.864884	-0.361090	-0.023256	-0.393137	0.919186	-0.936947	-0.312119	-0.157199
70	3811025													9.187021	-0.208340	3.421065	0.348520	-0.864927	-0.361158	-0.023255	-0.393177	0.919169	-0.937013	-0.311950	-0.157144
71	3811192													9.210015	-0.194380	3.411738	0.348367	-0.865066	-0.360973	-0.023228	-0.392945	0.919269	-0.937070	-0.311859	-0.156983
72	3811358													9.176648	-0.187944	3.453472	0.348253	-0.865083	-0.361042	-0.023168	-0.392978	0.919256	-0.937114	-0.311769	-0.156898
73	3811525													9.210079	-0.195187	3.455595	0.348067	-0.865248	-0.360825	-0.023137	-0.392704	0.919374	-0.937184	-0.311655	-0.156707
74	3811692													9.216890	-0.190308	3.428613	0.347951	-0.865336	-0.360727	-0.023138	-0.392580	0.919427	-0.937227	-0.311569	-0.156621
75	3811858													9.182924	-0.193873	3.428392	0.347847	-0.865403	-0.360667	-0.023146	-0.392500	0.919461	-0.937266	-0.311484	-0.156560
76	3812025													9.180829	-0.184880	3.435229	0.347715	-0.865423	-0.360746	-0.023100	-0.392545	0.919443	-0.937316	-0.311370	-0.156485
77	3812192													9.203234	-0.178928	3.446055	0.347646	-0.865438	-0.360776	-0.023085	-0.392560	0.919437	-0.937342	-0.311310	-0.156450
78	3812358													9.200219	-0.174079	3.445930	0.347654	-0.865411	-0.360832	-0.023117	-0.392632	0.919405	-0.937338	-0.311294	-0.156506
79	3812525													9.194822	-0.177115	3.395351	0.347584	-0.865484	-0.360726	-0.023128	-0.392510	0.919457	-0.937364	-0.311246	-0.156447
80	3812692													9.192472	-0.168204	3.394937	0.347555	-0.865521	-0.360664	-0.023119	-0.392436	0.919489	-0.937375	-0.311235	-0.156403
81	3812858													9.272507	-0.189156	3.399228	0.347562	-0.865552	-0.360584	-0.023207	-0.392382	0.919510	-0.937370	-0.311219	-0.156464
82	3813025													9.280935	-0.226512	3.422913	0.347812	-0.865523	-0.360412	-0.023362	-0.392294	0.919543	-0.937273	-0.311408	-0.156665
83	3813192													9.152655	-0.201225	3.527156	0.348166	-0.865465	-0.360209	-0.023449	-0.392171	0.919593	-0.937140	-0.311724	-0.156835
84	3813358													9.119431	-0.177144	3.525622	0.348170	-0.865534	-0.360040	-0.023479	-0.392002	0.919665	-0.937137	-0.311747	-0.156805
85	3813525													9.143497	-0.199112	3.507058	0.348085	-0.865613	-0.359933	-0.023592	-0.391910	0.919701	-0.937166	-0.311642	-0.156839
86	3813692													9.170891	-0.233687	3.476692	0.348039	-0.865674	-0.359830	-0.023727	-0.391838	0.919728	-0.937180	-0.311564	-0.156914
87	3813858													9.173152	-0.198341	3.435339	0.348014	-0.865684	-0.359829	-0.023798	-0.391856	0.919719	-0.937187	-0.311512	-0.156973
88	3814025													9.160351	-0.187665	3.485325	0.348033	-0.865713	-0.359743	-0.023897	-0.391801	0.919740	-0.937178	-0.311503	-0.157048
89	3814192													9.170486	-0.198258	3.451276	0.348056	-0.865703	-0.359743	-0.023966	-0.391828	0.919726	-0.937167	-0.311495	-0.157125
90	3814358													9.187712	-0.187517	3.452454	0.347977	-0.865729	-0.359757	-0.023995	-0.391838	0.919721	-0.937196	-0.311409	-0.157124
91	3814525													9.201524	-0.173943	3.437880	0.347942	-0.865761	-0.359715	-0.024060	-0.391809	0.919732	-0.937207	-0.311358	-0.157157
92	3814692													9.193195	-0.178406	3.463078	0.347992	-0.865739	-0.359719	-0.024123	-0.391843	0.919716	-0.937187	-0.311377	-0.157242
93	3814858													9.218908	-0.207005	3.484828	0.348013	-0.865718	-0.359749	-0.024159	-0.391891	0.919694	-0.937179	-0.311374	-0.157298
94	3815025													9.204460	-0.188384	3.479396	0.348004	-0.865732	-0.359725	-0.024185	-0.391872	0.919702	-0.937181	-0.311359	-0.157311
95	3815192													9.160881	-0.198594	3.472093	0.347885	-0.865776	-0.359733	-0.024209	-0.391867	0.919703	-0.937225	-0.311242	-0.157284
96	3815358													9.198750	-0.192934	3.419430	0.347680	-0.865809	-0.359852	-0.024172	-0.391945	0.919671	-0.937302	-0.311053	-0.157200
97	3815525													9.201681	-0.213525	3.417731	0.347633	-0.865828	-0.359852	-0.024220	-0.391953	0.919666	-0.937318	-0.310991	-0.157226
98	3815692													9.199185	-0.221550	3.397218	0.347599	-0.865862	-0.359804	-0.024275	-0.391914	0.919682	-0.937329	-0.310946	-0.157248
99	3815858													9.179062	-0.208529	3.441656	0.347649	-0.865828	-0.359836	-0.024230	-0.391942	0.919671	-0.937312	-0.311004	-0.157238
100	3816025													9.225614	-0.182193	3.460653	0.347639	-0.865815	-0.359877	-0.024210	-0.391977	0.919656	-0.937316	-0.310996	-0.157228
101	3816192													9.218798	-0.187908	3.422752	0.347695	-0.865797	-0.359865	-0.024199	-0.391971	0.919659	-0.937295	-0.311053	-0.157238
102	3816358													9.194458	-0.206676	3.450196	0.347824	-0.865734	-0.359892	-0.024187	-0.392019	0.919639	-0.937248	-0.311168	-0.157293
103	3816525													9.187265	-0.176725	3.456851	0.347864	-0.865675	-0.359996	-0.024187	-0.392135	0.919589	-0.937233	-0.311185	-0.157348
104	3816692													9.194201	-0.192629	3.457720	0.347840	-0.865691	-0.359979	-0.024256	-0.392137	0.919587	-0.937240	-0.311138	-0.157399
105	3816858													9.194873	-0.202367	3.422119	0.347777	-0.865731	-0.359945	-0.024333	-0.392114	0.919595	-0.937261	-0.311056	-0.157434
106	3817025													9.241646	-0.214855	3.411752	0.347800	-0.865758	-0.359858	-0.024463	-0.392069	0.919610	-0.937250	-0.311037	-0.157541
107	3817192													9.198445	-0.209233	3.456887	0.347993	-0.865716	-0.359773	-0.024570	-0.392049	0.919616	-0.937175	-0.311180	-0.157701
108	3817358													9.168233	-0.208525	3.458099	0.348154	-0.865653	-0.359769	-0.024642	-0.392098	0.919593	-0.937114	-0.311294	-0.157842
109	3817525													9.161180	-0.185097	3.465688	0.348215	-0.865626	-0.359775	-0.024728	-0.392144	0.919571	-0.937088	-0.311312	-0.157956
110	3817692													9.194718	-0.200489	3.438899	0.348216	-0.865631	-0.359763	-0.024807	-0.392157	0.919564	-0.937086	-0.311282	-0.158028
111	3817858													9.199683	-0.204250	3.435126	0.348368	-0.865545	-0.359821	-0.024846	-0.392259	0.919519	-0.937028	-0.311391	-0.158156
112	3818025													9.174812	-0.186552	3.454038	0.348510	-0.865458	-0.359892	-0.024882	-0.392372	0.919470	-0.936975	-0.311490	-0.158280
113	3818192													9.172475	-0.182907	3.484601	0.348645	-0.865370	-0.359975	-0.024933	-0.392501	0.919414	-0.936923	-0.311574	-0.158420
114	3818358													9.165441	-0.182061	3.471424	0.348707	-0.865349	-0.359964	-0.024984	-0.392518	0.919405	-0.936899	-0.311610	-0.158494
115	3818525													9.181347	-0.187930	3.454076	0.348688	-0.865361	-0.359955	-0.025026	-0.392519	0.919403	-0.936905	-0.311577	-0.158523
116	3818692													9.179545	-0.193401	3.465310	0.348732	-0.865332	-0.359980	-0.025042	-0.392558	0.919386	-0.936888	-0.311605	-0.158567
117	3818858													9.189043	-0.188834	3.469800	0.348761	-0.865323	-0.359973	-0.025081	-0.392569	0.919380	-0.936876	-0.311616	-0.158616
118	3819025													9.173293	-0.199113	3.464476	0.348819	-0.865283	-0.360014	-0.025069	-0.392619	0.919359	-0.936855	-0.311665	-0.158645
119	3819192													9.168122	-0.188602	3.490450	0.348888	-0.865247	-0.360035	-0.025030	-0.392640	0.919351	-0.936830	-0.311739	-0.158644
120	3819358													9.170011	-0.192800	3.494090	0.348934	-0.865231	-0.360028	-0.025017	-0.392637	0.919353	-0.936813	-0.311787	-0.158650
121	3819525													9.188066	-0.208743	3.471832	0.348943	-0.865226	-0.360031	-0.025005	-0.392638	0.919353	-0.936810	-0.311799	-0.158643
122	3819692													9.175600	-0.199220	3.486505	0.348994	-0.865204	-0.360034	-0.024983	-0.392643	0.919351	-0.936792	-0.311853	-0.158646
123	3819858													9.165565	-0.185827	3.505724	0.348989	-0.865224	-0.359992	-0.024993	-0.392602	0.919369	-0.936793	-0.311853	-0.158638
124	3820025													9.210296	-0.188602	3.481359	0.349014	-0.865247	-0.359913	-0.025018	-0.392530	0.919399	-0.936784	-0.311879	-0.158645
125	3820192													9.189466	-0.203272	3.487968	0.349114	-0.865256	-0.359794	-0.025054	-0.392433	0.919439	-0.936745	-0.311974	-0.158682
126	3820358													9.184333	-0.204727	3.465091	0.349125	-0.865236	-0.359830	-0.025039	-0.392469	0.919424	-0.936742	-0.311984	-0.158686
127	3820525													9.187649	-0.181793	3.449277	0.349127	-0.865185	-0.359952	-0.024983	-0.392580	0.919379	-0.936742	-0.311987	-0.158675
128	3820692													9.235556	-0.185755	3.463571	0.349218	-0.865145	-0.359958	-0.024956	-0.392594	0.919373	-0.936709	-0.312079	-0.158691
129	3820858													9.208297	-0.191931	3.427899	0.349406	-0.865089	-0.359911	-0.024985	-0.392588	0.919375	-0.936638	-0.312242	-0.158787
130	3821025													9.193113	-0.172273	3.396753	0.349612	-0.865051	-0.359803	-0.024944	-0.392496	0.919415	-0.936562	-0.312464	-0.158799
131	3821192													9.213853	-0.173839	3.393439	0.349914	-0.865035	-0.359548	-0.024952	-0.392282	0.919507	-0.936449	-0.312777	-0.158849
132	3821358													9.290357	-0.186042	3.438897	0.350283	-0.864994	-0.359288	-0.025063	-0.392109	0.919577	-0.936308	-0.313108	-0.159029
133	3821525													9.269249	-0.223765	3.470588	0.350851	-0.864931	-0.358885	-0.025247	-0.391845	0.919685	-0.936091	-0.313611	-0.159316
134	3821692													9.143418	-0.209232	3.541039	0.351525	-0.864855	-0.358408	-0.025349	-0.391494	0.919831	-0.935835	-0.314258	-0.159544
135	3821858													9.164623	-0.182765	3.499852	0.352000	-0.864867	-0.357912	-0.025455	-0.391089	0.920001	-0.935654	-0.314730	-0.159679
136	3822025													9.175654	-0.180239	3.520813	0.352565	-0.864940	-0.357179	-0.025637	-0.390473	0.920257	-0.935436	-0.315294	-0.159842
137	3822192													9.182944	-0.212888	3.492795	0.353315	-0.865063	-0.356138	-0.025852	-0.389574	0.920632	-0.935147	-0.316066	-0.160006
138	3822358													9.200776	-0.227426	3.472824	0.354287	-0.865140	-0.354983	-0.025993	-0.388570	0.921053	-0.934776	-0.317090	-0.160153
139	3822525													9.177380	-0.205100	3.493120	0.355612	-0.865020	-0.353951	-0.026081	-0.387742	0.921399	-0.934270	-0.318429	-0.160446
140	3822692													9.132628	-0.228609	3.584219	0.356984	-0.864686	-0.353386	-0.026064	-0.387386	0.921549	-0.933747	-0.319767	-0.160828
141	3822858													9.107436	-0.208631	3.573230	0.358062	-0.864454	-0.352860	-0.025982	-0.386995	0.921716	-0.933336	-0.320864	-0.161028
142	3823025													9.203519	-0.199050	3.490194	0.359231	-0.864161	-0.352391	-0.025924	-0.386690	0.921845	-0.932889	-0.322020	-0.161314
143	3823192													9.245398	-0.202880	3.532104	0.360842	-0.863675	-0.351936	-0.025896	-0.386493	0.921929	-0.932268	-0.323556	-0.161829
144	3823358													9.213648	-0.207056	3.552609	0.362747	-0.863087	-0.351418	-0.025863	-0.386283	0.922018	-0.931529	-0.325371	-0.162445
145	3823525													9.158272	-0.199835	3.623653	0.364716	-0.862447	-0.350952	-0.025863	-0.386152	0.922073	-0.930760	-0.327218	-0.163141
146	3823692													9.141359	-0.179931	3.609833	0.366599	-0.861814	-0.350545	-0.025888	-0.386080	0.922102	-0.930019	-0.328967	-0.163847
147	3823858													9.207145	-0.191938	3.565551	0.368623	-0.860964	-0.350512	-0.025785	-0.386390	0.921975	-0.929221	-0.330824	-0.164632
148	3824025													9.144139	-0.214630	3.664635	0.370950	-0.859845	-0.350802	-0.025715	-0.387120	0.921671	-0.928297	-0.332872	-0.165713
149	3824192													9.098736	-0.192499	3.753783	0.373128	-0.858963	-0.350655	-0.025812	-0.387415	0.921544	-0.927421	-0.334803	-0.166726
150	3824358													9.086227	-0.194794	3.656404	0.375087	-0.858391	-0.349964	-0.025937	-0.387098	0.921674	-0.926627	-0.336631	-0.167460
151	3824525													9.235676	-0.166491	3.583791	0.377285	-0.857558	-0.349642	-0.026010	-0.387207	0.921626	-0.925732	-0.338622	-0.168392
152	3824692													9.201630	-0.182395	3.594229	0.380027	-0.856333	-0.349677	-0.026182	-0.387846	0.921352	-0.924605	-0.340983	-0.169813
153	3824858													9.190241	-0.194375	3.711141	0.383109	-0.854869	-0.349894	-0.026290	-0.388733	0.920975	-0.923329	-0.343635	-0.171402
154	3825025													9.128734	-0.177396	3.759535	0.386552	-0.853261	-0.350034	-0.026478	-0.389647	0.920584	-0.921887	-0.346585	-0.173212
155	3825192													9.088066	-0.187588	3.833038	0.390154	-0.851535	-0.350240	-0.026749	-0.390707	0.920126	-0.920361	-0.349622	-0.175214
156	3825358													9.067678	-0.207236	3.873972	0.393974	-0.849741	-0.350320	-0.027106	-0.391723	0.919684	-0.918722	-0.352836	-0.177361
157	3825525													9.108201	-0.218461	3.851188	0.398091	-0.847642	-0.350751	-0.027241	-0.393109	0.919088	-0.916941	-0.356326	-0.179583
158	3825692													9.069517	-0.216440	3.914982	0.402613	-0.845414	-0.350966	-0.027478	-0.394403	0.918527	-0.914958	-0.360167	-0.182022
159	3825858													9.024715	-0.211358	4.042711	0.407457	-0.843214	-0.350669	-0.027747	-0.395243	0.918157	-0.912803	-0.364379	-0.184441
160	3826025													8.979164	-0.232266	4.111253	0.412537	-0.841247	-0.349453	-0.028204	-0.395229	0.918150	-0.910504	-0.368914	-0.186773
161	3826192													8.941121	-0.262580	4.183439	0.417692	-0.839412	-0.347737	-0.028652	-0.394701	0.918363	-0.908137	-0.373629	-0.188914
162	3826358													9.518079	-0.411223	3.799093	0.421324	-0.838782	-0.344863	-0.029723	-0.392828	0.919131	-0.906423	-0.377001	-0.190439
163	3826525													9.534247	-0.383517	3.738009	0.426170	-0.836761	-0.343818	-0.031302	-0.393471	0.918804	-0.904101	-0.380804	-0.193878
164	3826692													8.512539	-0.167004	4.407530	0.431891	-0.834598	-0.341929	-0.032455	-0.393245	0.918861	-0.901341	-0.385751	-0.196927
165	3826858													8.647331	-0.260137	4.332063	0.437080	-0.832593	-0.340219	-0.033498	-0.393071	0.918898	-0.898798	-0.390235	-0.199694
166	3827025													8.705649	-0.279837	4.339073	0.442704	-0.830096	-0.339049	-0.034059	-0.393416	0.918730	-0.896021	-0.395178	-0.202439
167	3827192													8.866406	-0.291428	4.190343	0.448462	-0.827355	-0.338179	-0.034391	-0.394052	0.918444	-0.893140	-0.400257	-0.205171
168	3827359													8.833805	-0.260767	4.280689	0.454602	-0.824456	-0.337061	-0.034740	-0.394549	0.918218	-0.890017	-0.405714	-0.208005
169	3827525													8.695053	-0.252189	4.437557	0.460567	-0.821475	-0.336238	-0.035010	-0.395324	0.917874	-0.886934	-0.410971	-0.210834
170	3827692													8.652950	-0.277694	4.572402	0.466608	-0.818443	-0.335303	-0.035369	-0.396066	0.917541	-0.883757	-0.416273	-0.213756
171	3827859													8.455120	-0.302289	4.679265	0.472695	-0.815401	-0.334187	-0.035800	-0.396686	0.917256	-0.880498	-0.421619	-0.216703
172	3828025													8.117906	-0.337358	4.751266	0.478608	-0.811869	-0.334369	-0.035758	-0.398525	0.916460	-0.877300	-0.426668	-0.219768
173	3828192													8.980732	-0.315654	4.708534	0.483155	-0.809213	-0.334269	-0.035799	-0.399728	0.915935	-0.874803	-0.430572	-0.222099
174	3828359													8.802864	-0.302732	4.673581	0.488972	-0.806119	-0.333283	-0.035973	-0.400384	0.915641	-0.871557	-0.435734	-0.224775
175	3828525													8.612331	-0.265209	4.881550	0.494773	-0.803222	-0.331714	-0.036337	-0.400498	0.915577	-0.868262	-0.440949	-0.227342
176	3828692													8.395520	-0.296995	5.036023	0.500661	-0.800257	-0.330041	-0.036737	-0.400566	0.915531	-0.864863	-0.446246	-0.229947
177	3828859													8.317306	-0.333581	5.129789	0.506233	-0.797492	-0.328228	-0.037101	-0.400387	0.915595	-0.861598	-0.451327	-0.232277
178	3829025													8.307021	-0.352661	5.117959	0.511729	-0.794656	-0.326582	-0.037274	-0.400300	0.915626	-0.858338	-0.456379	-0.234466
179	3829192													8.302770	-0.299962	5.098241	0.517506	-0.791553	-0.325010	-0.037293	-0.400330	0.915612	-0.854867	-0.461714	-0.236692
180	3829359													8.408322	-0.327229	5.011957	0.523788	-0.788114	-0.323301	-0.037349	-0.400410	0.915574	-0.851030	-0.467492	-0.239165
181	3829525													8.532297	-0.367886	5.175408	0.530521	-0.784372	-0.321415	-0.037498	-0.400519	0.915521	-0.846842	-0.473650	-0.241896
182	3829692													8.223744	-0.371909	5.412537	0.537666	-0.780368	-0.319284	-0.037713	-0.400555	0.915496	-0.842314	-0.480190	-0.244795
183	3829859													7.972894	-0.303807	5.585379	0.544013	-0.776702	-0.317465	-0.037888	-0.400703	0.915424	-0.838221	-0.485974	-0.247415
184	3830025													8.048049	-0.316917	5.563690	0.549707	-0.773424	-0.315655	-0.038213	-0.400754	0.915388	-0.834483	-0.491133	-0.249852
185	3830192													8.102705	-0.303624	5.579755	0.555457	-0.770110	-0.313685	-0.038623	-0.400717	0.915387	-0.830648	-0.496343	-0.252325
186	3830359													8.030974	-0.336370	5.546524	0.561415	-0.766662	-0.311515	-0.039105	-0.400595	0.915420	-0.826610	-0.501749	-0.254881
187	3830525													8.143402	-0.313501	5.555252	0.567391	-0.762887	-0.309952	-0.039390	-0.401121	0.915178	-0.822506	-0.507055	-0.257643
188	3830692													8.088894	-0.337389	5.606774	0.573877	-0.758951	-0.307667	-0.039680	-0.401017	0.915211	-0.817979	-0.513010	-0.260249
189	3830859													7.962657	-0.332797	5.832357	0.580595	-0.754542	-0.305902	-0.039800	-0.401564	0.914966	-0.813219	-0.519049	-0.263177
190	3831025													7.908626	-0.295335	5.851975	0.587479	-0.750004	-0.303911	-0.040153	-0.402104	0.914713	-0.808243	-0.525172	-0.266343
191	3831192													7.806417	-0.354513	5.912321	0.594484	-0.745340	-0.301757	-0.040608	-0.402619	0.914467	-0.803082	-0.531382	-0.269617
192	3831359													7.779162	-0.361786	5.953184	0.601498	-0.740587	-0.299551	-0.041047	-0.403122	0.914225	-0.797819	-0.537609	-0.272876
193	3831525													7.814309	-0.338692	5.979819	0.608384	-0.735883	-0.297231	-0.041662	-0.403611	0.913982	-0.792549	-0.543668	-0.276209
194	3831692													7.764668	-0.342986	6.054805	0.615283	-0.731155	-0.294685	-0.042396	-0.403971	0.913789	-0.787165	-0.549745	-0.279555
195	3831859													7.725054	-0.335349	6.000584	0.622228	-0.726185	-0.292384	-0.042902	-0.404564	0.913503	-0.781660	-0.555863	-0.282886
196	3832025													7.663581	-0.317841	6.121568	0.629560	-0.720832	-0.289923	-0.043456	-0.405239	0.913177	-0.775736	-0.562301	-0.286447
197	3832192													7.604990	-0.368672	6.176776	0.637257	-0.715161	-0.287138	-0.044159	-0.405866	0.912865	-0.769385	-0.569050	-0.290222
198	3832359													7.514994	-0.460390	6.140474	0.645300	-0.708933	-0.284607	-0.044710	-0.406967	0.912348	-0.762620	-0.576013	-0.294312
199	3832525													7.736062	-0.189802	6.307617	0.653902	-0.702164	-0.281740	-0.045317	-0.408068	0.911826	-0.755221	-0.583477	-0.298657
200	3832692													7.195204	-0.292302	6.640248	0.663347	-0.694750	-0.278017	-0.046111	-0.408769	0.911472	-0.746890	-0.591803	-0.303191
201	3832859													7.102861	-0.361774	6.630002	0.671632	-0.688255	-0.274255	-0.047012	-0.409016	0.911315	-0.739392	-0.599175	-0.307064
202	3833025													6.961874	-0.470821	6.628664	0.679086	-0.682214	-0.270974	-0.047539	-0.409242	0.911187	-0.732518	-0.605892	-0.310342
203	3833192													7.285733	-0.460242	6.461998	0.685709	-0.676678	-0.268161	-0.047942	-0.409603	0.911003	-0.726295	-0.611827	-0.313310
204	3833359													7.113589	-0.444918	6.629516	0.692061	-0.671298	-0.265350	-0.048383	-0.409916	0.910839	-0.720216	-0.617517	-0.316166
205	3833525													6.903141	-0.461164	6.758146	0.697982	-0.666155	-0.262791	-0.048797	-0.410358	0.910618	-0.714451	-0.622772	-0.318929
206	3833692													6.711946	-0.467861	6.894385	0.702981	-0.661661	-0.260811	-0.049077	-0.410971	0.910327	-0.709513	-0.627143	-0.321377
207	3833859													6.655177	-0.518165	7.000567	0.707263	-0.657705	-0.259236	-0.049214	-0.411612	0.910029	-0.705236	-0.630872	-0.323486
208	3834025													6.650063	-0.518192	7.085630	0.710541	-0.654593	-0.258145	-0.049212	-0.412193	0.909766	-0.701932	-0.633723	-0.325094
209	3834192													6.707053	-0.508069	7.144757	0.713090	-0.652096	-0.257435	-0.049087	-0.412741	0.909525	-0.699352	-0.635936	-0.326331
210	3834359													6.656615	-0.504667	7.165278	0.715091	-0.650083	-0.256977	-0.048861	-0.413202	0.909328	-0.697322	-0.637696	-0.327241
211	3834525													6.549470	-0.498173	7.206703	0.716511	-0.648539	-0.256922	-0.048456	-0.413690	0.909127	-0.695890	-0.638951	-0.327839
212	3834692													6.541302	-0.490330	7.172964	0.717534	-0.647325	-0.257129	-0.048029	-0.414265	0.908888	-0.694866	-0.639809	-0.328339
213	3834859													6.556715	-0.461940	7.186371	0.718242	-0.646409	-0.257457	-0.047636	-0.414834	0.908649	-0.694161	-0.640366	-0.328743
214	3835025													6.626285	-0.455452	7.176559	0.718722	-0.645746	-0.257781	-0.047281	-0.415282	0.908463	-0.693688	-0.640745	-0.329004
215	3835192													6.610750	-0.432808	7.200451	0.719167	-0.645081	-0.258204	-0.046898	-0.415819	0.908237	-0.693253	-0.641065	-0.329296
216	3835359													6.591462	-0.463861	7.189085	0.719518	-0.644496	-0.258686	-0.046503	-0.416369	0.908006	-0.692915	-0.641297	-0.329556
217	3835525													6.545439	-0.454390	7.219624	0.719779	-0.643955	-0.259307	-0.046078	-0.417026	0.907726	-0.692672	-0.641414	-0.329839
218	3835692													6.599463	-0.425940	7.209676	0.719918	-0.643501	-0.260047	-0.045630	-0.417748	0.907416	-0.692557	-0.641400	-0.330107
219	3835859													6.605139	-0.434492	7.231481	0.720046	-0.643036	-0.260841	-0.045205	-0.418560	0.907063	-0.692453	-0.641336	-0.330451
220	3836025													6.618369	-0.417831	7.219098	0.720058	-0.642703	-0.261628	-0.044825	-0.419326	0.906729	-0.692464	-0.641170	-0.330748
221	3836192													6.577295	-0.386109	7.209706	0.720053	-0.642364	-0.262474	-0.044438	-0.420158	0.906362	-0.692495	-0.640965	-0.331082
222	3836359													6.631257	-0.387351	7.174971	0.719843	-0.642209	-0.263425	-0.044047	-0.420997	0.905992	-0.692738	-0.640569	-0.331339
223	3836525													6.674192	-0.391944	7.141135	0.719624	-0.642111	-0.264262	-0.043697	-0.421706	0.905679	-0.692987	-0.640201	-0.331528
224	3836692													6.730877	-0.377708	7.154186	0.719329	-0.642072	-0.265157	-0.043336	-0.422437	0.905356	-0.693316	-0.639758	-0.331696
225	3836859													6.758238	-0.359872	7.125558	0.718924	-0.642214	-0.265912	-0.043052	-0.422965	0.905123	-0.693754	-0.639266	-0.331729
226	3837025													6.805951	-0.363189	7.077206	0.718698	-0.642216	-0.266519	-0.042799	-0.423435	0.904915	-0.694004	-0.638953	-0.331808
227	3837192													6.831645	-0.370412	7.074378	0.718655	-0.642073	-0.266980	-0.042564	-0.423840	0.904737	-0.694063	-0.638829	-0.331924
228	3837359													6.778866	-0.429201	7.107800	0.718495	-0.642063	-0.267431	-0.042389	-0.424205	0.904573	-0.694239	-0.638596	-0.332006
229	3837525													6.833078	-0.401632	7.061555	0.718198	-0.642073	-0.268206	-0.041989	-0.424730	0.904346	-0.694571	-0.638238	-0.332000
230	3837692													6.838612	-0.351830	7.068882	0.717782	-0.642207	-0.268996	-0.041639	-0.425242	0.904122	-0.695022	-0.637761	-0.331972
231	3837859													6.840075	-0.369835	7.056288	0.717361	-0.642419	-0.269613	-0.041357	-0.425567	0.903981	-0.695473	-0.637331	-0.331854
232	3838025													6.808093	-0.371171	7.048339	0.716991	-0.642559	-0.270262	-0.041034	-0.425937	0.903822	-0.695873	-0.636942	-0.331760
233	3838192													6.826293	-0.360171	7.023297	0.716711	-0.642597	-0.270916	-0.040724	-0.426385	0.903625	-0.696181	-0.636605	-0.331763
234	3838359													6.836803	-0.374351	7.004020	0.716612	-0.642475	-0.271464	-0.040390	-0.426785	0.903451	-0.696301	-0.636460	-0.331789
235	3838525													6.777551	-0.385797	7.054121	0.716567	-0.642282	-0.272041	-0.040003	-0.427211	0.903267	-0.696371	-0.636368	-0.331818
236	3838692													6.815308	-0.349666	7.020513	0.716447	-0.642162	-0.272638	-0.039637	-0.427636	0.903082	-0.696514	-0.636204	-0.331832
237	3838859													6.842902	-0.349196	7.038616	0.716475	-0.641956	-0.273049	-0.039383	-0.428002	0.902919	-0.696500	-0.636166	-0.331934
238	3839025													6.816544	-0.370046	7.092675	0.716540	-0.641748	-0.273367	-0.039139	-0.428270	0.902803	-0.696447	-0.636195	-0.331990
239	3839192													6.817163	-0.370569	7.096926	0.716542	-0.641585	-0.273745	-0.038960	-0.428639	0.902636	-0.696455	-0.636111	-0.332134
240	3839359													6.798986	-0.390947	7.130153	0.716466	-0.641503	-0.274137	-0.038759	-0.428956	0.902494	-0.696545	-0.635980	-0.332197
241	3839525													6.773511	-0.387224	7.094848	0.716161	-0.641631	-0.274633	-0.038537	-0.429247	0.902365	-0.696871	-0.635654	-0.332136
242	3839692													6.827891	-0.335447	7.052446	0.716018	-0.641575	-0.275136	-0.038228	-0.429576	0.902221	-0.697034	-0.635489	-0.332111
243	3839859													6.719732	-0.383970	7.078818	0.715761	-0.641676	-0.275568	-0.038019	-0.429821	0.902113	-0.697309	-0.635221	-0.332045
244	3840025													6.749285	-0.375392	7.034520	0.715369	-0.641882	-0.276105	-0.037739	-0.430058	0.902012	-0.697727	-0.634852	-0.331874
245	3840192													6.745508	-0.323084	7.064041	0.714826	-0.642190	-0.276794	-0.037432	-0.430386	0.901868	-0.698299	-0.634318	-0.331690
246	3840359													6.818522	-0.334524	7.037621	0.714031	-0.642766	-0.277510	-0.037204	-0.430654	0.901750	-0.699125	-0.633553	-0.331414
247	3840525													6.726928	-0.368174	7.079435	0.713142	-0.643390	-0.278349	-0.036896	-0.430961	0.901616	-0.700048	-0.632710	-0.331075
248	3840692													6.745640	-0.361740	7.105506	0.712076	-0.644203	-0.279194	-0.036653	-0.431221	0.901501	-0.701145	-0.631704	-0.330675
249	3840859													6.715659	-0.360908	7.114216	0.710851	-0.645164	-0.280097	-0.036378	-0.431428	0.901414	-0.702402	-0.630581	-0.330151
250	3841025													6.759011	-0.350703	7.100892	0.709323	-0.646389	-0.281145	-0.036117	-0.431658	0.901314	-0.703958	-0.629169	-0.329530
251	3841192													6.740281	-0.340373	7.076179	0.707551	-0.647810	-0.282335	-0.035871	-0.431944	0.901187	-0.705751	-0.627508	-0.328860
252	3841359													6.783548	-0.336880	6.996465	0.705551	-0.649446	-0.283579	-0.035657	-0.432191	0.901077	-0.707761	-0.625644	-0.328090
253	3841525													6.739736	-0.329480	6.981223	0.703279	-0.651280	-0.285015	-0.035388	-0.432488	0.900945	-0.710033	-0.623529	-0.327207
254	3841692													6.820245	-0.343843	6.963857	0.700655	-0.653341	-0.286753	-0.034966	-0.432854	0.900786	-0.712643	-0.621114	-0.326126
255	3841859													6.868329	-0.350764	6.944565	0.697883	-0.655509	-0.288561	-0.034432	-0.433140	0.900669	-0.715384	-0.618625	-0.324852
256	3842025													6.791540	-0.373343	6.896454	0.694718	-0.657898	-0.290753	-0.033697	-0.433551	0.900499	-0.718493	-0.615795	-0.323365
257	3842192													6.713031	-0.330556	6.823852	0.690718	-0.660786	-0.293718	-0.032633	-0.434249	0.900202	-0.722388	-0.612200	-0.321507
258	3842359													6.762762	-0.316150	6.802575	0.685773	-0.664285	-0.297390	-0.031357	-0.435193	0.899791	-0.727140	-0.607727	-0.319274
259	3842525													7.049837	-0.273726	6.793063	0.679837	-0.668596	-0.301333	-0.030174	-0.436046	0.899419	-0.732742	-0.602365	-0.316614
260	3842692													7.277585	-0.310943	6.755747	0.673635	-0.673131	-0.305140	-0.029143	-0.436746	0.899113	-0.738489	-0.596782	-0.313824
261	3842859													7.210994	-0.319300	6.802359	0.667121	-0.677889	-0.308895	-0.028145	-0.437292	0.898879	-0.744417	-0.590968	-0.310805
262	3843025													7.083479	-0.222648	6.751297	0.659581	-0.683477	-0.312749	-0.027310	-0.437610	0.898750	-0.751137	-0.584257	-0.307305
263	3843192													7.247520	-0.226394	6.603682	0.651039	-0.689776	-0.316793	-0.026565	-0.437808	0.898676	-0.758580	-0.576657	-0.303353
264	3843359													7.362220	-0.251964	6.448706	0.642100	-0.696334	-0.320665	-0.025993	-0.437818	0.898688	-0.766180	-0.568712	-0.299223
265	3843525													7.428375	-0.230026	6.383959	0.633016	-0.702967	-0.324235	-0.025640	-0.437642	0.898784	-0.773714	-0.560631	-0.295059
266	3843692													7.406465	-0.215051	6.301421	0.623320	-0.710035	-0.327600	-0.025404	-0.437110	0.899049	-0.781554	-0.552073	-0.290497
267	3843859													7.617254	-0.171912	6.164318	0.613132	-0.717383	-0.330803	-0.025302	-0.436367	0.899413	-0.789575	-0.543089	-0.285702
268	3844026													7.672732	-0.150209	6.000866	0.602868	-0.724679	-0.333754	-0.025305	-0.435478	0.899844	-0.797440	-0.534041	-0.280874
269	3844192													7.702144	-0.207729	6.023189	0.592741	-0.731708	-0.336542	-0.025341	-0.434598	0.900268	-0.804994	-0.525098	-0.276146
270	3844359													7.579752	-0.262387	6.008920	0.582017	-0.739078	-0.339148	-0.025349	-0.433352	0.900868	-0.812782	-0.515723	-0.270953
271	3844526													7.627158	-0.137962	5.873953	0.570211	-0.747124	-0.341562	-0.025505	-0.431679	0.901667	-0.821102	-0.505429	-0.265203
272	3844692													7.864485	-0.175967	5.641457	0.557975	-0.755358	-0.343654	-0.025798	-0.429700	0.902603	-0.829457	-0.494764	-0.259248
273	3844859													7.947774	-0.225224	5.528241	0.545784	-0.763111	-0.346094	-0.025907	-0.428207	0.903309	-0.837525	-0.484046	-0.253478
274	3845026													8.090208	-0.218734	5.362845	0.533134	-0.770798	-0.348768	-0.025906	-0.426921	0.903918	-0.845634	-0.472874	-0.247574
275	3845192													8.248124	-0.184254	5.217227	0.520749	-0.777999	-0.351478	-0.025839	-0.425882	0.904410	-0.853318	-0.461889	-0.241881
276	3845359													8.303995	-0.181872	5.184152	0.508516	-0.785217	-0.353335	-0.026036	-0.424186	0.905201	-0.860659	-0.451109	-0.236149
277	3845526													8.412209	-0.215071	4.987255	0.496065	-0.792323	-0.355167	-0.026332	-0.422583	0.905941	-0.867886	-0.440054	-0.230493
278	3845692													8.498762	-0.258069	4.812827	0.484333	-0.798784	-0.356884	-0.026598	-0.421177	0.906588	-0.874479	-0.429598	-0.225236
279	3845859													8.532605	-0.281349	4.575972	0.473093	-0.804547	-0.359009	-0.026602	-0.420355	0.906969	-0.880611	-0.419530	-0.220269
280	3846026													8.531732	-0.194493	4.635488	0.461993	-0.810175	-0.360803	-0.026782	-0.419381	0.907415	-0.886479	-0.409557	-0.215450
281	3846192													8.875041	-0.294828	4.038443	0.450882	-0.815721	-0.362361	-0.026843	-0.418176	0.907969	-0.892180	-0.399660	-0.210444
282	3846359													9.242052	-0.275077	4.042645	0.441175	-0.820461	-0.363604	-0.026959	-0.417099	0.908461	-0.897016	-0.390988	-0.206133
