// General information: 
//  MT Manager version: 2022.2.0 
//  XDA version: 2022.2.0 build 7381 rev 124627 built on 2023-07-19
// Device information: 
//  DeviceId: 00B4D200
//  ProductCode: MTW2-3A7G6
//  Firmware Version: 4.6.0
//  Hardware Version: 2.0.0
// Device settings: 
//  Filter Profile: human(46.1)
//  Option Flags: Orientation Smoother Disabled, Position/Velocity Smoother Disabled, Continuous Zero Rotation Update Disabled, AHS Disabled, ICC Disabled
// Coordinate system: ENU
PacketCounter	SampleTimeFine	Year	Month	Day	Second	UTC_Nano	UTC_Year	UTC_Month	UTC_Day	UTC_Hour	UTC_Minute	UTC_Second	UTC_Valid	Acc_X	Acc_Y	Acc_Z	VelInc_X	VelInc_Y	VelInc_Z	OriInc_q0	OriInc_q1	OriInc_q2	OriInc_q3	Quat_q0	Quat_q1	Quat_q2	Quat_q3	Roll	Pitch	Yaw	Mat[1][1]	Mat[2][1]	Mat[3][1]	Mat[1][2]	Mat[2][2]	Mat[3][2]	Mat[1][3]	Mat[2][3]	Mat[3][3]
26649														9.324814	0.860354	-2.602354	0.155415	0.014312	-0.043377	1.000000	-0.000319	-0.000000	-0.000087	-0.312747	-0.716386	0.346981	-0.518251	161.685205	-73.652135	-37.920820	0.222039	-0.172983	0.959570	-0.821308	-0.563587	0.088448	0.525501	-0.807742	-0.267210
26650														9.336776	0.827116	-2.631628	0.155611	0.013766	-0.043873	1.000000	-0.000261	0.000059	-0.000051	-0.313027	-0.716307	0.347090	-0.518119	161.616394	-73.650272	-37.888196	0.222162	-0.172875	0.959561	-0.821616	-0.563086	0.088779	0.524968	-0.808114	-0.267134
26651														9.281975	0.849188	-2.596811	0.154689	0.014146	-0.043320	1.000000	-0.000215	0.000236	0.000011	-0.313264	-0.716110	0.347150	-0.518207	161.567317	-73.675725	-37.864792	0.221897	-0.172523	0.959686	-0.821867	-0.562705	0.088873	0.524688	-0.808455	-0.266653
26652														9.202663	0.786474	-2.584445	0.153366	0.013113	-0.043116	1.000000	-0.000118	0.000261	0.000066	-0.313423	-0.715934	0.347180	-0.518334	161.538105	-73.701902	-37.851151	0.221591	-0.172201	0.959815	-0.822032	-0.562464	0.088870	0.524557	-0.808691	-0.266192
26653														9.149742	0.784009	-2.606240	0.152485	0.013074	-0.043473	1.000000	-0.000058	0.000227	0.000064	-0.313501	-0.715815	0.347156	-0.518468	161.519769	-73.723775	-37.836085	0.221347	-0.171918	0.959922	-0.822079	-0.562400	0.088839	0.524587	-0.808796	-0.265816
26654														9.132647	0.791625	-2.606925	0.152204	0.013213	-0.043467	1.000000	0.000022	0.000123	0.000118	-0.313445	-0.715747	0.347158	-0.518594	161.548419	-73.738645	-37.858612	0.221083	-0.171852	0.959994	-0.822056	-0.562467	0.088627	0.524735	-0.808763	-0.265624
26655														9.229400	0.797404	-2.590648	0.153815	0.013313	-0.043201	1.000000	0.000051	0.000156	0.000138	-0.313411	-0.715633	0.347203	-0.518742	161.583818	-73.758602	-37.893475	0.220714	-0.171781	0.960092	-0.822098	-0.562448	0.088357	0.524823	-0.808792	-0.265361
26656														9.248734	0.785777	-2.583219	0.154134	0.013113	-0.043089	1.000000	0.000109	0.000237	0.000081	-0.313401	-0.715530	0.347147	-0.518927	161.588670	-73.782556	-37.890451	0.220407	-0.171523	0.960209	-0.822053	-0.562537	0.088208	0.525023	-0.808784	-0.264988
26657														9.259634	0.797134	-2.591511	0.154316	0.013306	-0.043225	1.000000	0.000170	0.000228	0.000082	-0.313319	-0.715430	0.347061	-0.519172	161.613237	-73.810450	-37.897306	0.220017	-0.171262	0.960345	-0.821929	-0.562759	0.087947	0.525381	-0.808685	-0.264582
26658														9.167087	0.796112	-2.590188	0.152775	0.013277	-0.043200	1.000000	0.000173	0.000214	0.000006	-0.313313	-0.715351	0.346966	-0.519349	161.606043	-73.832302	-37.878953	0.219783	-0.170967	0.960451	-0.821841	-0.562900	0.087865	0.525616	-0.808649	-0.264223
26659														9.208149	0.824531	-2.541770	0.153464	0.013740	-0.042383	1.000000	0.000195	0.000146	-0.000067	-0.313271	-0.715372	0.346778	-0.519471	161.580369	-73.842445	-37.831266	0.219791	-0.170680	0.960500	-0.821621	-0.563212	0.087929	0.525958	-0.808493	-0.264023
26660														9.169258	0.827641	-2.515161	0.152815	0.013784	-0.041943	1.000000	0.000161	0.000168	-0.000110	-0.313269	-0.715410	0.346539	-0.519579	161.528173	-73.851407	-37.755914	0.219896	-0.170298	0.960544	-0.821370	-0.563548	0.088122	0.526305	-0.808339	-0.263800
26661														9.160956	0.881627	-2.514571	0.152681	0.014672	-0.041924	1.000000	0.000172	0.000113	-0.000191	-0.313289	-0.715502	0.346262	-0.519625	161.453395	-73.851690	-37.657336	0.220185	-0.169917	0.960545	-0.821087	-0.563906	0.088465	0.526625	-0.808170	-0.263680
26662														9.149030	0.920732	-2.482804	0.152484	0.015317	-0.041391	1.000000	0.000082	0.000079	-0.000209	-0.313369	-0.715598	0.346024	-0.519602	161.364326	-73.846395	-37.554067	0.220562	-0.169574	0.960519	-0.820883	-0.564134	0.088903	0.526786	-0.808083	-0.263627
26663														9.161829	0.954275	-2.525848	0.152698	0.015867	-0.042108	1.000000	-0.000052	0.000065	-0.000234	-0.313611	-0.715616	0.345926	-0.519496	161.255028	-73.840937	-37.458550	0.220917	-0.169262	0.960493	-0.820941	-0.563966	0.089435	0.526547	-0.808265	-0.263543
26664														9.002914	0.878175	-2.529227	0.150058	0.014601	-0.042132	1.000000	-0.000181	-0.000159	-0.000184	-0.313818	-0.715691	0.345985	-0.519229	161.183445	-73.815232	-37.413620	0.221392	-0.169350	0.960368	-0.821124	-0.563624	0.089903	0.526062	-0.808485	-0.263839
26665														9.015243	0.855038	-2.553025	0.150274	0.014220	-0.042489	1.000000	-0.000174	-0.000425	-0.000154	-0.313890	-0.715912	0.346115	-0.518794	161.158034	-73.761567	-37.411020	0.222114	-0.169886	0.960106	-0.821265	-0.563354	0.090311	0.525537	-0.808561	-0.264650
26666														9.054531	0.742663	-2.535411	0.150937	0.012354	-0.042163	1.000000	-0.000108	-0.000628	-0.000129	-0.313850	-0.716245	0.346309	-0.518229	161.172783	-73.685864	-37.445850	0.223017	-0.170793	0.959736	-0.821377	-0.563136	0.090652	0.524979	-0.808522	-0.265874
26667														9.201127	0.755609	-2.506921	0.153382	0.012574	-0.041679	1.000000	0.000030	-0.000669	-0.000132	-0.313727	-0.716628	0.346479	-0.517660	161.205834	-73.605111	-37.489368	0.223961	-0.171785	0.959339	-0.821400	-0.563056	0.090934	0.524541	-0.808367	-0.267207
26668														9.271335	0.757241	-2.531641	0.154548	0.012609	-0.042103	1.000000	0.000153	-0.000580	-0.000119	-0.313497	-0.717026	0.346511	-0.517227	161.247316	-73.534495	-37.517988	0.224812	-0.172617	0.958991	-0.821213	-0.563299	0.091121	0.524470	-0.808021	-0.268392
26669														9.258314	0.808618	-2.598832	0.154331	0.013468	-0.043226	1.000000	0.000262	-0.000547	-0.000132	-0.313213	-0.717409	0.346499	-0.516875	161.300325	-73.471455	-37.548408	0.225557	-0.173379	0.958678	-0.820947	-0.563672	0.091211	0.524566	-0.807598	-0.269475
26670														9.175166	0.841286	-2.600926	0.152944	0.014018	-0.043263	1.000000	0.000334	-0.000528	-0.000119	-0.312901	-0.717814	0.346462	-0.516527	161.355778	-73.406970	-37.576449	0.226327	-0.174147	0.958357	-0.820634	-0.564114	0.091295	0.524724	-0.807123	-0.270586
26671														9.112612	0.939340	-2.602518	0.151906	0.015648	-0.043276	1.000000	0.000329	-0.000618	-0.000146	-0.312543	-0.718288	0.346400	-0.516127	161.413545	-73.332394	-37.601017	0.227241	-0.175005	0.957985	-0.820253	-0.564648	0.091419	0.524926	-0.806564	-0.271860
26672														9.087970	0.874883	-2.616625	0.151501	0.014572	-0.043492	1.000000	0.000311	-0.000755	-0.000150	-0.312159	-0.718827	0.346392	-0.515613	161.482969	-73.242210	-37.641231	0.228311	-0.176085	0.957532	-0.819899	-0.565138	0.091569	0.525014	-0.805986	-0.273400
26673														9.135408	0.832307	-2.587848	0.152293	0.013870	-0.043004	1.000000	0.000327	-0.000802	-0.000107	-0.311703	-0.719399	0.346388	-0.515094	161.573731	-73.147894	-37.696680	0.229388	-0.177270	0.957056	-0.819495	-0.565713	0.091633	0.525175	-0.805323	-0.275039
26674														9.225504	0.896880	-2.615323	0.153791	0.014963	-0.043470	1.000000	0.000355	-0.000741	-0.000004	-0.311212	-0.719901	0.346447	-0.514649	161.695874	-73.063884	-37.785353	0.230222	-0.178484	0.956630	-0.819145	-0.566243	0.091488	0.525356	-0.804681	-0.276566
26675														9.215561	0.932965	-2.678189	0.153626	0.015576	-0.044514	1.000000	0.000327	-0.000764	0.000076	-0.310661	-0.720403	0.346541	-0.514216	161.844636	-72.979370	-37.898462	0.230982	-0.179805	0.956199	-0.818793	-0.566797	0.091209	0.525571	-0.803997	-0.278143
26676														9.304741	0.981781	-2.618687	0.155109	0.016383	-0.043530	1.000000	0.000271	-0.000709	0.000053	-0.310217	-0.720850	0.346674	-0.513768	161.969020	-72.898997	-38.000321	0.231719	-0.181041	0.955788	-0.818559	-0.567165	0.091020	0.525611	-0.803460	-0.279616
26677														9.162827	0.968861	-2.728920	0.152742	0.016163	-0.045382	1.000000	0.000191	-0.000636	0.000045	-0.309857	-0.721239	0.346815	-0.513344	162.071770	-72.826248	-38.088555	0.232395	-0.182146	0.955414	-0.818399	-0.567417	0.090892	0.525562	-0.803033	-0.280933
26678														9.066907	0.882342	-2.732439	0.151154	0.014705	-0.045411	1.000000	0.000155	-0.000840	-0.000050	-0.309477	-0.721738	0.346960	-0.512774	162.168056	-72.732380	-38.170581	0.233364	-0.183446	0.954929	-0.818211	-0.567686	0.090899	0.525425	-0.802546	-0.282575
26679														9.427207	0.854955	-2.645534	0.157160	0.014235	-0.043955	1.000000	0.000180	-0.000856	-0.000140	-0.309102	-0.722289	0.347012	-0.512188	162.237889	-72.634528	-38.218386	0.234492	-0.184649	0.954420	-0.817923	-0.568077	0.091052	0.525372	-0.801993	-0.284238
26680														9.661692	0.817738	-2.711904	0.161051	0.013612	-0.045123	1.000000	0.000177	-0.000451	-0.000155	-0.308922	-0.722638	0.346967	-0.511834	162.248188	-72.575855	-38.212630	0.235278	-0.185230	0.954114	-0.817698	-0.568361	0.091298	0.525371	-0.801658	-0.285185
26681														10.341675	0.821013	-2.778358	0.172375	0.013656	-0.046264	1.000000	0.000257	-0.000223	-0.000231	-0.308816	-0.722875	0.346803	-0.511675	162.225236	-72.544713	-38.167132	0.235833	-0.185363	0.953951	-0.817418	-0.568720	0.091571	0.525558	-0.801372	-0.285642
26682														10.592137	0.713829	-2.828795	0.176506	0.011857	-0.047268	1.000000	0.000326	0.000711	-0.000318	-0.308977	-0.722750	0.346158	-0.512192	162.068302	-72.608135	-37.960065	0.235669	-0.183860	0.954283	-0.816882	-0.569416	0.092028	0.526464	-0.801225	-0.284386
26683														10.029560	0.814782	-2.733118	0.167102	0.013497	-0.045786	0.999999	0.000464	0.001441	-0.000623	-0.309451	-0.722387	0.345008	-0.513193	161.737162	-72.741117	-37.555472	0.235205	-0.180841	0.954974	-0.816074	-0.570420	0.092976	0.527922	-0.801198	-0.281745
26684														9.131429	0.782877	-2.683077	0.152113	0.012949	-0.045008	0.999998	0.000472	0.001946	-0.000790	-0.310207	-0.721826	0.343598	-0.514470	161.276061	-72.918589	-37.019595	0.234523	-0.176851	0.955888	-0.815220	-0.571424	0.094290	0.529542	-0.801373	-0.278185
26685														8.580350	0.873947	-2.705669	0.142935	0.014486	-0.045342	0.999998	0.000478	0.001783	-0.000707	-0.310890	-0.721281	0.342350	-0.515653	160.859446	-73.083075	-36.537552	0.233797	-0.173238	0.956728	-0.814483	-0.572289	0.095410	0.530996	-0.801545	-0.274898
26686														8.476126	1.058479	-2.743925	0.141217	0.017574	-0.045916	0.999999	0.000370	0.001349	-0.000598	-0.311396	-0.720934	0.341292	-0.516533	160.512175	-73.201392	-36.130004	0.233427	-0.170405	0.957327	-0.813791	-0.573104	0.096415	0.532218	-0.801570	-0.272452
26687														8.627529	1.060244	-2.707529	0.143755	0.017607	-0.045268	0.999999	0.000158	0.001010	-0.000491	-0.311898	-0.720658	0.340539	-0.517112	160.215490	-73.285284	-35.803458	0.233257	-0.168252	0.957749	-0.813396	-0.573507	0.097350	0.532896	-0.801737	-0.270630
26688														8.894091	1.069986	-2.644775	0.148197	0.017798	-0.044220	1.000000	0.000041	0.000950	-0.000248	-0.312326	-0.720284	0.340036	-0.517705	160.001649	-73.374213	-35.575859	0.232714	-0.166459	0.958194	-0.813230	-0.573656	0.097851	0.533386	-0.802004	-0.268867
26689														9.094341	1.012900	-2.630001	0.151522	0.016868	-0.044013	0.999999	-0.000041	0.001183	-0.000075	-0.312804	-0.719717	0.339618	-0.518479	159.804499	-73.492839	-35.375194	0.231678	-0.164494	0.958784	-0.813223	-0.573626	0.098090	0.533849	-0.802430	-0.266667
26690														9.150908	0.863674	-2.626669	0.152448	0.014411	-0.044006	0.999999	0.000015	0.001500	0.000104	-0.313249	-0.718939	0.339198	-0.519564	159.635057	-73.653361	-35.195887	0.229995	-0.162219	0.959577	-0.813231	-0.573639	0.097943	0.534562	-0.802884	-0.263856
26691														9.149901	0.844182	-2.638455	0.152414	0.014109	-0.044253	0.999998	0.000177	0.001846	0.000210	-0.313624	-0.717988	0.338649	-0.521008	159.475444	-73.857378	-35.004805	0.227735	-0.159490	0.960573	-0.813093	-0.573914	0.097480	0.535739	-0.803235	-0.260381
26692														8.953391	0.808070	-2.640532	0.149133	0.013519	-0.044297	0.999998	0.000352	0.001960	0.000242	-0.313926	-0.717027	0.338019	-0.522557	159.320754	-74.070609	-34.803998	0.225356	-0.156650	0.961601	-0.812826	-0.574387	0.096919	0.537149	-0.803455	-0.256770
26693														9.175394	0.818157	-2.613761	0.152827	0.013695	-0.043879	0.999998	0.000511	0.002118	0.000238	-0.314175	-0.716021	0.337267	-0.524270	159.157001	-74.301339	-34.576943	0.222784	-0.153556	0.962698	-0.812406	-0.575089	0.096274	0.538854	-0.803550	-0.252871
26694														9.174144	0.847173	-2.545332	0.152804	0.014183	-0.042753	0.999997	0.000620	0.002220	0.000242	-0.314360	-0.715017	0.336396	-0.526086	158.982991	-74.540652	-34.322330	0.220142	-0.150296	0.963820	-0.811818	-0.576031	0.095598	0.540822	-0.803492	-0.248822
26695														9.242076	0.914456	-2.535886	0.153935	0.015298	-0.042607	0.999997	0.000651	0.002286	0.000192	-0.314571	-0.713962	0.335476	-0.527976	158.785030	-74.790325	-34.041391	0.217394	-0.146863	0.964972	-0.811207	-0.577001	0.094937	0.542847	-0.803431	-0.244572
26696														9.323664	0.961045	-2.434458	0.155301	0.016064	-0.040912	0.999997	0.000688	0.002243	0.000121	-0.314777	-0.712970	0.334494	-0.529815	158.560263	-75.030944	-33.728284	0.214821	-0.143421	0.966065	-0.810515	-0.578059	0.094413	0.544902	-0.803292	-0.240424
26697														9.311797	0.979909	-2.351198	0.155104	0.016355	-0.039543	0.999997	0.000577	0.002360	-0.000000	-0.315163	-0.711924	0.333440	-0.531653	158.244309	-75.277614	-33.333976	0.212326	-0.139652	0.967169	-0.809882	-0.578981	0.094195	0.546817	-0.803292	-0.236034
26698														9.303683	0.894900	-2.257550	0.154975	0.014925	-0.037976	0.999997	0.000571	0.002316	-0.000072	-0.315624	-0.710887	0.332415	-0.533406	157.893637	-75.516298	-32.915427	0.209956	-0.135907	0.968219	-0.809330	-0.579764	0.094121	0.548547	-0.803370	-0.231719
26699														9.297851	0.938526	-2.249023	0.154875	0.015650	-0.037845	0.999997	0.000539	0.002389	-0.000083	-0.316124	-0.709804	0.331361	-0.535205	157.510067	-75.762161	-32.464758	0.207511	-0.132020	0.969283	-0.808785	-0.580531	0.094080	0.550279	-0.803464	-0.227242
26700														9.155736	0.948416	-2.196983	0.152516	0.015819	-0.036941	0.999998	0.000479	0.002177	-0.000038	-0.316529	-0.708830	0.330376	-0.536861	157.159911	-75.985612	-32.046887	0.205263	-0.128496	0.970235	-0.808226	-0.581322	0.093999	0.551940	-0.803464	-0.223178
26701														9.128106	1.028005	-2.012514	0.152067	0.017152	-0.033839	0.999998	0.000381	0.001993	0.000035	-0.316930	-0.707879	0.329589	-0.538362	156.851538	-76.192624	-31.689877	0.203075	-0.125372	0.971104	-0.807864	-0.581853	0.093820	0.553277	-0.803573	-0.219444
26702														9.265856	1.125656	-1.883793	0.154369	0.018768	-0.031693	0.999998	0.000153	0.001940	0.000011	-0.317475	-0.706931	0.328888	-0.539714	156.498627	-76.387161	-31.310528	0.201083	-0.122311	0.971908	-0.807694	-0.582084	0.093855	0.554253	-0.803877	-0.215837
26703														9.040422	1.189559	-2.007108	0.150609	0.019829	-0.033738	0.999998	-0.000214	0.001870	0.000070	-0.318198	-0.705862	0.328436	-0.540961	156.140300	-76.581906	-30.965072	0.198983	-0.119396	0.972703	-0.807926	-0.581760	0.093866	0.554672	-0.804549	-0.212223
26704														8.825809	0.964952	-2.092689	0.147050	0.016089	-0.035073	0.999999	-0.000464	0.001275	0.000157	-0.318887	-0.704974	0.328417	-0.541725	155.901964	-76.719998	-30.779921	0.197353	-0.117552	0.973259	-0.808548	-0.580907	0.093790	0.554348	-0.805437	-0.209690
26705														8.919679	0.941362	-1.971378	0.148639	0.015691	-0.032957	1.000000	-0.000540	0.000617	0.000134	-0.319403	-0.704469	0.328585	-0.541975	155.765528	-76.783078	-30.702599	0.196590	-0.116739	0.973511	-0.809173	-0.580027	0.093850	0.553707	-0.806189	-0.208489
26706														9.018928	0.913551	-1.893154	0.150305	0.015217	-0.031606	1.000000	-0.000644	0.000291	0.000078	-0.319922	-0.704117	0.328885	-0.541944	155.658116	-76.810243	-30.668845	0.196262	-0.116387	0.973620	-0.809907	-0.578969	0.094050	0.552750	-0.807000	-0.207892
26707														9.087351	0.891669	-1.876730	0.151457	0.014825	-0.031291	1.000000	-0.000683	0.000017	-0.000100	-0.320511	-0.703949	0.329207	-0.541619	155.518500	-76.798678	-30.613741	0.196543	-0.116299	0.973574	-0.810680	-0.577791	0.094638	0.551516	-0.807857	-0.207841
26708														9.050991	0.894194	-1.964791	0.150859	0.014841	-0.032731	1.000000	-0.000712	-0.000174	-0.000256	-0.321131	-0.703912	0.329492	-0.541126	155.349849	-76.762862	-30.530567	0.197235	-0.116322	0.973431	-0.811412	-0.576619	0.095503	0.550190	-0.808690	-0.208115
26709														8.992699	0.815942	-2.008720	0.149906	0.013525	-0.033386	0.999999	-0.000681	-0.000679	-0.000343	-0.321561	-0.704208	0.329808	-0.540293	155.252881	-76.671413	-30.507779	0.198620	-0.117032	0.973064	-0.811981	-0.575651	0.096505	0.548851	-0.809277	-0.209364
26710														9.207436	0.896359	-1.953680	0.153495	0.014863	-0.032416	0.999999	-0.000602	-0.001007	-0.000370	-0.321848	-0.704712	0.330175	-0.539239	155.219413	-76.544099	-30.542431	0.200411	-0.118251	0.972549	-0.812463	-0.574796	0.097534	0.547484	-0.809707	-0.211270
26711														9.358748	0.961000	-1.920686	0.156020	0.015937	-0.031852	0.999999	-0.000604	-0.001084	-0.000390	-0.322129	-0.705255	0.330565	-0.538122	155.192934	-76.408419	-30.586190	0.202303	-0.119576	0.971996	-0.812955	-0.573919	0.098597	0.546057	-0.810135	-0.213315
26712														9.496271	1.023603	-1.883782	0.158306	0.016980	-0.031263	0.999999	-0.000641	-0.000911	-0.000377	-0.322506	-0.705668	0.330956	-0.537113	155.134363	-76.292447	-30.605726	0.203955	-0.120646	0.971518	-0.813535	-0.572916	0.099642	0.544576	-0.810686	-0.214999
26713														9.598409	1.044629	-1.955835	0.159999	0.017332	-0.032513	1.000000	-0.000720	-0.000603	-0.000343	-0.323009	-0.705888	0.331297	-0.536311	155.020925	-76.209708	-30.575319	0.205226	-0.121251	0.971175	-0.814183	-0.571815	0.100660	0.543127	-0.811372	-0.216072
26714														9.832482	1.018849	-2.019019	0.163890	0.016906	-0.033611	1.000000	-0.000771	-0.000318	-0.000298	-0.323610	-0.705939	0.331587	-0.535703	154.863130	-76.157241	-30.503109	0.206145	-0.121444	0.970956	-0.814878	-0.570653	0.101633	0.541737	-0.812161	-0.216599
26715														9.594943	0.907702	-2.067811	0.159919	0.015068	-0.034474	1.000000	-0.000723	-0.000003	-0.000220	-0.324255	-0.705794	0.331827	-0.535354	154.682724	-76.142157	-30.405382	0.206572	-0.121221	0.970893	-0.815586	-0.569499	0.102423	0.540507	-0.813004	-0.216509
26716														9.456962	0.870513	-2.034612	0.157618	0.014457	-0.033923	1.000000	-0.000583	0.000026	-0.000202	-0.324796	-0.705680	0.331987	-0.535077	154.519585	-76.130193	-30.307702	0.206954	-0.120971	0.970843	-0.816135	-0.568585	0.103127	0.539531	-0.813681	-0.216400
26717														9.444714	0.864494	-1.966043	0.157411	0.014370	-0.032787	1.000000	-0.000389	0.000087	-0.000161	-0.325200	-0.705585	0.332051	-0.534917	154.382946	-76.126057	-30.214641	0.207211	-0.120670	0.970826	-0.816491	-0.567973	0.103673	0.538893	-0.814153	-0.216216
26718														9.463068	0.859660	-1.957709	0.157713	0.014298	-0.032665	1.000000	-0.000217	0.000212	-0.000144	-0.325508	-0.705473	0.331989	-0.534916	154.249243	-76.136242	-30.102972	0.207296	-0.120180	0.970868	-0.816658	-0.567655	0.104102	0.538608	-0.814447	-0.215819
26719														9.451867	0.896286	-1.978023	0.157523	0.014922	-0.033014	1.000000	-0.000040	0.000296	-0.000097	-0.325697	-0.705348	0.331848	-0.535054	154.140338	-76.158739	-29.997090	0.207188	-0.119606	0.970962	-0.816668	-0.567596	0.104346	0.538634	-0.814573	-0.215277
26720														9.331510	0.975710	-2.039174	0.155515	0.016258	-0.034033	1.000000	0.000080	0.000306	-0.000043	-0.325786	-0.705246	0.331680	-0.535238	154.061683	-76.182792	-29.909582	0.207017	-0.119086	0.971063	-0.816579	-0.567703	0.104463	0.538835	-0.814575	-0.214767
26721														9.195358	0.996754	-2.018290	0.153251	0.016623	-0.033655	1.000000	0.000132	0.000122	0.000039	-0.325724	-0.705234	0.331594	-0.535346	154.062052	-76.192640	-29.895591	0.206901	-0.118952	0.971104	-0.816452	-0.567899	0.104388	0.539071	-0.814458	-0.214618
26722														9.222400	1.028594	-2.010053	0.153705	0.017171	-0.033496	1.000000	0.000145	-0.000018	0.000148	-0.325560	-0.705262	0.331633	-0.535383	154.136579	-76.192783	-29.958546	0.206768	-0.119178	0.971104	-0.816375	-0.568061	0.104108	0.539239	-0.814312	-0.214751
26723														9.206654	1.069676	-2.045115	0.153443	0.017867	-0.034070	1.000000	0.000108	-0.000086	0.000232	-0.325329	-0.705293	0.331752	-0.535410	154.259388	-76.191423	-30.071112	0.206554	-0.119596	0.971099	-0.816333	-0.568204	0.103658	0.539385	-0.814151	-0.214995
26724														9.311555	1.088259	-2.040076	0.155192	0.018178	-0.033980	1.000000	0.000036	-0.000133	0.000255	-0.325138	-0.705315	0.331954	-0.535371	154.390188	-76.185166	-30.203341	0.206369	-0.120126	0.971072	-0.816403	-0.568184	0.103212	0.539349	-0.814087	-0.215326
26725														9.376564	1.059454	-2.105473	0.156276	0.017690	-0.035073	1.000000	-0.000072	-0.000122	0.000227	-0.325036	-0.705299	0.332191	-0.535307	154.496965	-76.180158	-30.322889	0.206191	-0.120599	0.971052	-0.816576	-0.568002	0.102847	0.539156	-0.814144	-0.215595
26726														9.389434	1.010736	-2.147774	0.156489	0.016873	-0.035789	1.000000	-0.000137	-0.000062	0.000206	-0.325014	-0.705238	0.332429	-0.535254	154.575005	-76.179904	-30.420928	0.205988	-0.120954	0.971051	-0.816813	-0.567714	0.102556	0.538874	-0.814292	-0.215739
26727														9.341324	0.975436	-2.118115	0.155688	0.016285	-0.035291	1.000000	-0.000153	-0.000084	0.000215	-0.324978	-0.705179	0.332682	-0.535196	154.661956	-76.178945	-30.528015	0.205776	-0.121347	0.971047	-0.817055	-0.567423	0.102235	0.538589	-0.814436	-0.215909
26728														9.342874	0.942589	-2.133240	0.155712	0.015740	-0.035553	1.000000	-0.000103	-0.000014	0.000216	-0.324937	-0.705110	0.332882	-0.535187	154.736891	-76.182915	-30.617287	0.205528	-0.121633	0.971063	-0.817241	-0.567212	0.101924	0.538401	-0.814540	-0.215981
26729														9.368829	0.964146	-2.136411	0.156141	0.016097	-0.035620	1.000000	-0.000090	0.000073	0.000197	-0.324939	-0.704996	0.333049	-0.535232	154.787336	-76.195237	-30.682679	0.205210	-0.121761	0.971114	-0.817433	-0.566985	0.101645	0.538231	-0.814679	-0.215882
26730														9.486025	0.968483	-2.153011	0.158091	0.016165	-0.035914	1.000000	-0.000064	0.000185	0.000162	-0.324984	-0.704827	0.333156	-0.535361	154.806815	-76.219280	-30.714580	0.204792	-0.121667	0.971214	-0.817602	-0.566785	0.101398	0.538133	-0.814832	-0.215548
26731														9.436091	0.972266	-2.166088	0.157254	0.016228	-0.036153	1.000000	-0.000050	0.000324	0.000159	-0.325058	-0.704601	0.333193	-0.535590	154.797826	-76.256459	-30.713508	0.204252	-0.121341	0.971369	-0.817732	-0.566639	0.101163	0.538140	-0.814982	-0.214962
26732														9.324158	0.941882	-2.143594	0.155388	0.015721	-0.035782	1.000000	-0.000043	0.000352	0.000155	-0.325128	-0.704368	0.333204	-0.535847	154.783533	-76.296677	-30.704102	0.203686	-0.120959	0.971535	-0.817835	-0.566534	0.100926	0.538200	-0.815112	-0.214320
26733														9.270948	0.938925	-2.112235	0.154503	0.015671	-0.035251	1.000000	0.000016	0.000309	0.000141	-0.325153	-0.704176	0.333195	-0.536090	154.779405	-76.332233	-30.699181	0.203178	-0.120634	0.971682	-0.817878	-0.566513	0.100685	0.538325	-0.815175	-0.213767
26734														9.336567	0.922268	-2.103591	0.155597	0.015404	-0.035103	1.000000	0.000068	0.000282	0.000197	-0.325109	-0.704003	0.333206	-0.536338	154.807589	-76.366432	-30.722101	0.202631	-0.120419	0.971823	-0.817892	-0.566557	0.100333	0.538511	-0.815177	-0.213291
26735														9.350865	0.950050	-2.087331	0.155835	0.015866	-0.034833	1.000000	0.000116	0.000293	0.000178	-0.325041	-0.703840	0.333176	-0.536612	154.833253	-76.401856	-30.736513	0.202084	-0.120163	0.971969	-0.817846	-0.566684	0.099982	0.538785	-0.815126	-0.212793
26736														9.288453	0.959439	-2.085165	0.154793	0.016025	-0.034800	1.000000	0.000119	0.000318	0.000198	-0.324973	-0.703666	0.333146	-0.536898	154.859855	-76.439173	-30.751728	0.201508	-0.119893	0.972122	-0.817802	-0.566812	0.099614	0.539068	-0.815076	-0.212266
26737														9.366854	0.935189	-2.091431	0.156102	0.015620	-0.034897	1.000000	0.000110	0.000269	0.000192	-0.324891	-0.703514	0.333133	-0.537155	154.895762	-76.472264	-30.776815	0.200973	-0.119694	0.972257	-0.817762	-0.566936	0.099243	0.539328	-0.815020	-0.211820
26738														9.286463	0.897151	-2.069529	0.154763	0.014984	-0.034528	1.000000	0.000134	0.000243	0.000176	-0.324806	-0.703382	0.333117	-0.537390	154.931437	-76.501906	-30.801268	0.200490	-0.119522	0.972378	-0.817712	-0.567068	0.098898	0.539584	-0.814953	-0.211426
26739														9.312047	0.947704	-2.054484	0.155189	0.015825	-0.034279	1.000000	0.000141	0.000257	0.000165	-0.324715	-0.703258	0.333070	-0.537636	154.960429	-76.531900	-30.815611	0.200023	-0.119311	0.972500	-0.817625	-0.567249	0.098575	0.539888	-0.814858	-0.211015
26740														9.331332	0.935133	-2.044888	0.155511	0.015614	-0.034119	1.000000	0.000147	0.000254	0.000153	-0.324617	-0.703148	0.333004	-0.537881	154.985893	-76.560629	-30.824089	0.199586	-0.119091	0.972616	-0.817512	-0.567465	0.098275	0.540222	-0.814740	-0.210617
26741														9.439061	0.925011	-2.046204	0.157304	0.015446	-0.034155	1.000000	0.000137	0.000339	0.000154	-0.324567	-0.702978	0.332930	-0.538178	154.992856	-76.598736	-30.817309	0.199045	-0.118736	0.972771	-0.817435	-0.567627	0.097976	0.540538	-0.814678	-0.210042
26742														9.446139	0.937087	-2.070609	0.157417	0.015652	-0.034582	1.000000	0.000122	0.000469	0.000186	-0.324550	-0.702725	0.332842	-0.538573	154.985883	-76.651868	-30.797305	0.198311	-0.118205	0.972985	-0.817380	-0.567767	0.097620	0.540890	-0.814658	-0.209213
26743														9.364183	0.937283	-2.092913	0.156047	0.015659	-0.034966	1.000000	0.000099	0.000547	0.000219	-0.324548	-0.702403	0.332765	-0.539041	154.979475	-76.716583	-30.779630	0.197403	-0.117581	0.973245	-0.817360	-0.567872	0.097179	0.541252	-0.814676	-0.208206
26744														9.344961	0.896583	-2.071211	0.155729	0.014981	-0.034594	1.000000	0.000093	0.000484	0.000224	-0.324541	-0.702118	0.332718	-0.539447	154.981809	-76.773002	-30.773439	0.196593	-0.117069	0.973471	-0.817359	-0.567944	0.096765	0.541549	-0.814699	-0.207341
26745														9.388491	0.889553	-2.083302	0.156453	0.014867	-0.034803	1.000000	0.000127	0.000532	0.000233	-0.324526	-0.701819	0.332643	-0.539891	154.979751	-76.833805	-30.759356	0.195733	-0.116492	0.973713	-0.817327	-0.568064	0.096335	0.541909	-0.814698	-0.206402
26746														9.427138	0.866598	-2.061929	0.157093	0.014483	-0.034467	1.000000	0.000140	0.000657	0.000224	-0.324535	-0.701462	0.332504	-0.540434	154.951519	-76.907657	-30.714679	0.194745	-0.115699	0.974006	-0.817257	-0.568236	0.095906	0.542369	-0.814691	-0.205217
26747														9.450743	0.909514	-1.994432	0.157482	0.015195	-0.033365	1.000000	0.000150	0.000806	0.000201	-0.324601	-0.701029	0.332302	-0.541081	154.884203	-76.996760	-30.629417	0.193613	-0.114637	0.974357	-0.817177	-0.568419	0.095504	0.542895	-0.814713	-0.203732
26748														9.427986	0.927972	-2.011956	0.157099	0.015498	-0.033679	1.000000	0.000126	0.000945	0.000178	-0.324746	-0.700514	0.332059	-0.541809	154.773314	-77.099451	-30.503374	0.192360	-0.113324	0.974759	-0.817125	-0.568553	0.095153	0.543419	-0.814804	-0.201967
26749														9.415512	0.942931	-1.987598	0.156890	0.015736	-0.033284	0.999999	0.000080	0.001009	0.000114	-0.324983	-0.699973	0.331774	-0.542540	154.610287	-77.205015	-30.329544	0.191153	-0.111833	0.975169	-0.817098	-0.568625	0.094957	0.543886	-0.814960	-0.200073
26750														9.444400	0.956218	-1.982971	0.157369	0.015957	-0.033219	0.999999	0.000028	0.001081	0.000123	-0.325275	-0.699369	0.331502	-0.543310	154.427725	-77.318818	-30.142118	0.189842	-0.110234	0.975607	-0.817134	-0.568606	0.094758	0.544290	-0.815191	-0.198021
26751														9.439787	0.949771	-1.938334	0.157290	0.015843	-0.032493	0.999999	-0.000040	0.001189	0.000091	-0.325656	-0.698704	0.331196	-0.544124	154.195589	-77.441442	-29.909735	0.188477	-0.108422	0.976074	-0.817210	-0.568515	0.094651	0.544651	-0.815497	-0.195756
26752														9.439270	0.894229	-1.909270	0.157280	0.014913	-0.032019	0.999999	-0.000095	0.001246	0.000076	-0.326107	-0.697988	0.330897	-0.544953	153.932321	-77.569352	-29.653179	0.187067	-0.106498	0.976557	-0.817351	-0.568322	0.094591	0.544925	-0.815885	-0.193361
26753														9.447909	0.881850	-1.876339	0.157423	0.014707	-0.031481	0.999999	-0.000081	0.001316	0.000074	-0.326564	-0.697240	0.330561	-0.545841	153.650429	-77.704553	-29.374611	0.185574	-0.104457	0.977062	-0.817464	-0.568171	0.094518	0.545266	-0.816254	-0.190828
26754														9.430521	0.892142	-1.876723	0.157132	0.014877	-0.031490	0.999999	-0.000067	0.001337	0.000065	-0.327036	-0.696490	0.330207	-0.546728	153.348883	-77.839489	-29.076332	0.184103	-0.102371	0.977561	-0.817572	-0.568022	0.094489	0.545603	-0.816622	-0.188270
26755														9.388603	0.886659	-1.861964	0.156432	0.014788	-0.031250	0.999999	-0.000075	0.001381	0.000079	-0.327522	-0.695703	0.329855	-0.547651	153.037099	-77.980010	-28.769042	0.182548	-0.100228	0.978075	-0.817698	-0.567850	0.094425	0.545936	-0.817007	-0.185616
26756														9.408071	0.840133	-1.801819	0.156759	0.014014	-0.030242	0.999999	-0.000032	0.001347	0.000082	-0.327952	-0.694946	0.329490	-0.548574	152.736850	-78.117781	-28.467157	0.181005	-0.098143	0.978573	-0.817768	-0.567768	0.094318	0.546345	-0.817318	-0.183027
26757														9.426623	0.879369	-1.753298	0.157069	0.014668	-0.029438	0.999999	0.000016	0.001378	0.000073	-0.328358	-0.694204	0.329067	-0.549525	152.420101	-78.256167	-28.141213	0.179476	-0.095997	0.979067	-0.817760	-0.567793	0.094234	0.546861	-0.817555	-0.180408
26758														9.432320	0.839299	-1.752829	0.157163	0.014003	-0.029436	0.999999	0.000034	0.001413	0.000088	-0.328757	-0.693439	0.328635	-0.550509	152.095888	-78.398786	-27.806262	0.177878	-0.093809	0.979571	-0.817744	-0.567836	0.094113	0.547407	-0.817779	-0.177717
26759														9.398290	0.819287	-1.709133	0.156596	0.013675	-0.028704	0.999999	0.000121	0.001406	0.000107	-0.329091	-0.692691	0.328181	-0.551522	151.784772	-78.542005	-27.476447	0.176242	-0.091654	0.980071	-0.817657	-0.567993	0.093918	0.548066	-0.817914	-0.175046
26760														9.402745	0.854629	-1.731831	0.156669	0.014274	-0.029082	0.999999	0.000162	0.001406	0.000161	-0.329371	-0.691926	0.327752	-0.552569	151.499410	-78.689023	-27.169659	0.174492	-0.089560	0.980577	-0.817560	-0.568187	0.093589	0.548769	-0.818011	-0.172365
26761														9.370689	0.851040	-1.741289	0.156138	0.014216	-0.029224	0.999999	0.000232	0.001315	0.000159	-0.329573	-0.691242	0.327305	-0.553568	151.236036	-78.825280	-26.876605	0.172867	-0.087612	0.981041	-0.817376	-0.568507	0.093258	0.549558	-0.818000	-0.169888
26762														9.450563	0.903816	-1.674209	0.157473	0.015090	-0.028093	0.999999	0.000262	0.001231	0.000122	-0.329745	-0.690627	0.326842	-0.554506	150.974474	-78.950742	-26.581865	0.171394	-0.085760	0.981463	-0.817143	-0.568885	0.092990	0.550365	-0.817933	-0.167582
26763														9.531743	0.927994	-1.621941	0.158828	0.015484	-0.027223	0.999999	0.000255	0.001223	0.000068	-0.329948	-0.690022	0.326354	-0.555425	150.683341	-79.073427	-26.258304	0.169991	-0.083861	0.981871	-0.816906	-0.569255	0.092811	0.551151	-0.817873	-0.165274
26764														9.564413	0.930354	-1.603592	0.159371	0.015522	-0.026932	0.999999	0.000200	0.001308	0.000065	-0.330207	-0.689362	0.325855	-0.556383	150.352211	-79.203182	-25.898624	0.168513	-0.081821	0.982298	-0.816707	-0.569563	0.092664	0.551899	-0.817865	-0.162802
26765														9.608441	0.946077	-1.593564	0.160099	0.015787	-0.026799	0.999999	0.000154	0.001514	0.000094	-0.330552	-0.688563	0.325332	-0.557472	149.958426	-79.354230	-25.481016	0.166767	-0.079476	0.982788	-0.816571	-0.569788	0.092484	0.552631	-0.817939	-0.159919
26766														9.562880	0.941797	-1.595675	0.159335	0.015714	-0.026862	0.999999	0.000087	0.001684	0.000091	-0.330998	-0.687646	0.324787	-0.558656	149.490739	-79.521363	-24.996081	0.164834	-0.076850	0.983323	-0.816505	-0.569907	0.092331	0.553307	-0.818108	-0.156689
26767														9.500529	0.917506	-1.541079	0.158294	0.015311	-0.025967	0.999998	0.000034	0.001790	0.000115	-0.331509	-0.686640	0.324257	-0.559896	148.977635	-79.699468	-24.472764	0.162747	-0.074075	0.983883	-0.816518	-0.569917	0.092154	0.553906	-0.818357	-0.153235
26768														9.537520	0.899235	-1.513739	0.158909	0.015005	-0.025531	0.999998	0.000003	0.001901	0.000113	-0.332068	-0.685564	0.323700	-0.561205	148.407446	-79.887515	-23.893874	0.160533	-0.071118	0.984465	-0.816551	-0.569898	0.091983	0.554503	-0.818632	-0.149559
26769														9.559936	0.869386	-1.492980	0.159279	0.014514	-0.025204	0.999998	0.000010	0.002018	0.000152	-0.332646	-0.684405	0.323131	-0.562604	147.794564	-80.088283	-23.272538	0.158125	-0.068010	0.985074	-0.816601	-0.569866	0.091738	0.555121	-0.818918	-0.145647
26770														9.658011	0.847238	-1.460763	0.160910	0.014153	-0.024701	0.999998	0.000024	0.002208	0.000200	-0.333246	-0.683123	0.322524	-0.564153	147.116727	-80.309455	-22.584053	0.155419	-0.064644	0.985731	-0.816650	-0.569851	0.091390	0.555812	-0.819201	-0.141357
26771														9.708515	0.858490	-1.411038	0.161746	0.014347	-0.023917	0.999997	0.000042	0.002474	0.000233	-0.333895	-0.681691	0.321831	-0.565894	146.326276	-80.555722	-21.778731	0.152376	-0.060881	0.986446	-0.816677	-0.569878	0.090981	0.556615	-0.819471	-0.136556
26772														9.781184	0.878026	-1.400635	0.162951	0.014673	-0.023792	0.999996	0.000071	0.002757	0.000231	-0.334611	-0.680095	0.321032	-0.567842	145.386246	-80.828257	-20.819435	0.148987	-0.056653	0.987215	-0.816677	-0.569948	0.090543	0.557532	-0.819725	-0.131182
26773														9.694516	0.894754	-1.357483	0.161502	0.014945	-0.023117	0.999995	0.000001	0.003049	0.000201	-0.335493	-0.678317	0.320150	-0.569942	144.231331	-81.122070	-19.652336	0.145340	-0.051903	0.988019	-0.816750	-0.569897	0.090208	0.558387	-0.820075	-0.125221
26774														9.641914	0.865738	-1.332464	0.160624	0.014472	-0.022713	0.999995	0.000017	0.003146	0.000263	-0.336354	-0.676469	0.319260	-0.572127	142.992939	-81.424657	-18.399115	0.141487	-0.047064	0.988821	-0.816813	-0.569879	0.089751	0.559284	-0.820380	-0.119073
26775														9.639574	0.856182	-1.247640	0.160585	0.014314	-0.021329	0.999994	-0.000020	0.003332	0.000280	-0.337286	-0.674484	0.318341	-0.574429	141.580791	-81.741534	-16.976007	0.137380	-0.041938	0.989630	-0.816926	-0.569794	0.089259	0.560142	-0.820717	-0.112539
26776														9.646126	0.898249	-1.145265	0.160697	0.015019	-0.019641	0.999994	-0.000044	0.003436	0.000307	-0.338244	-0.672416	0.317415	-0.576798	140.017979	-82.064151	-15.404073	0.133105	-0.036673	0.990423	-0.817066	-0.569678	0.088713	0.560969	-0.821049	-0.105791
26777														9.574339	0.915831	-1.094858	0.159500	0.015311	-0.018828	0.999993	-0.000117	0.003625	0.000311	-0.339301	-0.670208	0.316463	-0.579265	138.211245	-82.396658	-13.595179	0.128607	-0.031102	0.991208	-0.817282	-0.569452	0.088172	0.561703	-0.821436	-0.098654
26778														9.534116	0.953534	-1.003169	0.158834	0.015942	-0.017304	0.999993	-0.000199	0.003660	0.000335	-0.340414	-0.667933	0.315561	-0.581726	136.222036	-82.725391	-11.614025	0.124033	-0.025492	0.991951	-0.817602	-0.569080	0.087607	0.562266	-0.821887	-0.091427
26779														9.587945	0.914903	-0.963055	0.159733	0.015304	-0.016641	0.999993	-0.000287	0.003667	0.000380	-0.341538	-0.665609	0.314727	-0.584177	134.071924	-83.048976	-9.480019	0.119368	-0.019933	0.992650	-0.818008	-0.568597	0.086950	0.562685	-0.822375	-0.084177
26780														9.598615	0.860091	-0.929070	0.159912	0.014399	-0.016078	0.999993	-0.000333	0.003681	0.000433	-0.342677	-0.663228	0.313953	-0.586630	131.727989	-83.367687	-7.159577	0.114597	-0.014395	0.993308	-0.818494	-0.568012	0.086197	0.562970	-0.822894	-0.076874
26781														9.567982	0.805189	-0.858903	0.159406	0.013488	-0.014906	0.999993	-0.000312	0.003678	0.000455	-0.343782	-0.660838	0.313179	-0.589090	129.173523	-83.676389	-4.626311	0.109785	-0.008884	0.993916	-0.818958	-0.567466	0.085388	0.563254	-0.823349	-0.069575
26782														9.610471	0.776231	-0.752333	0.160122	0.013005	-0.013127	0.999993	-0.000292	0.003648	0.000446	-0.344864	-0.658462	0.312398	-0.591527	126.388640	-83.969271	-1.860669	0.105006	-0.003411	0.994466	-0.819397	-0.566953	0.084576	0.563527	-0.823743	-0.062329
26783														9.626233	0.793176	-0.700658	0.160388	0.013281	-0.012270	0.999993	-0.000252	0.003670	0.000402	-0.345955	-0.656099	0.311544	-0.593961	123.280240	-84.242143	1.233348	0.100301	0.002159	0.994955	-0.819775	-0.566511	0.083871	0.563834	-0.824051	-0.055052
26784														9.659314	0.817498	-0.596658	0.160945	0.013678	-0.010546	0.999993	-0.000265	0.003713	0.000347	-0.347097	-0.653719	0.310639	-0.596388	119.796215	-84.492724	4.702166	0.095649	0.007867	0.995384	-0.820150	-0.566055	0.083284	0.564097	-0.824330	-0.047690
26785														9.653332	0.770975	-0.548283	0.160849	0.012897	-0.009752	0.999993	-0.000304	0.003795	0.000312	-0.348306	-0.651274	0.309706	-0.598839	115.880117	-84.722288	8.598633	0.090949	0.013753	0.995761	-0.820565	-0.565530	0.082758	0.564271	-0.824613	-0.040150
26786														9.608810	0.800379	-0.467200	0.160112	0.013381	-0.008397	0.999993	-0.000305	0.003787	0.000273	-0.349512	-0.648843	0.308744	-0.601266	111.637142	-84.921578	12.823919	0.086311	0.019647	0.996074	-0.820953	-0.565036	0.082282	0.564435	-0.824832	-0.032639
26787														9.609777	0.816128	-0.391427	0.160133	0.013638	-0.007134	0.999993	-0.000365	0.003782	0.000239	-0.350780	-0.646385	0.307801	-0.603654	107.052040	-85.087622	17.383054	0.081721	0.025583	0.996327	-0.821416	-0.564423	0.081868	0.564444	-0.825089	-0.025111
26788														9.497599	0.787118	-0.325170	0.158269	0.013149	-0.006020	0.999993	-0.000415	0.003761	0.000206	-0.352096	-0.643922	0.306869	-0.605990	102.187877	-85.215625	22.214882	0.077215	0.031534	0.996516	-0.821933	-0.563719	0.081526	0.564326	-0.825364	-0.017609
26789														9.343326	0.748208	-0.219697	0.155706	0.012493	-0.004229	0.999993	-0.000407	0.003614	0.000158	-0.353383	-0.641554	0.305953	-0.608212	97.292153	-85.300901	27.078532	0.072943	0.037292	0.996639	-0.822434	-0.563027	0.081260	0.564165	-0.825597	-0.010398
26790														9.392633	0.733974	-0.084973	0.156538	0.012238	-0.001936	0.999995	-0.000382	0.003292	0.000034	-0.354625	-0.639428	0.305046	-0.610180	92.707928	-85.334495	31.632733	0.069254	0.042660	0.996687	-0.822880	-0.562376	0.081248	0.563979	-0.825780	-0.003843
26791														9.496987	0.734400	0.002970	0.158283	0.012230	-0.000440	0.999995	-0.000376	0.003065	-0.000060	-0.355836	-0.637466	0.304146	-0.611975	88.406584	-85.328789	35.905412	0.065963	0.047759	0.996678	-0.823291	-0.561752	0.081406	0.563774	-0.825926	0.002265
26792														9.581585	0.765682	0.082169	0.159697	0.012748	0.000900	0.999996	-0.000380	0.002908	-0.000086	-0.357016	-0.635600	0.303284	-0.613654	84.358397	-85.295706	39.923731	0.062896	0.052633	0.996631	-0.823703	-0.561117	0.081616	0.563522	-0.826062	0.008062
26793														9.691609	0.825666	0.215936	0.161538	0.013748	0.003122	0.999996	-0.000419	0.002915	-0.000090	-0.358236	-0.633705	0.302452	-0.615311	80.371415	-85.239155	43.873918	0.059830	0.057523	0.996550	-0.824183	-0.560380	0.081828	0.563154	-0.826236	0.013882
