// Start Time: Unknown
// Update Rate: 60.0Hz
//Filter Profile: human (46.1)
// Option Flags: AHS Disabled ICC Disabled
// Firmware Version: 4.0.2
0	sampleTimeFine	Year	Month	Day	Second	UTC_Nano	UTC_Year	UTC_Month	UTC_Day	UTC_Hour	UTC_Minute	UTC_Second	UTC_Valid	Acc_X	Acc_Y	Acc_Z	Mat[1][1]	Mat[2][1]	Mat[3][1]	Mat[1][2]	Mat[2][2]	Mat[3][2]	Mat[1][3]	Mat[2][3]	Mat[3][3]
0	1531619													0.041300	0.025292	-0.285353	0.499192	-0.825253	-0.264129	-0.059842	-0.336933	0.939625	-0.864422	-0.453248	-0.217579
1	1531785													8.487248	-0.609783	4.909825	0.499268	-0.824900	-0.265088	-0.060165	-0.338216	0.939143	-0.864356	-0.452936	-0.218490
2	1531952													8.491078	-0.612690	4.898921	0.499350	-0.825082	-0.264368	-0.060667	-0.337682	0.939303	-0.864274	-0.453002	-0.218677
3	1532119													8.515093	-0.611496	4.903116	0.499252	-0.825011	-0.264773	-0.061165	-0.338376	0.939021	-0.864295	-0.452613	-0.219397
4	1532285													8.494293	-0.601987	4.886858	0.499108	-0.825267	-0.264247	-0.061537	-0.337930	0.939157	-0.864352	-0.452480	-0.219448
5	1532452													8.466463	-0.617472	4.916563	0.498915	-0.825316	-0.264458	-0.061763	-0.338234	0.939033	-0.864447	-0.452164	-0.219724
6	1532619													8.452695	-0.612905	4.907676	0.498878	-0.825348	-0.264428	-0.061987	-0.338305	0.938993	-0.864453	-0.452052	-0.219934
7	1532785													8.465776	-0.643918	4.905494	0.498954	-0.825334	-0.264326	-0.062122	-0.338282	0.938992	-0.864399	-0.452093	-0.220058
8	1532952													8.479816	-0.618487	4.904704	0.498995	-0.825330	-0.264263	-0.062329	-0.338331	0.938961	-0.864361	-0.452065	-0.220267
9	1533119													8.479673	-0.613573	4.902175	0.499017	-0.825354	-0.264146	-0.062559	-0.338325	0.938948	-0.864331	-0.452026	-0.220463
10	1533285													8.447968	-0.591126	4.890842	0.499015	-0.825414	-0.263960	-0.062729	-0.338201	0.938981	-0.864320	-0.452008	-0.220545
11	1533452													8.519384	-0.584728	4.911424	0.499032	-0.825410	-0.263942	-0.062821	-0.338233	0.938963	-0.864304	-0.451991	-0.220642
12	1533619													8.521144	-0.607512	4.916917	0.499067	-0.825390	-0.263938	-0.062809	-0.338233	0.938964	-0.864284	-0.452028	-0.220643
13	1533785													8.498621	-0.589881	4.852988	0.499015	-0.825475	-0.263770	-0.062734	-0.337987	0.939058	-0.864320	-0.452057	-0.220446
14	1533952													8.569698	-0.611628	4.850949	0.499123	-0.825358	-0.263934	-0.062642	-0.338157	0.939003	-0.864264	-0.452144	-0.220484
15	1534119													8.431088	-0.602450	4.976660	0.499398	-0.825109	-0.264190	-0.062556	-0.338483	0.938891	-0.864111	-0.452354	-0.220654
16	1534285													8.557492	-0.591042	4.907863	0.499233	-0.825178	-0.264288	-0.062540	-0.338539	0.938872	-0.864208	-0.452187	-0.220616
17	1534452													8.544574	-0.604440	4.892951	0.499592	-0.824876	-0.264551	-0.062509	-0.338926	0.938734	-0.864003	-0.452447	-0.220887
18	1534619													8.393420	-0.602045	4.999375	0.499764	-0.824731	-0.264680	-0.062535	-0.339136	0.938656	-0.863901	-0.452554	-0.221063
19	1534785													8.396202	-0.586021	4.980271	0.499600	-0.824892	-0.264487	-0.062575	-0.338890	0.938743	-0.863993	-0.452445	-0.220927
20	1534952													8.421010	-0.590575	4.931086	0.499596	-0.824899	-0.264471	-0.062621	-0.338895	0.938738	-0.863992	-0.452429	-0.220967
21	1535119													8.427490	-0.589996	4.929533	0.499628	-0.824887	-0.264448	-0.062677	-0.338908	0.938730	-0.863970	-0.452441	-0.221029
22	1535285													8.460001	-0.620773	4.944858	0.499567	-0.824941	-0.264396	-0.062766	-0.338877	0.938735	-0.863998	-0.452366	-0.221070
23	1535452													8.456357	-0.634183	4.921462	0.499536	-0.824981	-0.264330	-0.062833	-0.338828	0.938748	-0.864012	-0.452329	-0.221093
24	1535619													8.452803	-0.617536	4.906724	0.499520	-0.824987	-0.264341	-0.062923	-0.338883	0.938722	-0.864014	-0.452277	-0.221190
25	1535785													8.481809	-0.628826	4.929595	0.499501	-0.825049	-0.264185	-0.063058	-0.338770	0.938754	-0.864015	-0.452249	-0.221242
26	1535952													8.477010	-0.631279	4.939991	0.499529	-0.825073	-0.264057	-0.063159	-0.338685	0.938777	-0.863992	-0.452269	-0.221294
27	1536119													8.457988	-0.617890	4.956094	0.499433	-0.825132	-0.264052	-0.063235	-0.338692	0.938770	-0.864042	-0.452155	-0.221331
28	1536285													8.512753	-0.590182	4.924230	0.499198	-0.825256	-0.264110	-0.063406	-0.338779	0.938727	-0.864165	-0.451864	-0.221444
29	1536452													8.554571	-0.611015	4.873638	0.499122	-0.825295	-0.264132	-0.063501	-0.338832	0.938701	-0.864202	-0.451754	-0.221526
30	1536619													8.450256	-0.596797	4.931712	0.499053	-0.825324	-0.264171	-0.063514	-0.338862	0.938690	-0.864241	-0.451677	-0.221530
31	1536785													8.551634	-0.606959	4.862651	0.498731	-0.825447	-0.264395	-0.063510	-0.339022	0.938632	-0.864427	-0.451333	-0.221505
32	1536952													8.548580	-0.605470	4.887159	0.498776	-0.825448	-0.264306	-0.063579	-0.338969	0.938647	-0.864396	-0.451371	-0.221551
33	1537119													8.498510	-0.634072	4.930845	0.498577	-0.825587	-0.264249	-0.063712	-0.338916	0.938657	-0.864501	-0.451157	-0.221576
34	1537285													8.502226	-0.623270	4.903401	0.498283	-0.825783	-0.264189	-0.063807	-0.338811	0.938688	-0.864663	-0.450875	-0.221515
35	1537452													8.463894	-0.592505	4.903109	0.498075	-0.825876	-0.264291	-0.063842	-0.338885	0.938659	-0.864781	-0.450649	-0.221516
36	1537619													8.475471	-0.595759	4.904507	0.497808	-0.826121	-0.264028	-0.063919	-0.338549	0.938775	-0.864928	-0.450454	-0.221338
37	1537785													8.520082	-0.615862	4.889037	0.497516	-0.826353	-0.263851	-0.063955	-0.338282	0.938869	-0.865094	-0.450228	-0.221151
38	1537952													8.514565	-0.637478	4.841805	0.497243	-0.826505	-0.263891	-0.063954	-0.338247	0.938882	-0.865251	-0.449976	-0.221049
39	1538119													8.529214	-0.609304	4.865634	0.496947	-0.826630	-0.264057	-0.063904	-0.338323	0.938858	-0.865425	-0.449688	-0.220954
40	1538285													8.520950	-0.613762	4.850578	0.496691	-0.826787	-0.264050	-0.063870	-0.338224	0.938896	-0.865574	-0.449476	-0.220799
41	1538452													8.517796	-0.605964	4.866078	0.496499	-0.826924	-0.263982	-0.063849	-0.338081	0.938949	-0.865686	-0.449332	-0.220655
42	1538619													8.522264	-0.581083	4.886798	0.496354	-0.827037	-0.263899	-0.063848	-0.337944	0.938998	-0.865769	-0.449226	-0.220545
43	1538785													8.494101	-0.617682	4.884899	0.496223	-0.827111	-0.263913	-0.063842	-0.337919	0.939007	-0.865845	-0.449108	-0.220488
44	1538952													8.500800	-0.611709	4.865203	0.496039	-0.827217	-0.263929	-0.063840	-0.337882	0.939021	-0.865950	-0.448942	-0.220412
45	1539119													8.504133	-0.622374	4.880853	0.495873	-0.827306	-0.263960	-0.063894	-0.337898	0.939011	-0.866041	-0.448765	-0.220414
46	1539285													8.482449	-0.601739	4.837059	0.495746	-0.827374	-0.263984	-0.064009	-0.337948	0.938985	-0.866106	-0.448601	-0.220496
47	1539452													8.472239	-0.605030	4.886244	0.495630	-0.827506	-0.263788	-0.064113	-0.337746	0.939051	-0.866164	-0.448509	-0.220451
48	1539619													8.478740	-0.597652	4.906088	0.495505	-0.827584	-0.263780	-0.064144	-0.337717	0.939059	-0.866233	-0.448389	-0.220425
49	1539785													8.464235	-0.618008	4.867064	0.495396	-0.827645	-0.263792	-0.064162	-0.337708	0.939061	-0.866295	-0.448282	-0.220403
50	1539952													8.575700	-0.600003	4.767681	0.495271	-0.827679	-0.263919	-0.064169	-0.337820	0.939021	-0.866365	-0.448135	-0.220424
51	1540119													8.485850	-0.632665	4.909109	0.495549	-0.827491	-0.263986	-0.064119	-0.337951	0.938977	-0.866210	-0.448383	-0.220529
52	1540285													8.522688	-0.587153	4.930060	0.495374	-0.827570	-0.264070	-0.064106	-0.337988	0.938965	-0.866311	-0.448210	-0.220483
53	1540452													8.597400	-0.593465	4.920743	0.495432	-0.827590	-0.263898	-0.064084	-0.337798	0.939034	-0.866279	-0.448316	-0.220391
54	1540619													8.430272	-0.567722	4.972618	0.495656	-0.827500	-0.263760	-0.064159	-0.337745	0.939048	-0.866146	-0.448523	-0.220497
55	1540785													8.393363	-0.576029	4.976800	0.495328	-0.827781	-0.263492	-0.064332	-0.337437	0.939147	-0.866321	-0.448235	-0.220395
56	1540952													8.452593	-0.579367	4.878003	0.494983	-0.828043	-0.263318	-0.064446	-0.337198	0.939225	-0.866509	-0.447931	-0.220272
57	1541119													8.465020	-0.596718	4.850758	0.494774	-0.828252	-0.263055	-0.064604	-0.336922	0.939314	-0.866617	-0.447754	-0.220208
58	1541285													8.498473	-0.618305	4.861245	0.494492	-0.828516	-0.262753	-0.064820	-0.336609	0.939411	-0.866762	-0.447499	-0.220154
59	1541452													8.524990	-0.650989	4.866012	0.494272	-0.828760	-0.262397	-0.065054	-0.336262	0.939519	-0.866870	-0.447307	-0.220119
60	1541619													8.496584	-0.649258	4.908998	0.494119	-0.828967	-0.262032	-0.065237	-0.335899	0.939636	-0.866943	-0.447198	-0.220053
61	1541785													8.493381	-0.644833	4.878835	0.493878	-0.829167	-0.261851	-0.065405	-0.335711	0.939692	-0.867068	-0.446967	-0.220032
62	1541952													8.489027	-0.644902	4.889446	0.493710	-0.829289	-0.261781	-0.065546	-0.335657	0.939701	-0.867153	-0.446781	-0.220074
63	1542119													8.490485	-0.668530	4.913089	0.493505	-0.829423	-0.261746	-0.065631	-0.335601	0.939715	-0.867263	-0.446575	-0.220056
64	1542285													8.514836	-0.648600	4.856209	0.493155	-0.829575	-0.261923	-0.065756	-0.335766	0.939647	-0.867453	-0.446169	-0.220134
65	1542452													8.542013	-0.655728	4.776091	0.492976	-0.829684	-0.261913	-0.065871	-0.335763	0.939641	-0.867546	-0.445968	-0.220175
66	1542619													8.460897	-0.607522	4.908144	0.492910	-0.829733	-0.261881	-0.065887	-0.335716	0.939656	-0.867582	-0.445912	-0.220146
67	1542785													8.571764	-0.605937	4.809298	0.492477	-0.829991	-0.261882	-0.065914	-0.335607	0.939693	-0.867826	-0.445515	-0.219987
68	1542952													8.571338	-0.605580	4.798156	0.492457	-0.830023	-0.261818	-0.065936	-0.335539	0.939716	-0.867835	-0.445507	-0.219967
69	1543119													8.494557	-0.627978	4.860866	0.492346	-0.830124	-0.261704	-0.065948	-0.335385	0.939770	-0.867898	-0.445433	-0.219871
70	1543285													8.531026	-0.634742	4.848222	0.492060	-0.830306	-0.261664	-0.066023	-0.335296	0.939797	-0.868054	-0.445161	-0.219805
71	1543452													8.524411	-0.622893	4.821570	0.491939	-0.830414	-0.261550	-0.066036	-0.335139	0.939852	-0.868122	-0.445077	-0.219705
72	1543619													8.508977	-0.605617	4.836703	0.491806	-0.830567	-0.261315	-0.066102	-0.334869	0.939943	-0.868192	-0.444996	-0.219592
73	1543785													8.527569	-0.629298	4.817201	0.491657	-0.830689	-0.261206	-0.066167	-0.334736	0.939986	-0.868271	-0.444867	-0.219540
74	1543952													8.538507	-0.631944	4.805918	0.491566	-0.830801	-0.261024	-0.066185	-0.334513	0.940064	-0.868322	-0.444828	-0.219421
75	1544119													8.549646	-0.628232	4.827501	0.491477	-0.830868	-0.260976	-0.066149	-0.334415	0.940102	-0.868375	-0.444775	-0.219318
76	1544285													8.546839	-0.629488	4.820467	0.491424	-0.830911	-0.260938	-0.066134	-0.334349	0.940126	-0.868406	-0.444744	-0.219259
77	1544452													8.516076	-0.622893	4.819376	0.491398	-0.830936	-0.260908	-0.066102	-0.334292	0.940149	-0.868423	-0.444741	-0.219197
78	1544619													8.511237	-0.612561	4.843347	0.491355	-0.831018	-0.260729	-0.066072	-0.334061	0.940233	-0.868450	-0.444761	-0.219050
79	1544785													8.509099	-0.616588	4.850467	0.491363	-0.831043	-0.260634	-0.066005	-0.333921	0.940287	-0.868450	-0.444820	-0.218929
80	1544952													8.506077	-0.619281	4.855953	0.491346	-0.831129	-0.260390	-0.065942	-0.333608	0.940403	-0.868465	-0.444892	-0.218723
81	1545119													8.529823	-0.627664	4.824826	0.491298	-0.831193	-0.260277	-0.065894	-0.333443	0.940465	-0.868495	-0.444898	-0.218590
82	1545285													8.527077	-0.627091	4.855151	0.491387	-0.831159	-0.260219	-0.065855	-0.333382	0.940489	-0.868448	-0.445008	-0.218555
83	1545452													8.510279	-0.603038	4.832053	0.491522	-0.831123	-0.260078	-0.065785	-0.333225	0.940550	-0.868377	-0.445192	-0.218462
84	1545619													8.529225	-0.623104	4.825334	0.491613	-0.831122	-0.259911	-0.065752	-0.333045	0.940616	-0.868328	-0.445329	-0.218377
85	1545786													8.582698	-0.612594	4.776820	0.491786	-0.831050	-0.259814	-0.065741	-0.332979	0.940640	-0.868231	-0.445513	-0.218388
86	1545952													8.481147	-0.625206	4.879897	0.492266	-0.830827	-0.259617	-0.065698	-0.332871	0.940681	-0.867962	-0.446009	-0.218444
87	1546119													8.500058	-0.585375	4.929173	0.492340	-0.830817	-0.259508	-0.065644	-0.332740	0.940731	-0.867924	-0.446124	-0.218359
88	1546286													8.544026	-0.600526	4.863402	0.492670	-0.830619	-0.259513	-0.065552	-0.332793	0.940719	-0.867744	-0.446453	-0.218406
89	1546452													8.422940	-0.604424	4.927080	0.493137	-0.830375	-0.259408	-0.065479	-0.332770	0.940732	-0.867484	-0.446924	-0.218474
90	1546619													8.407676	-0.605442	4.947283	0.493131	-0.830387	-0.259384	-0.065403	-0.332702	0.940761	-0.867493	-0.446954	-0.218375
91	1546786													8.459736	-0.603296	4.864425	0.493110	-0.830385	-0.259429	-0.065303	-0.332694	0.940771	-0.867513	-0.446962	-0.218281
92	1546952													8.470902	-0.591314	4.885055	0.493190	-0.830347	-0.259398	-0.065217	-0.332638	0.940797	-0.867474	-0.447074	-0.218207
93	1547119													8.490128	-0.615990	4.895637	0.493260	-0.830313	-0.259373	-0.065156	-0.332599	0.940815	-0.867438	-0.447167	-0.218158
94	1547286													8.499976	-0.633311	4.903574	0.493356	-0.830290	-0.259267	-0.065109	-0.332481	0.940860	-0.867387	-0.447298	-0.218091
95	1547452													8.478501	-0.608749	4.912257	0.493437	-0.830259	-0.259210	-0.065120	-0.332446	0.940872	-0.867340	-0.447381	-0.218108
96	1547619													8.492845	-0.621212	4.862787	0.493486	-0.830271	-0.259080	-0.065164	-0.332334	0.940908	-0.867309	-0.447442	-0.218106
97	1547786													8.512093	-0.622739	4.898660	0.493562	-0.830252	-0.258993	-0.065179	-0.332266	0.940931	-0.867265	-0.447527	-0.218108
98	1547952													8.497126	-0.600481	4.899199	0.493599	-0.830287	-0.258812	-0.065171	-0.332067	0.941002	-0.867244	-0.447610	-0.218018
99	1548119													8.530434	-0.580231	4.849148	0.493515	-0.830360	-0.258738	-0.065237	-0.331993	0.941023	-0.867287	-0.447530	-0.218014
100	1548286													8.552527	-0.619939	4.811884	0.493679	-0.830254	-0.258764	-0.065268	-0.332086	0.940988	-0.867191	-0.447657	-0.218133
101	1548452													8.474442	-0.549341	4.932480	0.493809	-0.830284	-0.258420	-0.065242	-0.331720	0.941119	-0.867119	-0.447874	-0.217975
102	1548786													8.567948	-0.565077	4.839441	0.493813	-0.830203	-0.258675	-0.065123	-0.331947	0.941047	-0.867126	-0.447855	-0.217985
103	1548952													8.505067	-0.584447	4.878622	0.493861	-0.830227	-0.258502	-0.065146	-0.331778	0.941105	-0.867097	-0.447935	-0.217938
104	1549119													8.505920	-0.589478	4.874990	0.493778	-0.830314	-0.258384	-0.065174	-0.331634	0.941154	-0.867142	-0.447881	-0.217868
105	1549286													8.494905	-0.581441	4.860825	0.493818	-0.830320	-0.258286	-0.065168	-0.331532	0.941191	-0.867120	-0.447945	-0.217827
106	1549452													8.475103	-0.568292	4.849702	0.493842	-0.830400	-0.257983	-0.065215	-0.331219	0.941297	-0.867102	-0.448028	-0.217725
107	1549619													8.515500	-0.593718	4.867526	0.493831	-0.830502	-0.257678	-0.065265	-0.330896	0.941408	-0.867105	-0.448079	-0.217609
108	1549786													8.525850	-0.608066	4.849366	0.493845	-0.830594	-0.257353	-0.065351	-0.330577	0.941514	-0.867091	-0.448144	-0.217534
109	1549952													8.550215	-0.637595	4.840171	0.493848	-0.830695	-0.257021	-0.065414	-0.330233	0.941630	-0.867085	-0.448209	-0.217424
110	1550119													8.536745	-0.639254	4.860810	0.493909	-0.830721	-0.256821	-0.065447	-0.330041	0.941695	-0.867047	-0.448304	-0.217379
111	1550286													8.500838	-0.623916	4.867011	0.493994	-0.830781	-0.256463	-0.065521	-0.329698	0.941810	-0.866993	-0.448444	-0.217302
112	1550452													8.500903	-0.616760	4.859100	0.494077	-0.830803	-0.256232	-0.065598	-0.329499	0.941874	-0.866940	-0.448550	-0.217297
113	1550619													8.536747	-0.625179	4.845883	0.494189	-0.830802	-0.256019	-0.065676	-0.329329	0.941928	-0.866870	-0.448677	-0.217314
114	1550786													8.521134	-0.578266	4.866181	0.494170	-0.830872	-0.255828	-0.065776	-0.329160	0.941980	-0.866873	-0.448671	-0.217313
115	1550952													8.499454	-0.571464	4.859490	0.494200	-0.830950	-0.255515	-0.065922	-0.328889	0.942065	-0.866845	-0.448724	-0.217314
116	1551119													8.496036	-0.574192	4.882442	0.494345	-0.830938	-0.255274	-0.065994	-0.328694	0.942128	-0.866757	-0.448889	-0.217325
117	1551286													8.498257	-0.585357	4.870737	0.494446	-0.830980	-0.254942	-0.066033	-0.328367	0.942239	-0.866696	-0.449052	-0.217232
118	1551452													8.538306	-0.582425	4.802957	0.494474	-0.831011	-0.254787	-0.066040	-0.328202	0.942296	-0.866680	-0.449115	-0.217167
119	1551619													8.555641	-0.615366	4.832915	0.494902	-0.830854	-0.254468	-0.066097	-0.327992	0.942365	-0.866431	-0.449559	-0.217241
120	1551786													8.471155	-0.576794	4.927303	0.495211	-0.830777	-0.254119	-0.066149	-0.327711	0.942460	-0.866251	-0.449906	-0.217241
121	1551952													8.597954	-0.596697	4.848811	0.495307	-0.830782	-0.253913	-0.066178	-0.327519	0.942524	-0.866194	-0.450035	-0.217202
122	1552119													8.526540	-0.614735	4.922452	0.495935	-0.830469	-0.253712	-0.066199	-0.327481	0.942536	-0.865833	-0.450641	-0.217386
123	1552286													8.419419	-0.631787	4.969615	0.496170	-0.830413	-0.253434	-0.066309	-0.327290	0.942595	-0.865689	-0.450883	-0.217455
124	1552452													8.467326	-0.618684	4.925714	0.496108	-0.830520	-0.253208	-0.066404	-0.327065	0.942666	-0.865718	-0.450850	-0.217409
125	1552619													8.476780	-0.621634	4.922256	0.496225	-0.830526	-0.252958	-0.066496	-0.326862	0.942730	-0.865644	-0.450985	-0.217423
126	1552786													8.440876	-0.635471	4.910494	0.496303	-0.830553	-0.252715	-0.066597	-0.326662	0.942792	-0.865591	-0.451080	-0.217435
127	1552952													8.464390	-0.645513	4.893886	0.496335	-0.830622	-0.252425	-0.066709	-0.326400	0.942875	-0.865564	-0.451143	-0.217414
128	1553119													8.462831	-0.651726	4.896996	0.496434	-0.830626	-0.252218	-0.066792	-0.326237	0.942926	-0.865501	-0.451254	-0.217434
129	1553286													8.469319	-0.628054	4.905178	0.496524	-0.830607	-0.252104	-0.066867	-0.326172	0.942942	-0.865444	-0.451336	-0.217493
130	1553452													8.462034	-0.637560	4.918335	0.496649	-0.830564	-0.252000	-0.066897	-0.326105	0.942964	-0.865370	-0.451464	-0.217522
131	1553619													8.442528	-0.624717	4.951162	0.496730	-0.830591	-0.251749	-0.066953	-0.325872	0.943040	-0.865319	-0.451581	-0.217481
132	1553786													8.462608	-0.624867	4.942247	0.496724	-0.830624	-0.251655	-0.067023	-0.325800	0.943060	-0.865317	-0.451574	-0.217503
133	1553952													8.510441	-0.603593	4.888744	0.496687	-0.830662	-0.251600	-0.067118	-0.325777	0.943061	-0.865331	-0.451519	-0.217562
134	1554119													8.477154	-0.627830	4.919737	0.496885	-0.830520	-0.251676	-0.067095	-0.325908	0.943018	-0.865219	-0.451686	-0.217662
135	1554286													8.456282	-0.568002	4.948105	0.496866	-0.830552	-0.251611	-0.067050	-0.325805	0.943056	-0.865233	-0.451702	-0.217570
136	1554452													8.563568	-0.583684	4.868524	0.496815	-0.830573	-0.251643	-0.066944	-0.325772	0.943075	-0.865271	-0.451688	-0.217450
137	1554619													8.513859	-0.607776	4.913805	0.497010	-0.830486	-0.251544	-0.066944	-0.325715	0.943095	-0.865159	-0.451888	-0.217480
138	1554786													8.503314	-0.603288	4.927849	0.496915	-0.830535	-0.251571	-0.066943	-0.325718	0.943094	-0.865214	-0.451796	-0.217452
139	1554952													8.518819	-0.596894	4.912925	0.496870	-0.830556	-0.251588	-0.066980	-0.325743	0.943083	-0.865236	-0.451738	-0.217483
140	1555119													8.453986	-0.599258	4.917575	0.496937	-0.830588	-0.251350	-0.066985	-0.325495	0.943168	-0.865197	-0.451859	-0.217387
141	1555286													8.440518	-0.616860	4.905459	0.496848	-0.830691	-0.251186	-0.067028	-0.325307	0.943230	-0.865245	-0.451805	-0.217308
142	1555452													8.493281	-0.631530	4.897390	0.496750	-0.830781	-0.251081	-0.067048	-0.325170	0.943276	-0.865300	-0.451738	-0.217230
143	1555619													8.522543	-0.641996	4.903942	0.496723	-0.830790	-0.251108	-0.067048	-0.325192	0.943268	-0.865316	-0.451706	-0.217233
144	1555786													8.490318	-0.633074	4.918861	0.496757	-0.830748	-0.251177	-0.067058	-0.325286	0.943235	-0.865295	-0.451715	-0.217297
145	1555952													8.472466	-0.623266	4.909158	0.496784	-0.830724	-0.251203	-0.067080	-0.325335	0.943217	-0.865278	-0.451724	-0.217346
146	1556119													8.473141	-0.628199	4.927782	0.496828	-0.830721	-0.251128	-0.067178	-0.325313	0.943217	-0.865245	-0.451746	-0.217430
147	1556286													8.480372	-0.621030	4.929201	0.496854	-0.830726	-0.251060	-0.067276	-0.325294	0.943217	-0.865223	-0.451751	-0.217511
148	1556452													8.482349	-0.636065	4.939167	0.496849	-0.830717	-0.251099	-0.067334	-0.325368	0.943187	-0.865221	-0.451713	-0.217594
149	1556619													8.484186	-0.607931	4.896516	0.496824	-0.830716	-0.251152	-0.067415	-0.325463	0.943149	-0.865229	-0.451648	-0.217701
150	1556786													8.460347	-0.605426	4.879810	0.496834	-0.830727	-0.251095	-0.067528	-0.325460	0.943142	-0.865214	-0.451629	-0.217796
151	1556952													8.484969	-0.619907	4.922725	0.496923	-0.830691	-0.251038	-0.067596	-0.325457	0.943138	-0.865158	-0.451698	-0.217879
152	1557119													8.505304	-0.615469	4.918747	0.496952	-0.830680	-0.251017	-0.067571	-0.325428	0.943149	-0.865143	-0.451739	-0.217852
153	1557286													8.544299	-0.572179	4.847152	0.496842	-0.830729	-0.251073	-0.067547	-0.325447	0.943144	-0.865208	-0.451635	-0.217809
154	1557452													8.537657	-0.616565	4.860248	0.497151	-0.830480	-0.251283	-0.067434	-0.325715	0.943060	-0.865039	-0.451899	-0.217932
155	1557619													8.453224	-0.576993	4.935484	0.497375	-0.830292	-0.251462	-0.067296	-0.325911	0.943002	-0.864921	-0.452104	-0.217976
156	1557786													8.568749	-0.598824	4.857059	0.497356	-0.830246	-0.251652	-0.067138	-0.326038	0.942970	-0.864945	-0.452097	-0.217898
157	1557952													8.496996	-0.600101	4.935184	0.497811	-0.829944	-0.251748	-0.067043	-0.326228	0.942911	-0.864690	-0.452514	-0.218042
158	1558119													8.402928	-0.593819	4.972880	0.497863	-0.829922	-0.251718	-0.067068	-0.326221	0.942911	-0.864659	-0.452558	-0.218075
159	1558286													8.456892	-0.599820	4.886069	0.497648	-0.830070	-0.251656	-0.067073	-0.326092	0.942955	-0.864782	-0.452380	-0.217955
160	1558452													8.435862	-0.597516	4.906807	0.497651	-0.830104	-0.251538	-0.067052	-0.325947	0.943007	-0.864782	-0.452423	-0.217868
161	1558619													8.437236	-0.622382	4.915322	0.497574	-0.830201	-0.251368	-0.067110	-0.325763	0.943067	-0.864822	-0.452376	-0.217806
162	1558786													8.487762	-0.643621	4.921426	0.497495	-0.830292	-0.251224	-0.067153	-0.325600	0.943120	-0.864863	-0.452327	-0.217741
163	1558952													8.464396	-0.642104	4.921244	0.497496	-0.830336	-0.251078	-0.067211	-0.325465	0.943162	-0.864858	-0.452344	-0.217726
164	1559119													8.475014	-0.637992	4.903717	0.497471	-0.830376	-0.250992	-0.067258	-0.325384	0.943187	-0.864869	-0.452327	-0.217719
165	1559286													8.497149	-0.644425	4.913902	0.497489	-0.830392	-0.250907	-0.067321	-0.325325	0.943203	-0.864854	-0.452341	-0.217749
166	1559452													8.476377	-0.652297	4.927620	0.497509	-0.830401	-0.250837	-0.067369	-0.325276	0.943216	-0.864839	-0.452360	-0.217771
167	1559619													8.477414	-0.640963	4.921937	0.497455	-0.830436	-0.250828	-0.067388	-0.325261	0.943220	-0.864869	-0.452307	-0.217764
168	1559786													8.513802	-0.622184	4.892340	0.497383	-0.830493	-0.250782	-0.067487	-0.325240	0.943220	-0.864902	-0.452217	-0.217817
169	1559952													8.489692	-0.626559	4.891615	0.497532	-0.830405	-0.250777	-0.067512	-0.325290	0.943201	-0.864814	-0.452342	-0.217905
170	1560119													8.442245	-0.558146	4.959005	0.497490	-0.830469	-0.250649	-0.067490	-0.325121	0.943261	-0.864841	-0.452346	-0.217793
171	1560286													8.525707	-0.588740	4.874700	0.497385	-0.830527	-0.250666	-0.067382	-0.325054	0.943292	-0.864909	-0.452289	-0.217639
172	1560452													8.503599	-0.597948	4.930476	0.497602	-0.830394	-0.250675	-0.067338	-0.325104	0.943278	-0.864788	-0.452497	-0.217690
173	1560619													8.499935	-0.574098	4.924152	0.497533	-0.830418	-0.250734	-0.067292	-0.325126	0.943273	-0.864831	-0.452437	-0.217641
174	1560786													8.514850	-0.600917	4.915880	0.497451	-0.830484	-0.250676	-0.067283	-0.325032	0.943306	-0.864879	-0.452382	-0.217565
175	1560952													8.460033	-0.589745	4.911813	0.497450	-0.830536	-0.250505	-0.067287	-0.324840	0.943372	-0.864879	-0.452425	-0.217476
176	1561119													8.470100	-0.601218	4.891558	0.497394	-0.830638	-0.250279	-0.067316	-0.324583	0.943459	-0.864909	-0.452423	-0.217360
177	1561286													8.488775	-0.639136	4.885854	0.497375	-0.830709	-0.250081	-0.067337	-0.324363	0.943533	-0.864919	-0.452450	-0.217267
178	1561452													8.479427	-0.625146	4.901171	0.497336	-0.830768	-0.249962	-0.067309	-0.324202	0.943590	-0.864943	-0.452457	-0.217155
179	1561619													8.499338	-0.622682	4.887144	0.497275	-0.830818	-0.249915	-0.067254	-0.324103	0.943628	-0.864982	-0.452435	-0.217045
180	1561786													8.502976	-0.612325	4.906202	0.497293	-0.830818	-0.249883	-0.067233	-0.324060	0.943644	-0.864974	-0.452467	-0.217011
181	1561952													8.472579	-0.605463	4.929297	0.497246	-0.830849	-0.249871	-0.067223	-0.324029	0.943656	-0.865001	-0.452432	-0.216974
182	1562119													8.480936	-0.614010	4.933303	0.497231	-0.830862	-0.249860	-0.067224	-0.324012	0.943661	-0.865010	-0.452421	-0.216963
183	1562286													8.495624	-0.618059	4.900528	0.497238	-0.830856	-0.249866	-0.067243	-0.324030	0.943654	-0.865005	-0.452419	-0.216989
184	1562453													8.503187	-0.614543	4.905816	0.497239	-0.830864	-0.249837	-0.067285	-0.324020	0.943654	-0.865001	-0.452411	-0.217020
185	1562619													8.482539	-0.606650	4.888829	0.497240	-0.830900	-0.249714	-0.067398	-0.323940	0.943674	-0.864991	-0.452402	-0.217077
186	1562786													8.453933	-0.604386	4.891844	0.497206	-0.830980	-0.249518	-0.067549	-0.323786	0.943716	-0.864999	-0.452366	-0.217120
187	1562953													8.496825	-0.619503	4.913119	0.497266	-0.830980	-0.249397	-0.067658	-0.323724	0.943729	-0.864956	-0.452411	-0.217200
188	1563119													8.481977	-0.635463	4.925685	0.497324	-0.830975	-0.249297	-0.067721	-0.323659	0.943747	-0.864918	-0.452465	-0.217238
189	1563286													8.494515	-0.598984	4.860484	0.497209	-0.831055	-0.249261	-0.067790	-0.323622	0.943755	-0.864979	-0.452346	-0.217245
190	1563453													8.511842	-0.639179	4.851137	0.497455	-0.830916	-0.249234	-0.067845	-0.323690	0.943728	-0.864833	-0.452553	-0.217395
191	1563619													8.433481	-0.599696	4.980673	0.497668	-0.830803	-0.249186	-0.067853	-0.323700	0.943724	-0.864710	-0.452753	-0.217467
192	1563786													8.589913	-0.625333	4.860008	0.497667	-0.830777	-0.249272	-0.067828	-0.323785	0.943696	-0.864712	-0.452739	-0.217487
193	1563953													8.502216	-0.634732	4.929595	0.498102	-0.830486	-0.249373	-0.067797	-0.324007	0.943622	-0.864464	-0.453113	-0.217693
194	1564119													8.372889	-0.614324	4.985478	0.498120	-0.830492	-0.249320	-0.067880	-0.323995	0.943620	-0.864447	-0.453112	-0.217762
195	1564286													8.437918	-0.617592	4.922828	0.497925	-0.830644	-0.249201	-0.067914	-0.323823	0.943677	-0.864557	-0.452957	-0.217652
196	1564453													8.448869	-0.611113	4.910848	0.497986	-0.830653	-0.249047	-0.067914	-0.323665	0.943731	-0.864521	-0.453051	-0.217594
197	1564619													8.451017	-0.625693	4.945001	0.497967	-0.830708	-0.248904	-0.067954	-0.323518	0.943779	-0.864530	-0.453056	-0.217551
198	1564786													8.460824	-0.643778	4.921054	0.497897	-0.830785	-0.248786	-0.067983	-0.323380	0.943824	-0.864567	-0.453014	-0.217490
199	1564953													8.461042	-0.635728	4.917238	0.497895	-0.830808	-0.248712	-0.067997	-0.323302	0.943850	-0.864567	-0.453027	-0.217463
200	1565119													8.445900	-0.648288	4.940752	0.497923	-0.830828	-0.248592	-0.068021	-0.323187	0.943887	-0.864549	-0.453074	-0.217436
201	1565286													8.469410	-0.641032	4.923472	0.497942	-0.830858	-0.248452	-0.068026	-0.323036	0.943939	-0.864538	-0.453126	-0.217373
202	1565453													8.470508	-0.634298	4.959595	0.497957	-0.830866	-0.248395	-0.067982	-0.322952	0.943971	-0.864533	-0.453170	-0.217300
203	1565619													8.460877	-0.629362	4.943742	0.497912	-0.830897	-0.248383	-0.067909	-0.322887	0.943998	-0.864565	-0.453160	-0.217195
204	1565786													8.503836	-0.637491	4.885911	0.497822	-0.830965	-0.248336	-0.067920	-0.322814	0.944022	-0.864615	-0.453088	-0.217143
205	1565953													8.481563	-0.641112	4.893145	0.497992	-0.830843	-0.248404	-0.067849	-0.322903	0.943997	-0.864523	-0.453249	-0.217175
206	1566119													8.456139	-0.586591	4.936486	0.497891	-0.830921	-0.248343	-0.067812	-0.322785	0.944040	-0.864584	-0.453189	-0.217058
207	1566286													8.537150	-0.599015	4.885836	0.497892	-0.830903	-0.248401	-0.067693	-0.322789	0.944047	-0.864593	-0.453219	-0.216960
208	1566453													8.491218	-0.621774	4.935680	0.498114	-0.830785	-0.248352	-0.067655	-0.322776	0.944054	-0.864468	-0.453445	-0.216986
209	1566619													8.495038	-0.584815	4.888009	0.497961	-0.830878	-0.248347	-0.067669	-0.322734	0.944068	-0.864555	-0.453303	-0.216933
210	1566786													8.508974	-0.609590	4.897898	0.497956	-0.830917	-0.248228	-0.067642	-0.322583	0.944121	-0.864560	-0.453341	-0.216837
211	1566953													8.465208	-0.583655	4.920986	0.498019	-0.830918	-0.248096	-0.067625	-0.322443	0.944170	-0.864525	-0.453437	-0.216773
212	1567119													8.474217	-0.607308	4.886884	0.497965	-0.831019	-0.247869	-0.067657	-0.322186	0.944256	-0.864554	-0.453436	-0.216661
213	1567286													8.489459	-0.617364	4.880690	0.497934	-0.831066	-0.247771	-0.067615	-0.322044	0.944307	-0.864575	-0.453450	-0.216549
214	1567453													8.502343	-0.632424	4.886944	0.498006	-0.831043	-0.247704	-0.067556	-0.321957	0.944341	-0.864538	-0.453554	-0.216479
215	1567619													8.497047	-0.615766	4.895910	0.498063	-0.831022	-0.247659	-0.067479	-0.321882	0.944372	-0.864511	-0.453645	-0.216395
216	1567786													8.509253	-0.617110	4.905365	0.498094	-0.831013	-0.247629	-0.067445	-0.321839	0.944389	-0.864496	-0.453693	-0.216353
217	1567953													8.475951	-0.624155	4.927327	0.498160	-0.831012	-0.247498	-0.067474	-0.321724	0.944426	-0.864456	-0.453776	-0.216342
218	1568119													8.473902	-0.611725	4.903474	0.498220	-0.831021	-0.247348	-0.067490	-0.321578	0.944475	-0.864420	-0.453863	-0.216302
219	1568286													8.489741	-0.611485	4.917632	0.498321	-0.830992	-0.247241	-0.067532	-0.321508	0.944496	-0.864358	-0.453965	-0.216333
220	1568453													8.509425	-0.620916	4.949903	0.498395	-0.830984	-0.247119	-0.067583	-0.321418	0.944523	-0.864312	-0.454045	-0.216354
221	1568619													8.476826	-0.620454	4.917911	0.498484	-0.830995	-0.246904	-0.067673	-0.321245	0.944575	-0.864254	-0.454146	-0.216372
222	1568786													8.480028	-0.612089	4.911799	0.498593	-0.831013	-0.246620	-0.067815	-0.321029	0.944638	-0.864179	-0.454266	-0.216418
223	1568953													8.475412	-0.627253	4.938780	0.498822	-0.830960	-0.246337	-0.067946	-0.320840	0.944693	-0.864037	-0.454496	-0.216502
224	1569119													8.479305	-0.632250	4.916546	0.499029	-0.830932	-0.246011	-0.068048	-0.320583	0.944773	-0.863909	-0.454729	-0.216523
225	1569286													8.513848	-0.603764	4.867737	0.499101	-0.830966	-0.245752	-0.068187	-0.320382	0.944831	-0.863857	-0.454809	-0.216564
226	1569453													8.499483	-0.649546	4.880101	0.499664	-0.830710	-0.245473	-0.068289	-0.320279	0.944859	-0.863523	-0.455348	-0.216760
227	1569619													8.427670	-0.619255	5.012193	0.500304	-0.830466	-0.244995	-0.068362	-0.319956	0.944963	-0.863147	-0.456020	-0.216847
228	1569786													8.565993	-0.616522	4.932285	0.500823	-0.830306	-0.244475	-0.068439	-0.319554	0.945093	-0.862839	-0.456593	-0.216865
229	1569953													8.501461	-0.656125	5.012495	0.501916	-0.829839	-0.243819	-0.068512	-0.319159	0.945222	-0.862199	-0.457717	-0.217045
230	1570119													8.346155	-0.635528	5.072326	0.502754	-0.829519	-0.243181	-0.068620	-0.318730	0.945359	-0.861702	-0.458596	-0.217164
231	1570286													8.363836	-0.635534	5.035625	0.503261	-0.829399	-0.242539	-0.068642	-0.318155	0.945550	-0.861404	-0.459211	-0.217047
232	1570453													8.373914	-0.631697	4.996336	0.504052	-0.829076	-0.241999	-0.068512	-0.317697	0.945714	-0.860951	-0.460109	-0.216937
233	1570619													8.407149	-0.655094	4.991956	0.504954	-0.828648	-0.241586	-0.068402	-0.317426	0.945813	-0.860432	-0.461067	-0.216967
234	1570786													8.449811	-0.655257	5.022712	0.505761	-0.828269	-0.241197	-0.068356	-0.317190	0.945895	-0.859961	-0.461909	-0.217040
235	1570953													8.435960	-0.659435	5.009935	0.506655	-0.827837	-0.240805	-0.068362	-0.317003	0.945957	-0.859434	-0.462812	-0.217204
236	1571119													8.431097	-0.615570	5.006449	0.507664	-0.827352	-0.240343	-0.068376	-0.316775	0.946033	-0.858837	-0.463833	-0.217387
237	1571286													8.432815	-0.616663	5.033346	0.508866	-0.826749	-0.239877	-0.068311	-0.316555	0.946111	-0.858131	-0.465057	-0.217560
238	1571453													8.375339	-0.617544	5.115997	0.510060	-0.826166	-0.239350	-0.068287	-0.316285	0.946203	-0.857424	-0.466276	-0.217741
239	1571619													8.398899	-0.615667	5.070444	0.511196	-0.825714	-0.238485	-0.068329	-0.315648	0.946413	-0.856744	-0.467507	-0.217778
240	1571786													8.454119	-0.608804	4.993397	0.512662	-0.825108	-0.237434	-0.068484	-0.314955	0.946633	-0.855855	-0.469042	-0.217972
241	1571953													8.380439	-0.634740	5.092700	0.514639	-0.824223	-0.236228	-0.068565	-0.314194	0.946879	-0.854661	-0.471104	-0.218210
242	1572119													8.215829	-0.570623	5.196854	0.516145	-0.823708	-0.234733	-0.068772	-0.313033	0.947249	-0.853736	-0.472775	-0.218218
243	1572286													8.677367	-0.578059	5.034410	0.517743	-0.823179	-0.233064	-0.069002	-0.311710	0.947669	-0.852749	-0.474567	-0.218186
244	1572453													8.321569	-0.566348	5.154644	0.520319	-0.822094	-0.231150	-0.069373	-0.310472	0.948048	-0.851150	-0.477252	-0.218576
245	1572619													8.440788	-0.518236	4.935240	0.522058	-0.821663	-0.228747	-0.070157	-0.308656	0.948583	-0.850020	-0.479167	-0.218782
246	1572786													8.646502	-0.590702	4.811299	0.524907	-0.820576	-0.226117	-0.070968	-0.306925	0.949084	-0.848196	-0.482133	-0.219341
247	1572953													8.506115	-0.627380	5.108742	0.528482	-0.818946	-0.223681	-0.071615	-0.305548	0.949480	-0.845918	-0.485764	-0.220126
248	1573119													8.471918	-0.623937	5.278433	0.531764	-0.817354	-0.221717	-0.072113	-0.304551	0.949762	-0.843816	-0.489061	-0.220892
249	1573286													8.415160	-0.637067	5.307520	0.535413	-0.815478	-0.219837	-0.072638	-0.303784	0.949968	-0.841461	-0.492656	-0.221885
250	1573453													8.372004	-0.627595	5.250281	0.539186	-0.813604	-0.217546	-0.073175	-0.302593	0.950307	-0.839002	-0.496473	-0.222690
251	1573619													8.683687	-0.616755	5.007721	0.543403	-0.811447	-0.215095	-0.073504	-0.301235	0.950713	-0.836248	-0.500810	-0.223336
252	1573786													8.986780	-0.621488	5.008040	0.549071	-0.808537	-0.211634	-0.073469	-0.298931	0.951442	-0.832541	-0.506861	-0.223537
253	1573953													8.650453	-0.530401	5.404057	0.556313	-0.804656	-0.207472	-0.074000	-0.296654	0.952114	-0.827671	-0.514320	-0.224577
254	1574119													8.257215	-0.709820	5.420894	0.563528	-0.800894	-0.202495	-0.075423	-0.293979	0.952831	-0.822647	-0.521675	-0.226071
255	1574286													7.705815	-0.802505	5.808300	0.570709	-0.796833	-0.198364	-0.076984	-0.292424	0.953185	-0.817536	-0.528721	-0.228232
256	1574453													8.155863	-0.749316	5.422881	0.577692	-0.792717	-0.194606	-0.078372	-0.291179	0.953453	-0.812484	-0.535551	-0.230338
257	1574619													8.401174	-0.679251	5.162964	0.585445	-0.787842	-0.191205	-0.079740	-0.290663	0.953497	-0.806781	-0.542973	-0.232990
258	1574786													8.378305	-0.755965	5.520126	0.595600	-0.781094	-0.187491	-0.081123	-0.290701	0.953369	-0.799174	-0.552617	-0.236506
259	1574953													7.552147	-0.835586	6.075786	0.606388	-0.773775	-0.183210	-0.082644	-0.290483	0.953304	-0.790863	-0.562931	-0.240093
260	1575119													7.394719	-0.760812	6.216526	0.615832	-0.767215	-0.179254	-0.084392	-0.290439	0.953165	-0.783345	-0.571861	-0.243608
261	1575286													7.618778	-0.867806	6.118963	0.624952	-0.760746	-0.175215	-0.086283	-0.290380	0.953014	-0.775880	-0.580470	-0.247112
262	1575453													7.676175	-0.816895	6.107619	0.634087	-0.754071	-0.171204	-0.088198	-0.290489	0.952805	-0.768215	-0.589062	-0.250703
263	1575619													7.733322	-0.856464	6.047456	0.643695	-0.746827	-0.167052	-0.090140	-0.290759	0.952541	-0.759955	-0.598088	-0.254479
264	1575786													7.542406	-0.837162	6.174035	0.653936	-0.738784	-0.162991	-0.091851	-0.291375	0.952189	-0.750953	-0.607700	-0.258399
265	1575953													7.294601	-0.844676	6.423073	0.663890	-0.730789	-0.158734	-0.093561	-0.291758	0.951905	-0.741954	-0.617109	-0.262069
266	1576119													7.092733	-0.871799	6.499228	0.673127	-0.723161	-0.154723	-0.095213	-0.292223	0.951599	-0.733372	-0.625815	-0.265557
267	1576286													7.040908	-0.873233	6.569278	0.681428	-0.716173	-0.150840	-0.096847	-0.292519	0.951343	-0.725449	-0.633663	-0.268690
268	1576453													7.073215	-0.953248	6.526365	0.689070	-0.709564	-0.147314	-0.098423	-0.293024	0.951026	-0.717980	-0.640824	-0.271752
269	1576619													6.774966	-1.009506	6.672018	0.696476	-0.702937	-0.144227	-0.099814	-0.293938	0.950599	-0.710605	-0.647673	-0.274883
270	1576786													6.777160	-1.038671	6.721931	0.702925	-0.696987	-0.141793	-0.100974	-0.295122	0.950109	-0.704060	-0.653538	-0.277827
271	1576953													6.692124	-0.974763	6.859943	0.708799	-0.691380	-0.139989	-0.101870	-0.296694	0.949524	-0.698016	-0.658761	-0.280727
272	1577119													6.561191	-1.003162	7.087132	0.714110	-0.686198	-0.138488	-0.102725	-0.298408	0.948894	-0.692456	-0.663389	-0.283586
273	1577286													6.358110	-1.136014	7.250452	0.718721	-0.681548	-0.137597	-0.103360	-0.300427	0.948188	-0.687574	-0.667260	-0.286368
274	1577453													6.416941	-1.023960	7.238914	0.722219	-0.677910	-0.137253	-0.103680	-0.302304	0.947556	-0.683850	-0.670112	-0.288615
275	1577619													6.496986	-1.021234	7.282295	0.725540	-0.674366	-0.137198	-0.103836	-0.304356	0.946882	-0.680302	-0.672754	-0.290846
276	1577786													6.456042	-1.027186	7.266701	0.728302	-0.671369	-0.137256	-0.103845	-0.306118	0.946313	-0.677342	-0.674949	-0.292664
277	1577953													6.487660	-1.052797	7.222416	0.730951	-0.668461	-0.137370	-0.103565	-0.307622	0.945856	-0.674525	-0.677148	-0.294086
278	1578119													6.415753	-0.972433	7.375710	0.733355	-0.665715	-0.137893	-0.103036	-0.309322	0.945359	-0.671993	-0.679076	-0.295435
279	1578286													6.346920	-0.993319	7.366187	0.735370	-0.663470	-0.137979	-0.102698	-0.310367	0.945053	-0.669839	-0.680794	-0.296372
280	1578453													6.357142	-1.063015	7.271016	0.737003	-0.661641	-0.138054	-0.102311	-0.311111	0.944850	-0.668102	-0.682233	-0.296983
281	1578619													6.442214	-1.019799	7.296894	0.738817	-0.659572	-0.138258	-0.101706	-0.311939	0.944643	-0.666188	-0.683856	-0.297548
282	1578786													6.314077	-0.959756	7.367516	0.740349	-0.657902	-0.138017	-0.101478	-0.312342	0.944534	-0.664519	-0.685280	-0.298004
