// Start Time: Unknown
// Update Rate: 60.0Hz
//Filter Profile: human (46.1)
// Option Flags: AHS Disabled ICC Disabled
// Firmware Version: 4.0.2
0	sampleTimeFine	Year	Month	Day	Second	UTC_Nano	UTC_Year	UTC_Month	UTC_Day	UTC_Hour	UTC_Minute	UTC_Second	UTC_Valid	Acc_X	Acc_Y	Acc_Z	Mat[1][1]	Mat[2][1]	Mat[3][1]	Mat[1][2]	Mat[2][2]	Mat[3][2]	Mat[1][3]	Mat[2][3]	Mat[3][3]
0	3007706													-0.330997	0.034288	0.156033	0.197031	-0.782272	-0.590956	-0.057568	-0.610964	0.789563	-0.978706	-0.121548	-0.165413
1	3007872													9.611095	-0.570495	1.931684	0.196833	-0.782369	-0.590894	-0.057880	-0.610905	0.789585	-0.978727	-0.121215	-0.165530
2	3008039													9.620652	-0.580525	1.971735	0.196824	-0.782741	-0.590403	-0.058064	-0.610432	0.789938	-0.978718	-0.121198	-0.165597
3	3008206													9.612226	-0.572953	1.934183	0.197366	-0.782882	-0.590036	-0.058341	-0.610188	0.790106	-0.978592	-0.121517	-0.166105
4	3008372													9.561659	-0.566974	1.913910	0.197717	-0.783312	-0.589347	-0.058570	-0.609581	0.790557	-0.978508	-0.121789	-0.166404
5	3008539													9.584207	-0.572283	1.891419	0.197643	-0.783761	-0.588776	-0.058734	-0.609012	0.790983	-0.978513	-0.121751	-0.166400
6	3008706													9.648826	-0.556819	1.942611	0.197396	-0.784013	-0.588521	-0.058817	-0.608724	0.791199	-0.978558	-0.121564	-0.166273
7	3008872													9.658560	-0.540883	1.970408	0.197406	-0.784199	-0.588271	-0.058754	-0.608465	0.791403	-0.978560	-0.121664	-0.166189
8	3009039													9.620713	-0.582389	1.995617	0.197443	-0.784306	-0.588116	-0.058739	-0.608312	0.791521	-0.978553	-0.121735	-0.166176
9	3009206													9.625556	-0.580641	2.023699	0.197608	-0.784556	-0.587727	-0.058825	-0.607959	0.791786	-0.978515	-0.121890	-0.166289
10	3009372													9.568654	-0.532476	1.951694	0.197896	-0.784611	-0.587557	-0.058879	-0.607844	0.791870	-0.978453	-0.122113	-0.166487
11	3009539													9.579197	-0.520095	1.954326	0.198088	-0.784660	-0.587426	-0.058858	-0.607743	0.791950	-0.978415	-0.122301	-0.166570
12	3009706													9.594786	-0.582006	1.938508	0.198208	-0.784789	-0.587213	-0.058853	-0.607547	0.792100	-0.978391	-0.122442	-0.166608
13	3009872													9.597508	-0.567852	1.952257	0.198361	-0.784712	-0.587265	-0.058943	-0.607637	0.792024	-0.978355	-0.122491	-0.166785
14	3010039													9.560533	-0.586423	1.952017	0.198446	-0.784744	-0.587193	-0.059103	-0.607600	0.792041	-0.978328	-0.122473	-0.166956
15	3010206													9.589543	-0.588701	1.937364	0.198439	-0.784819	-0.587095	-0.059229	-0.607515	0.792097	-0.978322	-0.122410	-0.167039
16	3010372													9.606272	-0.575943	1.956780	0.198370	-0.784972	-0.586914	-0.059451	-0.607348	0.792208	-0.978323	-0.122258	-0.167146
17	3010539													9.606907	-0.587858	1.963981	0.198222	-0.784951	-0.586992	-0.059663	-0.607427	0.792131	-0.978339	-0.121996	-0.167239
18	3010706													9.629739	-0.578421	1.960898	0.198005	-0.785191	-0.586745	-0.059805	-0.607159	0.792327	-0.978375	-0.121794	-0.167179
19	3010872													9.607494	-0.573785	1.879635	0.197805	-0.785435	-0.586485	-0.059983	-0.606884	0.792524	-0.978404	-0.121586	-0.167158
20	3011039													9.583417	-0.618386	1.924408	0.197481	-0.785506	-0.586499	-0.060070	-0.606853	0.792541	-0.978465	-0.121280	-0.167027
21	3011206													9.582211	-0.547116	1.933384	0.197246	-0.785578	-0.586482	-0.060051	-0.606794	0.792588	-0.978513	-0.121116	-0.166862
22	3011372													9.633363	-0.528473	1.904245	0.196848	-0.785645	-0.586525	-0.060066	-0.606770	0.792604	-0.978592	-0.120793	-0.166632
23	3011539													9.667517	-0.589399	1.933758	0.196467	-0.785750	-0.586513	-0.060170	-0.606705	0.792646	-0.978662	-0.120439	-0.166476
24	3011706													9.612644	-0.590898	1.947776	0.196118	-0.785986	-0.586314	-0.060286	-0.606459	0.792826	-0.978725	-0.120141	-0.166321
25	3011872													9.609260	-0.554531	1.908894	0.195761	-0.786039	-0.586362	-0.060415	-0.606462	0.792814	-0.978789	-0.119777	-0.166210
26	3012039													9.629351	-0.563842	1.928299	0.195357	-0.786352	-0.586077	-0.060545	-0.606121	0.793065	-0.978861	-0.119447	-0.166020
27	3012206													9.618217	-0.571529	1.926396	0.195039	-0.786548	-0.585920	-0.060725	-0.605931	0.793196	-0.978914	-0.119124	-0.165943
28	3012372													9.596208	-0.566986	1.922922	0.194685	-0.786916	-0.585543	-0.060951	-0.605517	0.793495	-0.978970	-0.118792	-0.165849
29	3012539													9.623445	-0.598425	1.914767	0.194312	-0.787129	-0.585381	-0.061198	-0.605320	0.793626	-0.979029	-0.118387	-0.165791
30	3012706													9.650179	-0.591782	1.915955	0.193960	-0.787248	-0.585338	-0.061419	-0.605243	0.793667	-0.979085	-0.117989	-0.165745
31	3012872													9.605701	-0.599252	1.901666	0.193685	-0.787352	-0.585290	-0.061586	-0.605168	0.793712	-0.979129	-0.117684	-0.165702
32	3013039													9.592596	-0.603697	1.903118	0.193379	-0.787462	-0.585242	-0.061748	-0.605088	0.793761	-0.979179	-0.117359	-0.165636
33	3013206													9.609623	-0.602583	1.877276	0.193052	-0.787512	-0.585282	-0.061890	-0.605089	0.793749	-0.979235	-0.117012	-0.165553
34	3013372													9.622112	-0.595345	1.925341	0.192747	-0.787473	-0.585435	-0.062035	-0.605208	0.793646	-0.979286	-0.116656	-0.165503
35	3013539													9.599257	-0.589761	1.887239	0.192494	-0.787337	-0.585701	-0.062149	-0.605447	0.793455	-0.979328	-0.116334	-0.165477
36	3013706													9.593140	-0.590509	1.900184	0.192159	-0.787428	-0.585689	-0.062244	-0.605389	0.793492	-0.979388	-0.116021	-0.165344
37	3013872													9.594515	-0.585737	1.925234	0.191837	-0.787397	-0.585836	-0.062314	-0.605491	0.793409	-0.979446	-0.115699	-0.165222
38	3014039													9.630116	-0.554243	1.932520	0.191409	-0.787302	-0.586104	-0.062357	-0.605693	0.793251	-0.979528	-0.115287	-0.165029
39	3014206													9.665684	-0.554512	1.926049	0.191019	-0.787310	-0.586221	-0.062438	-0.605754	0.793198	-0.979598	-0.114914	-0.164869
40	3014372													9.652786	-0.588446	1.901810	0.190626	-0.787528	-0.586055	-0.062437	-0.605520	0.793377	-0.979675	-0.114647	-0.164599
41	3014539													9.608054	-0.579658	1.908881	0.190225	-0.787613	-0.586072	-0.062445	-0.605471	0.793414	-0.979753	-0.114330	-0.164358
42	3014706													9.596215	-0.574412	1.890049	0.189795	-0.787637	-0.586180	-0.062464	-0.605509	0.793384	-0.979835	-0.113965	-0.164121
43	3014872													9.624574	-0.570531	1.855735	0.189304	-0.787747	-0.586189	-0.062517	-0.605442	0.793430	-0.979926	-0.113552	-0.163860
44	3015039													9.615937	-0.596098	1.851277	0.188788	-0.787853	-0.586214	-0.062575	-0.605387	0.793468	-0.980022	-0.113115	-0.163590
45	3015206													9.612924	-0.578163	1.848472	0.188208	-0.787896	-0.586343	-0.062631	-0.605425	0.793434	-0.980130	-0.112607	-0.163292
46	3015372													9.616163	-0.569585	1.879184	0.187603	-0.788082	-0.586287	-0.062753	-0.605281	0.793534	-0.980238	-0.112078	-0.163007
47	3015539													9.620745	-0.567048	1.866534	0.186954	-0.788154	-0.586397	-0.062912	-0.605302	0.793506	-0.980352	-0.111458	-0.162748
48	3015706													9.610853	-0.587866	1.869298	0.186320	-0.788239	-0.586484	-0.063093	-0.605304	0.793490	-0.980461	-0.110840	-0.162513
49	3015872													9.635450	-0.571930	1.857906	0.185660	-0.788299	-0.586613	-0.063294	-0.605347	0.793441	-0.980573	-0.110181	-0.162284
50	3016039													9.629217	-0.566598	1.840526	0.184992	-0.788430	-0.586648	-0.063531	-0.605298	0.793460	-0.980684	-0.109514	-0.162064
51	3016206													9.615253	-0.580768	1.825347	0.184303	-0.788503	-0.586767	-0.063782	-0.605331	0.793415	-0.980798	-0.108804	-0.161857
52	3016372													9.657767	-0.571946	1.822782	0.183644	-0.788485	-0.586997	-0.064023	-0.605479	0.793282	-0.980906	-0.108101	-0.161674
53	3016539													9.646951	-0.590304	1.796754	0.182947	-0.788494	-0.587204	-0.064321	-0.605604	0.793162	-0.981016	-0.107337	-0.161510
54	3016706													9.621531	-0.616355	1.743112	0.182294	-0.788484	-0.587419	-0.064573	-0.605740	0.793038	-0.981121	-0.106635	-0.161338
55	3016872													9.586974	-0.574131	1.744326	0.181682	-0.788591	-0.587466	-0.064857	-0.605717	0.793032	-0.981216	-0.105979	-0.161193
56	3017039													9.642600	-0.621202	1.707395	0.180939	-0.788854	-0.587342	-0.065148	-0.605501	0.793173	-0.981334	-0.105252	-0.160951
57	3017206													9.706851	-0.642730	1.758569	0.180235	-0.788981	-0.587388	-0.065332	-0.605451	0.793197	-0.981451	-0.104587	-0.160669
58	3017372													9.691422	-0.623028	1.799899	0.179784	-0.789032	-0.587458	-0.065580	-0.605474	0.793159	-0.981518	-0.104072	-0.160600
59	3017539													9.618473	-0.624711	1.755907	0.179325	-0.789003	-0.587637	-0.065839	-0.605606	0.793037	-0.981584	-0.103522	-0.160547
60	3017706													9.616063	-0.633446	1.762666	0.178935	-0.788872	-0.587931	-0.066023	-0.605856	0.792830	-0.981643	-0.103047	-0.160493
61	3017872													9.595558	-0.608513	1.758662	0.178545	-0.788842	-0.588089	-0.066170	-0.605967	0.792733	-0.981704	-0.102625	-0.160390
62	3018039													9.633774	-0.604588	1.727357	0.178182	-0.788690	-0.588404	-0.066273	-0.606234	0.792520	-0.981763	-0.102218	-0.160289
63	3018206													9.678199	-0.609191	1.753958	0.177955	-0.788538	-0.588676	-0.066428	-0.606486	0.792314	-0.981794	-0.101892	-0.160308
64	3018372													9.657135	-0.584079	1.766950	0.177881	-0.788438	-0.588833	-0.066567	-0.606646	0.792180	-0.981798	-0.101717	-0.160395
65	3018539													9.653800	-0.619549	1.787632	0.177900	-0.788481	-0.588769	-0.066695	-0.606598	0.792206	-0.981786	-0.101666	-0.160502
66	3018706													9.643692	-0.623826	1.780494	0.177979	-0.788493	-0.588730	-0.066828	-0.606585	0.792205	-0.981762	-0.101652	-0.160653
67	3018872													9.655528	-0.609119	1.762652	0.178102	-0.788540	-0.588629	-0.066928	-0.606515	0.792250	-0.981733	-0.101706	-0.160797
68	3019039													9.675550	-0.622566	1.831697	0.178327	-0.788394	-0.588757	-0.067008	-0.606689	0.792110	-0.981687	-0.101803	-0.161018
69	3019206													9.633868	-0.613602	1.801299	0.178585	-0.788252	-0.588868	-0.067070	-0.606850	0.791982	-0.981636	-0.101941	-0.161242
70	3019372													9.605639	-0.657794	1.732799	0.178769	-0.788196	-0.588888	-0.067157	-0.606909	0.791929	-0.981596	-0.102024	-0.161430
71	3019539													9.638307	-0.627708	1.777915	0.179028	-0.788126	-0.588902	-0.067128	-0.606963	0.791890	-0.981551	-0.102239	-0.161569
72	3019706													9.618213	-0.580944	1.773068	0.179290	-0.788023	-0.588961	-0.067055	-0.607057	0.791824	-0.981508	-0.102473	-0.161680
73	3019872													9.628872	-0.615126	1.771512	0.179457	-0.787970	-0.588980	-0.067028	-0.607102	0.791792	-0.981480	-0.102614	-0.161764
74	3020039													9.614801	-0.645502	1.815587	0.179480	-0.787983	-0.588956	-0.067039	-0.607083	0.791806	-0.981475	-0.102630	-0.161785
75	3020206													9.609798	-0.615877	1.762130	0.179496	-0.787912	-0.589047	-0.067002	-0.607173	0.791740	-0.981474	-0.102647	-0.161777
76	3020372													9.624936	-0.596998	1.810172	0.179534	-0.787874	-0.589085	-0.066974	-0.607215	0.791710	-0.981469	-0.102686	-0.161783
77	3020539													9.622430	-0.605159	1.770044	0.179509	-0.787881	-0.589084	-0.066955	-0.607208	0.791717	-0.981475	-0.102678	-0.161752
78	3020706													9.610530	-0.611232	1.783209	0.179448	-0.787865	-0.589124	-0.066967	-0.607239	0.791692	-0.981486	-0.102616	-0.161729
79	3020872													9.603681	-0.599839	1.759984	0.179286	-0.787846	-0.589199	-0.066961	-0.607287	0.791656	-0.981515	-0.102480	-0.161633
80	3021039													9.627434	-0.618078	1.779039	0.179101	-0.787849	-0.589251	-0.066940	-0.607306	0.791643	-0.981551	-0.102339	-0.161508
81	3021206													9.629129	-0.601545	1.776634	0.178861	-0.787983	-0.589145	-0.066891	-0.607154	0.791763	-0.981598	-0.102207	-0.161305
82	3021372													9.663909	-0.601305	1.769288	0.178582	-0.788091	-0.589085	-0.066857	-0.607045	0.791850	-0.981651	-0.102025	-0.161096
83	3021539													9.641669	-0.570738	1.765763	0.178375	-0.788161	-0.589055	-0.066804	-0.606975	0.791908	-0.981692	-0.101905	-0.160922
84	3021706													9.655890	-0.570646	1.797331	0.178151	-0.788247	-0.589006	-0.066730	-0.606881	0.791986	-0.981738	-0.101788	-0.160716
85	3021872													9.645775	-0.585658	1.768098	0.177985	-0.788459	-0.588772	-0.066696	-0.606616	0.792193	-0.981770	-0.101730	-0.160555
86	3022039													9.623775	-0.596565	1.739314	0.177842	-0.788628	-0.588590	-0.066608	-0.606400	0.792365	-0.981802	-0.101711	-0.160373
87	3022206													9.656372	-0.586090	1.776506	0.177750	-0.788763	-0.588437	-0.066530	-0.606223	0.792507	-0.981824	-0.101720	-0.160232
88	3022372													9.634835	-0.585225	1.781234	0.177733	-0.788841	-0.588337	-0.066408	-0.606107	0.792606	-0.981836	-0.101802	-0.160111
89	3022539													9.647996	-0.606504	1.774396	0.177798	-0.788850	-0.588306	-0.066234	-0.606068	0.792650	-0.981836	-0.101966	-0.160006
90	3022706													9.646852	-0.585650	1.814249	0.177948	-0.788769	-0.588369	-0.066043	-0.606137	0.792614	-0.981821	-0.102186	-0.159954
91	3022872													9.659876	-0.589549	1.790825	0.178109	-0.788824	-0.588246	-0.065882	-0.606023	0.792714	-0.981803	-0.102435	-0.159908
92	3023039													9.652297	-0.586170	1.792867	0.178371	-0.788811	-0.588185	-0.065719	-0.605987	0.792756	-0.981766	-0.102750	-0.159930
93	3023206													9.647748	-0.577861	1.816874	0.178676	-0.788682	-0.588265	-0.065552	-0.606100	0.792682	-0.981722	-0.103072	-0.159996
94	3023373													9.649651	-0.582797	1.788702	0.178976	-0.788595	-0.588290	-0.065409	-0.606159	0.792649	-0.981677	-0.103386	-0.160069
95	3023539													9.630146	-0.571377	1.794315	0.179294	-0.788539	-0.588268	-0.065321	-0.606180	0.792640	-0.981625	-0.103689	-0.160193
96	3023706													9.623981	-0.580605	1.788573	0.179494	-0.788412	-0.588378	-0.065256	-0.606317	0.792541	-0.981592	-0.103861	-0.160279
97	3023873													9.645155	-0.561992	1.808525	0.179733	-0.788382	-0.588345	-0.065172	-0.606313	0.792551	-0.981554	-0.104104	-0.160355
98	3024039													9.608661	-0.562648	1.817227	0.179977	-0.788249	-0.588449	-0.065106	-0.606451	0.792451	-0.981514	-0.104311	-0.160467
99	3024206													9.632427	-0.551054	1.809024	0.180140	-0.788201	-0.588463	-0.065065	-0.606488	0.792426	-0.981487	-0.104459	-0.160537
100	3024373													9.654312	-0.566325	1.819364	0.180305	-0.788172	-0.588451	-0.065049	-0.606501	0.792417	-0.981457	-0.104599	-0.160625
101	3024539													9.616285	-0.565972	1.795955	0.180386	-0.788196	-0.588395	-0.065054	-0.606459	0.792449	-0.981442	-0.104669	-0.160672
102	3024706													9.595949	-0.567173	1.797979	0.180501	-0.788137	-0.588439	-0.065106	-0.606527	0.792393	-0.981418	-0.104716	-0.160791
103	3024873													9.601635	-0.545272	1.760221	0.180448	-0.788170	-0.588410	-0.065245	-0.606504	0.792399	-0.981418	-0.104596	-0.160867
104	3025039													9.655940	-0.596578	1.810525	0.180342	-0.788293	-0.588277	-0.065332	-0.606363	0.792500	-0.981432	-0.104488	-0.160854
105	3025206													9.662563	-0.547828	1.809477	0.180314	-0.788262	-0.588329	-0.065367	-0.606413	0.792458	-0.981435	-0.104434	-0.160871
106	3025373													9.630854	-0.568355	1.821591	0.180389	-0.788237	-0.588338	-0.065500	-0.606450	0.792419	-0.981412	-0.104408	-0.161027
107	3025539													9.619912	-0.607694	1.868917	0.180403	-0.788254	-0.588312	-0.065695	-0.606446	0.792406	-0.981396	-0.104303	-0.161189
108	3025706													9.606532	-0.560054	1.831557	0.180418	-0.788258	-0.588302	-0.065804	-0.606450	0.792394	-0.981386	-0.104250	-0.161285
109	3025873													9.614418	-0.540651	1.805242	0.180414	-0.788246	-0.588319	-0.065857	-0.606472	0.792373	-0.981384	-0.104210	-0.161327
110	3026039													9.644907	-0.569025	1.834858	0.180397	-0.788315	-0.588231	-0.065966	-0.606393	0.792424	-0.981379	-0.104147	-0.161393
111	3026206													9.627004	-0.550620	1.838259	0.180491	-0.788340	-0.588170	-0.066121	-0.606363	0.792434	-0.981352	-0.104136	-0.161569
112	3026373													9.613374	-0.567518	1.843430	0.180555	-0.788412	-0.588053	-0.066234	-0.606269	0.792497	-0.981332	-0.104140	-0.161685
113	3026539													9.622530	-0.561432	1.835167	0.180638	-0.788318	-0.588153	-0.066329	-0.606392	0.792394	-0.981311	-0.104125	-0.161826
114	3026706													9.637115	-0.571875	1.844547	0.180722	-0.788372	-0.588055	-0.066395	-0.606315	0.792448	-0.981291	-0.104169	-0.161918
115	3026873													9.638583	-0.587253	1.843099	0.180808	-0.788439	-0.587940	-0.066491	-0.606224	0.792510	-0.981268	-0.104199	-0.162034
116	3027039													9.650066	-0.571285	1.856491	0.180911	-0.788541	-0.587771	-0.066613	-0.606084	0.792606	-0.981241	-0.104238	-0.162174
117	3027206													9.630490	-0.579946	1.844733	0.180973	-0.788627	-0.587636	-0.066754	-0.605974	0.792679	-0.981220	-0.104226	-0.162308
118	3027373													9.598454	-0.628257	1.792406	0.180936	-0.788792	-0.587426	-0.066900	-0.605772	0.792821	-0.981217	-0.104151	-0.162376
119	3027539													9.602008	-0.608862	1.840510	0.180925	-0.788665	-0.587600	-0.066931	-0.605948	0.792684	-0.981217	-0.104088	-0.162417
120	3027706													9.603257	-0.549263	1.809783	0.180928	-0.788748	-0.587488	-0.066964	-0.605840	0.792763	-0.981214	-0.104093	-0.162431
121	3027873													9.651918	-0.605368	1.839607	0.180858	-0.788737	-0.587524	-0.067084	-0.605877	0.792725	-0.981219	-0.103957	-0.162489
122	3028039													9.616285	-0.624773	1.845623	0.180791	-0.788823	-0.587429	-0.067214	-0.605784	0.792785	-0.981222	-0.103845	-0.162540
123	3028206													9.627802	-0.580497	1.814349	0.180739	-0.788914	-0.587323	-0.067302	-0.605679	0.792858	-0.981226	-0.103772	-0.162565
124	3028373													9.618562	-0.590855	1.813118	0.180642	-0.788924	-0.587340	-0.067401	-0.605689	0.792841	-0.981237	-0.103633	-0.162587
125	3028539													9.632878	-0.587423	1.818189	0.180543	-0.789002	-0.587266	-0.067527	-0.605612	0.792890	-0.981246	-0.103494	-0.162617
126	3028706													9.620588	-0.594298	1.791739	0.180469	-0.788996	-0.587296	-0.067646	-0.605642	0.792856	-0.981252	-0.103358	-0.162672
127	3028873													9.624109	-0.578495	1.803499	0.180331	-0.788973	-0.587368	-0.067780	-0.605706	0.792796	-0.981268	-0.103154	-0.162705
128	3029039													9.639008	-0.583911	1.813387	0.180215	-0.789087	-0.587252	-0.067897	-0.605582	0.792881	-0.981281	-0.103017	-0.162712
129	3029206													9.651201	-0.586073	1.814680	0.180078	-0.789239	-0.587090	-0.068009	-0.605408	0.793004	-0.981299	-0.102875	-0.162696
130	3029373													9.622458	-0.590049	1.796826	0.179977	-0.789382	-0.586928	-0.068109	-0.605239	0.793124	-0.981310	-0.102769	-0.162693
131	3029539													9.640877	-0.574358	1.806492	0.179854	-0.789507	-0.586798	-0.068205	-0.605098	0.793224	-0.981326	-0.102642	-0.162678
132	3029706													9.648125	-0.586752	1.802015	0.179796	-0.789596	-0.586696	-0.068274	-0.604993	0.793298	-0.981332	-0.102576	-0.162684
133	3029873													9.638612	-0.586276	1.768502	0.179756	-0.789686	-0.586586	-0.068384	-0.604888	0.793369	-0.981331	-0.102500	-0.162734
134	3030039													9.643998	-0.590764	1.780880	0.179763	-0.789801	-0.586430	-0.068474	-0.604741	0.793473	-0.981324	-0.102482	-0.162791
135	3030206													9.631420	-0.601793	1.822914	0.179763	-0.789915	-0.586276	-0.068571	-0.604597	0.793575	-0.981317	-0.102454	-0.162849
136	3030373													9.626554	-0.598521	1.826083	0.179789	-0.790077	-0.586049	-0.068674	-0.604384	0.793728	-0.981305	-0.102457	-0.162919
137	3030539													9.636658	-0.599412	1.816710	0.179864	-0.790137	-0.585946	-0.068772	-0.604303	0.793781	-0.981284	-0.102476	-0.163032
138	3030706													9.639508	-0.592005	1.814890	0.179956	-0.790208	-0.585821	-0.068872	-0.604204	0.793848	-0.981261	-0.102510	-0.163153
139	3030873													9.648329	-0.609811	1.796679	0.180099	-0.790271	-0.585693	-0.068942	-0.604106	0.793916	-0.981229	-0.102605	-0.163282
140	3031039													9.623266	-0.608996	1.810074	0.180287	-0.790260	-0.585650	-0.068967	-0.604097	0.793921	-0.981193	-0.102743	-0.163412
141	3031206													9.639399	-0.603485	1.813448	0.180454	-0.790243	-0.585622	-0.068964	-0.604096	0.793922	-0.981163	-0.102879	-0.163509
142	3031373													9.635844	-0.595921	1.816220	0.180654	-0.790211	-0.585602	-0.068973	-0.604111	0.793910	-0.981125	-0.103032	-0.163638
143	3031539													9.629701	-0.590864	1.824894	0.180864	-0.790293	-0.585428	-0.068950	-0.603969	0.794020	-0.981088	-0.103244	-0.163727
144	3031706													9.632654	-0.599675	1.810034	0.181124	-0.790164	-0.585521	-0.068930	-0.604103	0.793919	-0.981042	-0.103437	-0.163884
145	3031873													9.615973	-0.615572	1.813104	0.181423	-0.790192	-0.585391	-0.068928	-0.604023	0.793981	-0.980987	-0.103697	-0.164050
146	3032039													9.611354	-0.605033	1.815358	0.181625	-0.790172	-0.585355	-0.068928	-0.604021	0.793982	-0.980949	-0.103860	-0.164171
147	3032206													9.646590	-0.592656	1.820622	0.181813	-0.790143	-0.585335	-0.068917	-0.604032	0.793975	-0.980915	-0.104015	-0.164276
148	3032373													9.628330	-0.605885	1.819728	0.182087	-0.790204	-0.585169	-0.068894	-0.603908	0.794071	-0.980866	-0.104275	-0.164404
149	3032539													9.638412	-0.607176	1.820264	0.182319	-0.790219	-0.585076	-0.068855	-0.603850	0.794119	-0.980826	-0.104497	-0.164504
150	3032706													9.633576	-0.579949	1.832885	0.182621	-0.790268	-0.584916	-0.068782	-0.603732	0.794215	-0.980774	-0.104809	-0.164610
151	3032873													9.644025	-0.582674	1.834842	0.182888	-0.790155	-0.584985	-0.068692	-0.603837	0.794143	-0.980731	-0.105055	-0.164712
152	3033039													9.640382	-0.592245	1.868752	0.183178	-0.790112	-0.584951	-0.068623	-0.603845	0.794143	-0.980682	-0.105329	-0.164831
153	3033206													9.621758	-0.594848	1.848266	0.183453	-0.790169	-0.584789	-0.068545	-0.603719	0.794245	-0.980636	-0.105623	-0.164916
154	3033373													9.661617	-0.601625	1.871401	0.183710	-0.790179	-0.584694	-0.068503	-0.603663	0.794291	-0.980591	-0.105866	-0.165028
155	3033539													9.620367	-0.610705	1.848034	0.183988	-0.790268	-0.584487	-0.068474	-0.603499	0.794418	-0.980540	-0.106141	-0.165150
156	3033706													9.597327	-0.601553	1.829168	0.184259	-0.790265	-0.584406	-0.068482	-0.603464	0.794444	-0.980489	-0.106362	-0.165313
157	3033873													9.567738	-0.607433	1.764554	0.184452	-0.790323	-0.584266	-0.068542	-0.603363	0.794516	-0.980449	-0.106504	-0.165461
158	3034039													9.645546	-0.622078	1.841665	0.184636	-0.790348	-0.584174	-0.068469	-0.603293	0.794575	-0.980419	-0.106709	-0.165504
159	3034206													9.669499	-0.557056	1.891472	0.184955	-0.790356	-0.584063	-0.068330	-0.603220	0.794642	-0.980369	-0.107064	-0.165573
160	3034373													9.642822	-0.615096	1.875778	0.185264	-0.790378	-0.583935	-0.068252	-0.603136	0.794713	-0.980316	-0.107377	-0.165684
161	3034539													9.643204	-0.630416	1.921690	0.185614	-0.790300	-0.583929	-0.068161	-0.603180	0.794688	-0.980256	-0.107704	-0.165826
162	3034706													9.590222	-0.585895	1.914286	0.185999	-0.790269	-0.583849	-0.067988	-0.603145	0.794728	-0.980195	-0.108124	-0.165914
163	3034873													9.619522	-0.560136	1.913104	0.186273	-0.790162	-0.583906	-0.067803	-0.603229	0.794681	-0.980156	-0.108437	-0.165941
164	3035039													9.654527	-0.584803	1.910662	0.186554	-0.790087	-0.583918	-0.067666	-0.603273	0.794659	-0.980112	-0.108735	-0.166005
165	3035206													9.621439	-0.588867	1.907146	0.186883	-0.789949	-0.583999	-0.067582	-0.603402	0.794568	-0.980055	-0.109024	-0.166152
166	3035373													9.590978	-0.583155	1.912942	0.187237	-0.789915	-0.583932	-0.067458	-0.603381	0.794595	-0.979996	-0.109387	-0.166261
167	3035539													9.598153	-0.589754	1.924595	0.187608	-0.789811	-0.583953	-0.067349	-0.603454	0.794549	-0.979932	-0.109735	-0.166405
168	3035706													9.598385	-0.592389	1.935677	0.187950	-0.789785	-0.583879	-0.067247	-0.603426	0.794579	-0.979874	-0.110077	-0.166525
169	3035873													9.600367	-0.569680	1.925584	0.188258	-0.789834	-0.583713	-0.067137	-0.603299	0.794684	-0.979822	-0.110417	-0.166603
170	3036039													9.626535	-0.602945	1.926473	0.188562	-0.789802	-0.583658	-0.067035	-0.603284	0.794704	-0.979771	-0.110725	-0.166701
171	3036206													9.605954	-0.576903	1.950949	0.188853	-0.789821	-0.583538	-0.066949	-0.603204	0.794772	-0.979721	-0.111028	-0.166795
172	3036373													9.607005	-0.600113	1.871190	0.189033	-0.789789	-0.583524	-0.066929	-0.603219	0.794763	-0.979687	-0.111182	-0.166888
173	3036539													9.615125	-0.620752	1.922735	0.189231	-0.789668	-0.583624	-0.066869	-0.603346	0.794671	-0.979653	-0.111350	-0.166976
174	3036706													9.591449	-0.564279	1.922852	0.189483	-0.789667	-0.583542	-0.066744	-0.603293	0.794722	-0.979613	-0.111638	-0.167020
175	3036873													9.630566	-0.558206	1.934202	0.189627	-0.789632	-0.583544	-0.066657	-0.603309	0.794717	-0.979591	-0.111803	-0.167038
176	3037039													9.632096	-0.596515	1.914254	0.189786	-0.789597	-0.583539	-0.066612	-0.603327	0.794707	-0.979563	-0.111954	-0.167100
177	3037206													9.599163	-0.578931	1.910567	0.189939	-0.789563	-0.583536	-0.066571	-0.603345	0.794697	-0.979536	-0.112098	-0.167161
178	3037373													9.603625	-0.562305	1.930508	0.190130	-0.789483	-0.583581	-0.066556	-0.603422	0.794640	-0.979500	-0.112244	-0.167273
179	3037539													9.601352	-0.560163	1.925051	0.190246	-0.789499	-0.583522	-0.066505	-0.603376	0.794679	-0.979481	-0.112377	-0.167295
180	3037706													9.600837	-0.571285	1.921350	0.190398	-0.789566	-0.583382	-0.066476	-0.603258	0.794771	-0.979454	-0.112542	-0.167346
181	3037873													9.591012	-0.578165	1.922222	0.190484	-0.789544	-0.583384	-0.066403	-0.603266	0.794771	-0.979442	-0.112653	-0.167340
182	3038039													9.613264	-0.591068	1.889664	0.190502	-0.789543	-0.583380	-0.066344	-0.603258	0.794782	-0.979442	-0.112704	-0.167303
183	3038206													9.612952	-0.591573	1.908121	0.190520	-0.789515	-0.583411	-0.066268	-0.603285	0.794768	-0.979444	-0.112758	-0.167257
184	3038373													9.633862	-0.573949	1.907567	0.190560	-0.789595	-0.583290	-0.066160	-0.603157	0.794874	-0.979444	-0.112881	-0.167177
185	3038539													9.611150	-0.558732	1.889486	0.190624	-0.789591	-0.583274	-0.066029	-0.603136	0.794901	-0.979440	-0.113014	-0.167108
186	3038706													9.612842	-0.563946	1.904867	0.190659	-0.789604	-0.583245	-0.065926	-0.603101	0.794936	-0.979440	-0.113111	-0.167042
187	3038873													9.601469	-0.574840	1.920352	0.190681	-0.789578	-0.583274	-0.065833	-0.603123	0.794926	-0.979442	-0.113179	-0.166985
188	3039039													9.601591	-0.564851	1.901859	0.190684	-0.789574	-0.583278	-0.065757	-0.603119	0.794936	-0.979447	-0.113227	-0.166926
189	3039206													9.634964	-0.567151	1.923928	0.190711	-0.789579	-0.583262	-0.065720	-0.603104	0.794951	-0.979444	-0.113274	-0.166910
190	3039373													9.621604	-0.548433	1.926235	0.190769	-0.789592	-0.583225	-0.065651	-0.603068	0.794983	-0.979437	-0.113369	-0.166884
191	3039539													9.615881	-0.569919	1.917573	0.190866	-0.789674	-0.583082	-0.065576	-0.602933	0.795092	-0.979423	-0.113520	-0.166863
192	3039706													9.614722	-0.576288	1.937986	0.190995	-0.789677	-0.583037	-0.065497	-0.602900	0.795124	-0.979403	-0.113677	-0.166872
193	3039873													9.607438	-0.565909	1.914225	0.191159	-0.789567	-0.583132	-0.065387	-0.603011	0.795049	-0.979379	-0.113852	-0.166899
194	3040040													9.617023	-0.569929	1.910603	0.191344	-0.789501	-0.583160	-0.065266	-0.603057	0.795024	-0.979351	-0.114063	-0.166919
195	3040206													9.641973	-0.577819	1.901269	0.191560	-0.789468	-0.583133	-0.065158	-0.603055	0.795034	-0.979316	-0.114301	-0.166962
196	3040373													9.614380	-0.569477	1.913024	0.191818	-0.789393	-0.583150	-0.065067	-0.603105	0.795003	-0.979271	-0.114552	-0.167049
197	3040540													9.612849	-0.576210	1.957108	0.192067	-0.789313	-0.583177	-0.065023	-0.603170	0.794958	-0.979225	-0.114765	-0.167173
198	3040706													9.593323	-0.571718	1.942535	0.192321	-0.789346	-0.583048	-0.064984	-0.603079	0.795030	-0.979178	-0.115012	-0.167279
199	3040873													9.606812	-0.572780	1.925891	0.192567	-0.789384	-0.582916	-0.064937	-0.602983	0.795107	-0.979133	-0.115259	-0.167375
200	3041040													9.609047	-0.574992	1.928405	0.192832	-0.789324	-0.582910	-0.064896	-0.603018	0.795084	-0.979084	-0.115489	-0.167505
201	3041206													9.615417	-0.570921	1.964043	0.193116	-0.789226	-0.582949	-0.064832	-0.603098	0.795028	-0.979032	-0.115738	-0.167635
202	3041373													9.617455	-0.584856	1.957469	0.193403	-0.789106	-0.583016	-0.064823	-0.603214	0.794941	-0.978976	-0.115951	-0.167815
203	3041540													9.601647	-0.566290	1.950653	0.193649	-0.788979	-0.583106	-0.064764	-0.603341	0.794850	-0.978931	-0.116157	-0.167933
204	3041706													9.606426	-0.548863	1.983875	0.193910	-0.788872	-0.583163	-0.064729	-0.603439	0.794778	-0.978881	-0.116368	-0.168076
205	3041873													9.595058	-0.551835	1.983989	0.194122	-0.788704	-0.583320	-0.064727	-0.603634	0.794630	-0.978840	-0.116498	-0.168229
206	3042040													9.612576	-0.556565	1.943104	0.194314	-0.788688	-0.583278	-0.064697	-0.603621	0.794642	-0.978803	-0.116674	-0.168318
207	3042206													9.623081	-0.539271	1.982809	0.194493	-0.788627	-0.583300	-0.064722	-0.603678	0.794597	-0.978766	-0.116791	-0.168453
208	3042373													9.588158	-0.554605	1.978859	0.194616	-0.788572	-0.583335	-0.064770	-0.603739	0.794546	-0.978739	-0.116849	-0.168573
209	3042540													9.582360	-0.575061	1.954100	0.194741	-0.788608	-0.583244	-0.064781	-0.603671	0.794597	-0.978713	-0.116958	-0.168646
210	3042706													9.578817	-0.567405	1.886274	0.194864	-0.788697	-0.583083	-0.064837	-0.603537	0.794695	-0.978685	-0.117052	-0.168745
211	3042873													9.595737	-0.580483	1.938444	0.194970	-0.788787	-0.582925	-0.064804	-0.603393	0.794807	-0.978666	-0.117188	-0.168760
212	3043040													9.624326	-0.524658	1.958453	0.195127	-0.788803	-0.582851	-0.064609	-0.603321	0.794877	-0.978647	-0.117445	-0.168689
213	3043206													9.651246	-0.550096	1.949172	0.195309	-0.788861	-0.582712	-0.064496	-0.603199	0.794979	-0.978619	-0.117684	-0.168689
214	3043373													9.627183	-0.607912	2.030706	0.195455	-0.788960	-0.582528	-0.064497	-0.603040	0.795100	-0.978590	-0.117835	-0.168753
215	3043540													9.628180	-0.581663	2.008173	0.195560	-0.789079	-0.582331	-0.064457	-0.602855	0.795243	-0.978571	-0.117982	-0.168756
216	3043706													9.599699	-0.527612	1.976091	0.195736	-0.789222	-0.582079	-0.064428	-0.602627	0.795418	-0.978538	-0.118189	-0.168804
217	3043873													9.595787	-0.555886	1.985725	0.195903	-0.789357	-0.581840	-0.064422	-0.602415	0.795579	-0.978505	-0.118373	-0.168867
218	3044040													9.593863	-0.564880	1.973437	0.196043	-0.789409	-0.581723	-0.064496	-0.602330	0.795637	-0.978472	-0.118460	-0.168996
219	3044206													9.582369	-0.575991	1.952981	0.196213	-0.789499	-0.581542	-0.064550	-0.602184	0.795743	-0.978434	-0.118596	-0.169119
220	3044373													9.563639	-0.572815	1.982592	0.196351	-0.789547	-0.581430	-0.064611	-0.602103	0.795800	-0.978403	-0.118690	-0.169237
221	3044540													9.591782	-0.584249	1.964268	0.196460	-0.789642	-0.581265	-0.064671	-0.601962	0.795901	-0.978377	-0.118772	-0.169328
222	3044706													9.599204	-0.592438	1.983572	0.196535	-0.789690	-0.581175	-0.064727	-0.601892	0.795950	-0.978358	-0.118814	-0.169408
223	3044873													9.618299	-0.585414	2.001342	0.196594	-0.789697	-0.581145	-0.064772	-0.601877	0.795958	-0.978343	-0.118839	-0.169475
224	3045040													9.610650	-0.559158	2.003134	0.196643	-0.789774	-0.581024	-0.064840	-0.601772	0.796031	-0.978329	-0.118861	-0.169544
225	3045206													9.615718	-0.604317	1.931497	0.196641	-0.789908	-0.580842	-0.064989	-0.601606	0.796145	-0.978319	-0.118806	-0.169636
226	3045373													9.611825	-0.589504	2.009117	0.196709	-0.789851	-0.580897	-0.065047	-0.601681	0.796084	-0.978302	-0.118811	-0.169734
227	3045540													9.577902	-0.541409	1.984005	0.196817	-0.789847	-0.580865	-0.065027	-0.601665	0.796097	-0.978281	-0.118913	-0.169779
228	3045706													9.633563	-0.586158	1.981934	0.196794	-0.789928	-0.580763	-0.065071	-0.601563	0.796170	-0.978283	-0.118891	-0.169786
229	3045873													9.603282	-0.616878	2.011565	0.196853	-0.789888	-0.580798	-0.065128	-0.601616	0.796126	-0.978267	-0.118894	-0.169873
230	3046040													9.573994	-0.603152	2.003853	0.196891	-0.789920	-0.580742	-0.065137	-0.601567	0.796162	-0.978259	-0.118930	-0.169896
231	3046206													9.577462	-0.568456	1.989008	0.196932	-0.789912	-0.580738	-0.065089	-0.601565	0.796168	-0.978254	-0.118991	-0.169882
232	3046373													9.581037	-0.588826	1.974617	0.196926	-0.789825	-0.580859	-0.065057	-0.601682	0.796082	-0.978258	-0.118980	-0.169870
233	3046540													9.579828	-0.593075	1.976320	0.196989	-0.789774	-0.580906	-0.065038	-0.601738	0.796041	-0.978246	-0.119030	-0.169901
234	3046706													9.568488	-0.587606	1.972305	0.196994	-0.789676	-0.581038	-0.064975	-0.601864	0.795951	-0.978249	-0.119045	-0.169873
235	3046873													9.607044	-0.582993	1.998599	0.196971	-0.789647	-0.581086	-0.064886	-0.601897	0.795933	-0.978260	-0.119071	-0.169793
236	3047040													9.627235	-0.580544	1.974453	0.196972	-0.789619	-0.581123	-0.064765	-0.601920	0.795926	-0.978268	-0.119139	-0.169701
237	3047206													9.610552	-0.558633	1.945641	0.196962	-0.789536	-0.581239	-0.064602	-0.602016	0.795867	-0.978280	-0.119206	-0.169580
238	3047373													9.607164	-0.548774	1.977162	0.196853	-0.789469	-0.581366	-0.064422	-0.602103	0.795815	-0.978314	-0.119206	-0.169385
239	3047540													9.599701	-0.563434	1.949499	0.196714	-0.789476	-0.581405	-0.064246	-0.602096	0.795834	-0.978354	-0.119198	-0.169161
240	3047706													9.586019	-0.559254	1.952187	0.196536	-0.789475	-0.581466	-0.064066	-0.602105	0.795842	-0.978401	-0.119159	-0.168914
241	3047873													9.588848	-0.567476	1.912131	0.196304	-0.789527	-0.581473	-0.063928	-0.602055	0.795891	-0.978457	-0.119065	-0.168658
242	3048040													9.608839	-0.577223	1.923422	0.196100	-0.789628	-0.581405	-0.063819	-0.601938	0.795989	-0.978505	-0.118989	-0.168433
243	3048206													9.618517	-0.578584	1.940307	0.195948	-0.789722	-0.581330	-0.063713	-0.601822	0.796085	-0.978542	-0.118953	-0.168241
244	3048373													9.642015	-0.569571	1.951319	0.195779	-0.789720	-0.581390	-0.063665	-0.601847	0.796069	-0.978579	-0.118840	-0.168106
245	3048540													9.630675	-0.592706	1.944183	0.195702	-0.789786	-0.581326	-0.063636	-0.601766	0.796133	-0.978597	-0.118812	-0.168025
246	3048706													9.608125	-0.604154	1.934524	0.195650	-0.789785	-0.581344	-0.063543	-0.601765	0.796142	-0.978613	-0.118825	-0.167921
247	3048873													9.619843	-0.580794	1.967068	0.195688	-0.789698	-0.581449	-0.063479	-0.601869	0.796068	-0.978610	-0.118871	-0.167907
248	3049040													9.639286	-0.584105	1.955289	0.195737	-0.789702	-0.581428	-0.063399	-0.601847	0.796091	-0.978605	-0.118962	-0.167870
249	3049206													9.625095	-0.566178	1.951532	0.195919	-0.789648	-0.581440	-0.063315	-0.601880	0.796073	-0.978574	-0.119152	-0.167916
250	3049373													9.601952	-0.556673	1.945609	0.196106	-0.789521	-0.581548	-0.063200	-0.602008	0.795985	-0.978544	-0.119343	-0.167955
251	3049540													9.623364	-0.552053	1.965445	0.196263	-0.789312	-0.581780	-0.063087	-0.602254	0.795808	-0.978520	-0.119485	-0.167996
252	3049706													9.603673	-0.536732	1.942219	0.196455	-0.789134	-0.581957	-0.062892	-0.602442	0.795681	-0.978494	-0.119715	-0.167983
253	3049873													9.583167	-0.521891	1.977759	0.196663	-0.789047	-0.582004	-0.062693	-0.602501	0.795652	-0.978465	-0.119988	-0.167957
254	3050040													9.567659	-0.513576	1.995756	0.196866	-0.788953	-0.582062	-0.062492	-0.602570	0.795615	-0.978437	-0.120255	-0.167928
255	3050206													9.555429	-0.505572	1.983082	0.197032	-0.788862	-0.582130	-0.062294	-0.602644	0.795575	-0.978416	-0.120491	-0.167881
256	3050373													9.564988	-0.496628	2.019034	0.197132	-0.788857	-0.582102	-0.062120	-0.602611	0.795614	-0.978407	-0.120681	-0.167798
257	3050540													9.572895	-0.502682	2.025889	0.197121	-0.788978	-0.581942	-0.061996	-0.602432	0.795759	-0.978417	-0.120783	-0.167665
258	3050706													9.592337	-0.522204	1.969723	0.196998	-0.789162	-0.581735	-0.061969	-0.602199	0.795937	-0.978443	-0.120749	-0.167536
259	3050873													9.617093	-0.510682	1.985814	0.196787	-0.789383	-0.581507	-0.062028	-0.601939	0.796129	-0.978482	-0.120598	-0.167417
260	3051040													9.586229	-0.543635	1.982954	0.196543	-0.789744	-0.581099	-0.062140	-0.601500	0.796452	-0.978524	-0.120428	-0.167295
261	3051206													9.554664	-0.600415	1.948547	0.196182	-0.790099	-0.580738	-0.062254	-0.601088	0.796755	-0.978589	-0.120156	-0.167109
262	3051373													9.564357	-0.550313	1.951547	0.195904	-0.790407	-0.580412	-0.062361	-0.600724	0.797020	-0.978638	-0.119945	-0.166975
263	3051540													9.587247	-0.577062	1.913344	0.195498	-0.790736	-0.580101	-0.062516	-0.600360	0.797283	-0.978710	-0.119602	-0.166802
264	3051706													9.638056	-0.583782	1.977053	0.195058	-0.791030	-0.579848	-0.062571	-0.600036	0.797522	-0.978794	-0.119281	-0.166537
265	3051873													9.644219	-0.558641	1.979807	0.194798	-0.791142	-0.579782	-0.062576	-0.599926	0.797605	-0.978845	-0.119091	-0.166370
266	3052040													9.573408	-0.581931	2.004868	0.194611	-0.791265	-0.579677	-0.062667	-0.599799	0.797693	-0.978877	-0.118913	-0.166314
267	3052206													9.562970	-0.595825	1.988368	0.194380	-0.791294	-0.579716	-0.062717	-0.599805	0.797685	-0.978919	-0.118696	-0.166218
268	3052373													9.609859	-0.565129	1.939786	0.194227	-0.791207	-0.579886	-0.062711	-0.599949	0.797576	-0.978950	-0.118546	-0.166143
269	3052540													9.590143	-0.529620	1.947624	0.194156	-0.791100	-0.580055	-0.062670	-0.600103	0.797464	-0.978967	-0.118480	-0.166092
270	3052873													9.638411	-0.562000	1.965751	0.193983	-0.791007	-0.580241	-0.062777	-0.600273	0.797328	-0.978994	-0.118242	-0.166100
271	3053040													9.613213	-0.556253	1.926733	0.194032	-0.790887	-0.580387	-0.062884	-0.600441	0.797192	-0.978978	-0.118184	-0.166239
272	3053206													9.608454	-0.562677	1.941840	0.194092	-0.790910	-0.580335	-0.063011	-0.600415	0.797202	-0.978957	-0.118163	-0.166372
273	3053373													9.613525	-0.562117	1.938170	0.194184	-0.790855	-0.580380	-0.063140	-0.600492	0.797134	-0.978931	-0.118145	-0.166541
274	3053540													9.604977	-0.576585	1.941076	0.194292	-0.790696	-0.580561	-0.063252	-0.600706	0.796964	-0.978902	-0.118122	-0.166725
275	3053706													9.621751	-0.572724	1.963194	0.194388	-0.790545	-0.580734	-0.063380	-0.600912	0.796798	-0.978875	-0.118081	-0.166915
276	3053873													9.562508	-0.611016	1.897079	0.194384	-0.790451	-0.580863	-0.063630	-0.601071	0.796658	-0.978860	-0.117897	-0.167134
277	3054040													9.606170	-0.646665	1.942186	0.194337	-0.790295	-0.581091	-0.063818	-0.601316	0.796458	-0.978857	-0.117697	-0.167293
278	3054206													9.616045	-0.541514	1.924665	0.194405	-0.790114	-0.581314	-0.063958	-0.601570	0.796256	-0.978834	-0.117616	-0.167483
279	3054373													9.618561	-0.554480	1.934297	0.194377	-0.790004	-0.581474	-0.064186	-0.601753	0.796099	-0.978825	-0.117421	-0.167674
280	3054540													9.645965	-0.622000	1.959364	0.194378	-0.789781	-0.581777	-0.064428	-0.602087	0.795827	-0.978809	-0.117208	-0.167916
281	3054706													9.605742	-0.592295	1.919137	0.194375	-0.789592	-0.582033	-0.064664	-0.602373	0.795591	-0.978794	-0.117007	-0.168144
282	3054873													9.580746	-0.563815	1.923974	0.194321	-0.789426	-0.582277	-0.064839	-0.602631	0.795382	-0.978793	-0.116805	-0.168289
