// Start Time: Unknown
// Update Rate: 60.0Hz
//Filter Profile: human (46.1)
// Option Flags: AHS Disabled ICC Disabled
// Firmware Version: 4.0.2
0	sampleTimeFine	Year	Month	Day	Second	UTC_Nano	UTC_Year	UTC_Month	UTC_Day	UTC_Hour	UTC_Minute	UTC_Second	UTC_Valid	Acc_X	Acc_Y	Acc_Z	Mat[1][1]	Mat[2][1]	Mat[3][1]	Mat[1][2]	Mat[2][2]	Mat[3][2]	Mat[1][3]	Mat[2][3]	Mat[3][3]
0	3007706													-0.021514	-0.195829	0.211061	0.004646	-0.866205	0.499666	-0.053900	0.498729	0.865081	-0.998536	-0.030951	-0.044372
1	3007872													9.755477	-0.524623	0.044540	0.004848	-0.866793	0.498644	-0.054039	0.497694	0.865668	-0.998527	-0.031143	-0.044427
2	3008039													9.782657	-0.503443	0.046442	0.004851	-0.866681	0.498839	-0.054241	0.497883	0.865547	-0.998516	-0.031257	-0.044594
3	3008206													9.827881	-0.493867	0.058103	0.004788	-0.866970	0.498337	-0.054123	0.497388	0.865838	-0.998523	-0.031118	-0.044541
4	3008372													9.896317	-0.497242	0.060339	0.004878	-0.866727	0.498759	-0.053788	0.497816	0.865613	-0.998540	-0.031050	-0.044192
5	3008539													9.905393	-0.495291	0.045641	0.005205	-0.867078	0.498145	-0.053444	0.497199	0.865989	-0.998557	-0.031130	-0.043752
6	3008706													9.828485	-0.528316	0.045464	0.005552	-0.867074	0.498148	-0.053298	0.497191	0.866003	-0.998563	-0.031358	-0.043453
7	3008872													9.797462	-0.503348	0.060144	0.005836	-0.866883	0.498477	-0.053478	0.497502	0.865813	-0.998552	-0.031710	-0.043456
8	3009039													9.802237	-0.495666	0.080965	0.006107	-0.867080	0.498132	-0.053686	0.497139	0.866009	-0.998539	-0.032032	-0.043514
9	3009206													9.796353	-0.524530	0.070177	0.006442	-0.867174	0.497963	-0.053852	0.496950	0.866107	-0.998528	-0.032396	-0.043498
10	3009372													9.792543	-0.538636	0.080195	0.006699	-0.867132	0.498033	-0.054099	0.497001	0.866062	-0.998513	-0.032745	-0.043581
11	3009539													9.795646	-0.559380	0.088337	0.006926	-0.867180	0.497947	-0.054483	0.496892	0.866101	-0.998491	-0.033128	-0.043805
12	3009706													9.789767	-0.536624	0.106984	0.007100	-0.867232	0.497854	-0.054991	0.496775	0.866136	-0.998462	-0.033527	-0.044163
13	3009872													9.786653	-0.536928	0.092783	0.007263	-0.867278	0.497771	-0.055438	0.496670	0.866167	-0.998436	-0.033886	-0.044473
14	3010039													9.795886	-0.564384	0.097354	0.007299	-0.867302	0.497728	-0.055764	0.496614	0.866178	-0.998417	-0.034078	-0.044740
15	3010206													9.817940	-0.565090	0.078717	0.007239	-0.867338	0.497667	-0.056028	0.496547	0.866200	-0.998403	-0.034154	-0.045000
16	3010372													9.771416	-0.565043	0.042982	0.007111	-0.867282	0.497767	-0.056226	0.496645	0.866131	-0.998393	-0.034147	-0.045232
17	3010539													9.754691	-0.598907	0.042751	0.006793	-0.867406	0.497554	-0.056482	0.496438	0.866233	-0.998381	-0.033987	-0.045621
18	3010706													9.796782	-0.525437	0.021650	0.006336	-0.867603	0.497217	-0.056671	0.496116	0.866405	-0.998373	-0.033667	-0.046025
19	3010872													9.888526	-0.496301	0.028643	0.005921	-0.867763	0.496943	-0.056681	0.495861	0.866550	-0.998375	-0.033298	-0.046250
20	3011039													9.830781	-0.512990	0.022713	0.005649	-0.867662	0.497123	-0.056699	0.496053	0.866439	-0.998375	-0.033081	-0.046394
21	3011206													9.796298	-0.506140	0.012456	0.005346	-0.867569	0.497288	-0.056759	0.496230	0.866334	-0.998374	-0.032857	-0.046590
22	3011372													9.814005	-0.489351	0.012218	0.005067	-0.867354	0.497667	-0.056910	0.496616	0.866102	-0.998366	-0.032711	-0.046845
23	3011539													9.847583	-0.503048	-0.007693	0.004832	-0.867225	0.497893	-0.057097	0.496848	0.865957	-0.998357	-0.032612	-0.047115
24	3011706													9.821146	-0.508109	0.021829	0.004686	-0.867061	0.498180	-0.057241	0.497136	0.865783	-0.998349	-0.032574	-0.047302
25	3011872													9.811179	-0.535499	0.016391	0.004558	-0.866839	0.498567	-0.057400	0.497523	0.865549	-0.998341	-0.032563	-0.047489
26	3012039													9.836004	-0.569612	0.018006	0.004439	-0.866568	0.499039	-0.057581	0.497994	0.865266	-0.998331	-0.032577	-0.047687
27	3012206													9.812670	-0.581364	-0.007243	0.004327	-0.866504	0.499151	-0.057841	0.498103	0.865187	-0.998316	-0.032615	-0.047965
28	3012372													9.798095	-0.566330	0.025541	0.004229	-0.866498	0.499163	-0.058125	0.498110	0.865163	-0.998300	-0.032672	-0.048259
29	3012539													9.792427	-0.580727	0.035151	0.004127	-0.866527	0.499113	-0.058429	0.498056	0.865174	-0.998283	-0.032733	-0.048575
30	3012706													9.813975	-0.575634	0.021473	0.004028	-0.866607	0.498976	-0.058692	0.497915	0.865238	-0.998268	-0.032771	-0.048857
31	3012872													9.783425	-0.558142	0.028539	0.003954	-0.866718	0.498784	-0.058935	0.497718	0.865334	-0.998254	-0.032817	-0.049113
32	3013039													9.796870	-0.566148	0.030850	0.003838	-0.866840	0.498572	-0.059119	0.497507	0.865443	-0.998244	-0.032797	-0.049338
33	3013206													9.784338	-0.543415	0.032139	0.003758	-0.866899	0.498469	-0.059308	0.497402	0.865490	-0.998233	-0.032816	-0.049545
34	3013372													9.820365	-0.530584	0.053840	0.003719	-0.866953	0.498377	-0.059459	0.497307	0.865535	-0.998224	-0.032852	-0.049699
35	3013539													9.873183	-0.523546	0.060084	0.003777	-0.866953	0.498376	-0.059534	0.497301	0.865533	-0.998219	-0.032939	-0.049735
36	3013706													9.875332	-0.517281	0.038230	0.003970	-0.866920	0.498432	-0.059529	0.497347	0.865507	-0.998219	-0.033107	-0.049632
37	3013872													9.802835	-0.530740	0.063251	0.004166	-0.866849	0.498554	-0.059546	0.497458	0.865442	-0.998217	-0.033292	-0.049545
38	3014039													9.784278	-0.550871	0.079700	0.004243	-0.866778	0.498677	-0.059551	0.497577	0.865373	-0.998216	-0.033369	-0.049506
39	3014206													9.799266	-0.527812	0.068241	0.004189	-0.866706	0.498802	-0.059584	0.497703	0.865298	-0.998215	-0.033345	-0.049557
40	3014372													9.811068	-0.540186	0.069310	0.004039	-0.866660	0.498882	-0.059611	0.497790	0.865246	-0.998214	-0.033234	-0.049652
41	3014539													9.784678	-0.535598	0.072325	0.003846	-0.866554	0.499069	-0.059657	0.497985	0.865131	-0.998212	-0.033100	-0.049781
42	3014706													9.765061	-0.536374	0.059448	0.003546	-0.866532	0.499109	-0.059699	0.498038	0.865098	-0.998210	-0.032864	-0.049965
43	3014872													9.773296	-0.520195	0.046576	0.003150	-0.866528	0.499118	-0.059769	0.498065	0.865078	-0.998207	-0.032557	-0.050223
44	3015039													9.770730	-0.524342	0.034422	0.002702	-0.866466	0.499228	-0.059906	0.498193	0.864994	-0.998200	-0.032243	-0.050560
45	3015206													9.799644	-0.519663	0.011194	0.002179	-0.866514	0.499148	-0.060056	0.498135	0.865017	-0.998193	-0.031862	-0.050954
46	3015372													9.841156	-0.523894	0.030327	0.001694	-0.866610	0.498983	-0.060254	0.497988	0.865088	-0.998182	-0.031532	-0.051373
47	3015539													9.830374	-0.548545	0.033564	0.001281	-0.866599	0.499004	-0.060427	0.498026	0.865054	-0.998172	-0.031262	-0.051728
48	3015706													9.824653	-0.542970	0.014360	0.000863	-0.866600	0.499002	-0.060583	0.498040	0.865035	-0.998163	-0.030978	-0.052071
49	3015872													9.841329	-0.528919	0.011384	0.000438	-0.866617	0.498973	-0.060714	0.498030	0.865032	-0.998155	-0.030673	-0.052398
50	3016039													9.779104	-0.560844	-0.012274	0.000005	-0.866530	0.499125	-0.060835	0.498200	0.864925	-0.998148	-0.030369	-0.052713
51	3016206													9.750047	-0.535970	-0.014156	-0.000585	-0.866515	0.499151	-0.060974	0.498254	0.864885	-0.998139	-0.029929	-0.053127
52	3016372													9.775095	-0.529710	-0.045935	-0.001310	-0.866656	0.498905	-0.061101	0.498043	0.864997	-0.998131	-0.029350	-0.053606
53	3016539													9.774796	-0.559148	-0.048048	-0.002114	-0.866604	0.498992	-0.061305	0.498166	0.864912	-0.998117	-0.028763	-0.054180
54	3016706													9.831342	-0.552187	-0.078403	-0.003029	-0.866662	0.498886	-0.061492	0.498105	0.864933	-0.998103	-0.028058	-0.054802
55	3016872													9.876983	-0.553782	-0.097939	-0.003799	-0.866748	0.498733	-0.061569	0.497993	0.864993	-0.998096	-0.027421	-0.055256
56	3017039													9.861082	-0.580762	-0.101249	-0.004374	-0.866859	0.498535	-0.061685	0.497824	0.865082	-0.998086	-0.026968	-0.055649
57	3017206													9.797302	-0.562688	-0.109172	-0.004833	-0.866890	0.498476	-0.061897	0.497785	0.865089	-0.998071	-0.026673	-0.056064
58	3017372													9.768025	-0.534003	-0.131960	-0.005282	-0.867025	0.498236	-0.062082	0.497566	0.865201	-0.998057	-0.026362	-0.056455
59	3017539													9.827181	-0.537888	-0.130583	-0.005744	-0.866982	0.498306	-0.062228	0.497659	0.865138	-0.998045	-0.026039	-0.056809
60	3017706													9.895177	-0.522091	-0.116725	-0.006045	-0.867029	0.498220	-0.062346	0.497587	0.865171	-0.998036	-0.025832	-0.057063
61	3017872													9.870419	-0.551902	-0.144372	-0.006118	-0.867061	0.498164	-0.062490	0.497531	0.865192	-0.998027	-0.025837	-0.057227
62	3018039													9.842355	-0.549954	-0.140186	-0.006081	-0.867114	0.498072	-0.062693	0.497432	0.865234	-0.998014	-0.025964	-0.057386
63	3018206													9.836552	-0.558548	-0.110680	-0.005949	-0.867113	0.498076	-0.062926	0.497422	0.865223	-0.998000	-0.026194	-0.057524
64	3018372													9.837695	-0.550821	-0.086036	-0.005730	-0.867193	0.497940	-0.063134	0.497268	0.865297	-0.997989	-0.026478	-0.057598
65	3018539													9.837146	-0.567481	-0.067502	-0.005442	-0.867229	0.497881	-0.063274	0.497189	0.865332	-0.997981	-0.026794	-0.057579
66	3018706													9.862485	-0.547134	-0.053860	-0.005015	-0.867277	0.497801	-0.063386	0.497082	0.865385	-0.997977	-0.027213	-0.057466
67	3018872													9.802129	-0.599594	-0.049439	-0.004543	-0.867260	0.497835	-0.063592	0.497083	0.865370	-0.997966	-0.027726	-0.057409
68	3019039													9.755512	-0.579325	-0.019748	-0.004157	-0.867350	0.497681	-0.063850	0.496900	0.865456	-0.997951	-0.028179	-0.057446
69	3019206													9.780798	-0.536885	-0.015527	-0.003887	-0.867438	0.497530	-0.063911	0.496732	0.865548	-0.997948	-0.028434	-0.057370
70	3019372													9.805169	-0.571479	0.005782	-0.003653	-0.867490	0.497442	-0.063919	0.496631	0.865605	-0.997948	-0.028634	-0.057263
71	3019539													9.756546	-0.579394	-0.014499	-0.003494	-0.867608	0.497237	-0.064033	0.496414	0.865721	-0.997942	-0.028815	-0.057290
72	3019706													9.794925	-0.551354	-0.005545	-0.003462	-0.867707	0.497064	-0.064166	0.496235	0.865814	-0.997933	-0.028897	-0.057396
73	3019872													9.817237	-0.550852	0.006359	-0.003429	-0.867751	0.496987	-0.064259	0.496154	0.865853	-0.997927	-0.028967	-0.057463
74	3020039													9.793540	-0.541702	-0.013661	-0.003401	-0.867841	0.496830	-0.064289	0.495995	0.865942	-0.997926	-0.028996	-0.057480
75	3020206													9.769340	-0.537236	0.008468	-0.003456	-0.867777	0.496943	-0.064269	0.496111	0.865877	-0.997927	-0.028946	-0.057486
76	3020372													9.757089	-0.552052	-0.003970	-0.003661	-0.867760	0.496970	-0.064248	0.496151	0.865856	-0.997927	-0.028759	-0.057569
77	3020539													9.781223	-0.549617	-0.036756	-0.003995	-0.867683	0.497102	-0.064229	0.496302	0.865771	-0.997927	-0.028469	-0.057713
78	3020706													9.835034	-0.541817	-0.050380	-0.004386	-0.867671	0.497119	-0.064250	0.496342	0.865747	-0.997924	-0.028143	-0.057924
79	3020872													9.831569	-0.523940	-0.039290	-0.004704	-0.867521	0.497379	-0.064211	0.496620	0.865590	-0.997925	-0.027865	-0.058041
80	3021039													9.849944	-0.470708	-0.073867	-0.004970	-0.867447	0.497505	-0.064121	0.496764	0.865514	-0.997930	-0.027599	-0.058090
81	3021206													9.793149	-0.532150	-0.105739	-0.005245	-0.867163	0.497997	-0.064028	0.497273	0.865228	-0.997934	-0.027348	-0.058131
82	3021372													9.774352	-0.530074	-0.103582	-0.005544	-0.866944	0.498375	-0.063939	0.497670	0.865006	-0.997938	-0.027070	-0.058191
83	3021539													9.850913	-0.517576	-0.082161	-0.005822	-0.866747	0.498715	-0.063806	0.498029	0.864810	-0.997945	-0.026785	-0.058203
84	3021706													9.846878	-0.561742	-0.110142	-0.005949	-0.866515	0.499116	-0.063689	0.498440	0.864582	-0.997952	-0.026645	-0.058153
85	3021872													9.831548	-0.547994	-0.086728	-0.005918	-0.866290	0.499506	-0.063570	0.498830	0.864365	-0.997960	-0.026638	-0.058023
86	3022039													9.833094	-0.540422	-0.095571	-0.005861	-0.866042	0.499936	-0.063407	0.499260	0.864129	-0.997971	-0.026635	-0.057840
87	3022206													9.845495	-0.547765	-0.104051	-0.005667	-0.865921	0.500149	-0.063229	0.499467	0.864023	-0.997983	-0.026727	-0.057582
88	3022372													9.858900	-0.520589	-0.086005	-0.005364	-0.865806	0.500351	-0.063079	0.499655	0.863925	-0.997994	-0.026927	-0.057294
89	3022539													9.842310	-0.514263	-0.077512	-0.005000	-0.865749	0.500453	-0.062973	0.499739	0.863884	-0.998003	-0.027196	-0.057018
90	3022706													9.830134	-0.512839	-0.045347	-0.004554	-0.865695	0.500552	-0.062927	0.499813	0.863844	-0.998008	-0.027565	-0.056752
91	3022872													9.824253	-0.473966	-0.023861	-0.004125	-0.865599	0.500721	-0.062897	0.499959	0.863762	-0.998011	-0.027930	-0.056506
92	3023039													9.790568	-0.518761	-0.018021	-0.003673	-0.865497	0.500900	-0.062885	0.500112	0.863674	-0.998014	-0.028326	-0.056264
93	3023206													9.787693	-0.513473	0.000111	-0.003328	-0.865386	0.501095	-0.062910	0.500286	0.863572	-0.998014	-0.028650	-0.056106
94	3023373													9.793449	-0.516869	0.007009	-0.003001	-0.865289	0.501264	-0.062929	0.500436	0.863483	-0.998014	-0.028952	-0.055953
95	3023539													9.775259	-0.528166	-0.009384	-0.002830	-0.865275	0.501290	-0.062954	0.500452	0.863472	-0.998012	-0.029115	-0.055889
96	3023706													9.811853	-0.502382	0.005958	-0.002730	-0.865238	0.501354	-0.062990	0.500509	0.863437	-0.998010	-0.029223	-0.055867
97	3023873													9.813599	-0.500726	0.039428	-0.002651	-0.865157	0.501493	-0.062996	0.500644	0.863358	-0.998010	-0.029303	-0.055828
98	3024039													9.787584	-0.518371	0.004821	-0.002631	-0.865098	0.501596	-0.063074	0.500742	0.863295	-0.998005	-0.029367	-0.055882
99	3024206													9.780634	-0.472453	0.025123	-0.002644	-0.865094	0.501603	-0.063160	0.500748	0.863286	-0.998000	-0.029398	-0.055963
100	3024373													9.768682	-0.496079	0.003351	-0.002805	-0.865082	0.501622	-0.063255	0.500773	0.863264	-0.997993	-0.029309	-0.056126
101	3024539													9.780427	-0.517830	-0.038213	-0.003123	-0.865122	0.501552	-0.063465	0.500715	0.863282	-0.997979	-0.029135	-0.056469
102	3024706													9.828343	-0.479433	-0.005778	-0.003493	-0.865202	0.501411	-0.063575	0.500592	0.863346	-0.997971	-0.028862	-0.056753
103	3024873													9.856501	-0.518404	-0.028125	-0.003803	-0.865245	0.501335	-0.063642	0.500532	0.863376	-0.997966	-0.028622	-0.056969
104	3025039													9.877138	-0.540868	-0.038976	-0.003957	-0.865261	0.501306	-0.063834	0.500506	0.863377	-0.997953	-0.028584	-0.057213
105	3025206													9.801131	-0.515993	-0.037964	-0.004008	-0.865349	0.501154	-0.064125	0.500349	0.863446	-0.997934	-0.028676	-0.057496
106	3025373													9.827101	-0.488426	-0.029858	-0.004027	-0.865410	0.501048	-0.064372	0.500237	0.863493	-0.997918	-0.028776	-0.057723
107	3025539													9.816792	-0.492207	-0.024286	-0.003950	-0.865458	0.500966	-0.064534	0.500146	0.863533	-0.997908	-0.028918	-0.057827
108	3025706													9.810584	-0.497568	-0.011482	-0.003871	-0.865484	0.500922	-0.064651	0.500094	0.863554	-0.997900	-0.029042	-0.057890
109	3025873													9.814028	-0.486887	-0.015371	-0.003777	-0.865468	0.500950	-0.064812	0.500113	0.863532	-0.997890	-0.029206	-0.057982
110	3026039													9.806469	-0.512552	-0.015070	-0.003716	-0.865475	0.500939	-0.065061	0.500090	0.863526	-0.997874	-0.029383	-0.058167
111	3026206													9.802987	-0.504402	0.001518	-0.003671	-0.865502	0.500891	-0.065275	0.500034	0.863542	-0.997861	-0.029526	-0.058331
112	3026373													9.818484	-0.536720	-0.008029	-0.003699	-0.865534	0.500837	-0.065435	0.499976	0.863563	-0.997850	-0.029578	-0.058485
113	3026539													9.833517	-0.530589	0.008372	-0.003691	-0.865507	0.500882	-0.065578	0.500017	0.863529	-0.997841	-0.029659	-0.058604
114	3026706													9.811155	-0.527131	-0.005243	-0.003646	-0.865382	0.501100	-0.065700	0.500228	0.863398	-0.997833	-0.029774	-0.058679
115	3026873													9.778851	-0.572915	-0.001945	-0.003658	-0.865390	0.501085	-0.065912	0.500208	0.863393	-0.997819	-0.029869	-0.058869
116	3027039													9.743847	-0.549507	-0.041396	-0.003759	-0.865456	0.500970	-0.066142	0.500092	0.863443	-0.997803	-0.029890	-0.059123
117	3027206													9.806613	-0.525708	-0.029249	-0.004012	-0.865414	0.501041	-0.066234	0.500175	0.863387	-0.997796	-0.029722	-0.059326
118	3027373													9.860093	-0.550672	-0.057578	-0.004169	-0.865385	0.501090	-0.066297	0.500231	0.863350	-0.997791	-0.029621	-0.059458
119	3027539													9.810113	-0.555358	-0.027426	-0.004266	-0.865416	0.501035	-0.066447	0.500178	0.863370	-0.997781	-0.029609	-0.059638
120	3027706													9.781859	-0.528754	-0.039003	-0.004404	-0.865484	0.500917	-0.066586	0.500063	0.863425	-0.997771	-0.029552	-0.059831
121	3027873													9.804965	-0.516790	-0.031169	-0.004624	-0.865546	0.500808	-0.066768	0.499963	0.863469	-0.997758	-0.029446	-0.060102
122	3028039													9.821434	-0.507030	-0.041739	-0.004810	-0.865540	0.500817	-0.066922	0.499978	0.863448	-0.997747	-0.029362	-0.060328
123	3028206													9.826282	-0.520219	-0.040930	-0.004984	-0.865582	0.500743	-0.067053	0.499911	0.863477	-0.997737	-0.029273	-0.060531
124	3028373													9.801608	-0.533889	-0.046164	-0.005147	-0.865566	0.500769	-0.067248	0.499942	0.863444	-0.997723	-0.029232	-0.060781
125	3028539													9.817798	-0.522471	-0.064580	-0.005352	-0.865570	0.500759	-0.067420	0.499939	0.863433	-0.997710	-0.029140	-0.061033
126	3028706													9.814015	-0.534789	-0.047677	-0.005552	-0.865594	0.500716	-0.067561	0.499905	0.863441	-0.997700	-0.029035	-0.061256
127	3028873													9.802456	-0.542125	-0.042236	-0.005770	-0.865595	0.500711	-0.067687	0.499909	0.863429	-0.997690	-0.028910	-0.061474
128	3029039													9.827271	-0.526474	-0.078529	-0.005964	-0.865527	0.500827	-0.067803	0.500033	0.863348	-0.997681	-0.028809	-0.061668
129	3029206													9.814911	-0.526770	-0.060322	-0.006142	-0.865498	0.500876	-0.067846	0.500091	0.863311	-0.997677	-0.028680	-0.061792
130	3029373													9.795337	-0.513724	-0.078413	-0.006308	-0.865505	0.500861	-0.067902	0.500086	0.863310	-0.997672	-0.028563	-0.061924
131	3029539													9.811907	-0.515992	-0.077985	-0.006485	-0.865453	0.500949	-0.068019	0.500181	0.863245	-0.997663	-0.028476	-0.062110
132	3029706													9.820578	-0.531573	-0.103373	-0.006592	-0.865406	0.501028	-0.068164	0.500263	0.863187	-0.997652	-0.028462	-0.062287
133	3029873													9.835903	-0.550360	-0.091207	-0.006614	-0.865374	0.501083	-0.068352	0.500313	0.863142	-0.997639	-0.028541	-0.062459
134	3030039													9.840839	-0.549159	-0.093943	-0.006567	-0.865424	0.500997	-0.068554	0.500219	0.863181	-0.997626	-0.028677	-0.062614
135	3030206													9.843866	-0.570306	-0.083058	-0.006426	-0.865341	0.501143	-0.068717	0.500350	0.863092	-0.997616	-0.028891	-0.062679
136	3030373													9.800022	-0.563615	-0.079674	-0.006274	-0.865378	0.501080	-0.068871	0.500274	0.863124	-0.997606	-0.029095	-0.062738
137	3030539													9.817276	-0.566094	-0.082384	-0.006135	-0.865443	0.500969	-0.068985	0.500151	0.863186	-0.997599	-0.029264	-0.062771
138	3030706													9.816802	-0.572245	-0.088062	-0.005979	-0.865510	0.500856	-0.069108	0.500025	0.863249	-0.997591	-0.029452	-0.062803
139	3030873													9.813643	-0.546800	-0.073557	-0.005800	-0.865503	0.500871	-0.069195	0.500026	0.863242	-0.997586	-0.029651	-0.062789
140	3031039													9.797854	-0.539646	-0.069216	-0.005664	-0.865489	0.500896	-0.069246	0.500041	0.863229	-0.997584	-0.029796	-0.062764
141	3031206													9.773583	-0.539878	-0.051065	-0.005572	-0.865518	0.500846	-0.069298	0.499984	0.863257	-0.997580	-0.029897	-0.062764
142	3031373													9.798858	-0.535662	-0.047421	-0.005529	-0.865505	0.500869	-0.069372	0.500002	0.863241	-0.997576	-0.029974	-0.062807
143	3031539													9.800299	-0.558349	-0.048862	-0.005463	-0.865412	0.501031	-0.069451	0.500157	0.863145	-0.997570	-0.030082	-0.062836
144	3031706													9.808371	-0.554509	-0.037708	-0.005396	-0.865380	0.501087	-0.069479	0.500208	0.863114	-0.997569	-0.030157	-0.062825
145	3031873													9.801337	-0.566836	-0.062562	-0.005388	-0.865391	0.501068	-0.069534	0.500187	0.863121	-0.997565	-0.030191	-0.062870
146	3032039													9.819361	-0.569929	-0.079016	-0.005376	-0.865369	0.501107	-0.069533	0.500225	0.863099	-0.997565	-0.030203	-0.062861
147	3032206													9.830729	-0.546241	-0.062401	-0.005319	-0.865357	0.501128	-0.069505	0.500243	0.863091	-0.997567	-0.030240	-0.062807
148	3032373													9.812108	-0.533241	-0.037203	-0.005219	-0.865397	0.501060	-0.069433	0.500171	0.863138	-0.997573	-0.030285	-0.062697
149	3032539													9.833176	-0.530849	-0.041892	-0.005045	-0.865356	0.501133	-0.069374	0.500234	0.863106	-0.997578	-0.030411	-0.062557
150	3032706													9.834448	-0.513235	-0.027828	-0.004836	-0.865231	0.501349	-0.069360	0.500438	0.862990	-0.997580	-0.030600	-0.062432
151	3032873													9.810296	-0.527006	-0.057226	-0.004591	-0.865147	0.501498	-0.069360	0.500571	0.862913	-0.997581	-0.030822	-0.062304
152	3033039													9.815672	-0.560862	-0.048622	-0.004335	-0.864991	0.501768	-0.069428	0.500822	0.862761	-0.997578	-0.031097	-0.062225
153	3033206													9.789734	-0.554842	-0.034224	-0.004007	-0.864866	0.501987	-0.069509	0.501018	0.862641	-0.997573	-0.031436	-0.062123
154	3033373													9.743104	-0.587238	-0.067057	-0.003789	-0.864796	0.502109	-0.069636	0.501122	0.862570	-0.997565	-0.031696	-0.062120
155	3033539													9.806953	-0.609879	-0.042961	-0.003702	-0.864788	0.502124	-0.069775	0.501127	0.862556	-0.997556	-0.031843	-0.062196
156	3033706													9.851389	-0.552592	-0.037082	-0.003588	-0.864798	0.502107	-0.069734	0.501104	0.862573	-0.997559	-0.031919	-0.062103
157	3033873													9.870800	-0.573506	-0.044624	-0.003350	-0.864789	0.502125	-0.069557	0.501113	0.862582	-0.997572	-0.032037	-0.061831
158	3034039													9.840031	-0.587097	-0.013941	-0.002992	-0.864791	0.502123	-0.069484	0.501091	0.862600	-0.997579	-0.032308	-0.061589
159	3034206													9.809465	-0.535364	0.000352	-0.002627	-0.864779	0.502147	-0.069448	0.501094	0.862602	-0.997582	-0.032607	-0.061374
160	3034373													9.846924	-0.512668	-0.005182	-0.002250	-0.864789	0.502131	-0.069386	0.501057	0.862628	-0.997587	-0.032900	-0.061131
161	3034539													9.840801	-0.516357	0.003836	-0.001805	-0.864731	0.502232	-0.069309	0.501133	0.862590	-0.997594	-0.033252	-0.060839
162	3034706													9.798403	-0.530832	0.036690	-0.001304	-0.864593	0.502471	-0.069251	0.501343	0.862473	-0.997598	-0.033672	-0.060527
163	3034873													9.784877	-0.566826	0.035233	-0.000900	-0.864506	0.502622	-0.069258	0.501469	0.862399	-0.997598	-0.034035	-0.060325
164	3035039													9.792344	-0.566926	0.040563	-0.000527	-0.864434	0.502746	-0.069309	0.501569	0.862337	-0.997595	-0.034390	-0.060178
165	3035206													9.813098	-0.558466	0.053829	-0.000161	-0.864362	0.502871	-0.069344	0.501670	0.862275	-0.997593	-0.034732	-0.060019
166	3035373													9.811119	-0.550773	0.057725	0.000145	-0.864351	0.502889	-0.069332	0.501670	0.862276	-0.997594	-0.034991	-0.059855
167	3035539													9.810801	-0.552710	0.064692	0.000441	-0.864286	0.503001	-0.069265	0.501767	0.862225	-0.997598	-0.035221	-0.059643
168	3035706													9.811302	-0.542081	0.038918	0.000693	-0.864289	0.502995	-0.069178	0.501749	0.862243	-0.997604	-0.035394	-0.059442
169	3035873													9.777276	-0.566598	0.034123	0.000918	-0.864280	0.503011	-0.069161	0.501752	0.862242	-0.997605	-0.035580	-0.059314
170	3036039													9.754736	-0.548290	0.046976	0.001006	-0.864271	0.503025	-0.069258	0.501757	0.862232	-0.997598	-0.035706	-0.059353
171	3036206													9.797324	-0.537071	0.041023	0.000946	-0.864263	0.503039	-0.069238	0.501775	0.862223	-0.997600	-0.035645	-0.059365
172	3036373													9.887600	-0.539449	0.024840	0.000964	-0.864248	0.503064	-0.069139	0.501803	0.862214	-0.997607	-0.035612	-0.059269
173	3036539													9.832611	-0.550146	0.009116	0.001155	-0.864249	0.503064	-0.069049	0.501794	0.862227	-0.997613	-0.035732	-0.059096
174	3036706													9.783508	-0.542543	0.017645	0.001326	-0.864213	0.503125	-0.069004	0.501847	0.862199	-0.997615	-0.035861	-0.058969
175	3036873													9.788173	-0.529812	0.040583	0.001414	-0.864210	0.503129	-0.068980	0.501847	0.862201	-0.997617	-0.035925	-0.058904
176	3037039													9.811232	-0.518740	0.040497	0.001521	-0.864125	0.503275	-0.068942	0.501988	0.862123	-0.997620	-0.036008	-0.058811
177	3037206													9.802924	-0.552388	0.058811	0.001644	-0.864048	0.503406	-0.068921	0.502112	0.862052	-0.997621	-0.036112	-0.058726
178	3037373													9.823409	-0.568474	0.039016	0.001763	-0.863984	0.503517	-0.068868	0.502217	0.861995	-0.997624	-0.036196	-0.058615
179	3037539													9.820086	-0.575394	0.028771	0.001876	-0.863963	0.503551	-0.068803	0.502247	0.861982	-0.997628	-0.036263	-0.058501
180	3037706													9.803586	-0.565495	0.029368	0.001916	-0.863938	0.503595	-0.068693	0.502292	0.861965	-0.997636	-0.036245	-0.058384
181	3037873													9.819224	-0.544953	0.019873	0.001910	-0.863952	0.503570	-0.068561	0.502273	0.861987	-0.997645	-0.036172	-0.058274
182	3038039													9.792993	-0.525938	0.043279	0.001875	-0.863993	0.503500	-0.068428	0.502210	0.862034	-0.997654	-0.036070	-0.058179
183	3038206													9.774043	-0.520828	0.051254	0.001806	-0.864002	0.503486	-0.068292	0.502204	0.862048	-0.997664	-0.035941	-0.058097
184	3038373													9.799805	-0.491471	0.031664	0.001723	-0.864022	0.503450	-0.068216	0.502177	0.862070	-0.997669	-0.035829	-0.058075
185	3038539													9.817207	-0.525735	0.004721	0.001641	-0.863955	0.503567	-0.068185	0.502299	0.862001	-0.997671	-0.035750	-0.058085
186	3038706													9.823870	-0.531911	-0.002593	0.001581	-0.863922	0.503623	-0.068136	0.502360	0.861969	-0.997675	-0.035678	-0.058070
187	3038873													9.824807	-0.551845	0.005014	0.001588	-0.863861	0.503728	-0.068118	0.502466	0.861910	-0.997676	-0.035682	-0.058046
188	3039039													9.846862	-0.546988	0.006595	0.001703	-0.863791	0.503848	-0.068042	0.502581	0.861849	-0.997681	-0.035751	-0.057918
189	3039206													9.839627	-0.546080	-0.017069	0.001888	-0.863723	0.503964	-0.067952	0.502689	0.861792	-0.997687	-0.035873	-0.057743
190	3039373													9.828079	-0.543469	0.003555	0.002171	-0.863701	0.503999	-0.067837	0.502712	0.861788	-0.997694	-0.036061	-0.057500
191	3039539													9.818037	-0.529325	0.024624	0.002425	-0.863646	0.504093	-0.067729	0.502795	0.861748	-0.997701	-0.036232	-0.057274
192	3039706													9.814705	-0.506876	0.017260	0.002647	-0.863632	0.504116	-0.067647	0.502808	0.861747	-0.997706	-0.036383	-0.057091
193	3039873													9.834636	-0.509470	0.018037	0.002853	-0.863566	0.504227	-0.067556	0.502911	0.861694	-0.997711	-0.036522	-0.056905
194	3040040													9.809340	-0.518417	0.040656	0.003120	-0.863517	0.504311	-0.067540	0.502980	0.861655	-0.997712	-0.036749	-0.056753
195	3040206													9.818283	-0.534386	0.034168	0.003405	-0.863423	0.504469	-0.067626	0.503118	0.861568	-0.997705	-0.037049	-0.056677
196	3040373													9.821297	-0.551932	0.036627	0.003744	-0.863331	0.504624	-0.067686	0.503251	0.861485	-0.997700	-0.037381	-0.056552
197	3040540													9.791522	-0.583770	0.038301	0.004114	-0.863330	0.504623	-0.067774	0.503226	0.861493	-0.997692	-0.037745	-0.056441
198	3040706													9.807561	-0.560000	0.042756	0.004425	-0.863344	0.504596	-0.067782	0.503181	0.861519	-0.997690	-0.038014	-0.056293
199	3040873													9.798559	-0.567902	0.071182	0.004710	-0.863441	0.504427	-0.067807	0.502996	0.861625	-0.997687	-0.038262	-0.056178
200	3041040													9.825455	-0.539825	0.089657	0.004977	-0.863555	0.504231	-0.067825	0.502784	0.861747	-0.997685	-0.038488	-0.056068
201	3041206													9.820968	-0.517146	0.084623	0.005236	-0.863669	0.504032	-0.067824	0.502572	0.861871	-0.997684	-0.038698	-0.055946
202	3041373													9.827685	-0.509568	0.075797	0.005481	-0.863717	0.503947	-0.067843	0.502472	0.861928	-0.997681	-0.038913	-0.055843
203	3041540													9.830841	-0.517528	0.069934	0.005683	-0.863737	0.503910	-0.067939	0.502420	0.861950	-0.997673	-0.039134	-0.055826
204	3041706													9.815147	-0.523525	0.083977	0.005924	-0.863739	0.503904	-0.068058	0.502396	0.861955	-0.997664	-0.039401	-0.055809
205	3041873													9.793363	-0.548652	0.090985	0.006086	-0.863731	0.503916	-0.068172	0.502394	0.861947	-0.997655	-0.039599	-0.055825
206	3042040													9.796647	-0.541904	0.068364	0.006254	-0.863700	0.503967	-0.068260	0.502433	0.861918	-0.997648	-0.039791	-0.055814
207	3042206													9.754560	-0.571664	0.064801	0.006334	-0.863708	0.503953	-0.068273	0.502414	0.861927	-0.997647	-0.039866	-0.055786
208	3042373													9.789596	-0.570531	0.032401	0.006258	-0.863733	0.503911	-0.068290	0.502375	0.861949	-0.997646	-0.039807	-0.055841
209	3042540													9.855048	-0.514938	0.040958	0.006209	-0.863747	0.503888	-0.068168	0.502360	0.861967	-0.997655	-0.039701	-0.055761
210	3042706													9.886281	-0.475278	0.068814	0.006338	-0.863688	0.503987	-0.067917	0.502461	0.861928	-0.997671	-0.039693	-0.055474
211	3042873													9.868960	-0.524286	0.060088	0.006590	-0.863593	0.504146	-0.067770	0.502612	0.861852	-0.997679	-0.039846	-0.055214
212	3043040													9.846110	-0.507635	0.070622	0.006889	-0.863517	0.504273	-0.067813	0.502720	0.861785	-0.997674	-0.040134	-0.055095
213	3043206													9.806732	-0.492643	0.116346	0.007205	-0.863410	0.504451	-0.067970	0.502874	0.861683	-0.997661	-0.040496	-0.055062
214	3043373													9.827639	-0.511907	0.097521	0.007517	-0.863244	0.504731	-0.068095	0.503132	0.861523	-0.997651	-0.040846	-0.055001
215	3043540													9.812419	-0.557418	0.110562	0.007936	-0.863126	0.504927	-0.068209	0.503300	0.861416	-0.997639	-0.041276	-0.054879
216	3043706													9.780899	-0.586326	0.104663	0.008295	-0.863075	0.505007	-0.068334	0.503355	0.861374	-0.997628	-0.041654	-0.054803
217	3043873													9.777586	-0.582079	0.134902	0.008589	-0.863001	0.505129	-0.068464	0.503455	0.861305	-0.997617	-0.041981	-0.054760
218	3044040													9.810940	-0.576796	0.111025	0.008862	-0.862975	0.505169	-0.068609	0.503473	0.861282	-0.997604	-0.042292	-0.054747
219	3044206													9.793815	-0.562674	0.117598	0.009073	-0.862982	0.505154	-0.068747	0.503441	0.861290	-0.997593	-0.042543	-0.054760
220	3044373													9.818203	-0.558155	0.119626	0.009195	-0.862988	0.505141	-0.068858	0.503416	0.861296	-0.997584	-0.042702	-0.054795
221	3044540													9.862850	-0.549384	0.113234	0.009292	-0.862997	0.505123	-0.068941	0.503390	0.861305	-0.997577	-0.042827	-0.054819
222	3044706													9.818301	-0.572537	0.123772	0.009419	-0.862970	0.505167	-0.069086	0.503420	0.861275	-0.997566	-0.043013	-0.054877
223	3044873													9.789240	-0.565339	0.120947	0.009497	-0.863012	0.505094	-0.069322	0.503333	0.861307	-0.997549	-0.043194	-0.055045
224	3045040													9.821399	-0.552765	0.129684	0.009514	-0.863020	0.505080	-0.069401	0.503315	0.861311	-0.997543	-0.043248	-0.055106
225	3045206													9.877133	-0.573777	0.115970	0.009669	-0.862960	0.505179	-0.069387	0.503406	0.861259	-0.997543	-0.043381	-0.055011
226	3045373													9.808207	-0.598342	0.111495	0.009904	-0.862968	0.505162	-0.069398	0.503375	0.861277	-0.997540	-0.043587	-0.054903
227	3045540													9.794291	-0.593622	0.138294	0.010114	-0.862962	0.505168	-0.069467	0.503367	0.861276	-0.997533	-0.043803	-0.054857
228	3045706													9.813498	-0.574285	0.129229	0.010357	-0.862980	0.505132	-0.069519	0.503315	0.861302	-0.997527	-0.044037	-0.054780
229	3045873													9.812276	-0.582729	0.124620	0.010626	-0.863007	0.505081	-0.069506	0.503250	0.861341	-0.997525	-0.044259	-0.054636
230	3046040													9.792522	-0.599040	0.139753	0.010847	-0.863037	0.505024	-0.069477	0.503182	0.861383	-0.997525	-0.044431	-0.054503
231	3046206													9.812895	-0.608512	0.143818	0.011034	-0.863098	0.504916	-0.069442	0.503066	0.861453	-0.997525	-0.044568	-0.054385
232	3046373													9.831151	-0.593378	0.141679	0.011181	-0.863126	0.504866	-0.069376	0.503011	0.861491	-0.997528	-0.044658	-0.054256
233	3046540													9.792027	-0.577872	0.142444	0.011286	-0.863215	0.504710	-0.069194	0.502858	0.861595	-0.997539	-0.044647	-0.054054
234	3046706													9.808746	-0.562849	0.148591	0.011311	-0.863191	0.504750	-0.068919	0.502909	0.861587	-0.997558	-0.044533	-0.053802
235	3046873													9.811246	-0.554015	0.133897	0.011336	-0.863159	0.504804	-0.068575	0.502977	0.861575	-0.997582	-0.044384	-0.053490
236	3047040													9.788442	-0.520309	0.161528	0.011297	-0.863047	0.504998	-0.068176	0.503190	0.861482	-0.997609	-0.044161	-0.053154
237	3047206													9.775250	-0.520537	0.122571	0.011181	-0.862896	0.505257	-0.067765	0.503473	0.861349	-0.997639	-0.043870	-0.052845
238	3047373													9.773354	-0.549553	0.093118	0.010975	-0.862744	0.505521	-0.067379	0.503765	0.861209	-0.997667	-0.043513	-0.052601
239	3047540													9.795106	-0.544398	0.086581	0.010664	-0.862521	0.505908	-0.067043	0.504182	0.860991	-0.997693	-0.043099	-0.052450
240	3047706													9.851164	-0.538736	0.078019	0.010376	-0.862383	0.506150	-0.066722	0.504452	0.860858	-0.997718	-0.042704	-0.052306
241	3047873													9.868417	-0.550986	0.067330	0.010253	-0.862262	0.506359	-0.066473	0.504678	0.860745	-0.997736	-0.042485	-0.052142
242	3048040													9.842587	-0.580182	0.062863	0.010241	-0.862156	0.506539	-0.066262	0.504867	0.860650	-0.997750	-0.042378	-0.051958
243	3048206													9.846905	-0.563181	0.055992	0.010262	-0.862119	0.506602	-0.066126	0.504935	0.860621	-0.997759	-0.042331	-0.051827
244	3048373													9.851078	-0.558554	0.051050	0.010365	-0.862146	0.506554	-0.066011	0.504886	0.860658	-0.997765	-0.042359	-0.051677
245	3048540													9.858106	-0.553707	0.081527	0.010641	-0.862181	0.506489	-0.065961	0.504810	0.860707	-0.997765	-0.042567	-0.051498
246	3048706													9.833000	-0.549481	0.095605	0.010993	-0.862263	0.506342	-0.065898	0.504647	0.860807	-0.997766	-0.042830	-0.051274
247	3048873													9.850032	-0.525644	0.086852	0.011417	-0.862288	0.506290	-0.065793	0.504578	0.860856	-0.997768	-0.043139	-0.050972
248	3049040													9.816414	-0.525820	0.126838	0.011932	-0.862326	0.506212	-0.065661	0.504480	0.860923	-0.997771	-0.043511	-0.050602
249	3049206													9.805364	-0.499379	0.147929	0.012415	-0.862304	0.506239	-0.065523	0.504488	0.860929	-0.997774	-0.043859	-0.050238
250	3049373													9.777437	-0.492085	0.162512	0.012838	-0.862279	0.506271	-0.065332	0.504507	0.860932	-0.997781	-0.044129	-0.049857
251	3049540													9.784455	-0.505952	0.184247	0.013160	-0.862208	0.506384	-0.065126	0.504613	0.860885	-0.997790	-0.044308	-0.049512
252	3049706													9.801395	-0.499360	0.211831	0.013448	-0.862092	0.506574	-0.064933	0.504798	0.860792	-0.997799	-0.044469	-0.049189
253	3049873													9.811144	-0.482251	0.242318	0.013676	-0.861936	0.506833	-0.064784	0.505051	0.860655	-0.997806	-0.044605	-0.048932
254	3050040													9.814862	-0.470763	0.226407	0.013841	-0.861761	0.507125	-0.064672	0.505340	0.860493	-0.997811	-0.044707	-0.048737
255	3050206													9.800534	-0.465791	0.232804	0.013866	-0.861549	0.507485	-0.064596	0.505702	0.860286	-0.997815	-0.044710	-0.048640
256	3050373													9.778346	-0.479085	0.226225	0.013672	-0.861333	0.507858	-0.064565	0.506085	0.860064	-0.997820	-0.044548	-0.048693
257	3050540													9.746001	-0.516766	0.227128	0.013276	-0.861078	0.508299	-0.064586	0.506544	0.859792	-0.997824	-0.044244	-0.048889
258	3050706													9.756761	-0.560063	0.205910	0.012663	-0.860889	0.508635	-0.064672	0.506905	0.859572	-0.997826	-0.043779	-0.049256
259	3050873													9.801389	-0.572202	0.139093	0.011982	-0.860712	0.508951	-0.064743	0.507252	0.859363	-0.997830	-0.043247	-0.049647
260	3051040													9.800155	-0.601031	0.124525	0.011257	-0.860656	0.509063	-0.064767	0.507399	0.859274	-0.997837	-0.042644	-0.050030
261	3051206													9.847425	-0.577688	0.108777	0.010546	-0.860683	0.509032	-0.064755	0.507404	0.859272	-0.997845	-0.042024	-0.050383
262	3051373													9.872272	-0.561111	0.089442	0.009967	-0.860733	0.508959	-0.064642	0.507365	0.859304	-0.997859	-0.041465	-0.050582
263	3051540													9.864594	-0.553716	0.107784	0.009612	-0.860818	0.508821	-0.064529	0.507250	0.859380	-0.997870	-0.041094	-0.050672
264	3051706													9.827826	-0.537836	0.088216	0.009383	-0.860908	0.508674	-0.064528	0.507115	0.859459	-0.997872	-0.040888	-0.050795
265	3051873													9.798789	-0.496347	0.099332	0.009194	-0.861038	0.508457	-0.064555	0.506907	0.859580	-0.997872	-0.040727	-0.050924
266	3052040													9.817563	-0.492865	0.111591	0.008999	-0.861155	0.508263	-0.064530	0.506724	0.859690	-0.997875	-0.040535	-0.051010
267	3052206													9.859710	-0.524885	0.110154	0.008875	-0.861233	0.508133	-0.064494	0.506602	0.859764	-0.997879	-0.040402	-0.051049
268	3052373													9.842918	-0.531853	0.109144	0.008902	-0.861323	0.507980	-0.064511	0.506447	0.859855	-0.997877	-0.040425	-0.051056
269	3052540													9.808332	-0.526401	0.097257	0.008951	-0.861414	0.507825	-0.064618	0.506285	0.859942	-0.997870	-0.040512	-0.051131
270	3052873													9.839453	-0.542465	0.105015	0.009013	-0.861569	0.507560	-0.064758	0.506012	0.860092	-0.997860	-0.040620	-0.051232
271	3053040													9.786601	-0.560922	0.109310	0.009008	-0.861710	0.507321	-0.064900	0.505768	0.860225	-0.997851	-0.040674	-0.051369
272	3053206													9.790865	-0.570776	0.089493	0.008941	-0.861886	0.507023	-0.065011	0.505470	0.860392	-0.997844	-0.040655	-0.051513
273	3053373													9.806277	-0.554892	0.112495	0.008788	-0.862101	0.506661	-0.065090	0.505113	0.860595	-0.997841	-0.040542	-0.051675
274	3053540													9.774516	-0.576912	0.089656	0.008680	-0.862303	0.506319	-0.065267	0.504770	0.860783	-0.997830	-0.040517	-0.051898
275	3053706													9.797191	-0.595630	0.100196	0.008447	-0.862646	0.505738	-0.065649	0.504187	0.861096	-0.997807	-0.040475	-0.052373
276	3053873													9.832924	-0.536004	0.094603	0.008217	-0.863030	0.505087	-0.066049	0.503532	0.861448	-0.997783	-0.040439	-0.052865
277	3054040													9.875704	-0.547503	0.081494	0.008032	-0.863345	0.504551	-0.066309	0.502997	0.861741	-0.997767	-0.040378	-0.053208
278	3054206													9.825871	-0.591446	0.079632	0.007932	-0.863635	0.504055	-0.066562	0.502497	0.862013	-0.997751	-0.040389	-0.053500
279	3054373													9.803659	-0.578275	0.078354	0.007752	-0.863985	0.503458	-0.066870	0.501898	0.862338	-0.997732	-0.040351	-0.053884
280	3054540													9.788774	-0.550866	0.096691	0.007551	-0.864240	0.503023	-0.067143	0.501464	0.862569	-0.997715	-0.040287	-0.054241
281	3054706													9.776994	-0.559606	0.063330	0.007281	-0.864482	0.502611	-0.067371	0.501059	0.862787	-0.997701	-0.040143	-0.054592
282	3054873													9.795691	-0.566753	0.077488	0.007011	-0.864686	0.502264	-0.067475	0.500723	0.862974	-0.997696	-0.039940	-0.054834
283	3055040													9.793910	-0.573462	0.062816	0.006712	-0.864853	0.501981	-0.067495	0.500455	0.863127	-0.997697	-0.039674	-0.055014
284	3055206													9.814086	-0.589285	0.053775	0.006391	-0.865030	0.501680	-0.067520	0.500172	0.863290	-0.997697	-0.039391	-0.055210
285	3055373													9.805813	-0.555005	0.047600	0.006034	-0.865207	0.501379	-0.067555	0.499890	0.863450	-0.997697	-0.039081	-0.055433
