// Start Time: Unknown
// Update Rate: 60.0Hz
//Filter Profile: human (46.1)
// Option Flags: AHS Disabled ICC Disabled
// Firmware Version: 4.0.2
0	sampleTimeFine	Year	Month	Day	Second	UTC_Nano	UTC_Year	UTC_Month	UTC_Day	UTC_Hour	UTC_Minute	UTC_Second	UTC_Valid	Acc_X	Acc_Y	Acc_Z	Mat[1][1]	Mat[2][1]	Mat[3][1]	Mat[1][2]	Mat[2][2]	Mat[3][2]	Mat[1][3]	Mat[2][3]	Mat[3][3]
0	1350458													0.154937	-0.097080	0.170420	0.353913	-0.865057	-0.355558	-0.073869	-0.404829	0.911404	-0.932356	-0.296293	-0.207176
1	1350625													9.167906	-0.721205	3.459000	0.353620	-0.864388	-0.357472	-0.073824	-0.406762	0.910546	-0.932471	-0.295597	-0.207652
2	1350791													9.147764	-0.700009	3.443980	0.353031	-0.864451	-0.357901	-0.073779	-0.407062	0.910416	-0.932698	-0.294999	-0.207484
3	1350958													9.183952	-0.686035	3.455269	0.352400	-0.864543	-0.358300	-0.073445	-0.407229	0.910368	-0.932963	-0.294499	-0.207004
4	1351458													9.174356	-0.690382	3.450078	0.350960	-0.864607	-0.359559	-0.072356	-0.407876	0.910166	-0.933591	-0.293416	-0.205707
5	1351625													9.160605	-0.684651	3.462580	0.350626	-0.864867	-0.359257	-0.072128	-0.407409	0.910393	-0.933734	-0.293295	-0.205229
6	1351791													9.152675	-0.713229	3.442982	0.350377	-0.865001	-0.359179	-0.071957	-0.407216	0.910493	-0.933841	-0.293170	-0.204922
7	1351958													9.202347	-0.733276	3.478337	0.350177	-0.865100	-0.359137	-0.071887	-0.407103	0.910549	-0.933921	-0.293036	-0.204747
8	1352125													9.186239	-0.722955	3.466815	0.350036	-0.865191	-0.359052	-0.071848	-0.406970	0.910612	-0.933977	-0.292950	-0.204616
9	1352291													9.173168	-0.723553	3.434221	0.349889	-0.865356	-0.358798	-0.071883	-0.406679	0.910739	-0.934029	-0.292866	-0.204496
10	1352458													9.194383	-0.737557	3.349633	0.349763	-0.865555	-0.358442	-0.071985	-0.406308	0.910896	-0.934069	-0.292795	-0.204419
11	1352625													9.273438	-0.765763	3.374119	0.349740	-0.865726	-0.358051	-0.072055	-0.405912	0.911067	-0.934072	-0.292837	-0.204344
12	1352791													9.164865	-0.673017	3.461604	0.349525	-0.865856	-0.357947	-0.071992	-0.405734	0.911152	-0.934157	-0.292701	-0.204149
13	1352958													9.213419	-0.688027	3.466064	0.349495	-0.865860	-0.357965	-0.071880	-0.405711	0.911170	-0.934177	-0.292719	-0.204032
14	1353125													9.152137	-0.735658	3.508088	0.349491	-0.865883	-0.357916	-0.071949	-0.405679	0.911179	-0.934173	-0.292697	-0.204081
15	1353291													9.103668	-0.738898	3.474822	0.349437	-0.865996	-0.357694	-0.072064	-0.405469	0.911264	-0.934184	-0.292653	-0.204093
16	1353458													9.132945	-0.688984	3.471756	0.349321	-0.865974	-0.357860	-0.072167	-0.405650	0.911175	-0.934220	-0.292467	-0.204197
17	1353625													9.180421	-0.674369	3.479213	0.349229	-0.866108	-0.357625	-0.072268	-0.405413	0.911272	-0.934246	-0.292398	-0.204174
18	1353791													9.134749	-0.693405	3.453357	0.349173	-0.866158	-0.357561	-0.072350	-0.405358	0.911290	-0.934261	-0.292328	-0.204207
19	1353958													9.146165	-0.715731	3.444889	0.349132	-0.866225	-0.357436	-0.072462	-0.405253	0.911328	-0.934268	-0.292273	-0.204255
20	1354125													9.149666	-0.709437	3.409996	0.349109	-0.866261	-0.357373	-0.072545	-0.405208	0.911342	-0.934270	-0.292232	-0.204305
21	1354291													9.171970	-0.678918	3.431700	0.349095	-0.866327	-0.357226	-0.072683	-0.405092	0.911382	-0.934264	-0.292195	-0.204383
22	1354458													9.182737	-0.716933	3.416730	0.349039	-0.866438	-0.357012	-0.072754	-0.404877	0.911472	-0.934280	-0.292165	-0.204355
23	1354625													9.175250	-0.715842	3.451637	0.348990	-0.866428	-0.357083	-0.072745	-0.404937	0.911446	-0.934299	-0.292109	-0.204347
24	1354791													9.160691	-0.686997	3.463339	0.348825	-0.866429	-0.357243	-0.072766	-0.405074	0.911384	-0.934359	-0.291919	-0.204346
25	1354958													9.225924	-0.717229	3.385669	0.348651	-0.866475	-0.357300	-0.072845	-0.405119	0.911357	-0.934417	-0.291718	-0.204364
26	1355125													9.180837	-0.737305	3.457029	0.348573	-0.866401	-0.357557	-0.072863	-0.405377	0.911241	-0.934445	-0.291581	-0.204432
27	1355291													9.220717	-0.665964	3.364758	0.348355	-0.866385	-0.357807	-0.072773	-0.405561	0.911166	-0.934534	-0.291371	-0.204328
28	1355458													9.182942	-0.654868	3.432880	0.348296	-0.866293	-0.358087	-0.072707	-0.405822	0.911056	-0.934561	-0.291282	-0.204332
29	1355625													9.208637	-0.722144	3.403419	0.348207	-0.866380	-0.357962	-0.072804	-0.405701	0.911102	-0.934586	-0.291191	-0.204344
30	1355791													9.162107	-0.745654	3.449248	0.348034	-0.866469	-0.357917	-0.072893	-0.405640	0.911122	-0.934644	-0.291011	-0.204336
31	1355958													9.200911	-0.697051	3.416485	0.347924	-0.866490	-0.357972	-0.072944	-0.405689	0.911096	-0.934681	-0.290881	-0.204354
32	1356125													9.174513	-0.683292	3.441992	0.347835	-0.866550	-0.357913	-0.072988	-0.405620	0.911123	-0.934710	-0.290797	-0.204337
33	1356291													9.166996	-0.739091	3.400172	0.347784	-0.866565	-0.357928	-0.073015	-0.405633	0.911115	-0.934727	-0.290737	-0.204345
34	1356458													9.185038	-0.713021	3.409624	0.347761	-0.866502	-0.358101	-0.073049	-0.405820	0.911029	-0.934733	-0.290661	-0.204425
35	1356625													9.220928	-0.698369	3.430259	0.347793	-0.866474	-0.358138	-0.073102	-0.405882	0.910997	-0.934717	-0.290658	-0.204504
36	1356791													9.191822	-0.698494	3.443201	0.347852	-0.866457	-0.358121	-0.073126	-0.405886	0.910994	-0.934693	-0.290703	-0.204548
37	1356958													9.205647	-0.693487	3.400794	0.347930	-0.866418	-0.358141	-0.073144	-0.405931	0.910972	-0.934663	-0.290759	-0.204608
38	1357125													9.198552	-0.695394	3.439714	0.348072	-0.866341	-0.358190	-0.073196	-0.406031	0.910923	-0.934606	-0.290849	-0.204741
39	1357291													9.179620	-0.703644	3.442575	0.348208	-0.866306	-0.358140	-0.073300	-0.406042	0.910910	-0.934547	-0.290935	-0.204888
40	1357458													9.170202	-0.704137	3.440870	0.348340	-0.866275	-0.358089	-0.073407	-0.406052	0.910897	-0.934490	-0.291015	-0.205035
41	1357625													9.167929	-0.710721	3.431109	0.348497	-0.866234	-0.358035	-0.073528	-0.406069	0.910879	-0.934421	-0.291113	-0.205207
42	1357791													9.169909	-0.709364	3.450569	0.348654	-0.866145	-0.358098	-0.073630	-0.406203	0.910812	-0.934355	-0.291192	-0.205398
43	1357958													9.155077	-0.728252	3.453711	0.348791	-0.866076	-0.358129	-0.073713	-0.406294	0.910764	-0.934297	-0.291268	-0.205553
44	1358125													9.175761	-0.718481	3.446695	0.348934	-0.865997	-0.358181	-0.073800	-0.406409	0.910706	-0.934237	-0.291343	-0.205721
45	1358291													9.178047	-0.728894	3.444881	0.349086	-0.865899	-0.358270	-0.073898	-0.406568	0.910627	-0.934172	-0.291411	-0.205915
46	1358458													9.176736	-0.718519	3.451769	0.349248	-0.865785	-0.358388	-0.073974	-0.406753	0.910538	-0.934106	-0.291493	-0.206103
47	1358625													9.161023	-0.707860	3.456100	0.349373	-0.865688	-0.358502	-0.074033	-0.406921	0.910458	-0.934055	-0.291548	-0.206257
48	1358791													9.173963	-0.729804	3.464705	0.349458	-0.865600	-0.358630	-0.074092	-0.407094	0.910376	-0.934018	-0.291567	-0.206396
49	1358958													9.176166	-0.722564	3.443781	0.349551	-0.865487	-0.358813	-0.074135	-0.407321	0.910271	-0.933980	-0.291586	-0.206543
50	1359125													9.174453	-0.713865	3.431233	0.349650	-0.865366	-0.359007	-0.074195	-0.407567	0.910156	-0.933938	-0.291600	-0.206712
51	1359291													9.180852	-0.701859	3.466678	0.349727	-0.865257	-0.359197	-0.074237	-0.407798	0.910049	-0.933906	-0.291603	-0.206851
52	1359458													9.160398	-0.687698	3.466103	0.349851	-0.865145	-0.359344	-0.074262	-0.407989	0.909962	-0.933857	-0.291665	-0.206983
53	1359625													9.169360	-0.690047	3.459719	0.349930	-0.865058	-0.359479	-0.074294	-0.408159	0.909883	-0.933825	-0.291688	-0.207095
54	1359791													9.184855	-0.715882	3.432133	0.349991	-0.864969	-0.359633	-0.074310	-0.408340	0.909800	-0.933801	-0.291697	-0.207191
55	1359958													9.192241	-0.709236	3.482961	0.350094	-0.864876	-0.359756	-0.074275	-0.408483	0.909739	-0.933765	-0.291773	-0.207246
56	1360125													9.173083	-0.725262	3.405163	0.350092	-0.864773	-0.360004	-0.074233	-0.408731	0.909631	-0.933769	-0.291730	-0.207288
57	1360291													9.125633	-0.737894	3.419898	0.350169	-0.864648	-0.360230	-0.074296	-0.409006	0.909502	-0.933735	-0.291716	-0.207461
58	1360458													9.222486	-0.700207	3.387586	0.350303	-0.864520	-0.360406	-0.074325	-0.409232	0.909398	-0.933683	-0.291778	-0.207611
59	1360625													9.290482	-0.709507	3.468322	0.350587	-0.864417	-0.360377	-0.074230	-0.409238	0.909403	-0.933584	-0.292075	-0.207639
60	1360791													9.163484	-0.682988	3.512576	0.350662	-0.864373	-0.360410	-0.074085	-0.409245	0.909412	-0.933567	-0.292195	-0.207543
61	1360958													9.190473	-0.691659	3.472818	0.350950	-0.864210	-0.360521	-0.074003	-0.409403	0.909347	-0.933465	-0.292455	-0.207634
62	1361125													9.135907	-0.715719	3.484437	0.351223	-0.864071	-0.360588	-0.074075	-0.409560	0.909271	-0.933357	-0.292646	-0.207853
63	1361291													9.115505	-0.701840	3.523321	0.351355	-0.863968	-0.360707	-0.074190	-0.409752	0.909175	-0.933298	-0.292683	-0.208066
64	1361458													9.144634	-0.674973	3.493364	0.351407	-0.863903	-0.360812	-0.074250	-0.409894	0.909106	-0.933274	-0.292676	-0.208185
65	1361625													9.145249	-0.669316	3.467247	0.351513	-0.863881	-0.360759	-0.074273	-0.409870	0.909115	-0.933232	-0.292771	-0.208238
66	1361792													9.127283	-0.717047	3.456393	0.351644	-0.863848	-0.360712	-0.074349	-0.409875	0.909106	-0.933177	-0.292863	-0.208356
67	1361958													9.137905	-0.730799	3.473929	0.351797	-0.863760	-0.360773	-0.074482	-0.410017	0.909031	-0.933109	-0.292923	-0.208578
68	1362125													9.144004	-0.733282	3.445045	0.351941	-0.863670	-0.360849	-0.074618	-0.410174	0.908950	-0.933043	-0.292970	-0.208802
69	1362292													9.173777	-0.714501	3.494416	0.352133	-0.863595	-0.360839	-0.074749	-0.410250	0.908905	-0.932960	-0.293083	-0.209016
70	1362458													9.173365	-0.710421	3.478105	0.352264	-0.863535	-0.360856	-0.074813	-0.410318	0.908868	-0.932906	-0.293165	-0.209144
71	1362625													9.147856	-0.720048	3.502781	0.352326	-0.863467	-0.360957	-0.074861	-0.410455	0.908803	-0.932878	-0.293174	-0.209254
72	1362792													9.144964	-0.724454	3.430465	0.352266	-0.863393	-0.361195	-0.074963	-0.410722	0.908674	-0.932893	-0.293019	-0.209406
73	1362958													9.243516	-0.770423	3.478739	0.352447	-0.863275	-0.361299	-0.075074	-0.410910	0.908580	-0.932815	-0.293103	-0.209633
74	1363125													9.160613	-0.694686	3.460383	0.352314	-0.863233	-0.361528	-0.075045	-0.411111	0.908491	-0.932868	-0.292943	-0.209622
75	1363292													9.167992	-0.659999	3.465710	0.352478	-0.863074	-0.361748	-0.074948	-0.411351	0.908391	-0.932814	-0.293075	-0.209678
76	1363458													9.159218	-0.688220	3.469622	0.352448	-0.863052	-0.361832	-0.075009	-0.411451	0.908340	-0.932820	-0.293002	-0.209752
77	1363625													9.166878	-0.748901	3.457256	0.352438	-0.862997	-0.361971	-0.075082	-0.411618	0.908258	-0.932818	-0.292928	-0.209865
78	1363792													9.170329	-0.713116	3.438317	0.352363	-0.862924	-0.362219	-0.075123	-0.411874	0.908139	-0.932844	-0.292783	-0.209955
79	1363958													9.153156	-0.668676	3.479732	0.352371	-0.862883	-0.362307	-0.075136	-0.411973	0.908093	-0.932839	-0.292764	-0.210001
80	1364125													9.156810	-0.700182	3.469661	0.352344	-0.862890	-0.362318	-0.075158	-0.411985	0.908086	-0.932848	-0.292727	-0.210014
81	1364292													9.164729	-0.721457	3.473810	0.352346	-0.862846	-0.362422	-0.075180	-0.412101	0.908031	-0.932845	-0.292695	-0.210071
82	1364458													9.169271	-0.716032	3.466060	0.352407	-0.862756	-0.362576	-0.075185	-0.412280	0.907950	-0.932822	-0.292707	-0.210157
83	1364625													9.164454	-0.702489	3.481159	0.352472	-0.862668	-0.362723	-0.075189	-0.412451	0.907872	-0.932797	-0.292726	-0.210241
84	1364792													9.153700	-0.691917	3.476256	0.352586	-0.862568	-0.362849	-0.075214	-0.412619	0.907793	-0.932752	-0.292784	-0.210361
85	1364958													9.168865	-0.687604	3.487128	0.352717	-0.862479	-0.362934	-0.075224	-0.412742	0.907736	-0.932702	-0.292872	-0.210460
86	1365125													9.185495	-0.693044	3.507147	0.352831	-0.862388	-0.363039	-0.075252	-0.412888	0.907668	-0.932656	-0.292934	-0.210576
87	1365292													9.176952	-0.712252	3.482060	0.352959	-0.862312	-0.363095	-0.075328	-0.413002	0.907609	-0.932602	-0.292997	-0.210729
88	1365458													9.139459	-0.702178	3.470648	0.353106	-0.862231	-0.363145	-0.075396	-0.413110	0.907555	-0.932541	-0.293083	-0.210880
89	1365625													9.152887	-0.701137	3.469536	0.353264	-0.862159	-0.363161	-0.075487	-0.413194	0.907509	-0.932473	-0.293177	-0.211048
90	1365792													9.156829	-0.715742	3.472293	0.353402	-0.862072	-0.363233	-0.075571	-0.413329	0.907441	-0.932414	-0.293241	-0.211219
91	1365958													9.157022	-0.728044	3.471542	0.353520	-0.861973	-0.363354	-0.075650	-0.413510	0.907352	-0.932363	-0.293279	-0.211392
92	1366125													9.153760	-0.726675	3.501633	0.353612	-0.861872	-0.363504	-0.075692	-0.413702	0.907260	-0.932325	-0.293304	-0.211527
93	1366292													9.164690	-0.716697	3.510649	0.353695	-0.861778	-0.363646	-0.075760	-0.413892	0.907168	-0.932288	-0.293311	-0.211680
94	1366458													9.144441	-0.713989	3.523360	0.353787	-0.861670	-0.363813	-0.075813	-0.414108	0.907065	-0.932248	-0.293326	-0.211832
95	1366625													9.147498	-0.706617	3.510953	0.353838	-0.861571	-0.363997	-0.075867	-0.414331	0.906959	-0.932225	-0.293301	-0.211971
96	1366792													9.146637	-0.686689	3.481177	0.353879	-0.861472	-0.364191	-0.075887	-0.414551	0.906856	-0.932208	-0.293280	-0.212076
97	1366958													9.166738	-0.692334	3.489196	0.353914	-0.861377	-0.364382	-0.075936	-0.414775	0.906750	-0.932190	-0.293242	-0.212205
98	1367125													9.165508	-0.694464	3.506632	0.353952	-0.861291	-0.364550	-0.075937	-0.414961	0.906665	-0.932176	-0.293233	-0.212280
99	1367292													9.170926	-0.675871	3.512529	0.353957	-0.861214	-0.364725	-0.075952	-0.415152	0.906576	-0.932173	-0.293187	-0.212357
100	1367458													9.152040	-0.679250	3.479081	0.353993	-0.861143	-0.364858	-0.075947	-0.415299	0.906509	-0.932159	-0.293188	-0.212414
101	1367625													9.130984	-0.683986	3.500663	0.354061	-0.861079	-0.364943	-0.075992	-0.415419	0.906451	-0.932130	-0.293206	-0.212519
102	1367792													9.143453	-0.689532	3.487421	0.354066	-0.861047	-0.365014	-0.076064	-0.415518	0.906399	-0.932122	-0.293161	-0.212615
103	1367958													9.174566	-0.684221	3.551782	0.354114	-0.861014	-0.365046	-0.076099	-0.415574	0.906370	-0.932101	-0.293179	-0.212683
104	1368125													9.135388	-0.711544	3.499473	0.354103	-0.861012	-0.365060	-0.076154	-0.415603	0.906352	-0.932101	-0.293141	-0.212736
105	1368292													9.107802	-0.724833	3.455113	0.354114	-0.860995	-0.365090	-0.076248	-0.415668	0.906315	-0.932089	-0.293102	-0.212843
106	1368458													9.222027	-0.741187	3.417867	0.354271	-0.860950	-0.365045	-0.076380	-0.415699	0.906289	-0.932019	-0.293189	-0.213029
107	1368625													9.191580	-0.720654	3.508915	0.354554	-0.860861	-0.364979	-0.076355	-0.415690	0.906296	-0.931913	-0.293463	-0.213115
108	1368792													9.158235	-0.671283	3.510623	0.354608	-0.860836	-0.364986	-0.076203	-0.415662	0.906321	-0.931905	-0.293575	-0.212995
109	1368958													9.178760	-0.725231	3.527801	0.354894	-0.860732	-0.364952	-0.076194	-0.415692	0.906308	-0.931796	-0.293837	-0.213109
110	1369125													9.123031	-0.752653	3.545341	0.355043	-0.860650	-0.365001	-0.076296	-0.415812	0.906245	-0.931732	-0.293908	-0.213295
111	1369292													9.115208	-0.725495	3.546469	0.355107	-0.860534	-0.365212	-0.076373	-0.416074	0.906118	-0.931701	-0.293877	-0.213473
112	1369458													9.143926	-0.664931	3.536722	0.355095	-0.860487	-0.365336	-0.076444	-0.416224	0.906043	-0.931699	-0.293804	-0.213578
113	1369625													9.114193	-0.675220	3.539727	0.355113	-0.860495	-0.365298	-0.076508	-0.416208	0.906045	-0.931687	-0.293801	-0.213636
114	1369792													9.116947	-0.733909	3.519127	0.355111	-0.860496	-0.365300	-0.076592	-0.416236	0.906025	-0.931681	-0.293760	-0.213717
115	1369958													9.102175	-0.730210	3.510353	0.355113	-0.860438	-0.365434	-0.076697	-0.416411	0.905936	-0.931672	-0.293682	-0.213866
116	1370125													9.140145	-0.702174	3.521688	0.355135	-0.860396	-0.365511	-0.076784	-0.416525	0.905876	-0.931656	-0.293643	-0.213987
117	1370292													9.145338	-0.711808	3.512819	0.355152	-0.860370	-0.365556	-0.076860	-0.416601	0.905835	-0.931644	-0.293612	-0.214084
118	1370458													9.150648	-0.721890	3.516185	0.355147	-0.860363	-0.365576	-0.076872	-0.416624	0.905823	-0.931645	-0.293597	-0.214100
119	1370625													9.152942	-0.729074	3.526090	0.355104	-0.860333	-0.365690	-0.076820	-0.416717	0.905784	-0.931665	-0.293555	-0.214069
120	1370792													9.119374	-0.693832	3.512372	0.354981	-0.860283	-0.365926	-0.076796	-0.416928	0.905690	-0.931714	-0.293401	-0.214067
121	1370958													9.230034	-0.724708	3.441166	0.354928	-0.860251	-0.366051	-0.076827	-0.417057	0.905627	-0.931731	-0.293310	-0.214116
122	1371125													9.138884	-0.711511	3.541071	0.354939	-0.860190	-0.366186	-0.076773	-0.417184	0.905574	-0.931732	-0.293310	-0.214114
123	1371292													9.203770	-0.680488	3.440626	0.354919	-0.860130	-0.366345	-0.076564	-0.417282	0.905546	-0.931757	-0.293346	-0.213956
124	1371458													9.168584	-0.682040	3.517647	0.355009	-0.860046	-0.366455	-0.076508	-0.417401	0.905496	-0.931727	-0.293423	-0.213981
125	1371625													9.180341	-0.714723	3.491337	0.355111	-0.859970	-0.366536	-0.076585	-0.417536	0.905427	-0.931682	-0.293456	-0.214133
126	1371792													9.176841	-0.730165	3.482929	0.355222	-0.859913	-0.366561	-0.076690	-0.417622	0.905379	-0.931631	-0.293498	-0.214295
127	1371958													9.210337	-0.694112	3.467380	0.355716	-0.859708	-0.366564	-0.076817	-0.417785	0.905293	-0.931432	-0.293869	-0.214652
128	1372125													9.197413	-0.645224	3.487053	0.356543	-0.859638	-0.365922	-0.077148	-0.417414	0.905436	-0.931088	-0.294596	-0.215146
129	1372292													9.176655	-0.710606	3.452630	0.357969	-0.859488	-0.364882	-0.077621	-0.416817	0.905670	-0.930502	-0.295879	-0.215921
130	1372458													9.099682	-0.927698	3.422533	0.359600	-0.859208	-0.363935	-0.077887	-0.416303	0.905884	-0.929850	-0.297410	-0.216624
131	1372625													9.177054	-0.797721	3.562418	0.361114	-0.858811	-0.363373	-0.077550	-0.415974	0.906064	-0.929292	-0.299013	-0.216814
132	1372792													9.014357	-0.645572	3.729254	0.361939	-0.858847	-0.362467	-0.077487	-0.415201	0.906424	-0.928976	-0.299984	-0.216827
133	1372958													9.074186	-0.749954	3.620532	0.362111	-0.859291	-0.361240	-0.077818	-0.414056	0.906919	-0.928881	-0.300294	-0.216803
134	1373125													9.127146	-0.784875	3.631735	0.362274	-0.859691	-0.360124	-0.078297	-0.413073	0.907326	-0.928777	-0.300504	-0.216957
135	1373292													9.125976	-0.618790	3.644355	0.362210	-0.860158	-0.359072	-0.078989	-0.412170	0.907676	-0.928744	-0.300407	-0.217235
136	1373458													9.047109	-0.478530	3.617639	0.362087	-0.860933	-0.357335	-0.079893	-0.410600	0.908309	-0.928714	-0.300338	-0.217456
137	1373625													9.142225	-0.508462	3.532142	0.362082	-0.861768	-0.355320	-0.080936	-0.408810	0.909024	-0.928626	-0.300383	-0.217771
138	1373792													9.164471	-0.649293	3.506246	0.362353	-0.862432	-0.353427	-0.081950	-0.407209	0.909651	-0.928431	-0.300652	-0.218230
139	1373958													9.084563	-0.711672	3.566054	0.362601	-0.862887	-0.352062	-0.082783	-0.406100	0.910071	-0.928261	-0.300848	-0.218685
140	1374125													9.120236	-0.751404	3.605894	0.362688	-0.863171	-0.351274	-0.083443	-0.405505	0.910276	-0.928167	-0.300835	-0.219097
141	1374292													9.123343	-0.770532	3.620586	0.362655	-0.863236	-0.351147	-0.083878	-0.405504	0.910237	-0.928141	-0.300648	-0.219465
142	1374458													9.103117	-0.867778	3.638637	0.362487	-0.863170	-0.351483	-0.084111	-0.405892	0.910042	-0.928186	-0.300315	-0.219732
143	1374625													9.060178	-0.883375	3.637416	0.362131	-0.862962	-0.352360	-0.084025	-0.406700	0.909689	-0.928332	-0.299820	-0.219789
144	1374792													9.111404	-0.803445	3.607338	0.361532	-0.862695	-0.353627	-0.083833	-0.407824	0.909204	-0.928583	-0.299060	-0.219763
145	1374958													9.099546	-0.850875	3.595958	0.360978	-0.862394	-0.354925	-0.083531	-0.408956	0.908723	-0.928826	-0.298382	-0.219660
146	1375125													9.093955	-0.894747	3.558161	0.360391	-0.862026	-0.356413	-0.083073	-0.410231	0.908190	-0.929095	-0.297695	-0.219455
147	1375292													9.127700	-0.873066	3.533282	0.359902	-0.861540	-0.358077	-0.082528	-0.411687	0.907581	-0.929333	-0.297089	-0.219268
148	1375458													9.142716	-0.833739	3.495166	0.359569	-0.861002	-0.359702	-0.081921	-0.413123	0.906983	-0.929515	-0.296656	-0.219081
149	1375625													9.145629	-0.819561	3.492932	0.359384	-0.860490	-0.361109	-0.081289	-0.414358	0.906477	-0.929642	-0.296419	-0.218862
150	1375792													9.157890	-0.827272	3.497912	0.359310	-0.860021	-0.362298	-0.080716	-0.415409	0.906046	-0.929721	-0.296309	-0.218678
151	1375958													9.158743	-0.795973	3.518420	0.359279	-0.859615	-0.363291	-0.080173	-0.416274	0.905697	-0.929780	-0.296272	-0.218477
152	1376125													9.159307	-0.782152	3.570558	0.359298	-0.859259	-0.364113	-0.079682	-0.416990	0.905412	-0.929815	-0.296299	-0.218291
153	1376292													9.120697	-0.754142	3.565401	0.359294	-0.858975	-0.364788	-0.079268	-0.417567	0.905182	-0.929852	-0.296310	-0.218119
154	1376458													9.114216	-0.716234	3.569510	0.359262	-0.858824	-0.365173	-0.079004	-0.417882	0.905060	-0.929887	-0.296303	-0.217980
155	1376625													9.106143	-0.698970	3.602575	0.359321	-0.858738	-0.365320	-0.078795	-0.417984	0.905031	-0.929882	-0.296411	-0.217855
156	1376792													9.111493	-0.699549	3.596527	0.359295	-0.858666	-0.365513	-0.078692	-0.418148	0.904964	-0.929900	-0.296386	-0.217809
157	1376958													9.117951	-0.720634	3.515659	0.359213	-0.858663	-0.365600	-0.078669	-0.418212	0.904936	-0.929934	-0.296304	-0.217777
158	1377125													9.155130	-0.740940	3.448290	0.359216	-0.858637	-0.365659	-0.078671	-0.418276	0.904907	-0.929933	-0.296290	-0.217801
159	1377292													9.207010	-0.742303	3.538153	0.359417	-0.858538	-0.365693	-0.078550	-0.418323	0.904896	-0.929865	-0.296509	-0.217790
160	1377458													9.126592	-0.630525	3.552283	0.359337	-0.858514	-0.365828	-0.078338	-0.418377	0.904889	-0.929914	-0.296502	-0.217593
161	1377625													9.190968	-0.722898	3.514900	0.359483	-0.858432	-0.365879	-0.078230	-0.418433	0.904872	-0.929867	-0.296663	-0.217575
162	1377792													9.185367	-0.783286	3.535367	0.359594	-0.858355	-0.365949	-0.078246	-0.418539	0.904822	-0.929822	-0.296734	-0.217667
163	1377958													9.167116	-0.774263	3.576241	0.359615	-0.858213	-0.366261	-0.078257	-0.418877	0.904665	-0.929814	-0.296668	-0.217795
164	1378125													9.197629	-0.698620	3.557955	0.359462	-0.858077	-0.366730	-0.078208	-0.419318	0.904465	-0.929877	-0.296439	-0.217837
165	1378292													9.203348	-0.659045	3.553707	0.359250	-0.857999	-0.367121	-0.078088	-0.419639	0.904326	-0.929969	-0.296211	-0.217754
166	1378459													9.156425	-0.684986	3.544588	0.359061	-0.857925	-0.367478	-0.077977	-0.419934	0.904199	-0.930051	-0.296008	-0.217680
167	1378625													9.142131	-0.652437	3.505119	0.358800	-0.857902	-0.367786	-0.077949	-0.420185	0.904085	-0.930154	-0.295717	-0.217634
168	1378792													9.095057	-0.672067	3.485108	0.358622	-0.857906	-0.367950	-0.077948	-0.420314	0.904025	-0.930223	-0.295522	-0.217606
169	1378959													9.047143	-0.640817	3.535120	0.358551	-0.857898	-0.368040	-0.078000	-0.420407	0.903977	-0.930246	-0.295414	-0.217654
170	1379125													9.089932	-0.643753	3.541950	0.358438	-0.857938	-0.368055	-0.078100	-0.420427	0.903959	-0.930281	-0.295269	-0.217702
171	1379292													9.097625	-0.678714	3.571984	0.358354	-0.857930	-0.368155	-0.078177	-0.420537	0.903901	-0.930307	-0.295136	-0.217771
172	1379459													9.078311	-0.680761	3.553502	0.358182	-0.857931	-0.368321	-0.078304	-0.420709	0.903810	-0.930362	-0.294887	-0.217870
173	1379625													9.185149	-0.746529	3.511837	0.358001	-0.857993	-0.368353	-0.078548	-0.420775	0.903758	-0.930412	-0.294613	-0.218032
174	1379792													9.171903	-0.766372	3.615183	0.358072	-0.857969	-0.368339	-0.078813	-0.420863	0.903694	-0.930362	-0.294557	-0.218318
175	1379959													9.181541	-0.693132	3.545273	0.357932	-0.858047	-0.368292	-0.078950	-0.420822	0.903701	-0.930404	-0.294387	-0.218369
176	1380125													9.153682	-0.679429	3.597976	0.358055	-0.858022	-0.368233	-0.079029	-0.420815	0.903698	-0.930350	-0.294473	-0.218484
177	1380292													9.176836	-0.733687	3.542092	0.358047	-0.858061	-0.368149	-0.079238	-0.420791	0.903690	-0.930335	-0.294392	-0.218654
178	1380459													9.115288	-0.744933	3.588104	0.358046	-0.858048	-0.368179	-0.079459	-0.420892	0.903624	-0.930317	-0.294284	-0.218879
179	1380625													9.128181	-0.742925	3.556442	0.357979	-0.857986	-0.368390	-0.079649	-0.421157	0.903484	-0.930326	-0.294086	-0.219103
180	1380792													9.107082	-0.705828	3.554770	0.357918	-0.858002	-0.368412	-0.079884	-0.421240	0.903424	-0.930330	-0.293922	-0.219310
181	1380959													9.104538	-0.729365	3.555754	0.357857	-0.858043	-0.368377	-0.080100	-0.421256	0.903398	-0.930335	-0.293780	-0.219478
182	1381125													9.108487	-0.752504	3.528207	0.357800	-0.858115	-0.368264	-0.080382	-0.421212	0.903393	-0.930332	-0.293632	-0.219687
183	1381292													9.125198	-0.752156	3.544712	0.357773	-0.858220	-0.368046	-0.080702	-0.421076	0.903428	-0.930315	-0.293520	-0.219910
184	1381459													9.087888	-0.776303	3.543417	0.357737	-0.858376	-0.367716	-0.081056	-0.420832	0.903510	-0.930298	-0.293414	-0.220124
185	1381625													9.000978	-0.786460	3.547354	0.357627	-0.858582	-0.367341	-0.081435	-0.420529	0.903617	-0.930307	-0.293243	-0.220312
186	1381792													8.979675	-0.797930	3.594749	0.357479	-0.858810	-0.366953	-0.081829	-0.420207	0.903731	-0.930330	-0.293037	-0.220491
187	1381959													9.039940	-0.811601	3.586584	0.357198	-0.859085	-0.366582	-0.082238	-0.419877	0.903848	-0.930401	-0.292706	-0.220629
188	1382125													9.104576	-0.869776	3.552315	0.356871	-0.859346	-0.366288	-0.082577	-0.419592	0.903949	-0.930497	-0.292346	-0.220703
189	1382292													9.181301	-0.923428	3.499451	0.356548	-0.859476	-0.366297	-0.082805	-0.419593	0.903928	-0.930600	-0.291963	-0.220774
190	1382459													9.236954	-0.925442	3.488189	0.356289	-0.859446	-0.366621	-0.082899	-0.419898	0.903777	-0.930691	-0.291614	-0.220853
191	1382625													9.227652	-0.888138	3.566362	0.356060	-0.859277	-0.367239	-0.082769	-0.420450	0.903532	-0.930790	-0.291316	-0.220827
192	1382792													9.240300	-0.828081	3.550657	0.355866	-0.859006	-0.368060	-0.082371	-0.421140	0.903248	-0.930900	-0.291118	-0.220626
193	1382959													9.205473	-0.743124	3.556442	0.355658	-0.858690	-0.368997	-0.081718	-0.421870	0.902966	-0.931037	-0.290994	-0.220212
194	1383125													9.175515	-0.676215	3.551230	0.355359	-0.858340	-0.370099	-0.080893	-0.422697	0.902654	-0.931223	-0.290827	-0.219643
195	1383292													9.121822	-0.627659	3.479274	0.354974	-0.857989	-0.371279	-0.080027	-0.423572	0.902321	-0.931445	-0.290588	-0.219019
196	1383459													9.109178	-0.633292	3.456714	0.354616	-0.857665	-0.372368	-0.079240	-0.424384	0.902009	-0.931648	-0.290361	-0.218455
197	1383625													9.100390	-0.613690	3.482531	0.354305	-0.857403	-0.373266	-0.078544	-0.425035	0.901763	-0.931825	-0.290182	-0.217936
198	1383792													9.099956	-0.615498	3.478186	0.354038	-0.857257	-0.373855	-0.078044	-0.425433	0.901619	-0.931969	-0.290030	-0.217523
199	1383959													9.092278	-0.626449	3.520709	0.353809	-0.857260	-0.374064	-0.077747	-0.425504	0.901611	-0.932081	-0.289915	-0.217196
200	1384125													9.118476	-0.659547	3.518643	0.353515	-0.857454	-0.373898	-0.077668	-0.425232	0.901746	-0.932199	-0.289741	-0.216923
201	1384292													9.147492	-0.709648	3.531110	0.353212	-0.857727	-0.373558	-0.077793	-0.424839	0.901920	-0.932303	-0.289509	-0.216783
202	1384459													9.184715	-0.763907	3.492237	0.352885	-0.858088	-0.373037	-0.078052	-0.424293	0.902155	-0.932406	-0.289240	-0.216702
203	1384625													9.225268	-0.804512	3.482320	0.352563	-0.858448	-0.372513	-0.078382	-0.423766	0.902374	-0.932500	-0.288945	-0.216691
204	1384792													9.239697	-0.846185	3.481853	0.352253	-0.858734	-0.372147	-0.078723	-0.423411	0.902511	-0.932588	-0.288615	-0.216750
205	1384959													9.204955	-0.852534	3.477970	0.351909	-0.858985	-0.371894	-0.079018	-0.423152	0.902607	-0.932693	-0.288249	-0.216786
206	1385125													9.177644	-0.819869	3.439103	0.351587	-0.859098	-0.371938	-0.079233	-0.423186	0.902572	-0.932796	-0.287863	-0.216855
207	1385292													9.153960	-0.781399	3.468717	0.351289	-0.859067	-0.372289	-0.079307	-0.423505	0.902415	-0.932902	-0.287484	-0.216903
208	1385459													9.137824	-0.760021	3.430198	0.350922	-0.858966	-0.372869	-0.079282	-0.424017	0.902178	-0.933042	-0.287032	-0.216898
209	1385625													9.086583	-0.723011	3.400665	0.350714	-0.858757	-0.373545	-0.079253	-0.424667	0.901874	-0.933123	-0.286695	-0.216996
210	1385792													9.205748	-0.674686	3.434838	0.350588	-0.858640	-0.373931	-0.079120	-0.425001	0.901728	-0.933182	-0.286550	-0.216936
211	1385959													9.189845	-0.671942	3.520797	0.350540	-0.858653	-0.373947	-0.078842	-0.424920	0.901791	-0.933223	-0.286631	-0.216650
212	1386125													9.159672	-0.639059	3.495287	0.350299	-0.858624	-0.374240	-0.078492	-0.425062	0.901755	-0.933343	-0.286509	-0.216294
213	1386292													9.203755	-0.682795	3.481820	0.350290	-0.858580	-0.374349	-0.078265	-0.425105	0.901754	-0.933366	-0.286577	-0.216106
214	1386459													9.138519	-0.706125	3.455843	0.350303	-0.858565	-0.374371	-0.078182	-0.425105	0.901761	-0.933368	-0.286621	-0.216040
215	1386625													9.150195	-0.713832	3.456426	0.350227	-0.858576	-0.374416	-0.078057	-0.425096	0.901776	-0.933407	-0.286601	-0.215898
216	1386792													9.196277	-0.686582	3.468330	0.350059	-0.858569	-0.374589	-0.077845	-0.425172	0.901759	-0.933487	-0.286509	-0.215671
217	1386959													9.169368	-0.704066	3.478134	0.349936	-0.858623	-0.374582	-0.077570	-0.425050	0.901840	-0.933556	-0.286530	-0.215344
218	1387125													9.138901	-0.746141	3.469853	0.349825	-0.858638	-0.374650	-0.077288	-0.425008	0.901884	-0.933621	-0.286546	-0.215041
219	1387292													9.141444	-0.736084	3.451720	0.349745	-0.858613	-0.374782	-0.077059	-0.425057	0.901881	-0.933670	-0.286548	-0.214825
220	1387459													9.156876	-0.750900	3.452522	0.349644	-0.858585	-0.374942	-0.076888	-0.425148	0.901852	-0.933722	-0.286498	-0.214665
221	1387625													9.167775	-0.734095	3.449127	0.349581	-0.858516	-0.375158	-0.076718	-0.425308	0.901791	-0.933760	-0.286468	-0.214543
222	1387792													9.170754	-0.723663	3.447780	0.349490	-0.858468	-0.375352	-0.076526	-0.425430	0.901750	-0.933810	-0.286429	-0.214379
223	1387959													9.149999	-0.719624	3.446179	0.349347	-0.858423	-0.375589	-0.076395	-0.425605	0.901679	-0.933874	-0.286306	-0.214263
224	1388125													9.166389	-0.716971	3.361055	0.349125	-0.858305	-0.376064	-0.076429	-0.426061	0.901460	-0.933954	-0.285980	-0.214347
225	1388292													9.252471	-0.748429	3.437583	0.349195	-0.858182	-0.376279	-0.076452	-0.426311	0.901340	-0.933926	-0.285976	-0.214476
226	1388459													9.161421	-0.667827	3.409037	0.349003	-0.858214	-0.376385	-0.076425	-0.426367	0.901316	-0.934000	-0.285797	-0.214393
227	1388625													9.192601	-0.677870	3.404310	0.349112	-0.858132	-0.376470	-0.076399	-0.426475	0.901267	-0.933961	-0.285881	-0.214448
228	1388792													9.216982	-0.730832	3.420411	0.349028	-0.858222	-0.376343	-0.076570	-0.426374	0.901300	-0.933979	-0.285763	-0.214530
229	1388959													9.190821	-0.763706	3.435473	0.349064	-0.858201	-0.376357	-0.076699	-0.426437	0.901260	-0.933955	-0.285731	-0.214677
230	1389125													9.207337	-0.707491	3.430385	0.349099	-0.858135	-0.376475	-0.076813	-0.426603	0.901171	-0.933932	-0.285680	-0.214843
231	1389292													9.163037	-0.662396	3.431929	0.349219	-0.858195	-0.376227	-0.076867	-0.426389	0.901268	-0.933883	-0.285820	-0.214870
232	1389459													9.160638	-0.706219	3.397318	0.349305	-0.858158	-0.376233	-0.076890	-0.426423	0.901250	-0.933849	-0.285883	-0.214936
233	1389625													9.176208	-0.743678	3.439086	0.349531	-0.858002	-0.376379	-0.076860	-0.426622	0.901158	-0.933767	-0.286054	-0.215064
234	1389792													9.178692	-0.698452	3.436987	0.349746	-0.857789	-0.376663	-0.076833	-0.426964	0.900999	-0.933689	-0.286180	-0.215235
235	1389959													9.175467	-0.683222	3.429007	0.350020	-0.857639	-0.376751	-0.076766	-0.427102	0.900939	-0.933592	-0.286424	-0.215332
236	1390125													9.156233	-0.658652	3.442895	0.350362	-0.857386	-0.377009	-0.076665	-0.427425	0.900795	-0.933471	-0.286701	-0.215484
237	1390292													9.177872	-0.670421	3.448101	0.350722	-0.857218	-0.377056	-0.076613	-0.427545	0.900742	-0.933341	-0.287022	-0.215624
238	1390459													9.186342	-0.685432	3.483289	0.351111	-0.857017	-0.377151	-0.076572	-0.427728	0.900659	-0.933197	-0.287352	-0.215804
239	1390625													9.183473	-0.703280	3.473161	0.351524	-0.856818	-0.377218	-0.076595	-0.427905	0.900572	-0.933040	-0.287680	-0.216047
240	1390792													9.157805	-0.701192	3.478071	0.351981	-0.856727	-0.377000	-0.076625	-0.427797	0.900621	-0.932866	-0.288114	-0.216223
241	1390959													9.169586	-0.706067	3.480479	0.352487	-0.856568	-0.376888	-0.076694	-0.427823	0.900603	-0.932669	-0.288546	-0.216495
242	1391125													9.175753	-0.729420	3.496134	0.353047	-0.856449	-0.376634	-0.076760	-0.427714	0.900649	-0.932451	-0.289061	-0.216744
243	1391292													9.137686	-0.718654	3.508278	0.353667	-0.856298	-0.376395	-0.076898	-0.427657	0.900664	-0.932205	-0.289591	-0.217096
244	1391459													9.152339	-0.723228	3.485817	0.354283	-0.856132	-0.376194	-0.077064	-0.427649	0.900654	-0.931957	-0.290096	-0.217486
245	1391625													9.171925	-0.739636	3.499195	0.355028	-0.855833	-0.376173	-0.077236	-0.427862	0.900538	-0.931660	-0.290662	-0.218004
246	1391792													9.157688	-0.740294	3.520542	0.355938	-0.855446	-0.376191	-0.077459	-0.428176	0.900370	-0.931294	-0.291337	-0.218666
247	1391959													9.163801	-0.748612	3.531430	0.357018	-0.854948	-0.376300	-0.077698	-0.428634	0.900131	-0.930860	-0.292126	-0.219458
248	1392125													9.139456	-0.726663	3.545130	0.358242	-0.854432	-0.376310	-0.077980	-0.429036	0.899915	-0.930367	-0.293043	-0.220327
249	1392292													9.121192	-0.716556	3.551093	0.359469	-0.853984	-0.376156	-0.078298	-0.429282	0.899770	-0.929867	-0.293987	-0.221178
250	1392459													9.143256	-0.727681	3.570550	0.360627	-0.853603	-0.375913	-0.078661	-0.429431	0.899667	-0.929387	-0.294874	-0.222010
251	1392625													9.129989	-0.740585	3.578331	0.361719	-0.853444	-0.375223	-0.078916	-0.429060	0.899822	-0.928941	-0.295872	-0.222550
252	1392792													9.190974	-0.760893	3.480431	0.362847	-0.853039	-0.375055	-0.079138	-0.429239	0.899717	-0.928482	-0.296778	-0.223256
253	1392959													9.164558	-0.769757	3.469019	0.364350	-0.852459	-0.374918	-0.079376	-0.429553	0.899546	-0.927873	-0.297991	-0.224172
254	1393125													9.256166	-0.776361	3.524103	0.366225	-0.851824	-0.374532	-0.079521	-0.429672	0.899477	-0.927122	-0.299628	-0.225094
255	1393292													9.200293	-0.745675	3.618890	0.368316	-0.850987	-0.374385	-0.079532	-0.430058	0.899291	-0.926293	-0.301448	-0.226078
256	1393459													9.133275	-0.687156	3.652788	0.370181	-0.850295	-0.374119	-0.079575	-0.430273	0.899185	-0.925545	-0.303090	-0.226941
257	1393625													9.084691	-0.772281	3.662385	0.372260	-0.849561	-0.373722	-0.079747	-0.430451	0.899084	-0.924696	-0.304890	-0.227990
258	1393792													9.029999	-0.736791	3.696501	0.373950	-0.849128	-0.373019	-0.080076	-0.430257	0.899148	-0.923986	-0.306366	-0.228889
259	1393959													9.077091	-0.707436	3.647995	0.375722	-0.848535	-0.372586	-0.080389	-0.430369	0.899066	-0.923239	-0.307847	-0.229912
260	1394125													9.137631	-0.727511	3.678970	0.377656	-0.847766	-0.372383	-0.080653	-0.430754	0.898858	-0.922427	-0.309426	-0.231052
261	1394292													9.090522	-0.730708	3.663620	0.379924	-0.846735	-0.372421	-0.080862	-0.431470	0.898496	-0.921477	-0.311245	-0.232394
262	1394459													9.063418	-0.726167	3.672596	0.382439	-0.845704	-0.372190	-0.081152	-0.431998	0.898216	-0.920410	-0.313309	-0.233843
263	1394625													9.063159	-0.744544	3.692894	0.385076	-0.844693	-0.371767	-0.081524	-0.432391	0.897993	-0.919277	-0.315487	-0.235366
264	1394792													9.063308	-0.772421	3.781162	0.387792	-0.843530	-0.371584	-0.081920	-0.433075	0.897628	-0.918099	-0.317653	-0.237045
265	1394959													9.057966	-0.769060	3.830357	0.390712	-0.842339	-0.371225	-0.082303	-0.433632	0.897323	-0.916826	-0.320043	-0.238752
266	1395126													9.042139	-0.777342	3.902653	0.393666	-0.841189	-0.370712	-0.082681	-0.434042	0.897091	-0.915528	-0.322503	-0.240418
267	1395292													8.998004	-0.777905	3.933802	0.396692	-0.839932	-0.370338	-0.083075	-0.434634	0.896768	-0.914185	-0.324974	-0.242193
268	1395459													8.989223	-0.778187	3.880868	0.399605	-0.838734	-0.369920	-0.083551	-0.435185	0.896456	-0.912872	-0.327321	-0.243979
269	1395626													9.053452	-0.832638	3.943280	0.403063	-0.837325	-0.369360	-0.084113	-0.435783	0.896113	-0.911298	-0.330122	-0.246078
270	1395792													8.960837	-0.794418	3.991314	0.406415	-0.835881	-0.368958	-0.084452	-0.436448	0.895757	-0.909777	-0.332890	-0.247971
271	1395959													8.938018	-0.785415	3.976961	0.410099	-0.834303	-0.368452	-0.084719	-0.437087	0.895421	-0.908098	-0.335996	-0.249930
272	1396126													8.899007	-0.800175	4.062765	0.413840	-0.832652	-0.368005	-0.085173	-0.437887	0.894986	-0.906356	-0.339037	-0.252135
273	1396292													8.932804	-0.852985	4.057130	0.417440	-0.831039	-0.367584	-0.085745	-0.438732	0.894518	-0.904650	-0.341889	-0.254402
274	1396459													8.961544	-0.837435	4.056533	0.421086	-0.829380	-0.367172	-0.086387	-0.439644	0.894008	-0.902897	-0.344736	-0.256775
275	1396626													8.915864	-0.807789	4.119297	0.424865	-0.827774	-0.366443	-0.086978	-0.440249	0.893653	-0.901069	-0.347810	-0.259044
276	1396792													8.962037	-0.824243	4.110543	0.428387	-0.826246	-0.365790	-0.087737	-0.440938	0.893239	-0.899326	-0.350559	-0.261385
277	1396959													8.959723	-0.839008	4.174367	0.431968	-0.824717	-0.365029	-0.088536	-0.441560	0.892853	-0.897533	-0.353366	-0.263757
278	1397126													8.937648	-0.848136	4.206038	0.435702	-0.823344	-0.363687	-0.089324	-0.441613	0.892748	-0.895648	-0.356487	-0.265956
279	1397292													8.847575	-0.858499	4.254754	0.439780	-0.821660	-0.362587	-0.090001	-0.442012	0.892483	-0.893585	-0.359862	-0.268338
280	1397459													8.749496	-0.851220	4.341351	0.444004	-0.819682	-0.361915	-0.090564	-0.442897	0.891987	-0.891436	-0.363269	-0.270882
281	1397626													8.734470	-0.842548	4.353918	0.448301	-0.817554	-0.361431	-0.091059	-0.444004	0.891386	-0.889233	-0.366697	-0.273493
282	1397792													8.721262	-0.872640	4.390625	0.452508	-0.815422	-0.361002	-0.091585	-0.445174	0.890748	-0.887045	-0.370008	-0.276125
