// Start Time: Unknown
// Update Rate: 60.0Hz
//Filter Profile: human (46.1)
// Option Flags: AHS Disabled ICC Disabled
// Firmware Version: 4.0.2
0	sampleTimeFine	Year	Month	Day	Second	UTC_Nano	UTC_Year	UTC_Month	UTC_Day	UTC_Hour	UTC_Minute	UTC_Second	UTC_Valid	Acc_X	Acc_Y	Acc_Z	Mat[1][1]	Mat[2][1]	Mat[3][1]	Mat[1][2]	Mat[2][2]	Mat[3][2]	Mat[1][3]	Mat[2][3]	Mat[3][3]
0	1350458													0.108682	0.265272	-0.408715	-0.166474	-0.957582	0.235207	0.047487	0.230473	0.971919	-0.984902	0.172969	0.007105
1	1350625													9.631602	0.468941	-1.612744	-0.166653	-0.957129	0.236920	0.047578	0.232195	0.971505	-0.984867	0.173176	0.006842
2	1350791													9.626861	0.488864	-1.642005	-0.166515	-0.957080	0.237214	0.047519	0.232504	0.971434	-0.984893	0.173030	0.006764
3	1350958													9.639480	0.491437	-1.623905	-0.166756	-0.956917	0.237703	0.047772	0.232954	0.971314	-0.984840	0.173328	0.006868
4	1351458													9.652670	0.474080	-1.619170	-0.166841	-0.956803	0.238102	0.048091	0.233302	0.971214	-0.984810	0.173489	0.007089
5	1351625													9.648025	0.452619	-1.655948	-0.166782	-0.956621	0.238872	0.048173	0.234070	0.971026	-0.984816	0.173456	0.007045
6	1351791													9.682218	0.458581	-1.638999	-0.166874	-0.956498	0.239299	0.048010	0.234532	0.970922	-0.984809	0.173510	0.006785
7	1351958													9.663902	0.427249	-1.632259	-0.166848	-0.956440	0.239549	0.047826	0.234818	0.970862	-0.984822	0.173443	0.006563
8	1352125													9.600149	0.401631	-1.629789	-0.166824	-0.956384	0.239792	0.047506	0.235121	0.970805	-0.984842	0.173345	0.006210
9	1352291													9.590025	0.371613	-1.669936	-0.166935	-0.956420	0.239572	0.047063	0.234975	0.970861	-0.984844	0.173345	0.005786
10	1352458													9.637961	0.396538	-1.683156	-0.167149	-0.956409	0.239463	0.046477	0.234966	0.970892	-0.984836	0.173413	0.005177
11	1352625													9.671183	0.442193	-1.638958	-0.167426	-0.956492	0.238939	0.046014	0.234515	0.971023	-0.984810	0.173569	0.004748
12	1352791													9.718816	0.458545	-1.625844	-0.167530	-0.956589	0.238477	0.045728	0.234096	0.971138	-0.984806	0.173600	0.004524
13	1352958													9.680657	0.460337	-1.628716	-0.167427	-0.956757	0.237876	0.045495	0.233527	0.971285	-0.984834	0.173442	0.004429
14	1353125													9.639904	0.475680	-1.623260	-0.167250	-0.956925	0.237323	0.045263	0.233007	0.971421	-0.984875	0.173212	0.004343
15	1353291													9.624943	0.516408	-1.608540	-0.167058	-0.957074	0.236856	0.045041	0.232573	0.971535	-0.984918	0.172971	0.004255
16	1353458													9.624040	0.508940	-1.584162	-0.166820	-0.957162	0.236670	0.044802	0.232427	0.971581	-0.984969	0.172683	0.004110
17	1353625													9.606765	0.492463	-1.575089	-0.166594	-0.957219	0.236599	0.044552	0.232399	0.971599	-0.985019	0.172404	0.003930
18	1353791													9.617755	0.465373	-1.581579	-0.166400	-0.957267	0.236540	0.044304	0.232384	0.971615	-0.985063	0.172156	0.003742
19	1353958													9.632377	0.419264	-1.591472	-0.166278	-0.957396	0.236102	0.044041	0.231986	0.971722	-0.985095	0.171974	0.003591
20	1354125													9.624998	0.396268	-1.601058	-0.166221	-0.957513	0.235668	0.043765	0.231594	0.971828	-0.985117	0.171852	0.003410
21	1354291													9.638144	0.413899	-1.615137	-0.166255	-0.957609	0.235254	0.043568	0.231207	0.971928	-0.985120	0.171838	0.003282
22	1354458													9.664182	0.441116	-1.619472	-0.166308	-0.957711	0.234800	0.043439	0.230769	0.972038	-0.985117	0.171857	0.003224
23	1354625													9.621300	0.447219	-1.623598	-0.166373	-0.957831	0.234266	0.043405	0.230233	0.972167	-0.985107	0.171911	0.003270
24	1354791													9.662623	0.444636	-1.654306	-0.166513	-0.957914	0.233824	0.043323	0.229798	0.972274	-0.985087	0.172026	0.003235
25	1354958													9.613175	0.478185	-1.644595	-0.166654	-0.958004	0.233355	0.043154	0.229352	0.972386	-0.985071	0.172122	0.003120
26	1355125													9.614265	0.538710	-1.658502	-0.166864	-0.958052	0.233009	0.043076	0.229013	0.972470	-0.985039	0.172307	0.003055
27	1355291													9.647318	0.479841	-1.672389	-0.167083	-0.958037	0.232914	0.043081	0.228915	0.972493	-0.985001	0.172521	0.003026
28	1355458													9.663375	0.426940	-1.656018	-0.167217	-0.958040	0.232804	0.043002	0.228816	0.972519	-0.984982	0.172633	0.002936
29	1355625													9.646038	0.439691	-1.676744	-0.167317	-0.958053	0.232679	0.042874	0.228712	0.972550	-0.984970	0.172700	0.002808
30	1355791													9.662889	0.438570	-1.673944	-0.167362	-0.958110	0.232411	0.042692	0.228471	0.972614	-0.984971	0.172700	0.002667
31	1355958													9.632376	0.450881	-1.665701	-0.167322	-0.958176	0.232169	0.042522	0.228257	0.972672	-0.984985	0.172622	0.002551
32	1356125													9.623556	0.426237	-1.666884	-0.167262	-0.958264	0.231848	0.042395	0.227953	0.972749	-0.985001	0.172533	0.002498
33	1356291													9.632314	0.421238	-1.675002	-0.167187	-0.958367	0.231478	0.042318	0.227591	0.972837	-0.985017	0.172441	0.002506
34	1356458													9.652494	0.432385	-1.654400	-0.167069	-0.958480	0.231093	0.042238	0.227214	0.972928	-0.985040	0.172307	0.002524
35	1356625													9.682931	0.435901	-1.634598	-0.166875	-0.958603	0.230723	0.042176	0.226850	0.973016	-0.985076	0.172103	0.002574
36	1356791													9.646191	0.476858	-1.645515	-0.166649	-0.958752	0.230265	0.042099	0.226399	0.973124	-0.985117	0.171864	0.002634
37	1356958													9.657286	0.489768	-1.634571	-0.166377	-0.958872	0.229964	0.042031	0.226106	0.973195	-0.985166	0.171583	0.002684
38	1357125													9.644412	0.476984	-1.617662	-0.166060	-0.958989	0.229705	0.041972	0.225855	0.973256	-0.985222	0.171260	0.002745
39	1357291													9.652784	0.472391	-1.602322	-0.165744	-0.959085	0.229534	0.041871	0.225700	0.973297	-0.985280	0.170929	0.002750
40	1357458													9.616996	0.454993	-1.586470	-0.165492	-0.959152	0.229433	0.041661	0.225634	0.973321	-0.985331	0.170635	0.002618
41	1357625													9.614975	0.449100	-1.583116	-0.165282	-0.959241	0.229212	0.041460	0.225446	0.973373	-0.985375	0.170384	0.002508
42	1357791													9.620693	0.414660	-1.573569	-0.165116	-0.959347	0.228888	0.041264	0.225151	0.973450	-0.985411	0.170177	0.002411
43	1357958													9.626352	0.412684	-1.579875	-0.164996	-0.959464	0.228486	0.041128	0.224766	0.973544	-0.985436	0.170028	0.002375
44	1358125													9.649251	0.421445	-1.582415	-0.164914	-0.959593	0.228001	0.040983	0.224300	0.973658	-0.985456	0.169914	0.002337
45	1358291													9.677870	0.424093	-1.596393	-0.164854	-0.959739	0.227431	0.040816	0.223750	0.973792	-0.985473	0.169817	0.002287
46	1358458													9.643828	0.443306	-1.592726	-0.164780	-0.959885	0.226867	0.040691	0.223200	0.973923	-0.985491	0.169715	0.002280
47	1358625													9.641036	0.459786	-1.583881	-0.164708	-0.960014	0.226372	0.040598	0.222713	0.974038	-0.985506	0.169622	0.002292
48	1358791													9.637586	0.454278	-1.609193	-0.164655	-0.960129	0.225923	0.040470	0.222280	0.974142	-0.985521	0.169541	0.002257
49	1358958													9.635051	0.457683	-1.617261	-0.164634	-0.960228	0.225517	0.040360	0.221887	0.974237	-0.985529	0.169494	0.002225
50	1359125													9.634951	0.454790	-1.596952	-0.164648	-0.960312	0.225148	0.040265	0.221530	0.974322	-0.985530	0.169485	0.002193
51	1359291													9.659084	0.449386	-1.617794	-0.164669	-0.960393	0.224786	0.040176	0.221178	0.974406	-0.985530	0.169485	0.002163
52	1359458													9.654112	0.442624	-1.608646	-0.164607	-0.960473	0.224489	0.040139	0.220883	0.974474	-0.985542	0.169416	0.002194
53	1359625													9.634442	0.431398	-1.620701	-0.164623	-0.960546	0.224166	0.040098	0.220561	0.974549	-0.985541	0.169422	0.002207
54	1359791													9.667433	0.438296	-1.580587	-0.164581	-0.960627	0.223852	0.040139	0.220236	0.974620	-0.985547	0.169389	0.002312
55	1359958													9.614215	0.409294	-1.599558	-0.164562	-0.960714	0.223489	0.040165	0.219864	0.974703	-0.985549	0.169375	0.002406
56	1360125													9.592275	0.442355	-1.642255	-0.164654	-0.960815	0.222989	0.040127	0.219362	0.974818	-0.985535	0.169456	0.002436
57	1360291													9.648040	0.447743	-1.643760	-0.164858	-0.960893	0.222501	0.040029	0.218883	0.974930	-0.985505	0.169631	0.002379
58	1360458													9.664083	0.445719	-1.661939	-0.165053	-0.960978	0.221988	0.039881	0.218388	0.975047	-0.985478	0.169788	0.002279
59	1360625													9.674012	0.496860	-1.630064	-0.165190	-0.961080	0.221442	0.039822	0.217844	0.975171	-0.985458	0.169907	0.002287
60	1360791													9.701603	0.463884	-1.602348	-0.165188	-0.961177	0.221023	0.039851	0.217414	0.975266	-0.985457	0.169910	0.002390
61	1360958													9.685681	0.438397	-1.610194	-0.165066	-0.961296	0.220596	0.039818	0.216987	0.975362	-0.985478	0.169783	0.002460
62	1361125													9.642964	0.455929	-1.612173	-0.164904	-0.961437	0.220105	0.039705	0.216509	0.975473	-0.985510	0.169598	0.002471
63	1361291													9.643930	0.474809	-1.571099	-0.164716	-0.961571	0.219657	0.039565	0.216079	0.975574	-0.985547	0.169384	0.002452
64	1361458													9.619096	0.507594	-1.578692	-0.164520	-0.961683	0.219315	0.039415	0.215758	0.975651	-0.985586	0.169159	0.002409
65	1361625													9.616693	0.478522	-1.571336	-0.164380	-0.961761	0.219079	0.039290	0.215540	0.975704	-0.985614	0.168994	0.002357
66	1361792													9.624698	0.431738	-1.569069	-0.164306	-0.961814	0.218899	0.039164	0.215380	0.975745	-0.985632	0.168893	0.002280
67	1361958													9.630693	0.399273	-1.593505	-0.164272	-0.961886	0.218610	0.038981	0.215117	0.975810	-0.985645	0.168820	0.002158
68	1362125													9.653087	0.402010	-1.596583	-0.164316	-0.961977	0.218174	0.038778	0.214710	0.975908	-0.985645	0.168818	0.002023
69	1362292													9.656446	0.419905	-1.587546	-0.164381	-0.962076	0.217689	0.038604	0.214247	0.976016	-0.985641	0.168843	0.001922
70	1362458													9.646326	0.454919	-1.590415	-0.164441	-0.962178	0.217193	0.038550	0.213753	0.976127	-0.985633	0.168888	0.001943
71	1362625													9.624157	0.420905	-1.602044	-0.164590	-0.962251	0.216758	0.038535	0.213314	0.976223	-0.985609	0.169029	0.001971
72	1362792													9.668916	0.418732	-1.640562	-0.164747	-0.962343	0.216228	0.038417	0.212796	0.976341	-0.985587	0.169156	0.001913
73	1362958													9.656172	0.500699	-1.629704	-0.164923	-0.962438	0.215668	0.038330	0.212243	0.976465	-0.985561	0.169308	0.001886
74	1363125													9.655884	0.522216	-1.630425	-0.165104	-0.962487	0.215311	0.038394	0.211869	0.976544	-0.985529	0.169498	0.001974
75	1363292													9.643365	0.474552	-1.623194	-0.165271	-0.962522	0.215028	0.038385	0.211584	0.976606	-0.985501	0.169658	0.001978
76	1363458													9.646587	0.453132	-1.630917	-0.165424	-0.962555	0.214761	0.038310	0.211325	0.976665	-0.985478	0.169792	0.001917
77	1363625													9.636958	0.445190	-1.619030	-0.165564	-0.962609	0.214412	0.038187	0.210992	0.976742	-0.985459	0.169901	0.001826
78	1363792													9.637112	0.447952	-1.634940	-0.165683	-0.962672	0.214036	0.038024	0.210639	0.976824	-0.985446	0.169982	0.001705
79	1363958													9.637446	0.444512	-1.634498	-0.165818	-0.962731	0.213665	0.037925	0.210279	0.976906	-0.985427	0.170092	0.001644
80	1364125													9.644988	0.440288	-1.644326	-0.165900	-0.962794	0.213319	0.037845	0.209941	0.976981	-0.985416	0.170154	0.001608
81	1364292													9.650825	0.449100	-1.644201	-0.165922	-0.962876	0.212932	0.037819	0.209553	0.977066	-0.985413	0.170170	0.001645
82	1364458													9.657543	0.444905	-1.642663	-0.165882	-0.962976	0.212509	0.037794	0.209128	0.977158	-0.985421	0.170124	0.001705
83	1364625													9.661922	0.466881	-1.641790	-0.165790	-0.963082	0.212100	0.037783	0.208716	0.977246	-0.985437	0.170031	0.001785
84	1364792													9.677063	0.491138	-1.624396	-0.165627	-0.963199	0.211698	0.037772	0.208310	0.977333	-0.985465	0.169870	0.001881
85	1364958													9.654540	0.485542	-1.639451	-0.165425	-0.963307	0.211362	0.037757	0.207971	0.977406	-0.985499	0.169667	0.001968
86	1365125													9.662062	0.480838	-1.628800	-0.165161	-0.963424	0.211034	0.037729	0.207644	0.977477	-0.985545	0.169403	0.002054
87	1365292													9.629676	0.452761	-1.608497	-0.164911	-0.963530	0.210748	0.037691	0.207361	0.977538	-0.985588	0.169150	0.002120
88	1365458													9.622606	0.444150	-1.596407	-0.164720	-0.963631	0.210433	0.037609	0.207056	0.977606	-0.985623	0.168946	0.002135
89	1365625													9.626653	0.443410	-1.605231	-0.164563	-0.963742	0.210047	0.037537	0.206677	0.977689	-0.985652	0.168776	0.002165
90	1365792													9.641612	0.442849	-1.602395	-0.164414	-0.963869	0.209582	0.037457	0.206219	0.977789	-0.985680	0.168612	0.002198
91	1365958													9.652491	0.438954	-1.607813	-0.164284	-0.964014	0.209018	0.037347	0.205666	0.977909	-0.985706	0.168461	0.002215
92	1366125													9.644516	0.453520	-1.598386	-0.164180	-0.964074	0.208821	0.037247	0.205484	0.977951	-0.985727	0.168338	0.002173
93	1366292													9.640879	0.447394	-1.590468	-0.164113	-0.964132	0.208605	0.037165	0.205279	0.977998	-0.985741	0.168255	0.002143
94	1366458													9.640623	0.457234	-1.591365	-0.164078	-0.964193	0.208351	0.037040	0.205043	0.978052	-0.985752	0.168194	0.002071
95	1366625													9.647181	0.468673	-1.589228	-0.164071	-0.964245	0.208117	0.036931	0.204824	0.978102	-0.985757	0.168164	0.002005
96	1366792													9.645418	0.471541	-1.602505	-0.164116	-0.964280	0.207916	0.036815	0.204640	0.978145	-0.985754	0.168184	0.001915
97	1366958													9.634159	0.486117	-1.604583	-0.164158	-0.964308	0.207754	0.036712	0.204493	0.978179	-0.985751	0.168203	0.001832
98	1367125													9.634150	0.480660	-1.605202	-0.164249	-0.964310	0.207674	0.036655	0.204421	0.978197	-0.985738	0.168280	0.001770
99	1367292													9.673942	0.504142	-1.583681	-0.164301	-0.964301	0.207674	0.036647	0.204423	0.978197	-0.985729	0.168329	0.001752
100	1367458													9.655531	0.496324	-1.617000	-0.164285	-0.964283	0.207771	0.036690	0.204514	0.978176	-0.985730	0.168323	0.001781
101	1367625													9.653618	0.487431	-1.600608	-0.164241	-0.964261	0.207907	0.036698	0.204651	0.978147	-0.985737	0.168282	0.001774
102	1367792													9.686846	0.487516	-1.615600	-0.164112	-0.964244	0.208087	0.036663	0.204839	0.978109	-0.985760	0.168149	0.001736
103	1367958													9.646553	0.456648	-1.574889	-0.163956	-0.964234	0.208257	0.036614	0.205020	0.978073	-0.985788	0.167986	0.001690
104	1368125													9.576111	0.415308	-1.619871	-0.163858	-0.964231	0.208347	0.036494	0.205132	0.978054	-0.985809	0.167865	0.001576
105	1368292													9.633849	0.397710	-1.622689	-0.163889	-0.964244	0.208263	0.036311	0.205078	0.978072	-0.985810	0.167858	0.001402
106	1368458													9.649330	0.413733	-1.638948	-0.163990	-0.964281	0.208011	0.036102	0.204858	0.978126	-0.985801	0.167913	0.001217
107	1368625													9.682960	0.452473	-1.599762	-0.164008	-0.964344	0.207705	0.036049	0.204556	0.978191	-0.985800	0.167919	0.001215
108	1368792													9.701580	0.454516	-1.602488	-0.163919	-0.964426	0.207397	0.036111	0.204233	0.978256	-0.985813	0.167844	0.001348
109	1368958													9.675179	0.450914	-1.597794	-0.163722	-0.964529	0.207070	0.036090	0.203906	0.978325	-0.985846	0.167646	0.001426
110	1369125													9.630383	0.515313	-1.557095	-0.163500	-0.964631	0.206773	0.035992	0.203621	0.978388	-0.985887	0.167409	0.001427
111	1369292													9.627689	0.525765	-1.560355	-0.163308	-0.964700	0.206602	0.035834	0.203475	0.978424	-0.985924	0.167188	0.001340
112	1369458													9.608188	0.513895	-1.550907	-0.163138	-0.964725	0.206618	0.035655	0.203521	0.978421	-0.985959	0.166984	0.001195
113	1369625													9.623115	0.468636	-1.546645	-0.163030	-0.964720	0.206727	0.035498	0.203659	0.978398	-0.985982	0.166847	0.001043
114	1369792													9.627747	0.418150	-1.571455	-0.163014	-0.964699	0.206838	0.035337	0.203799	0.978375	-0.985991	0.166798	0.000867
115	1369958													9.637841	0.399660	-1.573765	-0.163063	-0.964696	0.206816	0.035155	0.203807	0.978380	-0.985989	0.166808	0.000680
116	1370125													9.634512	0.398543	-1.585339	-0.163208	-0.964704	0.206664	0.035023	0.203676	0.978412	-0.985970	0.166922	0.000546
117	1370292													9.632681	0.410565	-1.560862	-0.163426	-0.964711	0.206457	0.034972	0.203475	0.978455	-0.985935	0.167126	0.000485
118	1370458													9.672188	0.459241	-1.574696	-0.163681	-0.964716	0.206232	0.035025	0.203237	0.978503	-0.985891	0.167385	0.000523
119	1370625													9.608370	0.490178	-1.604136	-0.163987	-0.964684	0.206137	0.035151	0.203119	0.978523	-0.985836	0.167711	0.000601
120	1370792													9.609237	0.471220	-1.620113	-0.164476	-0.964606	0.206113	0.035201	0.203085	0.978528	-0.985753	0.168200	0.000553
121	1370958													9.552894	0.524611	-1.649558	-0.165175	-0.964483	0.206133	0.035121	0.203119	0.978524	-0.985639	0.168868	0.000324
122	1371125													9.594565	0.568303	-1.619648	-0.166025	-0.964296	0.206324	0.035137	0.203310	0.978484	-0.985495	0.169702	0.000128
123	1371292													9.639852	0.506784	-1.641915	-0.166957	-0.964048	0.206728	0.035145	0.203719	0.978398	-0.985338	0.170616	-0.000131
124	1371458													9.614961	0.460828	-1.688536	-0.167940	-0.963777	0.207194	0.035034	0.204212	0.978300	-0.985175	0.171554	-0.000531
125	1371625													9.478231	0.450817	-1.705107	-0.169244	-0.963486	0.207486	0.034724	0.204563	0.978237	-0.984962	0.172766	-0.001165
126	1371792													9.472423	0.461500	-1.733449	-0.170830	-0.963137	0.207810	0.034081	0.205008	0.978167	-0.984711	0.174183	-0.002197
127	1371958													9.456815	0.336891	-1.749313	-0.172884	-0.962702	0.208123	0.032559	0.205604	0.978094	-0.984404	0.175873	-0.004201
128	1372125													9.636762	0.474183	-1.741845	-0.175388	-0.962359	0.207617	0.029051	0.205735	0.978176	-0.984071	0.177592	-0.008125
129	1372292													9.761257	1.006810	-1.690166	-0.177855	-0.961927	0.207517	0.023942	0.206587	0.978135	-0.983765	0.178935	-0.013712
130	1372458													10.055296	1.083710	-1.706578	-0.179688	-0.961351	0.208605	0.017625	0.208876	0.977783	-0.983566	0.179372	-0.020588
131	1372625													9.827746	0.908062	-1.695661	-0.180814	-0.960650	0.210849	0.010229	0.212534	0.977100	-0.983464	0.178830	-0.028602
132	1372792													9.844755	0.647910	-1.749516	-0.181337	-0.959859	0.213982	0.002209	0.217191	0.976127	-0.983418	0.177481	-0.037264
133	1372958													9.709446	0.383453	-1.772007	-0.181309	-0.959015	0.217755	-0.006023	0.222503	0.974913	-0.983408	0.175449	-0.046118
134	1373125													9.593358	0.023827	-1.801965	-0.181088	-0.958119	0.221845	-0.014018	0.228067	0.973545	-0.983367	0.173187	-0.054731
135	1373292													9.487079	-0.369358	-1.780069	-0.180917	-0.957262	0.225653	-0.021167	0.233176	0.972204	-0.983271	0.171112	-0.062448
136	1373458													9.460962	-0.645507	-1.788919	-0.181008	-0.956511	0.228744	-0.026791	0.237295	0.971068	-0.983117	0.169643	-0.068578
137	1373625													9.513084	-0.793384	-1.785971	-0.181247	-0.955975	0.230785	-0.030457	0.240016	0.970291	-0.982966	0.168833	-0.072618
138	1373792													9.629124	-0.843599	-1.770860	-0.181456	-0.955705	0.231737	-0.031900	0.241245	0.969940	-0.982882	0.168609	-0.074263
139	1373958													9.725270	-0.867045	-1.760047	-0.181348	-0.955753	0.231622	-0.031133	0.240988	0.970029	-0.982926	0.168701	-0.073458
140	1374125													9.793167	-0.745941	-1.804613	-0.180716	-0.956176	0.230367	-0.028786	0.239265	0.970527	-0.983114	0.168759	-0.070764
141	1374292													9.818218	-0.485609	-1.769001	-0.179557	-0.956855	0.228449	-0.025252	0.236629	0.971272	-0.983423	0.168629	-0.066651
142	1374458													9.685979	-0.398111	-1.776472	-0.177882	-0.957720	0.226119	-0.020644	0.233365	0.972170	-0.983835	0.168263	-0.061283
143	1374625													9.676026	-0.324038	-1.752925	-0.175951	-0.958714	0.223403	-0.015279	0.229575	0.973171	-0.984280	0.167817	-0.055042
144	1374792													9.608880	-0.199505	-1.776153	-0.173943	-0.959786	0.220351	-0.009648	0.225412	0.974216	-0.984709	0.167332	-0.048468
145	1374958													9.550388	-0.059179	-1.727162	-0.172063	-0.960862	0.217115	-0.004033	0.221088	0.975246	-0.985078	0.166928	-0.041916
146	1375125													9.501453	0.132424	-1.705901	-0.170508	-0.961868	0.213864	0.001273	0.216827	0.976209	-0.985355	0.166724	-0.035746
147	1375292													9.522335	0.321100	-1.649980	-0.169294	-0.962747	0.210849	0.005975	0.212930	0.977049	-0.985548	0.166668	-0.030295
148	1375458													9.583443	0.463128	-1.631259	-0.168384	-0.963462	0.208296	0.009881	0.209653	0.977726	-0.985672	0.166692	-0.025782
149	1375625													9.636703	0.576345	-1.642917	-0.167675	-0.963981	0.206458	0.012973	0.207247	0.978203	-0.985757	0.166698	-0.022244
150	1375792													9.677757	0.625143	-1.583118	-0.167048	-0.964321	0.205377	0.015202	0.205760	0.978484	-0.985832	0.166576	-0.019713
151	1375958													9.697739	0.657175	-1.573043	-0.166446	-0.964481	0.205114	0.016640	0.205238	0.978571	-0.985910	0.166292	-0.018112
152	1376125													9.659463	0.628668	-1.592656	-0.165817	-0.964493	0.205568	0.017288	0.205579	0.978488	-0.986005	0.165803	-0.017414
153	1376292													9.628702	0.568220	-1.589890	-0.165276	-0.964349	0.206675	0.017353	0.206681	0.978255	-0.986095	0.165268	-0.017425
154	1376458													9.637065	0.452019	-1.550677	-0.164920	-0.964081	0.208204	0.017151	0.208260	0.977923	-0.986158	0.164850	-0.017811
155	1376625													9.634210	0.275373	-1.581091	-0.164621	-0.963792	0.209774	0.016953	0.209880	0.977580	-0.986211	0.164487	-0.018212
156	1376792													9.606005	0.154437	-1.579848	-0.164422	-0.963550	0.211039	0.016815	0.211182	0.977302	-0.986247	0.164239	-0.018520
157	1376958													9.613649	0.095802	-1.607310	-0.164421	-0.963370	0.211857	0.016757	0.212021	0.977122	-0.986248	0.164209	-0.018717
158	1377125													9.573066	0.122401	-1.632546	-0.164659	-0.963265	0.212153	0.016837	0.212313	0.977057	-0.986207	0.164453	-0.018741
159	1377292													9.602195	0.221340	-1.630633	-0.165093	-0.963229	0.211976	0.017071	0.212103	0.977098	-0.986130	0.164931	-0.018573
160	1377458													9.683899	0.288475	-1.669291	-0.165613	-0.963237	0.211536	0.017382	0.211614	0.977199	-0.986038	0.165514	-0.018303
161	1377625													9.755460	0.334790	-1.686051	-0.166117	-0.963269	0.210992	0.017577	0.211038	0.977320	-0.985949	0.166058	-0.018126
162	1377792													9.748585	0.376442	-1.678345	-0.166516	-0.963332	0.210388	0.017574	0.210434	0.977450	-0.985882	0.166458	-0.018111
163	1377958													9.744048	0.430655	-1.667479	-0.166820	-0.963395	0.209862	0.017429	0.209930	0.977561	-0.985833	0.166734	-0.018229
164	1378125													9.685863	0.412338	-1.656792	-0.167038	-0.963434	0.209507	0.017203	0.209612	0.977633	-0.985800	0.166906	-0.018439
165	1378292													9.627319	0.353758	-1.665126	-0.167243	-0.963442	0.209305	0.016940	0.209456	0.977671	-0.985770	0.167055	-0.018709
166	1378459													9.540484	0.333132	-1.644871	-0.167475	-0.963442	0.209120	0.016662	0.209320	0.977705	-0.985736	0.167225	-0.019003
167	1378625													9.537489	0.319672	-1.650874	-0.167729	-0.963431	0.208970	0.016449	0.209208	0.977733	-0.985696	0.167432	-0.019243
168	1378792													9.608119	0.317359	-1.630885	-0.167951	-0.963418	0.208851	0.016311	0.209115	0.977755	-0.985660	0.167622	-0.019407
169	1378959													9.630948	0.323897	-1.664063	-0.168064	-0.963408	0.208808	0.016294	0.209077	0.977763	-0.985641	0.167729	-0.019440
170	1379125													9.659183	0.346098	-1.667507	-0.168016	-0.963406	0.208850	0.016364	0.209107	0.977756	-0.985648	0.167697	-0.019369
171	1379292													9.657735	0.311797	-1.653617	-0.167845	-0.963409	0.208976	0.016493	0.209209	0.977732	-0.985675	0.167554	-0.019225
172	1379459													9.699204	0.257884	-1.664616	-0.167643	-0.963429	0.209047	0.016510	0.209274	0.977718	-0.985709	0.167359	-0.019177
173	1379625													9.663122	0.225184	-1.661807	-0.167367	-0.963494	0.208968	0.016319	0.209221	0.977732	-0.985760	0.167050	-0.019293
174	1379792													9.663479	0.304270	-1.661154	-0.167104	-0.963577	0.208794	0.016138	0.209070	0.977768	-0.985807	0.166759	-0.019386
175	1379959													9.664098	0.295095	-1.635681	-0.166867	-0.963638	0.208703	0.016166	0.208968	0.977789	-0.985847	0.166535	-0.019292
176	1380125													9.680674	0.282377	-1.599673	-0.166574	-0.963698	0.208662	0.016297	0.208899	0.977801	-0.985894	0.166276	-0.019092
177	1380292													9.653242	0.281911	-1.605099	-0.166282	-0.963762	0.208598	0.016454	0.208801	0.977820	-0.985941	0.166026	-0.018862
178	1380459													9.650155	0.289041	-1.579801	-0.166000	-0.963826	0.208528	0.016589	0.208703	0.977838	-0.985986	0.165781	-0.018656
179	1380625													9.607147	0.311182	-1.581377	-0.165779	-0.963869	0.208505	0.016663	0.208663	0.977846	-0.986022	0.165580	-0.018531
180	1380792													9.602357	0.316774	-1.580733	-0.165649	-0.963884	0.208539	0.016639	0.208699	0.977838	-0.986044	0.165448	-0.018533
181	1380959													9.604155	0.318908	-1.571990	-0.165607	-0.963866	0.208654	0.016550	0.208830	0.977812	-0.986053	0.165386	-0.018631
182	1381125													9.584759	0.279704	-1.589235	-0.165651	-0.963825	0.208808	0.016329	0.209024	0.977774	-0.986049	0.165379	-0.018887
183	1381292													9.563065	0.261162	-1.549010	-0.165711	-0.963785	0.208947	0.015997	0.209222	0.977737	-0.986045	0.165365	-0.019253
184	1381459													9.603142	0.243094	-1.553957	-0.165710	-0.963760	0.209062	0.015640	0.209398	0.977705	-0.986050	0.165286	-0.019626
185	1381625													9.678004	0.233267	-1.541546	-0.165600	-0.963742	0.209234	0.015295	0.209628	0.977662	-0.986074	0.165101	-0.019974
186	1381792													9.715909	0.189845	-1.569320	-0.165391	-0.963739	0.209409	0.014982	0.209854	0.977618	-0.986114	0.164827	-0.020270
187	1381959													9.709771	0.142041	-1.573579	-0.165189	-0.963752	0.209510	0.014696	0.209999	0.977591	-0.986152	0.164566	-0.020527
188	1382125													9.680280	0.091571	-1.589571	-0.165138	-0.963784	0.209402	0.014423	0.209935	0.977609	-0.986165	0.164460	-0.020768
189	1382292													9.652209	0.047211	-1.645079	-0.165347	-0.963842	0.208970	0.014213	0.209536	0.977698	-0.986133	0.164629	-0.020947
190	1382459													9.689539	0.085431	-1.622489	-0.165763	-0.963927	0.208247	0.014196	0.208814	0.977852	-0.986064	0.165048	-0.020930
191	1382625													9.740926	0.146279	-1.624816	-0.166181	-0.964042	0.207379	0.014444	0.207901	0.978043	-0.985989	0.165528	-0.020624
192	1382792													9.725427	0.248206	-1.631864	-0.166524	-0.964152	0.206591	0.015087	0.207000	0.978224	-0.985922	0.166015	-0.019924
193	1382959													9.659733	0.357445	-1.628936	-0.166777	-0.964220	0.206072	0.016142	0.206301	0.978355	-0.985863	0.166494	-0.018842
194	1383125													9.538175	0.442611	-1.608519	-0.167088	-0.964193	0.205945	0.017456	0.205955	0.978406	-0.985787	0.167075	-0.017581
195	1383292													9.519154	0.485100	-1.612509	-0.167590	-0.964047	0.206222	0.018808	0.206016	0.978368	-0.985677	0.167843	-0.016394
196	1383459													9.561466	0.522764	-1.636342	-0.168189	-0.963802	0.206876	0.020029	0.206481	0.978246	-0.985551	0.168674	-0.015424
197	1383625													9.629397	0.545539	-1.642162	-0.168780	-0.963480	0.207893	0.021016	0.207354	0.978040	-0.985430	0.169442	-0.014749
198	1383792													9.691006	0.513256	-1.648941	-0.169158	-0.963126	0.209224	0.021718	0.208589	0.977762	-0.985350	0.169940	-0.014368
199	1383959													9.684625	0.445479	-1.657603	-0.169365	-0.962786	0.210614	0.022122	0.209934	0.977465	-0.985305	0.170208	-0.014256
200	1384125													9.695847	0.351003	-1.687065	-0.169493	-0.962478	0.211916	0.022205	0.211243	0.977181	-0.985281	0.170331	-0.014432
201	1384292													9.679962	0.263042	-1.703179	-0.169593	-0.962240	0.212915	0.022004	0.212293	0.976958	-0.985269	0.170370	-0.014830
202	1384459													9.684626	0.177013	-1.717872	-0.169760	-0.962089	0.213463	0.021586	0.212925	0.976830	-0.985249	0.170434	-0.015378
203	1384625													9.681302	0.125888	-1.705639	-0.169965	-0.962065	0.213407	0.021054	0.212964	0.976833	-0.985225	0.170520	-0.015941
204	1384792													9.647396	0.107377	-1.714938	-0.170165	-0.962172	0.212764	0.020497	0.212410	0.976966	-0.985202	0.170607	-0.016423
205	1384959													9.641952	0.141218	-1.709903	-0.170391	-0.962374	0.211668	0.020032	0.211382	0.977198	-0.985173	0.170746	-0.016739
206	1385125													9.593259	0.201972	-1.684787	-0.170598	-0.962624	0.210361	0.019823	0.210095	0.977480	-0.985141	0.170926	-0.016760
207	1385292													9.584184	0.269199	-1.682449	-0.170796	-0.962876	0.209043	0.019773	0.208768	0.977765	-0.985108	0.171131	-0.016618
208	1385459													9.563480	0.345015	-1.695517	-0.171011	-0.963103	0.207818	0.019832	0.207518	0.978030	-0.985070	0.171375	-0.016387
209	1385625													9.627440	0.397596	-1.691426	-0.171236	-0.963259	0.206905	0.019948	0.206574	0.978228	-0.985028	0.171636	-0.016158
210	1385792													9.661420	0.430417	-1.694241	-0.171438	-0.963333	0.206395	0.020085	0.206035	0.978338	-0.984990	0.171870	-0.015974
211	1385959													9.651004	0.461771	-1.666655	-0.171551	-0.963321	0.206356	0.020378	0.205947	0.978351	-0.984965	0.172042	-0.015700
212	1386125													9.666457	0.395809	-1.667258	-0.171658	-0.963216	0.206758	0.020816	0.206281	0.978271	-0.984937	0.172232	-0.015359
213	1386292													9.652238	0.347072	-1.690667	-0.171775	-0.963104	0.207183	0.021277	0.206632	0.978187	-0.984906	0.172436	-0.015002
214	1386459													9.625533	0.299691	-1.677654	-0.171948	-0.962929	0.207850	0.021791	0.207223	0.978051	-0.984865	0.172704	-0.014648
215	1386625													9.632916	0.306924	-1.666159	-0.172150	-0.962751	0.208505	0.022279	0.207805	0.977916	-0.984819	0.172993	-0.014324
216	1386792													9.599939	0.300708	-1.676160	-0.172381	-0.962591	0.209056	0.022741	0.208287	0.977803	-0.984768	0.173309	-0.014015
217	1386959													9.619548	0.304113	-1.678272	-0.172654	-0.962436	0.209543	0.023245	0.208697	0.977704	-0.984708	0.173675	-0.013660
218	1387125													9.648376	0.307953	-1.678779	-0.172884	-0.962331	0.209835	0.023709	0.208915	0.977646	-0.984657	0.173994	-0.013302
219	1387292													9.657969	0.314878	-1.681733	-0.173050	-0.962251	0.210062	0.024105	0.209078	0.977602	-0.984618	0.174237	-0.012985
220	1387459													9.652262	0.325167	-1.728306	-0.173178	-0.962217	0.210114	0.024415	0.209077	0.977594	-0.984588	0.174428	-0.012715
221	1387625													9.633437	0.362012	-1.710386	-0.173296	-0.962193	0.210128	0.024632	0.209055	0.977594	-0.984562	0.174589	-0.012528
222	1387792													9.594383	0.397656	-1.718593	-0.173428	-0.962173	0.210107	0.024827	0.209001	0.977600	-0.984534	0.174760	-0.012359
223	1387959													9.612299	0.367201	-1.740582	-0.173684	-0.962128	0.210104	0.024909	0.208986	0.977601	-0.984486	0.175027	-0.012332
224	1388125													9.632439	0.358561	-1.767260	-0.173921	-0.962123	0.209932	0.024795	0.208835	0.977636	-0.984447	0.175237	-0.012465
225	1388292													9.657269	0.404719	-1.761439	-0.174101	-0.962139	0.209709	0.024653	0.208636	0.977683	-0.984419	0.175386	-0.012604
226	1388459													9.641672	0.371763	-1.776332	-0.174217	-0.962118	0.209710	0.024535	0.208659	0.977681	-0.984402	0.175474	-0.012746
227	1388625													9.670098	0.320706	-1.812279	-0.174269	-0.962113	0.209686	0.024324	0.208673	0.977683	-0.984398	0.175480	-0.012963
228	1388792													9.681087	0.306590	-1.774113	-0.174183	-0.962174	0.209477	0.024085	0.208503	0.977725	-0.984419	0.175348	-0.013144
229	1388959													9.681980	0.328880	-1.766127	-0.173965	-0.962263	0.209250	0.023883	0.208304	0.977772	-0.984462	0.175096	-0.013256
230	1389125													9.651462	0.347787	-1.731996	-0.173583	-0.962392	0.208977	0.023744	0.208046	0.977831	-0.984533	0.174696	-0.013262
231	1389292													9.629221	0.337039	-1.738819	-0.173104	-0.962509	0.208832	0.023751	0.207892	0.977863	-0.984617	0.174232	-0.013126
232	1389459													9.639288	0.328369	-1.758295	-0.172526	-0.962636	0.208724	0.023810	0.207764	0.977889	-0.984717	0.173681	-0.012924
233	1389625													9.621464	0.349024	-1.755871	-0.171862	-0.962737	0.208807	0.023919	0.207820	0.977875	-0.984831	0.173054	-0.012689
234	1389792													9.649757	0.370126	-1.739774	-0.171098	-0.962889	0.208736	0.024071	0.207712	0.977894	-0.984960	0.172340	-0.012361
235	1389959													9.634342	0.392095	-1.737368	-0.170241	-0.963010	0.208877	0.024317	0.207801	0.977869	-0.985102	0.171552	-0.011959
236	1390125													9.683827	0.397900	-1.704379	-0.169311	-0.963083	0.209297	0.024583	0.208170	0.977784	-0.985256	0.170694	-0.011570
237	1390292													9.688590	0.396967	-1.696285	-0.168273	-0.963181	0.209683	0.024896	0.208496	0.977706	-0.985426	0.169742	-0.011105
238	1390459													9.678439	0.368423	-1.651252	-0.167131	-0.963249	0.210284	0.025190	0.209042	0.977582	-0.985613	0.168681	-0.010673
239	1390625													9.664563	0.382975	-1.653203	-0.165875	-0.963341	0.210852	0.025420	0.209566	0.977464	-0.985819	0.167497	-0.010274
240	1390792													9.686777	0.360793	-1.670835	-0.164548	-0.963428	0.211495	0.025633	0.210168	0.977329	-0.986036	0.166238	-0.009887
241	1390959													9.698226	0.355319	-1.630690	-0.163081	-0.963530	0.212166	0.025776	0.210810	0.977187	-0.986276	0.164829	-0.009543
242	1391125													9.724936	0.346385	-1.633122	-0.161461	-0.963706	0.212604	0.025858	0.211225	0.977095	-0.986540	0.163260	-0.009185
243	1391292													9.737970	0.346894	-1.640525	-0.159586	-0.963897	0.213153	0.025934	0.211752	0.976979	-0.986843	0.161440	-0.008795
244	1391459													9.779541	0.347262	-1.635910	-0.157429	-0.964119	0.213754	0.025959	0.212339	0.976851	-0.987189	0.159333	-0.008400
245	1391625													9.829566	0.344584	-1.646174	-0.154852	-0.964427	0.214248	0.025953	0.212818	0.976747	-0.987597	0.156812	-0.007925
246	1391792													9.851173	0.336809	-1.619333	-0.151673	-0.964772	0.214967	0.025976	0.213517	0.976594	-0.988089	0.153707	-0.007324
247	1391959													9.902061	0.306821	-1.650560	-0.147807	-0.965222	0.215639	0.026108	0.214150	0.976452	-0.988672	0.149956	-0.006453
248	1392125													9.856947	0.234105	-1.630454	-0.143093	-0.965891	0.215823	0.026392	0.214266	0.976419	-0.989357	0.145415	-0.005168
249	1392292													9.812361	0.247182	-1.576552	-0.137810	-0.966588	0.216138	0.026809	0.214500	0.976356	-0.990096	0.140346	-0.003647
250	1392459													9.740508	0.247837	-1.519103	-0.131998	-0.967389	0.216183	0.027441	0.214442	0.976351	-0.990870	0.134809	-0.001760
251	1392625													9.753125	0.289213	-1.450479	-0.125991	-0.968193	0.216166	0.028241	0.214314	0.976357	-0.991629	0.129117	0.000341
252	1392792													9.818213	0.482644	-1.417376	-0.119623	-0.969067	0.215867	0.029086	0.213914	0.976419	-0.992393	0.123081	0.002597
253	1392959													9.781125	0.516283	-1.361867	-0.112950	-0.970351	0.213683	0.030157	0.211612	0.976888	-0.993143	0.116783	0.005361
254	1393125													9.834213	0.423157	-1.315137	-0.105952	-0.971646	0.211373	0.031269	0.209208	0.977371	-0.993879	0.110164	0.008216
255	1393292													9.884187	0.510905	-1.238998	-0.098394	-0.972908	0.209209	0.032209	0.207006	0.977809	-0.994626	0.102949	0.010968
256	1393459													9.747043	0.500976	-1.135235	-0.090329	-0.974066	0.207453	0.033051	0.205257	0.978150	-0.995363	0.095212	0.013653
257	1393625													9.719136	0.533314	-1.043823	-0.082068	-0.975109	0.205980	0.033793	0.203836	0.978422	-0.996054	0.087257	0.016223
258	1393792													9.693252	0.547497	-0.940910	-0.073749	-0.976010	0.204855	0.034450	0.202798	0.978614	-0.996682	0.079229	0.018667
259	1393959													9.696259	0.520973	-0.855264	-0.065392	-0.976780	0.204023	0.035021	0.202088	0.978741	-0.997245	0.071147	0.020993
260	1394125													9.699866	0.511229	-0.737803	-0.056994	-0.977409	0.203526	0.035454	0.201747	0.978796	-0.997745	0.063001	0.023154
261	1394292													9.769411	0.483824	-0.657590	-0.048473	-0.977942	0.203174	0.035771	0.201583	0.978818	-0.998184	0.054714	0.025211
262	1394459													9.792858	0.487421	-0.564631	-0.039767	-0.978370	0.203003	0.036019	0.201629	0.978800	-0.998560	0.046236	0.027222
263	1394625													9.861330	0.472992	-0.466787	-0.030876	-0.978707	0.202926	0.036203	0.201794	0.978759	-0.998867	0.037566	0.029202
264	1394792													9.829825	0.432547	-0.386742	-0.021886	-0.978968	0.202836	0.036274	0.201974	0.978719	-0.999102	0.028778	0.031091
265	1394959													9.887631	0.401933	-0.306947	-0.012634	-0.979162	0.202685	0.036201	0.202121	0.978691	-0.999265	0.019702	0.032893
266	1395126													9.898217	0.439421	-0.216254	-0.003033	-0.979295	0.202416	0.036020	0.202179	0.978686	-0.999346	0.010259	0.034661
267	1395292													9.915546	0.388388	-0.133831	0.006952	-0.979321	0.202195	0.035765	0.202314	0.978667	-0.999336	0.000427	0.036432
268	1395459													9.992662	0.387305	-0.043139	0.017549	-0.979271	0.201794	0.035388	0.202307	0.978683	-0.999220	-0.010034	0.038205
269	1395626													9.934972	0.416047	0.080895	0.028709	-0.979127	0.201209	0.034914	0.202152	0.978732	-0.998978	-0.021074	0.039989
270	1395792													9.925629	0.419090	0.153658	0.040414	-0.978863	0.200482	0.034425	0.201891	0.978803	-0.998590	-0.032656	0.041856
271	1395959													9.858713	0.410656	0.261132	0.052629	-0.978470	0.199568	0.033886	0.201480	0.978906	-0.998039	-0.044757	0.043760
272	1396126													9.814200	0.368714	0.386643	0.065260	-0.977880	0.198724	0.033308	0.201172	0.978990	-0.997312	-0.057269	0.045700
273	1396292													9.791462	0.368468	0.529488	0.078068	-0.977164	0.197626	0.032756	0.200638	0.979118	-0.996410	-0.069964	0.047671
274	1396459													9.769887	0.371669	0.666209	0.091077	-0.976195	0.196846	0.032195	0.200451	0.979175	-0.995323	-0.082843	0.049685
275	1396626													9.768811	0.383471	0.832206	0.104155	-0.975073	0.195917	0.031699	0.200143	0.979254	-0.994056	-0.095783	0.051755
276	1396792													9.748517	0.364121	0.961691	0.117302	-0.973788	0.194879	0.031251	0.199756	0.979347	-0.992604	-0.108789	0.053864
277	1396959													9.684870	0.355725	1.115509	0.130342	-0.972358	0.193731	0.030860	0.199282	0.979456	-0.990989	-0.121686	0.055982
278	1397126													9.614669	0.376147	1.228313	0.143170	-0.970794	0.192513	0.030517	0.198755	0.979574	-0.989228	-0.134371	0.058081
279	1397292													9.489115	0.361234	1.391870	0.155568	-0.969132	0.191263	0.030281	0.198208	0.979692	-0.987361	-0.146617	0.060181
280	1397459													9.454440	0.349625	1.535212	0.167213	-0.967449	0.189952	0.030191	0.197599	0.979818	-0.985458	-0.158104	0.062249
281	1397626													9.523777	0.324756	1.700385	0.178186	-0.965776	0.188484	0.030202	0.196827	0.979973	-0.983533	-0.168925	0.064241
282	1397792													9.581747	0.339282	1.832986	0.188674	-0.964104	0.186832	0.030312	0.195875	0.980160	-0.981572	-0.179267	0.066181
283	1397959													9.583861	0.337161	1.912744	0.198802	-0.962398	0.185116	0.030453	0.194861	0.980358	-0.979567	-0.189259	0.068047
284	1398126													9.591675	0.353746	2.011976	0.208755	-0.960620	0.183387	0.030679	0.193859	0.980550	-0.977487	-0.199069	0.069939
285	1398292													9.670834	0.382402	2.099931	0.218796	-0.958705	0.181697	0.030994	0.192943	0.980720	-0.975278	-0.208946	0.071929
286	1398459													9.689943	0.471210	2.217548	0.229110	-0.956581	0.180170	0.031396	0.192259	0.980842	-0.972894	-0.219065	0.074081
287	1398626													9.642422	0.452971	2.334562	0.239727	-0.954216	0.178893	0.031756	0.191875	0.980906	-0.970321	-0.229468	0.076300
288	1398792													9.574627	0.476179	2.449242	0.250531	-0.951637	0.177823	0.031978	0.191715	0.980930	-0.967580	-0.240067	0.078462
289	1398959													9.499156	0.468430	2.514113	0.261298	-0.948883	0.177045	0.031976	0.191826	0.980908	-0.964728	-0.250648	0.080465
290	1399126													9.417970	0.437876	2.572127	0.271908	-0.945997	0.176511	0.031781	0.192149	0.980851	-0.961798	-0.261092	0.082311
