// Start Time: Unknown
// Update Rate: 60.0Hz
//Filter Profile: human (46.1)
// Option Flags: AHS Disabled ICC Disabled
// Firmware Version: 4.0.2
0	sampleTimeFine	Year	Month	Day	Second	UTC_Nano	UTC_Year	UTC_Month	UTC_Day	UTC_Hour	UTC_Minute	UTC_Second	UTC_Valid	Acc_X	Acc_Y	Acc_Z	Mat[1][1]	Mat[2][1]	Mat[3][1]	Mat[1][2]	Mat[2][2]	Mat[3][2]	Mat[1][3]	Mat[2][3]	Mat[3][3]
0	4942259													-0.300062	0.100779	0.095181	0.147950	-0.836218	-0.528063	0.010247	-0.532615	0.846296	-0.988942	-0.130620	-0.070231
1	4942425													9.701321	0.131469	1.480510	0.147606	-0.835912	-0.528644	0.010534	-0.533140	0.845962	-0.988990	-0.130437	-0.069889
2	4942592													9.707333	0.133036	1.421140	0.147902	-0.835935	-0.528524	0.011215	-0.532950	0.846073	-0.988938	-0.131063	-0.069449
3	4942759													9.725646	0.145785	1.429251	0.147486	-0.836094	-0.528390	0.011892	-0.532694	0.846224	-0.988993	-0.131090	-0.068622
4	4942925													9.743341	0.123072	1.417966	0.147027	-0.836263	-0.528248	0.012510	-0.532437	0.846377	-0.989053	-0.131049	-0.067821
5	4943092													9.721955	0.103327	1.426556	0.146537	-0.836282	-0.528356	0.012803	-0.532473	0.846350	-0.989122	-0.130786	-0.067320
6	4943259													9.707722	0.098800	1.428276	0.146171	-0.836207	-0.528575	0.012830	-0.532667	0.846228	-0.989176	-0.130476	-0.067132
7	4943425													9.718497	0.097934	1.414408	0.145861	-0.836184	-0.528698	0.012766	-0.532778	0.846159	-0.989223	-0.130171	-0.067036
8	4943592													9.744470	0.111241	1.426077	0.145568	-0.836284	-0.528619	0.012620	-0.532698	0.846211	-0.989268	-0.129852	-0.066990
9	4943759													9.736017	0.111481	1.415856	0.145374	-0.836365	-0.528545	0.012493	-0.532625	0.846259	-0.989298	-0.129627	-0.066981
10	4943925													9.726625	0.112157	1.407824	0.145160	-0.836492	-0.528403	0.012348	-0.532486	0.846349	-0.989331	-0.129381	-0.066967
11	4944092													9.730299	0.112554	1.408453	0.144924	-0.836537	-0.528396	0.012200	-0.532483	0.846353	-0.989368	-0.129103	-0.066964
12	4944259													9.736056	0.123629	1.442603	0.144678	-0.836789	-0.528065	0.012046	-0.532151	0.846564	-0.989406	-0.128840	-0.066911
13	4944425													9.746588	0.139608	1.395572	0.144495	-0.836849	-0.528019	0.011940	-0.532106	0.846594	-0.989433	-0.128633	-0.066894
14	4944592													9.719903	0.140566	1.398755	0.144328	-0.836854	-0.528057	0.011808	-0.532150	0.846568	-0.989459	-0.128419	-0.066922
15	4944759													9.689261	0.126523	1.428523	0.144133	-0.836870	-0.528086	0.011694	-0.532181	0.846550	-0.989489	-0.128191	-0.066919
16	4944925													9.733681	0.142408	1.418030	0.143933	-0.836817	-0.528224	0.011636	-0.532314	0.846467	-0.989519	-0.127981	-0.066880
17	4945092													9.788372	0.154610	1.455080	0.143838	-0.836859	-0.528183	0.011598	-0.532271	0.846494	-0.989533	-0.127884	-0.066855
18	4945259													9.685260	0.074081	1.360718	0.143677	-0.836863	-0.528220	0.011505	-0.532310	0.846472	-0.989558	-0.127696	-0.066853
19	4945425													9.752332	0.084154	1.373387	0.143671	-0.836754	-0.528396	0.011322	-0.532510	0.846348	-0.989561	-0.127579	-0.067032
20	4945592													9.760857	0.220465	1.424304	0.143849	-0.836609	-0.528576	0.011389	-0.532696	0.846230	-0.989534	-0.127750	-0.067100
21	4945759													9.759968	0.165555	1.466403	0.144185	-0.836419	-0.528786	0.011442	-0.532925	0.846085	-0.989485	-0.128043	-0.067269
22	4945925													9.684443	0.127565	1.482843	0.144437	-0.836311	-0.528888	0.011298	-0.533064	0.846000	-0.989449	-0.128170	-0.067545
23	4946092													9.682076	0.092876	1.481004	0.144460	-0.836187	-0.529078	0.011288	-0.533259	0.845877	-0.989446	-0.128168	-0.067595
24	4946259													9.724792	0.164810	1.473319	0.144476	-0.836117	-0.529183	0.011362	-0.533357	0.845814	-0.989443	-0.128213	-0.067557
25	4946425													9.719245	0.139072	1.459618	0.144495	-0.836087	-0.529225	0.011392	-0.533397	0.845788	-0.989440	-0.128241	-0.067548
26	4946592													9.688972	0.104865	1.481476	0.144475	-0.836040	-0.529306	0.011426	-0.533473	0.845740	-0.989443	-0.128236	-0.067521
27	4946759													9.718647	0.119292	1.445893	0.144434	-0.835955	-0.529450	0.011470	-0.533610	0.845653	-0.989448	-0.128214	-0.067483
28	4946925													9.721193	0.127188	1.419947	0.144392	-0.835988	-0.529410	0.011506	-0.533562	0.845682	-0.989454	-0.128201	-0.067423
29	4947092													9.718573	0.124749	1.434388	0.144393	-0.835951	-0.529468	0.011529	-0.533617	0.845647	-0.989453	-0.128210	-0.067413
30	4947259													9.714206	0.111334	1.450249	0.144368	-0.835961	-0.529460	0.011535	-0.533607	0.845654	-0.989457	-0.128192	-0.067393
31	4947425													9.727745	0.120783	1.427293	0.144328	-0.835932	-0.529516	0.011502	-0.533665	0.845618	-0.989463	-0.128137	-0.067408
32	4947592													9.735756	0.099454	1.435658	0.144285	-0.835977	-0.529456	0.011484	-0.533604	0.845656	-0.989470	-0.128096	-0.067390
33	4947759													9.723021	0.137269	1.441101	0.144217	-0.835910	-0.529582	0.011424	-0.533734	0.845575	-0.989480	-0.127997	-0.067424
34	4947925													9.697111	0.140252	1.455019	0.144038	-0.836012	-0.529469	0.011348	-0.533617	0.845650	-0.989507	-0.127814	-0.067374
35	4948092													9.730576	0.075019	1.321132	0.143709	-0.836168	-0.529311	0.011217	-0.533453	0.845756	-0.989556	-0.127480	-0.067283
36	4948259													9.716110	0.111358	1.382550	0.143465	-0.836313	-0.529148	0.011222	-0.533270	0.845871	-0.989592	-0.127291	-0.067121
37	4948425													9.761723	0.167563	1.408421	0.143343	-0.836240	-0.529297	0.011302	-0.533402	0.845787	-0.989609	-0.127220	-0.067008
38	4948592													9.720471	0.151892	1.441312	0.143286	-0.836185	-0.529399	0.011186	-0.533516	0.845716	-0.989618	-0.127101	-0.067092
39	4948759													9.709772	0.104284	1.425444	0.143105	-0.836230	-0.529377	0.011025	-0.533502	0.845727	-0.989646	-0.126864	-0.067127
40	4948925													9.742464	0.130567	1.418707	0.142992	-0.836316	-0.529272	0.010909	-0.533403	0.845791	-0.989664	-0.126715	-0.067149
41	4949092													9.705841	0.166730	1.454569	0.142894	-0.836470	-0.529055	0.010888	-0.533179	0.845932	-0.989678	-0.126639	-0.067081
42	4949259													9.696786	0.105677	1.455742	0.142744	-0.836546	-0.528975	0.010925	-0.533083	0.845992	-0.989699	-0.126540	-0.066955
43	4949425													9.739884	0.142687	1.421145	0.142543	-0.836498	-0.529105	0.010971	-0.533195	0.845921	-0.989728	-0.126385	-0.066826
44	4949592													9.745343	0.166101	1.440217	0.142389	-0.836524	-0.529106	0.010991	-0.533183	0.845928	-0.989750	-0.126266	-0.066725
45	4949759													9.717630	0.179776	1.439888	0.142305	-0.836529	-0.529121	0.011014	-0.533190	0.845924	-0.989762	-0.126207	-0.066662
46	4949925													9.697083	0.152568	1.438465	0.142197	-0.836571	-0.529084	0.011058	-0.533139	0.845955	-0.989777	-0.126142	-0.066560
47	4950092													9.744382	0.159223	1.402306	0.142092	-0.836615	-0.529041	0.011123	-0.533081	0.845991	-0.989791	-0.126093	-0.066442
48	4950259													9.737744	0.137419	1.428470	0.142031	-0.836640	-0.529018	0.011144	-0.533051	0.846010	-0.989799	-0.126055	-0.066387
49	4950425													9.715729	0.123243	1.440757	0.142003	-0.836743	-0.528863	0.011141	-0.532892	0.846110	-0.989804	-0.126042	-0.066350
50	4950592													9.711202	0.128132	1.426978	0.141961	-0.836732	-0.528892	0.011147	-0.532918	0.846094	-0.989810	-0.126007	-0.066327
51	4950759													9.732198	0.125461	1.412326	0.141914	-0.836847	-0.528723	0.011130	-0.532746	0.846202	-0.989816	-0.125973	-0.066290
52	4950925													9.752584	0.136071	1.400972	0.141913	-0.836891	-0.528652	0.011099	-0.532679	0.846245	-0.989817	-0.125961	-0.066306
53	4951092													9.743777	0.134544	1.400579	0.141927	-0.836988	-0.528496	0.011053	-0.532527	0.846341	-0.989815	-0.125960	-0.066329
54	4951259													9.737397	0.131869	1.395747	0.141929	-0.837093	-0.528329	0.010999	-0.532365	0.846443	-0.989816	-0.125946	-0.066350
55	4951425													9.727788	0.144654	1.394767	0.141947	-0.837158	-0.528222	0.010932	-0.532267	0.846506	-0.989814	-0.125933	-0.066402
56	4951592													9.732588	0.133378	1.407191	0.141920	-0.837295	-0.528011	0.010854	-0.532062	0.846636	-0.989819	-0.125886	-0.066422
57	4951759													9.726754	0.137755	1.423313	0.141931	-0.837318	-0.527972	0.010791	-0.532031	0.846656	-0.989818	-0.125865	-0.066476
58	4951925													9.722896	0.146102	1.430300	0.141985	-0.837315	-0.527963	0.010749	-0.532031	0.846657	-0.989810	-0.125888	-0.066540
59	4952092													9.717278	0.150297	1.446165	0.142035	-0.837506	-0.527645	0.010682	-0.531721	0.846852	-0.989804	-0.125919	-0.066577
60	4952259													9.715537	0.141629	1.420824	0.142039	-0.837583	-0.527523	0.010624	-0.531605	0.846926	-0.989804	-0.125901	-0.066610
61	4952425													9.751248	0.162220	1.434181	0.142062	-0.837578	-0.527524	0.010623	-0.531609	0.846923	-0.989801	-0.125919	-0.066624
62	4952592													9.752495	0.150762	1.443429	0.142130	-0.837728	-0.527268	0.010586	-0.531358	0.847081	-0.989791	-0.125978	-0.066654
63	4952759													9.708813	0.066696	1.319638	0.142171	-0.837724	-0.527263	0.010460	-0.531373	0.847074	-0.989787	-0.125945	-0.066783
64	4952925													9.777584	0.127611	1.414920	0.142428	-0.837553	-0.527465	0.010348	-0.531609	0.846927	-0.989751	-0.126084	-0.067049
65	4953092													9.734997	0.229179	1.451532	0.142838	-0.837288	-0.527775	0.010449	-0.531937	0.846719	-0.989691	-0.126458	-0.067232
66	4953259													9.761200	0.152253	1.448138	0.143320	-0.837184	-0.527809	0.010408	-0.532010	0.846674	-0.989622	-0.126839	-0.067534
67	4953425													9.674062	0.124537	1.486110	0.143611	-0.837076	-0.527901	0.010228	-0.532147	0.846590	-0.989581	-0.126979	-0.067860
68	4953759													9.722409	0.189206	1.479448	0.143888	-0.836869	-0.528154	0.010300	-0.532413	0.846422	-0.989540	-0.127230	-0.067988
69	4953925													9.698652	0.125532	1.450259	0.143983	-0.836879	-0.528112	0.010347	-0.532370	0.846448	-0.989526	-0.127339	-0.067993
70	4954092													9.674431	0.115190	1.480167	0.144003	-0.836912	-0.528054	0.010355	-0.532312	0.846485	-0.989523	-0.127365	-0.067988
71	4954259													9.725832	0.135216	1.464629	0.144002	-0.836889	-0.528091	0.010354	-0.532350	0.846461	-0.989523	-0.127360	-0.067994
72	4954425													9.724555	0.117128	1.443579	0.144059	-0.836828	-0.528173	0.010325	-0.532440	0.846405	-0.989515	-0.127386	-0.068063
73	4954592													9.731955	0.128397	1.456325	0.144128	-0.836784	-0.528224	0.010294	-0.532500	0.846367	-0.989505	-0.127423	-0.068134
74	4954759													9.714378	0.133689	1.453668	0.144153	-0.836879	-0.528066	0.010222	-0.532352	0.846461	-0.989503	-0.127418	-0.068186
75	4954925													9.716252	0.125922	1.440186	0.144165	-0.836907	-0.528019	0.010140	-0.532316	0.846485	-0.989502	-0.127388	-0.068255
76	4955092													9.724548	0.136490	1.450595	0.144132	-0.836916	-0.528013	0.010079	-0.532315	0.846486	-0.989507	-0.127327	-0.068289
77	4955259													9.739386	0.147082	1.498044	0.144089	-0.836963	-0.527950	0.009993	-0.532259	0.846523	-0.989514	-0.127250	-0.068329
78	4955425													9.676888	0.112226	1.430393	0.143805	-0.837056	-0.527881	0.009903	-0.532181	0.846573	-0.989557	-0.126969	-0.068241
79	4955592													9.730961	0.117375	1.413876	0.143590	-0.837124	-0.527830	0.009757	-0.532134	0.846604	-0.989589	-0.126714	-0.068242
80	4955759													9.759124	0.165427	1.397231	0.143398	-0.837139	-0.527859	0.009810	-0.532143	0.846598	-0.989616	-0.126579	-0.068096
81	4955925													9.743620	0.159525	1.420979	0.143346	-0.836983	-0.528121	0.009812	-0.532403	0.846434	-0.989624	-0.126515	-0.068106
82	4956092													9.690491	0.160207	1.464921	0.143243	-0.836956	-0.528191	0.009648	-0.532488	0.846382	-0.989641	-0.126335	-0.068200
83	4956259													9.734544	0.106001	1.412098	0.143040	-0.836981	-0.528207	0.009538	-0.532505	0.846373	-0.989671	-0.126103	-0.068186
84	4956425													9.736942	0.156483	1.469575	0.142947	-0.837024	-0.528164	0.009476	-0.532463	0.846401	-0.989685	-0.125995	-0.068182
85	4956592													9.703115	0.145970	1.442964	0.142776	-0.837091	-0.528103	0.009485	-0.532388	0.846448	-0.989710	-0.125862	-0.068072
86	4956759													9.717323	0.141271	1.438986	0.142507	-0.837143	-0.528094	0.009504	-0.532358	0.846466	-0.989748	-0.125646	-0.067909
87	4956925													9.760743	0.149990	1.438618	0.142261	-0.837024	-0.528348	0.009544	-0.532593	0.846318	-0.989783	-0.125441	-0.067778
88	4957092													9.737941	0.180657	1.449633	0.142065	-0.837034	-0.528386	0.009567	-0.532614	0.846304	-0.989811	-0.125285	-0.067658
89	4957259													9.706701	0.184452	1.462935	0.141851	-0.837088	-0.528358	0.009581	-0.532570	0.846332	-0.989842	-0.125115	-0.067526
90	4957425													9.709842	0.176176	1.434911	0.141602	-0.837133	-0.528353	0.009602	-0.532545	0.846347	-0.989877	-0.124918	-0.067371
91	4957592													9.738786	0.149130	1.405853	0.141365	-0.837247	-0.528236	0.009611	-0.532409	0.846433	-0.989911	-0.124733	-0.067217
92	4957759													9.718146	0.140231	1.429937	0.141145	-0.837299	-0.528213	0.009611	-0.532370	0.846457	-0.989942	-0.124550	-0.067094
93	4957925													9.727730	0.124666	1.441834	0.140960	-0.837369	-0.528151	0.009560	-0.532301	0.846501	-0.989969	-0.124372	-0.067028
94	4958092													9.715237	0.121105	1.451847	0.140744	-0.837347	-0.528243	0.009484	-0.532389	0.846447	-0.990001	-0.124143	-0.066989
95	4958259													9.740337	0.128561	1.393353	0.140529	-0.837388	-0.528235	0.009394	-0.532378	0.846455	-0.990032	-0.123913	-0.066948
96	4958425													9.736911	0.152096	1.419051	0.140336	-0.837455	-0.528182	0.009287	-0.532324	0.846490	-0.990060	-0.123698	-0.066927
97	4958592													9.729106	0.120363	1.421701	0.140158	-0.837593	-0.528010	0.009151	-0.532155	0.846598	-0.990087	-0.123489	-0.066921
98	4958759													9.712325	0.138125	1.413646	0.139960	-0.837600	-0.528051	0.009030	-0.532198	0.846572	-0.990116	-0.123254	-0.066923
99	4958926													9.733966	0.142640	1.408239	0.139763	-0.837636	-0.528045	0.008904	-0.532195	0.846575	-0.990145	-0.123021	-0.066923
100	4959092													9.742496	0.155298	1.408434	0.139591	-0.837621	-0.528116	0.008786	-0.532269	0.846530	-0.990170	-0.122808	-0.066941
101	4959259													9.737512	0.146774	1.405784	0.139465	-0.837597	-0.528186	0.008657	-0.532347	0.846482	-0.990189	-0.122627	-0.066993
102	4959426													9.730565	0.146977	1.417363	0.139347	-0.837559	-0.528278	0.008566	-0.532443	0.846422	-0.990207	-0.122471	-0.067020
103	4959592													9.716806	0.162217	1.425505	0.139283	-0.837669	-0.528120	0.008453	-0.532293	0.846518	-0.990217	-0.122370	-0.067058
104	4959759													9.693004	0.146221	1.433670	0.139119	-0.837800	-0.527956	0.008333	-0.532131	0.846621	-0.990241	-0.122181	-0.067049
105	4959926													9.738792	0.160160	1.380910	0.138935	-0.837889	-0.527863	0.008365	-0.532021	0.846690	-0.990266	-0.122050	-0.066908
106	4960092													9.755500	0.164062	1.427279	0.138815	-0.837906	-0.527868	0.008341	-0.532020	0.846691	-0.990283	-0.121936	-0.066864
107	4960259													9.703816	0.069924	1.296396	0.138666	-0.837854	-0.527989	0.008162	-0.532155	0.846608	-0.990306	-0.121705	-0.066953
108	4960426													9.753263	0.108314	1.390291	0.138798	-0.837660	-0.528262	0.007990	-0.532461	0.846417	-0.990288	-0.121702	-0.067211
109	4960592													9.789108	0.218669	1.414373	0.139167	-0.837482	-0.528448	0.008077	-0.532663	0.846289	-0.990236	-0.122044	-0.067365
110	4960759													9.783017	0.137759	1.469067	0.139667	-0.837383	-0.528472	0.008032	-0.532727	0.846249	-0.990166	-0.122438	-0.067678
111	4960926													9.653701	0.097303	1.480132	0.139939	-0.837359	-0.528438	0.007796	-0.532742	0.846242	-0.990129	-0.122542	-0.068024
112	4961092													9.680285	0.085896	1.451561	0.139977	-0.837317	-0.528495	0.007731	-0.532809	0.846200	-0.990125	-0.122534	-0.068108
113	4961259													9.712107	0.185730	1.431209	0.139994	-0.837284	-0.528542	0.007786	-0.532851	0.846173	-0.990122	-0.122575	-0.068077
114	4961426													9.700523	0.171619	1.440056	0.139987	-0.837277	-0.528556	0.007736	-0.532871	0.846161	-0.990123	-0.122540	-0.068118
115	4961592													9.677474	0.145352	1.457944	0.139972	-0.837245	-0.528610	0.007690	-0.532931	0.846124	-0.990126	-0.122499	-0.068157
116	4961759													9.708960	0.149943	1.420977	0.139909	-0.837241	-0.528634	0.007638	-0.532956	0.846108	-0.990135	-0.122416	-0.068171
117	4961926													9.724036	0.146850	1.427536	0.139864	-0.837272	-0.528597	0.007553	-0.532926	0.846128	-0.990142	-0.122335	-0.068213
118	4962092													9.729766	0.147669	1.407824	0.139819	-0.837337	-0.528505	0.007478	-0.532839	0.846183	-0.990149	-0.122265	-0.068240
119	4962259													9.732190	0.137920	1.445213	0.139777	-0.837358	-0.528484	0.007366	-0.532829	0.846191	-0.990156	-0.122171	-0.068309
120	4962426													9.735571	0.143604	1.430116	0.139693	-0.837464	-0.528337	0.007217	-0.532694	0.846277	-0.990169	-0.122032	-0.068370
121	4962592													9.741579	0.135171	1.435487	0.139566	-0.837569	-0.528203	0.007091	-0.532565	0.846359	-0.990187	-0.121869	-0.068389
122	4962759													9.731479	0.130658	1.475305	0.139359	-0.837769	-0.527942	0.006952	-0.532304	0.846525	-0.990218	-0.121641	-0.068357
123	4962926													9.692460	0.094799	1.369359	0.138894	-0.838058	-0.527606	0.006819	-0.531948	0.846750	-0.990284	-0.121206	-0.068170
124	4963092													9.707581	0.102300	1.385401	0.138494	-0.838257	-0.527394	0.006698	-0.531721	0.846893	-0.990341	-0.120822	-0.068026
125	4963259													9.750181	0.165575	1.365603	0.138117	-0.838358	-0.527332	0.006772	-0.531624	0.846954	-0.990393	-0.120550	-0.067749
126	4963426													9.751549	0.158668	1.400453	0.137914	-0.838439	-0.527257	0.006725	-0.531539	0.847007	-0.990421	-0.120360	-0.067668
127	4963592													9.672421	0.094473	1.438328	0.137649	-0.838552	-0.527146	0.006540	-0.531431	0.847076	-0.990460	-0.120047	-0.067667
128	4963759													9.724536	0.070449	1.373269	0.137313	-0.838724	-0.526960	0.006420	-0.531234	0.847201	-0.990507	-0.119715	-0.067561
129	4963926													9.723804	0.148863	1.369483	0.137038	-0.838846	-0.526837	0.006368	-0.531098	0.847286	-0.990545	-0.119465	-0.067439
130	4964092													9.697989	0.129461	1.417426	0.136771	-0.838983	-0.526688	0.006416	-0.530923	0.847396	-0.990582	-0.119279	-0.067232
131	4964259													9.706502	0.101219	1.421596	0.136401	-0.839053	-0.526674	0.006463	-0.530878	0.847424	-0.990633	-0.118994	-0.066989
132	4964426													9.743186	0.136397	1.420256	0.136001	-0.839096	-0.526708	0.006512	-0.530879	0.847422	-0.990687	-0.118680	-0.066736
133	4964592													9.721639	0.146365	1.409533	0.135677	-0.839178	-0.526661	0.006564	-0.530804	0.847469	-0.990731	-0.118439	-0.066509
134	4964759													9.709450	0.137231	1.412844	0.135362	-0.839258	-0.526615	0.006594	-0.530732	0.847514	-0.990774	-0.118194	-0.066307
135	4964926													9.723545	0.130463	1.397049	0.135007	-0.839412	-0.526461	0.006632	-0.530548	0.847629	-0.990822	-0.117927	-0.066061
136	4965092													9.733526	0.125519	1.392044	0.134650	-0.839480	-0.526443	0.006678	-0.530501	0.847658	-0.990871	-0.117652	-0.065826
137	4965259													9.719112	0.116462	1.386097	0.134345	-0.839585	-0.526355	0.006684	-0.530390	0.847727	-0.990912	-0.117406	-0.065643
138	4965426													9.728672	0.110086	1.393383	0.134012	-0.839688	-0.526274	0.006715	-0.530282	0.847794	-0.990957	-0.117149	-0.065426
139	4965592													9.729753	0.111631	1.365039	0.133703	-0.839899	-0.526017	0.006742	-0.529999	0.847971	-0.990999	-0.116923	-0.065200
140	4965759													9.742841	0.110386	1.345005	0.133447	-0.839933	-0.526027	0.006764	-0.529990	0.847977	-0.991033	-0.116718	-0.065045
141	4965926													9.726010	0.114392	1.342915	0.133210	-0.840005	-0.525973	0.006789	-0.529916	0.848023	-0.991065	-0.116536	-0.064887
142	4966092													9.736889	0.123869	1.350457	0.132960	-0.840117	-0.525857	0.006791	-0.529783	0.848106	-0.991098	-0.116335	-0.064735
143	4966259													9.751262	0.125796	1.336325	0.132721	-0.840192	-0.525797	0.006790	-0.529707	0.848153	-0.991130	-0.116138	-0.064598
144	4966426													9.732026	0.135583	1.366065	0.132478	-0.840255	-0.525758	0.006783	-0.529652	0.848188	-0.991163	-0.115933	-0.064468
145	4966592													9.741261	0.131115	1.370474	0.132226	-0.840387	-0.525610	0.006786	-0.529486	0.848292	-0.991196	-0.115733	-0.064309
146	4966759													9.738350	0.118860	1.354067	0.131934	-0.840439	-0.525600	0.006795	-0.529456	0.848310	-0.991235	-0.115493	-0.064142
147	4966926													9.736288	0.129172	1.331326	0.131614	-0.840519	-0.525553	0.006787	-0.529389	0.848352	-0.991278	-0.115221	-0.063970
148	4967092													9.738892	0.163026	1.327284	0.131402	-0.840582	-0.525505	0.006875	-0.529316	0.848397	-0.991305	-0.115094	-0.063774
149	4967259													9.768521	0.163233	1.368427	0.131158	-0.840679	-0.525410	0.006944	-0.529196	0.848471	-0.991337	-0.114932	-0.063571
150	4967426													9.697148	0.068653	1.252107	0.130928	-0.840664	-0.525492	0.006860	-0.529274	0.848423	-0.991368	-0.114688	-0.063530
151	4967592													9.755655	0.108102	1.282581	0.130941	-0.840520	-0.525720	0.006830	-0.529508	0.848277	-0.991367	-0.114665	-0.063594
152	4967759													9.804825	0.239341	1.339496	0.131120	-0.840327	-0.525983	0.006992	-0.529766	0.848115	-0.991342	-0.114882	-0.063588
153	4967926													9.795817	0.151171	1.372255	0.131529	-0.840266	-0.525979	0.007048	-0.529782	0.848105	-0.991287	-0.115257	-0.063760
154	4968092													9.669849	0.088315	1.384241	0.131866	-0.840169	-0.526049	0.006901	-0.529892	0.848037	-0.991244	-0.115457	-0.064077
155	4968259													9.654945	0.097396	1.369467	0.131888	-0.840047	-0.526238	0.006961	-0.530077	0.847921	-0.991240	-0.115494	-0.064063
156	4968426													9.737325	0.172383	1.357453	0.131870	-0.839920	-0.526445	0.007085	-0.530271	0.847798	-0.991242	-0.115529	-0.063976
157	4968592													9.735305	0.159967	1.344457	0.131913	-0.839903	-0.526461	0.007151	-0.530282	0.847791	-0.991236	-0.115599	-0.063944
158	4968759													9.702890	0.116878	1.375148	0.131939	-0.839820	-0.526587	0.007181	-0.530408	0.847712	-0.991232	-0.115628	-0.063950
159	4968926													9.722567	0.134033	1.349714	0.131942	-0.839789	-0.526637	0.007201	-0.530456	0.847682	-0.991231	-0.115637	-0.063942
160	4969092													9.735562	0.121670	1.326362	0.131970	-0.839787	-0.526632	0.007209	-0.530452	0.847685	-0.991228	-0.115665	-0.063950
161	4969259													9.755829	0.130346	1.322091	0.132042	-0.839755	-0.526665	0.007221	-0.530488	0.847662	-0.991218	-0.115730	-0.063983
162	4969426													9.752553	0.127199	1.316431	0.132145	-0.839688	-0.526746	0.007188	-0.530581	0.847604	-0.991204	-0.115793	-0.064078
163	4969592													9.762202	0.142630	1.334329	0.132251	-0.839723	-0.526664	0.007093	-0.530516	0.847645	-0.991191	-0.115837	-0.064205
164	4969759													9.760157	0.124409	1.367324	0.132319	-0.839733	-0.526631	0.007017	-0.530496	0.847658	-0.991182	-0.115857	-0.064303
165	4969926													9.725842	0.145155	1.362893	0.132311	-0.839814	-0.526504	0.006940	-0.530376	0.847734	-0.991184	-0.115818	-0.064346
166	4970092													9.743896	0.095877	1.255831	0.132208	-0.839914	-0.526371	0.006761	-0.530255	0.847811	-0.991199	-0.115646	-0.064425
167	4970259													9.757649	0.128264	1.327263	0.132139	-0.839989	-0.526267	0.006738	-0.530149	0.847878	-0.991208	-0.115584	-0.064394
168	4970426													9.765589	0.176461	1.292295	0.132202	-0.839953	-0.526310	0.006792	-0.530190	0.847852	-0.991200	-0.115662	-0.064387
169	4970592													9.740449	0.160696	1.313645	0.132369	-0.839994	-0.526203	0.006626	-0.530112	0.847902	-0.991178	-0.115723	-0.064604
170	4970759													9.738556	0.100520	1.335063	0.132471	-0.840056	-0.526077	0.006495	-0.530007	0.847968	-0.991166	-0.115749	-0.064754
171	4970926													9.744711	0.137670	1.338329	0.132625	-0.840014	-0.526105	0.006392	-0.530058	0.847937	-0.991146	-0.115821	-0.064929
172	4971092													9.730480	0.161412	1.349096	0.132779	-0.840077	-0.525966	0.006380	-0.529929	0.848018	-0.991125	-0.115955	-0.065004
173	4971259													9.713569	0.127635	1.357096	0.132901	-0.840096	-0.525904	0.006387	-0.529874	0.848052	-0.991109	-0.116066	-0.065055
174	4971426													9.767634	0.134623	1.370925	0.133009	-0.840130	-0.525823	0.006423	-0.529795	0.848101	-0.991094	-0.116183	-0.065071
175	4971592													9.754292	0.159939	1.356638	0.133131	-0.840133	-0.525787	0.006461	-0.529763	0.848121	-0.991077	-0.116308	-0.065099
176	4971759													9.764316	0.135696	1.321605	0.133291	-0.840137	-0.525741	0.006509	-0.529720	0.848147	-0.991056	-0.116473	-0.065139
177	4971926													9.760135	0.145870	1.337716	0.133466	-0.840211	-0.525579	0.006574	-0.529561	0.848246	-0.991032	-0.116668	-0.065155
178	4972092													9.736653	0.142594	1.356459	0.133636	-0.840249	-0.525475	0.006604	-0.529464	0.848307	-0.991008	-0.116835	-0.065207
179	4972259													9.734472	0.110659	1.370371	0.133843	-0.840240	-0.525437	0.006654	-0.529433	0.848326	-0.990980	-0.117039	-0.065270
180	4972426													9.754925	0.091590	1.357750	0.134069	-0.840279	-0.525315	0.006641	-0.529327	0.848392	-0.990950	-0.117232	-0.065387
181	4972592													9.724666	0.086862	1.376354	0.134322	-0.840298	-0.525221	0.006638	-0.529249	0.848440	-0.990915	-0.117451	-0.065512
182	4972759													9.730667	0.111503	1.367170	0.134585	-0.840268	-0.525201	0.006644	-0.529246	0.848442	-0.990880	-0.117677	-0.065646
183	4972926													9.734519	0.115458	1.386871	0.134830	-0.840315	-0.525063	0.006636	-0.529124	0.848519	-0.990847	-0.117890	-0.065766
184	4973092													9.744117	0.092985	1.369519	0.135070	-0.840310	-0.525010	0.006616	-0.529089	0.848540	-0.990814	-0.118086	-0.065905
185	4973259													9.729623	0.093343	1.380091	0.135309	-0.840331	-0.524915	0.006597	-0.529011	0.848589	-0.990782	-0.118284	-0.066036
186	4973426													9.729065	0.114546	1.371948	0.135541	-0.840319	-0.524874	0.006548	-0.528991	0.848602	-0.990750	-0.118457	-0.066198
187	4973592													9.737307	0.117157	1.360646	0.135753	-0.840303	-0.524844	0.006490	-0.528982	0.848608	-0.990721	-0.118607	-0.066357
188	4973759													9.736553	0.139400	1.397146	0.135993	-0.840302	-0.524784	0.006459	-0.528942	0.848634	-0.990689	-0.118798	-0.066505
189	4973926													9.705200	0.135735	1.389107	0.136259	-0.840250	-0.524799	0.006387	-0.528983	0.848608	-0.990653	-0.118982	-0.066712
190	4974092													9.697426	0.124688	1.396248	0.136427	-0.840268	-0.524726	0.006346	-0.528926	0.848644	-0.990630	-0.119108	-0.066827
191	4974259													9.748516	0.140144	1.376682	0.136551	-0.840321	-0.524608	0.006373	-0.528813	0.848715	-0.990613	-0.119236	-0.066854
192	4974426													9.774132	0.120107	1.384539	0.136756	-0.840361	-0.524492	0.006399	-0.528706	0.848781	-0.990584	-0.119432	-0.066926
193	4974592													9.711849	0.058485	1.306110	0.136878	-0.840321	-0.524524	0.006331	-0.528755	0.848751	-0.990568	-0.119496	-0.067055
194	4974759													9.767574	0.116768	1.363770	0.137222	-0.840143	-0.524718	0.006340	-0.528974	0.848615	-0.990520	-0.119775	-0.067261
195	4974926													9.766607	0.214767	1.367600	0.137732	-0.839933	-0.524922	0.006571	-0.529186	0.848480	-0.990448	-0.120312	-0.067366
196	4975092													9.762162	0.153853	1.400004	0.138402	-0.839773	-0.525001	0.006638	-0.529305	0.848406	-0.990354	-0.120906	-0.067682
197	4975259													9.682793	0.095307	1.450072	0.138830	-0.839658	-0.525072	0.006554	-0.529416	0.848337	-0.990295	-0.121216	-0.067995
198	4975426													9.691437	0.100458	1.447639	0.139086	-0.839506	-0.525248	0.006663	-0.529598	0.848223	-0.990258	-0.121476	-0.068066
199	4975593													9.720945	0.157086	1.456814	0.139308	-0.839435	-0.525302	0.006810	-0.529649	0.848189	-0.990226	-0.121737	-0.068068
200	4975759													9.696150	0.099526	1.422894	0.139425	-0.839430	-0.525279	0.006941	-0.529618	0.848208	-0.990208	-0.121907	-0.068016
201	4975926													9.687392	0.112380	1.442269	0.139512	-0.839343	-0.525395	0.007078	-0.529725	0.848140	-0.990195	-0.122045	-0.067962
202	4976093													9.710701	0.136711	1.416203	0.139542	-0.839278	-0.525490	0.007200	-0.529808	0.848087	-0.990190	-0.122128	-0.067888
203	4976259													9.723035	0.110229	1.404498	0.139581	-0.839283	-0.525473	0.007319	-0.529779	0.848104	-0.990184	-0.122225	-0.067805
204	4976426													9.722528	0.114875	1.421807	0.139686	-0.839238	-0.525517	0.007430	-0.529817	0.848080	-0.990168	-0.122370	-0.067772
205	4976593													9.715289	0.130975	1.421746	0.139753	-0.839252	-0.525476	0.007490	-0.529772	0.848107	-0.990158	-0.122461	-0.067751
206	4976759													9.720118	0.130278	1.403032	0.139800	-0.839237	-0.525488	0.007523	-0.529784	0.848099	-0.990151	-0.122517	-0.067751
207	4977259													9.691370	0.101469	1.381472	0.139520	-0.839437	-0.525243	0.007541	-0.529515	0.848267	-0.990191	-0.122311	-0.067548
208	4977426													9.730086	0.096816	1.387805	0.139299	-0.839510	-0.525185	0.007502	-0.529445	0.848311	-0.990222	-0.122109	-0.067453
209	4977593													9.759950	0.176123	1.371054	0.139138	-0.839520	-0.525212	0.007683	-0.529439	0.848313	-0.990243	-0.122068	-0.067215
210	4977759													9.767322	0.164627	1.369858	0.139085	-0.839521	-0.525223	0.007774	-0.529436	0.848314	-0.990250	-0.122071	-0.067110
211	4977926													9.689282	0.155509	1.427220	0.139026	-0.839530	-0.525225	0.007663	-0.529447	0.848308	-0.990259	-0.121962	-0.067174
212	4978093													9.718287	0.116292	1.416864	0.138896	-0.839538	-0.525246	0.007621	-0.529466	0.848297	-0.990278	-0.121828	-0.067143
213	4978259													9.742193	0.171755	1.389993	0.138812	-0.839503	-0.525325	0.007658	-0.529534	0.848254	-0.990289	-0.121771	-0.067076
214	4978426													9.714669	0.147032	1.412541	0.138724	-0.839556	-0.525264	0.007759	-0.529454	0.848303	-0.990301	-0.121755	-0.066934
215	4978593													9.724514	0.130472	1.428046	0.138574	-0.839571	-0.525279	0.007889	-0.529444	0.848308	-0.990321	-0.121698	-0.066744
216	4978759													9.746807	0.141301	1.416127	0.138433	-0.839531	-0.525380	0.008013	-0.529520	0.848259	-0.990339	-0.121637	-0.066576
217	4978926													9.740526	0.146464	1.424092	0.138351	-0.839531	-0.525401	0.008114	-0.529524	0.848256	-0.990350	-0.121620	-0.066449
218	4979093													9.710011	0.163404	1.430436	0.138273	-0.839557	-0.525381	0.008204	-0.529488	0.848278	-0.990360	-0.121604	-0.066326
219	4979259													9.735034	0.154521	1.416046	0.138199	-0.839654	-0.525245	0.008271	-0.529337	0.848371	-0.990370	-0.121589	-0.066209
220	4979426													9.750359	0.145995	1.411679	0.138141	-0.839708	-0.525173	0.008344	-0.529251	0.848424	-0.990377	-0.121584	-0.066105
221	4979593													9.756759	0.120590	1.396634	0.138098	-0.839726	-0.525157	0.008380	-0.529227	0.848439	-0.990383	-0.121569	-0.066049
222	4979759													9.724809	0.125450	1.413460	0.138110	-0.839748	-0.525119	0.008395	-0.529188	0.848463	-0.990381	-0.121589	-0.066037
223	4979926													9.732598	0.131730	1.397632	0.138084	-0.839731	-0.525152	0.008407	-0.529218	0.848444	-0.990385	-0.121571	-0.066016
224	4980093													9.735462	0.138800	1.391667	0.138067	-0.839764	-0.525104	0.008427	-0.529167	0.848476	-0.990387	-0.121572	-0.065984
225	4980259													9.732202	0.126887	1.370742	0.138069	-0.839751	-0.525123	0.008384	-0.529191	0.848461	-0.990387	-0.121548	-0.066024
226	4980426													9.739232	0.127005	1.396852	0.138104	-0.839807	-0.525024	0.008336	-0.529100	0.848519	-0.990383	-0.121561	-0.066070
227	4980593													9.735300	0.135610	1.376350	0.138138	-0.839826	-0.524986	0.008268	-0.529071	0.848537	-0.990379	-0.121555	-0.066141
228	4980759													9.760188	0.130585	1.366301	0.138164	-0.839830	-0.524973	0.008201	-0.529068	0.848540	-0.990375	-0.121543	-0.066211
229	4980926													9.753591	0.153813	1.390000	0.138235	-0.839836	-0.524944	0.008136	-0.529052	0.848551	-0.990366	-0.121570	-0.066300
230	4981093													9.729698	0.136350	1.398483	0.138366	-0.839906	-0.524798	0.008083	-0.528920	0.848633	-0.990348	-0.121664	-0.066396
231	4981259													9.709606	0.122489	1.393112	0.138453	-0.839903	-0.524779	0.007993	-0.528918	0.848635	-0.990337	-0.121690	-0.066517
232	4981426													9.716037	0.133764	1.391813	0.138473	-0.839964	-0.524678	0.007938	-0.528823	0.848695	-0.990334	-0.121686	-0.066560
233	4981593													9.769219	0.149335	1.375356	0.138524	-0.840033	-0.524553	0.007978	-0.528695	0.848774	-0.990327	-0.121761	-0.066536
234	4981759													9.775949	0.121487	1.404094	0.138613	-0.840115	-0.524398	0.007957	-0.528548	0.848866	-0.990315	-0.121836	-0.066579
235	4981926													9.709927	0.052855	1.288467	0.138641	-0.840102	-0.524411	0.007844	-0.528577	0.848849	-0.990312	-0.121799	-0.066693
236	4982093													9.789091	0.123026	1.386842	0.138925	-0.839897	-0.524665	0.007766	-0.528862	0.848672	-0.990272	-0.121976	-0.066950
237	4982259													9.755400	0.238840	1.413845	0.139399	-0.839714	-0.524831	0.007902	-0.529046	0.848556	-0.990205	-0.122435	-0.067113
238	4982426													9.769155	0.134703	1.423259	0.139982	-0.839542	-0.524952	0.007886	-0.529210	0.848454	-0.990123	-0.122908	-0.067459
239	4982593													9.665095	0.098068	1.450889	0.140311	-0.839408	-0.525077	0.007735	-0.529378	0.848351	-0.990077	-0.123095	-0.067785
240	4982759													9.716311	0.102677	1.437485	0.140542	-0.839267	-0.525242	0.007768	-0.529556	0.848239	-0.990044	-0.123294	-0.067905
241	4982926													9.735498	0.165793	1.453120	0.140739	-0.839194	-0.525306	0.007821	-0.529628	0.848194	-0.990016	-0.123482	-0.067975
242	4983093													9.713569	0.109053	1.446032	0.140904	-0.839135	-0.525356	0.007889	-0.529682	0.848160	-0.989992	-0.123654	-0.068014
243	4983259													9.675694	0.100364	1.429532	0.141004	-0.839032	-0.525493	0.007981	-0.529815	0.848075	-0.989977	-0.123776	-0.068010
244	4983426													9.715132	0.127774	1.453954	0.141055	-0.838960	-0.525594	0.008062	-0.529911	0.848015	-0.989969	-0.123854	-0.067983
245	4983593													9.728149	0.124988	1.412008	0.141134	-0.838926	-0.525628	0.008105	-0.529945	0.847993	-0.989957	-0.123941	-0.067994
246	4983759													9.730788	0.114134	1.422365	0.141253	-0.838863	-0.525696	0.008144	-0.530018	0.847947	-0.989940	-0.124056	-0.068035
247	4983926													9.732488	0.124255	1.427930	0.141332	-0.838818	-0.525746	0.008172	-0.530070	0.847914	-0.989928	-0.124134	-0.068062
248	4984093													9.744901	0.104715	1.403297	0.141384	-0.838789	-0.525779	0.008205	-0.530103	0.847894	-0.989921	-0.124192	-0.068066
249	4984259													9.739343	0.111388	1.439034	0.141438	-0.838783	-0.525774	0.008236	-0.530097	0.847897	-0.989913	-0.124255	-0.068068
250	4984426													9.729701	0.148244	1.465673	0.141443	-0.838803	-0.525740	0.008238	-0.530064	0.847918	-0.989912	-0.124263	-0.068064
251	4984593													9.691633	0.096491	1.398180	0.141230	-0.838892	-0.525656	0.008255	-0.529962	0.847981	-0.989942	-0.124100	-0.067922
252	4984759													9.736031	0.102215	1.369409	0.141053	-0.838929	-0.525644	0.008240	-0.529939	0.847995	-0.989968	-0.123944	-0.067837
253	4984926													9.739550	0.167734	1.380204	0.140910	-0.838930	-0.525682	0.008445	-0.529942	0.847992	-0.989986	-0.123929	-0.067589
254	4985093													9.740595	0.153841	1.399992	0.140906	-0.838913	-0.525709	0.008527	-0.529959	0.847980	-0.989986	-0.123968	-0.067521
255	4985259													9.691360	0.148191	1.430647	0.140858	-0.838955	-0.525656	0.008466	-0.529909	0.848012	-0.989994	-0.123900	-0.067540
256	4985426													9.736745	0.105603	1.406112	0.140721	-0.838937	-0.525720	0.008486	-0.529963	0.847979	-0.990013	-0.123790	-0.067458
257	4985593													9.749399	0.181117	1.416153	0.140667	-0.838968	-0.525686	0.008545	-0.529917	0.848007	-0.990020	-0.123779	-0.067373
258	4985759													9.695342	0.138124	1.413303	0.140589	-0.839052	-0.525573	0.008691	-0.529779	0.848091	-0.990030	-0.123800	-0.067189
259	4985926													9.734683	0.119534	1.433111	0.140434	-0.839078	-0.525573	0.008844	-0.529749	0.848108	-0.990051	-0.123751	-0.066974
260	4986093													9.754261	0.160927	1.438184	0.140313	-0.839067	-0.525622	0.008986	-0.529773	0.848092	-0.990066	-0.123722	-0.066795
261	4986259													9.730653	0.171926	1.432092	0.140254	-0.839076	-0.525623	0.009096	-0.529756	0.848101	-0.990074	-0.123731	-0.066668
262	4986426													9.703737	0.155998	1.424264	0.140155	-0.839136	-0.525554	0.009224	-0.529663	0.848158	-0.990087	-0.123721	-0.066495
263	4986593													9.720447	0.153763	1.407513	0.140067	-0.839239	-0.525413	0.009336	-0.529501	0.848258	-0.990098	-0.123718	-0.066331
264	4986759													9.747139	0.136096	1.406265	0.140021	-0.839267	-0.525381	0.009439	-0.529453	0.848287	-0.990103	-0.123737	-0.066213
265	4986926													9.742970	0.133536	1.402646	0.139987	-0.839291	-0.525351	0.009481	-0.529415	0.848310	-0.990108	-0.123734	-0.066154
266	4987093													9.737350	0.129269	1.401970	0.139994	-0.839256	-0.525406	0.009510	-0.529468	0.848277	-0.990107	-0.123750	-0.066141
267	4987259													9.738642	0.135663	1.408225	0.140024	-0.839240	-0.525424	0.009508	-0.529488	0.848264	-0.990102	-0.123773	-0.066162
268	4987426													9.750462	0.136583	1.412605	0.140020	-0.839264	-0.525386	0.009515	-0.529448	0.848289	-0.990103	-0.123777	-0.066148
269	4987593													9.750058	0.117275	1.406154	0.140020	-0.839269	-0.525378	0.009494	-0.529443	0.848292	-0.990103	-0.123766	-0.066165
270	4987759													9.735106	0.116037	1.405989	0.140027	-0.839256	-0.525397	0.009438	-0.529470	0.848276	-0.990103	-0.123740	-0.066219
271	4987926													9.725659	0.127670	1.394532	0.139991	-0.839233	-0.525443	0.009378	-0.529521	0.848245	-0.990108	-0.123674	-0.066258
272	4988093													9.750135	0.133855	1.405883	0.139947	-0.839211	-0.525490	0.009325	-0.529572	0.848213	-0.990115	-0.123606	-0.066286
273	4988259													9.735709	0.144323	1.432793	0.139911	-0.839188	-0.525537	0.009262	-0.529625	0.848181	-0.990121	-0.123538	-0.066328
274	4988426													9.710225	0.143853	1.418481	0.139886	-0.839198	-0.525526	0.009187	-0.529622	0.848184	-0.990125	-0.123477	-0.066377
275	4988593													9.714757	0.135284	1.418889	0.139869	-0.839216	-0.525503	0.009108	-0.529607	0.848194	-0.990128	-0.123422	-0.066432
276	4988759													9.737810	0.124014	1.363185	0.139771	-0.839267	-0.525447	0.009012	-0.529556	0.848227	-0.990143	-0.123294	-0.066453
277	4988926													9.753347	0.155114	1.395615	0.139728	-0.839279	-0.525439	0.008979	-0.529549	0.848232	-0.990149	-0.123240	-0.066457
278	4989093													9.748165	0.117110	1.411068	0.139707	-0.839273	-0.525455	0.008954	-0.529567	0.848221	-0.990152	-0.123207	-0.066469
279	4989259													9.719846	0.046421	1.309742	0.139672	-0.839207	-0.525569	0.008818	-0.529697	0.848141	-0.990159	-0.123096	-0.066583
280	4989426													9.773214	0.137916	1.414482	0.139824	-0.838976	-0.525898	0.008730	-0.530050	0.847921	-0.990138	-0.123151	-0.066789
281	4989593													9.749106	0.226728	1.414207	0.140232	-0.838713	-0.526208	0.008847	-0.530377	0.847716	-0.990079	-0.123532	-0.066956
282	4989759													9.773885	0.132980	1.456641	0.140729	-0.838522	-0.526380	0.008772	-0.530594	0.847581	-0.990009	-0.123896	-0.067315
283	4989926													9.683430	0.082348	1.462760	0.140936	-0.838379	-0.526552	0.008587	-0.530806	0.847450	-0.989981	-0.123958	-0.067610
284	4990093													9.703448	0.109414	1.457667	0.141053	-0.838196	-0.526813	0.008643	-0.531070	0.847284	-0.989964	-0.124065	-0.067664
285	4990259													9.742929	0.175104	1.430476	0.141118	-0.838120	-0.526916	0.008686	-0.531174	0.847218	-0.989955	-0.124135	-0.067678
286	4990426													9.709871	0.107966	1.415692	0.141109	-0.838064	-0.527008	0.008716	-0.531262	0.847163	-0.989956	-0.124136	-0.067661
